0 Container  3 x  6 x  3.333 Crystallized
0 Name: 7591.dat
0 Author: Gerald Lasser [GeraldLasser]
0 !LDRAW_ORG Unofficial_Part
0 !LICENSE Licensed under CC BY 4.0 : see CAreadme.txt

0 BFC CERTIFY CCW

0 !KEYWORDS Brickowl 1451479

0 !HISTORY 2026-01-01 {LEGO Instructions App} Original part shape
0 !HISTORY 2026-01-01 [GeraldLasser] File preparation for LDraw Parts Tracker

1 16 0 0 0 1 0 0 0 1 0 0 0 1 s\7591s01.dat
1 16 0 0 0 -1 0 0 0 1 0 0 0 1 s\7591s01.dat

1 16 0 0 10 0 0 1 0 1 0 -1 0 0 stud2.dat

1 16 0 74.8 20 7.3912 0 -3.0616 0 -1 0 -3.0616 0 -7.3912 3-8ndis.dat
4 16 -7.702 74.8 18.5 -7.3912 74.8 16.9384 -10.4528 74.8 15.6704 -12.298 74.8 18.5
4 16 -12.6088 74.8 16.9384 -12.298 74.8 18.5 -10.4528 74.8 15.6704 -11.7121 74.8 14.7737
4 16 -5.6568 74.8 8 -11.7121 74.8 14.7737 -10.4528 74.8 15.6704 -3.0616 74.8 12.6088
4 16 0 74.8 8 -5.6568 74.8 8 -3.0616 74.8 12.6088 4.3296 74.8 9.5472
1 16 0 74.8 20 -1 0 0 0 -1.3 0 0 0 -1 stud4f3s.dat
4 16 12.298 74.8 18.5 12.6088 74.8 16.9384 7.3912 74.8 16.9384 7.702 74.8 18.5
4 16 7.3912 74.8 16.9384 12.6088 74.8 16.9384 11.7121 74.8 14.7737 4.3296 74.8 9.5472
3 16 5.6568 74.8 8 4.3296 74.8 9.5472 11.7121 74.8 14.7737
3 16 4.3296 74.8 9.5472 5.6568 74.8 8 0 74.8 8
4 16 1.5 80 32.5 1.5 80 28 -1.5 80 28 -1.5 80 32.5
4 16 1.5 74.8 38.6631 1.5 80 32.5 -1.5 80 32.5 -1.5 74.8 38.6631
3 16 -1.5 74.8 38.6631 0 72.009 41.971 1.5 74.8 38.6631
2 24 -1.5 80 32.5 1.5 80 32.5
2 24 0 15.454 29.762 0 0 19.812

3 16 -12.44 3.875 12.44 0 3.875 17.593 12.44 3.875 12.44
4 16 -17.593 3.875 0 -12.44 3.875 12.44 12.44 3.875 12.44 17.593 3.875 0
4 16 19.812 0 0 -19.812 0 0 -17.593 3.875 0 17.593 3.875 0
4 16 14.01 0 14.01 -14.01 0 14.01 -19.812 0 0 19.812 0 0
3 16 -14.01 0 14.01 14.01 0 14.01 0 0 19.812
2 24 19.812 0 0 -19.812 0 0
2 24 -17.593 3.875 0 17.593 3.875 0

2 24 0 70.02 38.428 0 52.253 45.609
2 24 0 52.253 45.609 0 19.161 27.455
2 24 0 15.454 29.762 0 52 49.862
2 24 0 52 49.862 0 72.009 41.971
2 24 0 3.875 17.593 0 19.161 27.455