0 Container Box  2 x  2 x  1.333 Lid with Hollow Stud
0 Name: 7712.dat
0 Author: Gerald Lasser [GeraldLasser]
0 !LDRAW_ORG Unofficial_Part
0 !LICENSE Licensed under CC BY 4.0 : see CAreadme.txt

0 BFC CERTIFY CCW

0 !KEYWORDS Brickowl 456610

0 // Bottom
4 16 -16 4 -16 16 4 -16 20 4 -20 -20 4 -20
4 16 20 4 -20 16 4 -16 16 4 16 20 4 16
4 16 -16 4 16 -16 4 -16 -20 4 -20 -20 4 16
1 16 0 1.5 -16 0 0 16 -2.5 0 0 0 -1 0 rect.dat
3 16 16 -1 11 16 -1 -16 12 -1 11
4 16 -16 -1 -16 -12 -1 11 12 -1 11 16 -1 -16
3 16 -12 -1 11 -16 -1 -16 -16 -1 11
2 24 -16 -1 11 -16 -1 -16
2 24 16 -1 -16 16 -1 11
1 16 0 0 11 0 0 12 1 0 0 0 1 0 rect.dat

4 16 12 1 20 12 1 11 8 1 14 8 1 16
4 16 12 1 20 8 1 16 -8 1 16 -12 1 20
4 16 -12 1 20 -8 1 16 -8 1 14 -12 1 11
4 16 -8 1 14 8 1 14 12 1 11 -12 1 11
0 BFC INVERTNEXT
1 16 0 1 15 8 0 0 0 -3 0 0 0 1 box5.dat

0 // Holders
1 16 20 0 16 0 -4 0 4 0 0 0 0 4 2-4cylo.dat
1 16 20 0 16 0 -1 0 4 0 0 0 0 4 2-4chrd.dat
1 16 16 0 16 0 1 0 .5 0 0 0 0 .5 2-4ring7.dat
1 16 16 0 16 0 1 0 3.5 0 0 0 0 -3.5 2-4ndis.dat
1 16 16 0 16 0 1 0 3.5 0 0 0 0 -3.5 bump5000.dat
4 16 16 3.5 12.5 16 3.5 16 16 4 16 16 4 -16
4 16 16 -4 16 16 -3.5 16 16 -3.5 12.5 16 -4 11
4 16 16 -4 11 16 -3.5 12.5 16 0 12.5 16 -1 11
3 16 16 4 -16 16 -1 -16 16 -1 11
4 16 16 -1 11 16 0 12.5 16 3.5 12.5 16 4 -16
4 16 16 -4 16 16 -4 11 20 -4 -20 20 -4 16
2 24 16 4 16 16 4 -16
2 24 20 -4 16 20 -4 -20
2 24 16 -4 11 16 -4 16
1 16 14 -2.5 11 2 0 0 0 0 1.5 0 -1 0 rect.dat
4 16 12 -4 11 12 -1 11 12 0 20 12 -4 16
4 16 12 -1 11 12 1 11 12 1 20 12 0 20
1 16 12 0 16 0 -1 0 -4 0 0 0 0 4 1-4chrd.dat
2 24 12 1 11 12 1 20
2 24 12 -4 11 12 -4 16

1 16 -20 0 16 0 4 0 4 0 0 0 0 4 2-4cylo.dat
1 16 -20 0 16 0 1 0 4 0 0 0 0 4 2-4chrd.dat
1 16 -16 0 16 0 -1 0 .5 0 0 0 0 .5 2-4ring7.dat
1 16 -16 0 16 0 -1 0 3.5 0 0 0 0 -3.5 2-4ndis.dat
1 16 -16 0 16 0 -1 0 3.5 0 0 0 0 -3.5 bump5000.dat
4 16 -16 4 16 -16 3.5 16 -16 3.5 12.5 -16 4 -16
4 16 -16 -3.5 12.5 -16 -3.5 16 -16 -4 16 -16 -4 11
4 16 -16 0 12.5 -16 -3.5 12.5 -16 -4 11 -16 -1 11
3 16 -16 -1 -16 -16 4 -16 -16 -1 11
4 16 -16 3.5 12.5 -16 0 12.5 -16 -1 11 -16 4 -16
4 16 -20 -4 -20 -16 -4 11 -16 -4 16 -20 -4 16
2 24 -16 4 -16 -16 4 16
2 24 -20 -4 -20 -20 -4 16
2 24 -16 -4 16 -16 -4 11
1 16 -14 -2.5 11 -2 0 0 0 0 1.5 0 -1 0 rect.dat
4 16 -12 0 20 -12 -1 11 -12 -4 11 -12 -4 16
4 16 -12 1 20 -12 1 11 -12 -1 11 -12 0 20
1 16 -12 0 16 0 1 0 -4 0 0 0 0 4 1-4chrd.dat
2 24 -12 1 20 -12 1 11
2 24 -12 -4 16 -12 -4 11

0 // Outside
1 16 12 0 16 0 -24 0 -4 0 0 0 0 4 1-4cylo.dat
1 16 0 .5 20 12 0 0 0 0 .5 0 -1 0 rect3.dat
1 16 0 0 16 0 0 20 -4 0 0 0 -36 0 box3u4a.dat
3 16 16 -4 11 12 -4 11 20 -4 -20
4 16 -12 -4 11 -20 -4 -20 20 -4 -20 12 -4 11
3 16 -20 -4 -20 -12 -4 11 -16 -4 11
4 16 -12 -4 16 -12 -4 11 12 -4 11 12 -4 16
1 16 0 -4 0 1 0 0 0 1 0 0 0 1 stud2.dat

0 // Clips
1 16 11.25 3.375 -10 -1.25 0 0 0 0 -4.375 0 -1 0 rect3.dat
1 16 10 7.75 -11.25 0 2.5 0 1.25 0 0 0 0 1.25 1-4cylo.dat
1 16 11.25 9 -12.9321 0 0 -1.25 0 -1 0 -1.6821 0 0 rect2p.dat
1 16 10 6 -14.6142 0 2.5 0 3 0 0 0 0 -1.5 3-16cylo.dat
4 16 10 7.1481 -16 12.5 7.1481 -16 12.5 4 -16 10 4 -16
5 24 12.5 7.1481 -16 10 7.1481 -16 12.5 8.1213 -15.67485 12.5 6 -16.2378
2 24 12.5 7.1481 -16 12.5 4 -16
2 24 10 7.1481 -16 10 4 -16
2 24 12.5 7.1481 -16 10 7.1481 -16

1 16 10 7.75 -11.25 0 1 0 1.25 0 0 0 0 1.25 1-4chrd.dat
1 16 10 6 -14.6142 0 1 0 3 0 0 0 0 -1.5 3-16chrd.dat
4 16 10 -1 -16 10 -1 -10 10 7.75 -10 10 4 -16
4 16 10 4 -16 10 7.75 -10 10 9 -11.25 10 7.1481 -16
3 16 10 9 -11.25 10 9 -14.6142 10 7.1481 -16
2 24 10 -1 -16 10 4 -16
2 24 10 -1 -16 10 -1 -10
1 16 12.5 7.75 -11.25 0 -1 0 1.25 0 0 0 0 1.25 1-4chrd.dat
1 16 12.5 6 -14.6142 0 -1 0 3 0 0 0 0 -1.5 3-16chrd.dat
4 16 12.5 7.75 -10 12.5 -1 -10 12.5 -1 -16 12.5 4 -16
4 16 12.5 9 -11.25 12.5 7.75 -10 12.5 4 -16 12.5 7.1481 -16
3 16 12.5 9 -14.6142 12.5 9 -11.25 12.5 7.1481 -16
2 24 12.5 4 -16 12.5 -1 -16
2 24 12.5 -1 -10 12.5 -1 -16

1 16 -11.25 3.375 -10 1.25 0 0 0 0 -4.375 0 -1 0 rect3.dat
1 16 -10 7.75 -11.25 0 -2.5 0 1.25 0 0 0 0 1.25 1-4cylo.dat
1 16 -11.25 9 -12.9321 0 0 1.25 0 -1 0 -1.6821 0 0 rect2p.dat
1 16 -10 6 -14.6142 0 -2.5 0 3 0 0 0 0 -1.5 3-16cylo.dat
4 16 -12.5 4 -16 -12.5 7.1481 -16 -10 7.1481 -16 -10 4 -16
5 24 -10 7.1481 -16 -12.5 7.1481 -16 -12.5 8.1213 -15.67485 -12.5 6 -16.2378
2 24 -12.5 4 -16 -12.5 7.1481 -16
2 24 -10 4 -16 -10 7.1481 -16
2 24 -10 7.1481 -16 -12.5 7.1481 -16

1 16 -10 7.75 -11.25 0 -1 0 1.25 0 0 0 0 1.25 1-4chrd.dat
1 16 -10 6 -14.6142 0 -1 0 3 0 0 0 0 -1.5 3-16chrd.dat
4 16 -10 7.75 -10 -10 -1 -10 -10 -1 -16 -10 4 -16
4 16 -10 9 -11.25 -10 7.75 -10 -10 4 -16 -10 7.1481 -16
3 16 -10 9 -14.6142 -10 9 -11.25 -10 7.1481 -16
2 24 -10 4 -16 -10 -1 -16
2 24 -10 -1 -10 -10 -1 -16
1 16 -12.5 7.75 -11.25 0 1 0 1.25 0 0 0 0 1.25 1-4chrd.dat
1 16 -12.5 6 -14.6142 0 1 0 3 0 0 0 0 -1.5 3-16chrd.dat
4 16 -12.5 -1 -16 -12.5 -1 -10 -12.5 7.75 -10 -12.5 4 -16
4 16 -12.5 4 -16 -12.5 7.75 -10 -12.5 9 -11.25 -12.5 7.1481 -16
3 16 -12.5 9 -11.25 -12.5 9 -14.6142 -12.5 7.1481 -16
2 24 -12.5 -1 -16 -12.5 4 -16
2 24 -12.5 -1 -16 -12.5 -1 -10