0 
0 Name: _113617.dat
0 Author: 
0 BL_Item_No -1
0 BFC CERTIFY CCW
3 16 30 -1.25 -10 29.5083 -1.25 -8.1421 30.0006 -1.25 2.1845
3 16 30.0006 -1.25 2.1845 29.5083 -1.25 -8.1421 29.5 -1.25 2.1894
3 16 30 -5.4844 -0.2551 30.0006 -4.8001 2.5 30 -6.2027 -0.1446
3 16 28.2104 -4.8001 10 28.5209 -4.8001 6.0046 28.2104 0 10
3 16 28.2104 0 10 28.5209 -4.8001 6.0046 28.5209 0 6.0046
3 16 30.0006 -1.25 2.1845 30 -3.1715 -3.2396 30 -1.25 -10
3 16 30 -1.25 -10 30 -3.1715 -3.2396 30 -3.1715 -10
3 16 26.25 0 -6.25 29.167 0 -7.8051 28.7656 0 -8.7656
3 16 30.0006 -1.25 2.1845 30 -3.3535 -2.0433 30 -3.1715 -3.2396
3 16 30 -3.9171 -1.1087 30.0006 -1.25 2.1845 30 -4.7277 -0.541
3 16 29.167 0 -7.8051 29.1744 0 2.844 29.3029 -0.5043 2.281
3 16 29.167 0 -7.8051 29.5083 -1.25 -8.1421 28.7656 0 -8.7656
3 16 28.7656 0 -8.7656 29.5083 -1.25 -8.1421 29.1048 -1.25 -9.1048
3 16 30 -1.25 -10 29.1048 -1.25 -9.1048 29.5083 -1.25 -8.1421
3 16 29.5 -1.25 2.1894 28.5209 -4.8001 6.0046 29.3065 -4.8 2.5
3 16 30.0006 -1.25 2.1845 29.5 -1.25 2.1894 30.0006 -4.8001 2.5
3 16 30.0006 -4.8001 2.5 29.5 -1.25 2.1894 29.3065 -4.8 2.5
3 16 29.1744 0 2.844 28.5209 0 6.0046 28.5209 -4.8001 6.0046
3 16 30.0006 -4.8001 2.5 29.3065 -4.8 2.5 30.0006 -4.8001 17.5
3 16 29.3065 -4.8 2.5 28.5209 -4.8001 6.0046 30.0006 -4.8001 17.5
3 16 28.5209 -4.8001 6.0046 28.2104 -4.8001 10 30.0006 -4.8001 17.5
3 16 28.2104 -4.8001 10 28.5209 -4.8001 13.9954 30.0006 -4.8001 17.5
3 16 28.5209 -4.8001 13.9954 29.3065 -4.8 17.5 30.0006 -4.8001 17.5
3 16 13.9954 0 -8.5209 17.156 0 -9.1744 13.9954 -4.8001 -8.5209
3 16 17.8106 -1.25 -9.5 13.9954 -4.8001 -8.5209 17.719 -0.5043 -9.3029
3 16 11.6825 0 -5.2954 10 0 -8.2104 10.9418 0 -4.5149
3 16 11.6825 -5.25 -5.2954 11.6825 0 -5.2954 10.9418 -5.25 -4.5149
3 16 10.9418 -5.25 -4.5149 11.6825 0 -5.2954 10.9418 0 -4.5149
3 16 10 0 -4.2909 10.9418 0 -4.5149 10 0 -8.2104
3 16 10 0 -4.2909 10 -5.25 -4.2909 10.9418 0 -4.5149
3 16 10.9418 0 -4.5149 10 -5.25 -4.2909 10.9418 -5.25 -4.5149
3 16 17.8155 -1.25 -10.0006 30 -1.25 -10 23.2396 -3.1715 -10
3 16 23.2396 -3.1715 -10 30 -1.25 -10 30 -3.1715 -10
3 16 17.8106 -1.25 -9.5 28.1421 -1.25 -9.5083 17.8155 -1.25 -10.0006
3 16 17.8155 -1.25 -10.0006 28.1421 -1.25 -9.5083 30 -1.25 -10
3 16 17.8155 -1.25 -10.0006 17.5 -4.8001 -10.0006 17.8106 -1.25 -9.5
3 16 17.8106 -1.25 -9.5 17.5 -4.8001 -10.0006 17.5 -4.8 -9.3065
3 16 17.8155 -1.25 -10.0006 20.541 -4.7277 -10 17.5 -4.8001 -10.0006
3 16 17.5 -4.8001 -10.0006 20.541 -4.7277 -10 20.2551 -5.4844 -10
3 16 29.1048 -1.25 -9.1048 28.1421 -1.25 -9.5083 28.7656 0 -8.7656
3 16 28.7656 0 -8.7656 28.1421 -1.25 -9.5083 27.8051 0 -9.167
3 16 10 0 -8.2104 13.9954 0 -8.5209 10 -4.8001 -8.2104
3 16 10 -4.8001 -8.2104 13.9954 0 -8.5209 13.9954 -4.8001 -8.5209
3 16 17.719 -0.5043 -9.3029 28.1421 -1.25 -9.5083 17.8106 -1.25 -9.5
3 16 26.25 0 -6.25 28.7656 0 -8.7656 27.8051 0 -9.167
3 16 26.25 0 -6.25 17.156 0 -9.1744 13.9954 0 -8.5209
3 16 26.25 0 -6.25 27.8051 0 -9.167 17.156 0 -9.1744
3 16 21.1087 -3.9171 -10 20.541 -4.7277 -10 17.8155 -1.25 -10.0006
3 16 30 -1.25 -10 28.1421 -1.25 -9.5083 29.1048 -1.25 -9.1048
3 16 17.8155 -1.25 -10.0006 22.0433 -3.3535 -10 21.1087 -3.9171 -10
3 16 28.5209 0 6.0046 29.1744 0 2.844 26.25 0 -6.25
3 16 26.25 0 -6.25 29.1744 0 2.844 29.167 0 -7.8051
3 16 11.6825 -5.25 25.2954 11.6825 -5.25 -5.2954 10.9418 -5.25 24.515
3 16 10.9418 -5.25 24.515 11.6825 -5.25 -5.2954 10.9418 -5.25 -4.5149
3 16 20.1358 -8 -10 20.1358 -8 -7.6514 -0.1358 -8 -10
3 16 -0.1358 -8 -10 20.1358 -8 -7.6514 -0.1358 -8 -7.6514
3 16 27.6514 -8 -0.1358 30 -8 -0.1358 27.6514 -8 20.1358
3 16 27.6514 -8 20.1358 30 -8 -0.1358 30 -8 20.1358
3 16 -0.1446 -6.2027 -10 20.1446 -6.2027 -10 -0.1358 -8 -10
3 16 -0.1358 -8 -10 20.1446 -6.2027 -10 20.1358 -8 -10
3 16 28.5209 -4.8001 6.0046 29.3029 -0.5043 2.281 29.1744 0 2.844
3 16 29.3029 -0.5043 2.281 29.5 -1.25 2.1894 29.167 0 -7.8051
3 16 29.167 0 -7.8051 29.5 -1.25 2.1894 29.5083 -1.25 -8.1421
3 16 17.8155 -1.25 -10.0006 23.2396 -3.1715 -10 22.0433 -3.3535 -10
3 16 17.5 -4.8001 -10.0006 20.2551 -5.4844 -10 20.1446 -6.2027 -10
3 16 30.0006 -1.25 2.1845 30 -3.9171 -1.1087 30 -3.3535 -2.0433
3 16 30.0006 -1.25 2.1845 30.0006 -4.8001 2.5 30 -4.7277 -0.541
3 16 30 -4.7277 -0.541 30.0006 -4.8001 2.5 30 -5.4844 -0.2551
3 16 17.719 -0.5043 -9.3029 13.9954 -4.8001 -8.5209 17.156 0 -9.1744
3 16 28.1421 -1.25 -9.5083 17.719 -0.5043 -9.3029 27.8051 0 -9.167
3 16 27.8051 0 -9.167 17.719 -0.5043 -9.3029 17.156 0 -9.1744
3 16 10 0 -8.2104 11.9831 0 -6.25 13.9954 0 -8.5209
3 16 11.6825 0 -5.2954 11.9831 0 -6.25 10 0 -8.2104
3 16 11.6825 -5.25 -5.2954 11.9831 -5.25 -6.25 11.6825 0 -5.2954
3 16 11.6825 0 -5.2954 11.9831 -5.25 -6.25 11.9831 0 -6.25
3 16 13.9954 0 -8.5209 11.9831 0 -6.25 26.25 0 -6.25
3 16 26.25 0 -6.25 11.9831 0 -6.25 26.25 -5.25 -6.25
3 16 26.25 -5.25 -6.25 11.9831 0 -6.25 11.9831 -5.25 -6.25
3 16 29.3029 -0.5043 2.281 28.5209 -4.8001 6.0046 29.5 -1.25 2.1894
3 16 17.8106 -1.25 -9.5 17.5 -4.8 -9.3065 13.9954 -4.8001 -8.5209
3 16 26.25 -5.25 26.25 26.25 0 26.25 26.25 -5.25 -6.25
3 16 26.25 -5.25 -6.25 26.25 0 26.25 26.25 0 -6.25
3 16 30 -1.25 30 30.0006 -1.25 17.8155 29.5083 -1.25 28.1421
3 16 29.5083 -1.25 28.1421 30.0006 -1.25 17.8155 29.5 -1.25 17.8106
3 16 29.167 0 27.8051 28.7656 0 28.7656 29.5083 -1.25 28.1421
3 16 29.5083 -1.25 28.1421 28.7656 0 28.7656 29.1048 -1.25 29.1048
3 16 28.2104 0 10 26.25 0 -6.25 26.25 0 26.25
3 16 26.25 0 -6.25 28.2104 0 10 28.5209 0 6.0046
3 16 26.25 0 26.25 28.5209 0 13.9954 28.2104 0 10
3 16 30 -5.4844 20.2551 30 -6.2027 20.1446 30.0006 -4.8001 17.5
3 16 28.2104 -4.8001 10 28.2104 0 10 28.5209 -4.8001 13.9954
3 16 28.5209 -4.8001 13.9954 28.2104 0 10 28.5209 0 13.9954
3 16 30 -3.1715 30 30 -3.1715 23.2396 30 -1.25 30
3 16 30 -1.25 30 30 -3.1715 23.2396 30.0006 -1.25 17.8155
3 16 26.25 0 26.25 28.7656 0 28.7656 29.167 0 27.8051
3 16 30.0006 -1.25 17.8155 30 -3.1715 23.2396 30 -3.3535 22.0433
3 16 30 -3.9171 21.1087 30 -4.7277 20.541 30.0006 -1.25 17.8155
3 16 29.167 0 27.8051 29.3029 -0.5043 17.719 29.1744 0 17.156
3 16 30 -1.25 30 29.5083 -1.25 28.1421 29.1048 -1.25 29.1048
3 16 29.5 -1.25 17.8106 29.3065 -4.8 17.5 28.5209 -4.8001 13.9954
3 16 30.0006 -1.25 17.8155 30.0006 -4.8001 17.5 29.5 -1.25 17.8106
3 16 29.5 -1.25 17.8106 30.0006 -4.8001 17.5 29.3065 -4.8 17.5
3 16 29.1744 0 17.156 28.5209 -4.8001 13.9954 28.5209 0 13.9954
3 16 14.3941 0 28.5636 14.0036 -4.8001 28.5138 17.156 0 29.1744
3 16 17.8106 -1.25 29.5 17.719 -0.5043 29.3029 14.0036 -4.8001 28.5138
3 16 11.6825 -0.5 25.2954 10.9418 -0.5 24.515 10 -0.5 28.2104
3 16 11.6825 -5.25 25.2954 10.9418 -5.25 24.515 11.6825 -0.5 25.2954
3 16 11.6825 -0.5 25.2954 10.9418 -5.25 24.515 10.9418 -0.5 24.515
3 16 11.9831 -5.25 26.25 12.375 -0.5 26.25 26.25 -5.25 26.25
3 16 26.25 -5.25 26.25 12.375 -0.5 26.25 26.25 0 26.25
3 16 10 -0.5 24.291 10 -0.5 28.2104 10.9418 -0.5 24.515
3 16 10 -0.5 24.291 10.9418 -0.5 24.515 10 -5.25 24.291
3 16 10 -5.25 24.291 10.9418 -0.5 24.515 10.9418 -5.25 24.515
3 16 17.8155 -1.25 30.0006 23.2396 -3.1715 30 30 -1.25 30
3 16 30 -1.25 30 23.2396 -3.1715 30 30 -3.1715 30
3 16 30 -1.25 30 28.1421 -1.25 29.5083 17.8155 -1.25 30.0006
3 16 17.8155 -1.25 30.0006 28.1421 -1.25 29.5083 17.8106 -1.25 29.5
3 16 17.5 -4.8 29.3065 14.0036 -4.8001 28.5138 17.5 -4.8001 30.0006
3 16 17.5 -4.8001 30.0006 14.0036 -4.8001 28.5138 2.5 -4.8001 30.0006
3 16 14.0036 -4.8001 28.5138 10 -4.8001 28.2104 2.5 -4.8001 30.0006
3 16 10 -4.8001 28.2104 5.9964 -4.8001 28.5138 2.5 -4.8001 30.0006
3 16 2.5 -4.8001 30.0006 5.9964 -4.8001 28.5138 2.5 -4.8 29.3065
3 16 17.5 -4.8 29.3065 17.5 -4.8001 30.0006 17.8106 -1.25 29.5
3 16 17.8106 -1.25 29.5 17.5 -4.8001 30.0006 17.8155 -1.25 30.0006
3 16 17.8155 -1.25 30.0006 17.5 -4.8001 30.0006 20.541 -4.7277 30
3 16 20.541 -4.7277 30 17.5 -4.8001 30.0006 20.2551 -5.4844 30
3 16 27.8051 0 29.167 28.1421 -1.25 29.5083 28.7656 0 28.7656
3 16 28.7656 0 28.7656 28.1421 -1.25 29.5083 29.1048 -1.25 29.1048
3 16 12.375 -0.5 28.3049 10 -4.8001 28.2104 14.0036 -4.8001 28.5138
3 16 10 -0.5 28.2104 10 -4.8001 28.2104 12.375 -0.5 28.3049
3 16 17.719 -0.5043 29.3029 17.8106 -1.25 29.5 28.1421 -1.25 29.5083
3 16 26.25 0 26.25 27.8051 0 29.167 28.7656 0 28.7656
3 16 14.3941 0 28.5636 12.375 0 26.25 12.375 0 28.3049
3 16 12.375 0 26.25 14.3941 0 28.5636 17.156 0 29.1744
3 16 12.375 0 26.25 17.156 0 29.1744 26.25 0 26.25
3 16 26.25 0 26.25 17.156 0 29.1744 27.8051 0 29.167
3 16 21.1087 -3.9171 30 17.8155 -1.25 30.0006 20.541 -4.7277 30
3 16 30 -1.25 30 29.1048 -1.25 29.1048 28.1421 -1.25 29.5083
3 16 17.8155 -1.25 30.0006 21.1087 -3.9171 30 22.0433 -3.3535 30
3 16 28.5209 0 13.9954 26.25 0 26.25 29.1744 0 17.156
3 16 29.1744 0 17.156 26.25 0 26.25 29.167 0 27.8051
3 16 30 -6.2027 -0.1446 30 -6.2027 20.1446 30 -8 -0.1358
3 16 30 -8 -0.1358 30 -6.2027 20.1446 30 -8 20.1358
3 16 28.5209 -4.8001 13.9954 29.1744 0 17.156 29.3029 -0.5043 17.719
3 16 29.5083 -1.25 28.1421 29.5 -1.25 17.8106 29.167 0 27.8051
3 16 29.167 0 27.8051 29.5 -1.25 17.8106 29.3029 -0.5043 17.719
3 16 17.8155 -1.25 30.0006 22.0433 -3.3535 30 23.2396 -3.1715 30
3 16 17.5 -4.8001 30.0006 20.1446 -6.2027 30 20.2551 -5.4844 30
3 16 30.0006 -1.25 17.8155 30 -3.3535 22.0433 30 -3.9171 21.1087
3 16 30.0006 -1.25 17.8155 30 -4.7277 20.541 30.0006 -4.8001 17.5
3 16 30.0006 -4.8001 17.5 30 -4.7277 20.541 30 -5.4844 20.2551
3 16 17.719 -0.5043 29.3029 17.156 0 29.1744 14.0036 -4.8001 28.5138
3 16 17.156 0 29.1744 17.719 -0.5043 29.3029 27.8051 0 29.167
3 16 27.8051 0 29.167 17.719 -0.5043 29.3029 28.1421 -1.25 29.5083
3 16 12.375 0 28.3049 12.375 -0.5 28.3049 14.3941 0 28.5636
3 16 14.0036 -4.8001 28.5138 14.3941 0 28.5636 12.375 -0.5 28.3049
3 16 10 -0.5 28.2104 12.375 -0.5 28.3049 11.9831 -0.5 26.25
3 16 11.6825 -0.5 25.2954 10 -0.5 28.2104 11.9831 -0.5 26.25
3 16 12.375 -0.5 26.25 12.375 0 26.25 26.25 0 26.25
3 16 12.375 0 28.3049 12.375 0 26.25 12.375 -0.5 28.3049
3 16 12.375 -0.5 28.3049 12.375 0 26.25 12.375 -0.5 26.25
3 16 11.6825 -5.25 25.2954 11.6825 -0.5 25.2954 11.9831 -5.25 26.25
3 16 11.9831 -5.25 26.25 11.6825 -0.5 25.2954 11.9831 -0.5 26.25
3 16 12.375 -0.5 28.3049 12.375 -0.5 26.25 11.9831 -0.5 26.25
3 16 11.9831 -0.5 26.25 12.375 -0.5 26.25 11.9831 -5.25 26.25
3 16 29.3029 -0.5043 17.719 29.5 -1.25 17.8106 28.5209 -4.8001 13.9954
3 16 17.8106 -1.25 29.5 14.0036 -4.8001 28.5138 17.5 -4.8 29.3065
3 16 -6.25 -5.25 -6.25 -6.25 0 -6.25 -6.25 -5.25 26.25
3 16 -6.25 -5.25 26.25 -6.25 0 -6.25 -6.25 0 26.25
3 16 -10 -1.25 -10 -10.0006 -1.25 2.1845 -9.5083 -1.25 -8.1421
3 16 -9.5083 -1.25 -8.1421 -10.0006 -1.25 2.1845 -9.5 -1.25 2.1894
3 16 -9.167 0 -7.8051 -8.7656 0 -8.7656 -9.5083 -1.25 -8.1421
3 16 -9.5083 -1.25 -8.1421 -8.7656 0 -8.7656 -9.1048 -1.25 -9.1048
3 16 -8.2104 0 10 -6.25 0 26.25 -6.25 0 -6.25
3 16 -6.25 0 26.25 -8.2104 0 10 -8.5209 0 13.9954
3 16 -6.25 0 -6.25 -8.5209 0 6.0046 -8.2104 0 10
3 16 -10 -5.4844 -0.2551 -10 -6.2027 -0.1446 -10.0006 -4.8001 2.5
3 16 -8.2104 -4.8001 10 -8.2104 0 10 -8.5209 -4.8001 6.0046
3 16 -8.5209 -4.8001 6.0046 -8.2104 0 10 -8.5209 0 6.0046
3 16 -10 -3.1715 -10 -10 -3.1715 -3.2396 -10 -1.25 -10
3 16 -10 -1.25 -10 -10 -3.1715 -3.2396 -10.0006 -1.25 2.1845
3 16 -6.25 0 -6.25 -8.7656 0 -8.7656 -9.167 0 -7.8051
3 16 -10.0006 -1.25 2.1845 -10 -3.1715 -3.2396 -10 -3.3535 -2.0433
3 16 -10 -3.9171 -1.1087 -10 -4.7277 -0.541 -10.0006 -1.25 2.1845
3 16 -9.167 0 -7.8051 -9.3029 -0.5043 2.281 -9.1744 0 2.844
3 16 -10 -1.25 -10 -9.5083 -1.25 -8.1421 -9.1048 -1.25 -9.1048
3 16 -10.0006 -1.25 2.1845 -10.0006 -4.8001 2.5 -9.5 -1.25 2.1894
3 16 -9.5 -1.25 2.1894 -10.0006 -4.8001 2.5 -9.3065 -4.8 2.5
3 16 -8.5209 -4.8001 6.0046 -9.3029 -0.5043 2.281 -9.5 -1.25 2.1894
3 16 6.0046 0 -8.5209 6.0046 -4.8001 -8.5209 2.844 0 -9.1744
3 16 2.1894 -1.25 -9.5 2.281 -0.5043 -9.3029 6.0046 -4.8001 -8.5209
3 16 8.3175 0 -5.2954 9.0582 0 -4.5149 10 0 -8.2104
3 16 8.3175 -5.25 -5.2954 9.0582 -5.25 -4.5149 8.3175 0 -5.2954
3 16 8.3175 0 -5.2954 9.0582 -5.25 -4.5149 9.0582 0 -4.5149
3 16 10 -5.25 -4.2909 9.0582 -5.25 -4.5149 10 -5.25 24.291
3 16 10 -5.25 24.291 9.0582 -5.25 -4.5149 9.0582 -5.25 24.515
3 16 -6.25 0 -6.25 -6.25 -5.25 -6.25 8.017 0 -6.25
3 16 8.017 0 -6.25 -6.25 -5.25 -6.25 8.017 -5.25 -6.25
3 16 10 0 -4.2909 10 0 -8.2104 9.0582 0 -4.5149
3 16 10 0 -4.2909 9.0582 0 -4.5149 10 -5.25 -4.2909
3 16 10 -5.25 -4.2909 9.0582 0 -4.5149 9.0582 -5.25 -4.5149
3 16 2.1845 -1.25 -10.0006 -3.2396 -3.1715 -10 -10 -1.25 -10
3 16 -10 -1.25 -10 -3.2396 -3.1715 -10 -10 -3.1715 -10
3 16 -10 -1.25 -10 -8.1421 -1.25 -9.5083 2.1845 -1.25 -10.0006
3 16 2.1845 -1.25 -10.0006 -8.1421 -1.25 -9.5083 2.1894 -1.25 -9.5
3 16 2.5 -4.8 -9.3065 6.0046 -4.8001 -8.5209 2.5 -4.8001 -10.0006
3 16 2.5 -4.8001 -10.0006 6.0046 -4.8001 -8.5209 17.5 -4.8001 -10.0006
3 16 6.0046 -4.8001 -8.5209 10 -4.8001 -8.2104 17.5 -4.8001 -10.0006
3 16 10 -4.8001 -8.2104 13.9954 -4.8001 -8.5209 17.5 -4.8001 -10.0006
3 16 17.5 -4.8001 -10.0006 13.9954 -4.8001 -8.5209 17.5 -4.8 -9.3065
3 16 2.5 -4.8 -9.3065 2.5 -4.8001 -10.0006 2.1894 -1.25 -9.5
3 16 2.1894 -1.25 -9.5 2.5 -4.8001 -10.0006 2.1845 -1.25 -10.0006
3 16 2.1845 -1.25 -10.0006 2.5 -4.8001 -10.0006 -0.541 -4.7277 -10
3 16 -0.541 -4.7277 -10 2.5 -4.8001 -10.0006 -0.2551 -5.4844 -10
3 16 -7.8051 0 -9.167 -8.1421 -1.25 -9.5083 -8.7656 0 -8.7656
3 16 -8.7656 0 -8.7656 -8.1421 -1.25 -9.5083 -9.1048 -1.25 -9.1048
3 16 10 0 -8.2104 10 -4.8001 -8.2104 6.0046 0 -8.5209
3 16 6.0046 0 -8.5209 10 -4.8001 -8.2104 6.0046 -4.8001 -8.5209
3 16 2.281 -0.5043 -9.3029 2.1894 -1.25 -9.5 -8.1421 -1.25 -9.5083
3 16 -6.25 0 -6.25 -7.8051 0 -9.167 -8.7656 0 -8.7656
3 16 -6.25 0 -6.25 6.0046 0 -8.5209 2.844 0 -9.1744
3 16 -6.25 0 -6.25 2.844 0 -9.1744 -7.8051 0 -9.167
3 16 -1.1087 -3.9171 -10 2.1845 -1.25 -10.0006 -0.541 -4.7277 -10
3 16 -10 -1.25 -10 -9.1048 -1.25 -9.1048 -8.1421 -1.25 -9.5083
3 16 2.1845 -1.25 -10.0006 -1.1087 -3.9171 -10 -2.0433 -3.3535 -10
3 16 -8.5209 0 6.0046 -6.25 0 -6.25 -9.1744 0 2.844
3 16 -9.1744 0 2.844 -6.25 0 -6.25 -9.167 0 -7.8051
3 16 -10 -6.2027 -0.1446 -10 -8 -0.1358 -10 -6.2027 20.1446
3 16 -10 -6.2027 20.1446 -10 -8 -0.1358 -10 -8 20.1358
3 16 -9.1744 0 2.844 -8.5209 -4.8001 6.0046 -8.5209 0 6.0046
3 16 -9.5083 -1.25 -8.1421 -9.5 -1.25 2.1894 -9.167 0 -7.8051
3 16 -9.167 0 -7.8051 -9.5 -1.25 2.1894 -9.3029 -0.5043 2.281
3 16 2.1845 -1.25 -10.0006 -2.0433 -3.3535 -10 -3.2396 -3.1715 -10
3 16 2.5 -4.8001 -10.0006 -0.1446 -6.2027 -10 -0.2551 -5.4844 -10
3 16 -10.0006 -1.25 2.1845 -10 -3.3535 -2.0433 -10 -3.9171 -1.1087
3 16 -10.0006 -1.25 2.1845 -10 -4.7277 -0.541 -10.0006 -4.8001 2.5
3 16 -10.0006 -4.8001 2.5 -10 -4.7277 -0.541 -10 -5.4844 -0.2551
3 16 2.281 -0.5043 -9.3029 2.844 0 -9.1744 6.0046 -4.8001 -8.5209
3 16 2.844 0 -9.1744 2.281 -0.5043 -9.3029 -7.8051 0 -9.167
3 16 -7.8051 0 -9.167 2.281 -0.5043 -9.3029 -8.1421 -1.25 -9.5083
3 16 10 0 -8.2104 6.0046 0 -8.5209 8.017 0 -6.25
3 16 8.3175 0 -5.2954 10 0 -8.2104 8.017 0 -6.25
3 16 8.3175 -5.25 -5.2954 8.3175 0 -5.2954 8.017 -5.25 -6.25
3 16 8.017 -5.25 -6.25 8.3175 0 -5.2954 8.017 0 -6.25
3 16 6.0046 0 -8.5209 -6.25 0 -6.25 8.017 0 -6.25
3 16 -9.3029 -0.5043 2.281 -8.5209 -4.8001 6.0046 -9.1744 0 2.844
3 16 2.1894 -1.25 -9.5 6.0046 -4.8001 -8.5209 2.5 -4.8 -9.3065
3 16 -10 -1.25 30 -9.5083 -1.25 28.1421 -10.0006 -1.25 17.8155
3 16 -10.0006 -1.25 17.8155 -9.5083 -1.25 28.1421 -9.5 -1.25 17.8106
3 16 -10 -5.4844 20.2551 -10.0006 -4.8001 17.5 -10 -6.2027 20.1446
3 16 -8.2104 -4.8001 10 -8.5209 -4.8001 13.9954 -8.2104 0 10
3 16 -8.2104 0 10 -8.5209 -4.8001 13.9954 -8.5209 0 13.9954
3 16 -10.0006 -1.25 17.8155 -10 -3.1715 23.2396 -10 -1.25 30
3 16 -10 -1.25 30 -10 -3.1715 23.2396 -10 -3.1715 30
3 16 -6.25 0 26.25 -9.167 0 27.8051 -8.7656 0 28.7656
3 16 -10.0006 -1.25 17.8155 -10 -3.3535 22.0433 -10 -3.1715 23.2396
3 16 -10 -3.9171 21.1087 -10.0006 -1.25 17.8155 -10 -4.7277 20.541
3 16 -9.167 0 27.8051 -9.1744 0 17.156 -9.3029 -0.5043 17.719
3 16 -9.167 0 27.8051 -9.5083 -1.25 28.1421 -8.7656 0 28.7656
3 16 -8.7656 0 28.7656 -9.5083 -1.25 28.1421 -9.1048 -1.25 29.1048
3 16 -10 -1.25 30 -9.1048 -1.25 29.1048 -9.5083 -1.25 28.1421
3 16 -8.5209 -4.8001 13.9954 -9.3029 -0.5043 17.719 -9.1744 0 17.156
3 16 -10.0006 -1.25 17.8155 -9.5 -1.25 17.8106 -10.0006 -4.8001 17.5
3 16 -10.0006 -4.8001 17.5 -9.5 -1.25 17.8106 -9.3065 -4.8 17.5
3 16 -10.0006 -4.8001 17.5 -9.3065 -4.8 17.5 -10.0006 -4.8001 2.5
3 16 -9.3065 -4.8 17.5 -8.5209 -4.8001 13.9954 -10.0006 -4.8001 2.5
3 16 -8.5209 -4.8001 13.9954 -8.2104 -4.8001 10 -10.0006 -4.8001 2.5
3 16 -8.2104 -4.8001 10 -8.5209 -4.8001 6.0046 -10.0006 -4.8001 2.5
3 16 -8.5209 -4.8001 6.0046 -9.3065 -4.8 2.5 -10.0006 -4.8001 2.5
3 16 5.6059 0 28.5636 2.844 0 29.1744 5.9964 -4.8001 28.5138
3 16 2.1894 -1.25 29.5 5.9964 -4.8001 28.5138 2.281 -0.5043 29.3029
3 16 8.3175 -0.5 25.2954 10 -0.5 28.2104 9.0582 -0.5 24.515
3 16 8.3175 -5.25 25.2954 8.3175 -0.5 25.2954 9.0582 -5.25 24.515
3 16 9.0582 -5.25 24.515 8.3175 -0.5 25.2954 9.0582 -0.5 24.515
3 16 8.017 -5.25 26.25 -6.25 -5.25 26.25 7.625 -0.5 26.25
3 16 7.625 -0.5 26.25 -6.25 -5.25 26.25 -6.25 0 26.25
3 16 10 -0.5 24.291 9.0582 -0.5 24.515 10 -0.5 28.2104
3 16 10 -0.5 24.291 10 -5.25 24.291 9.0582 -0.5 24.515
3 16 9.0582 -0.5 24.515 10 -5.25 24.291 9.0582 -5.25 24.515
3 16 2.1845 -1.25 30.0006 -10 -1.25 30 -3.2396 -3.1715 30
3 16 -3.2396 -3.1715 30 -10 -1.25 30 -10 -3.1715 30
3 16 2.1894 -1.25 29.5 -8.1421 -1.25 29.5083 2.1845 -1.25 30.0006
3 16 2.1845 -1.25 30.0006 -8.1421 -1.25 29.5083 -10 -1.25 30
3 16 2.1845 -1.25 30.0006 2.5 -4.8001 30.0006 2.1894 -1.25 29.5
3 16 2.1894 -1.25 29.5 2.5 -4.8001 30.0006 2.5 -4.8 29.3065
3 16 2.1845 -1.25 30.0006 -0.541 -4.7277 30 2.5 -4.8001 30.0006
3 16 2.5 -4.8001 30.0006 -0.541 -4.7277 30 -0.2551 -5.4844 30
3 16 7.625 -0.5 28.3049 5.9964 -4.8001 28.5138 10 -4.8001 28.2104
3 16 -9.1048 -1.25 29.1048 -8.1421 -1.25 29.5083 -8.7656 0 28.7656
3 16 -8.7656 0 28.7656 -8.1421 -1.25 29.5083 -7.8051 0 29.167
3 16 10 -0.5 28.2104 7.625 -0.5 28.3049 10 -4.8001 28.2104
3 16 2.281 -0.5043 29.3029 -8.1421 -1.25 29.5083 2.1894 -1.25 29.5
3 16 -6.25 0 26.25 -8.7656 0 28.7656 -7.8051 0 29.167
3 16 5.6059 0 28.5636 7.625 0 28.3049 7.625 0 26.25
3 16 7.625 0 26.25 2.844 0 29.1744 5.6059 0 28.5636
3 16 7.625 0 26.25 -6.25 0 26.25 2.844 0 29.1744
3 16 2.844 0 29.1744 -6.25 0 26.25 -7.8051 0 29.167
3 16 -1.1087 -3.9171 30 -0.541 -4.7277 30 2.1845 -1.25 30.0006
3 16 -10 -1.25 30 -8.1421 -1.25 29.5083 -9.1048 -1.25 29.1048
3 16 2.1845 -1.25 30.0006 -2.0433 -3.3535 30 -1.1087 -3.9171 30
3 16 -8.5209 0 13.9954 -9.1744 0 17.156 -6.25 0 26.25
3 16 -6.25 0 26.25 -9.1744 0 17.156 -9.167 0 27.8051
3 16 20.1358 -8 30 -0.1358 -8 30 20.1358 -8 27.6514
3 16 20.1358 -8 27.6514 -0.1358 -8 30 -0.1358 -8 27.6514
3 16 -7.6514 -8 -0.1358 -7.6514 -8 20.1358 -10 -8 -0.1358
3 16 -10 -8 -0.1358 -7.6514 -8 20.1358 -10 -8 20.1358
3 16 20.1446 -6.2027 30 -0.1446 -6.2027 30 20.1358 -8 30
3 16 20.1358 -8 30 -0.1446 -6.2027 30 -0.1358 -8 30
3 16 -9.3029 -0.5043 17.719 -9.5 -1.25 17.8106 -9.167 0 27.8051
3 16 -9.167 0 27.8051 -9.5 -1.25 17.8106 -9.5083 -1.25 28.1421
3 16 2.1845 -1.25 30.0006 -3.2396 -3.1715 30 -2.0433 -3.3535 30
3 16 2.5 -4.8001 30.0006 -0.2551 -5.4844 30 -0.1446 -6.2027 30
3 16 -10.0006 -1.25 17.8155 -10 -3.9171 21.1087 -10 -3.3535 22.0433
3 16 -10.0006 -1.25 17.8155 -10.0006 -4.8001 17.5 -10 -4.7277 20.541
3 16 -10 -4.7277 20.541 -10.0006 -4.8001 17.5 -10 -5.4844 20.2551
3 16 2.281 -0.5043 29.3029 5.9964 -4.8001 28.5138 2.844 0 29.1744
3 16 -8.1421 -1.25 29.5083 2.281 -0.5043 29.3029 -7.8051 0 29.167
3 16 -7.8051 0 29.167 2.281 -0.5043 29.3029 2.844 0 29.1744
3 16 7.625 0 28.3049 5.6059 0 28.5636 7.625 -0.5 28.3049
3 16 5.9964 -4.8001 28.5138 7.625 -0.5 28.3049 5.6059 0 28.5636
3 16 10 -0.5 28.2104 8.017 -0.5 26.25 7.625 -0.5 28.3049
3 16 8.3175 -0.5 25.2954 8.017 -0.5 26.25 10 -0.5 28.2104
3 16 7.625 -0.5 26.25 -6.25 0 26.25 7.625 0 26.25
3 16 7.625 0 28.3049 7.625 -0.5 28.3049 7.625 0 26.25
3 16 7.625 0 26.25 7.625 -0.5 28.3049 7.625 -0.5 26.25
3 16 8.3175 -5.25 25.2954 8.017 -5.25 26.25 8.3175 -0.5 25.2954
3 16 8.3175 -0.5 25.2954 8.017 -5.25 26.25 8.017 -0.5 26.25
3 16 7.625 -0.5 28.3049 8.017 -0.5 26.25 7.625 -0.5 26.25
3 16 8.017 -0.5 26.25 8.017 -5.25 26.25 7.625 -0.5 26.25
3 16 2.1894 -1.25 29.5 2.5 -4.8 29.3065 5.9964 -4.8001 28.5138
3 16 -10.0006 -4.8001 2.5 -10 -6.2027 -0.1446 -10.0006 -4.8001 17.5
3 16 -10.0006 -4.8001 17.5 -10 -6.2027 -0.1446 -10 -6.2027 20.1446
3 16 2.5 -4.8001 -10.0006 17.5 -4.8001 -10.0006 -0.1446 -6.2027 -10
3 16 -0.1446 -6.2027 -10 17.5 -4.8001 -10.0006 20.1446 -6.2027 -10
3 16 30.0006 -4.8001 2.5 30.0006 -4.8001 17.5 30 -6.2027 -0.1446
3 16 30 -6.2027 -0.1446 30.0006 -4.8001 17.5 30 -6.2027 20.1446
3 16 2.5 -4.8001 30.0006 -0.1446 -6.2027 30 17.5 -4.8001 30.0006
3 16 17.5 -4.8001 30.0006 -0.1446 -6.2027 30 20.1446 -6.2027 30
3 16 10.9418 -5.25 24.515 10.9418 -5.25 -4.5149 10 -5.25 24.291
3 16 10 -5.25 24.291 10.9418 -5.25 -4.5149 10 -5.25 -4.2909
3 16 11.6825 -5.25 25.2954 26.25 -5.25 26.25 11.6825 -5.25 -5.2954
3 16 11.6825 -5.25 -5.2954 26.25 -5.25 26.25 26.25 -5.25 -6.25
3 16 26.25 -5.25 26.25 11.6825 -5.25 25.2954 11.9831 -5.25 26.25
3 16 11.9831 -5.25 -6.25 11.6825 -5.25 -5.2954 26.25 -5.25 -6.25
3 16 8.3175 -5.25 -5.2954 -6.25 -5.25 -6.25 8.3175 -5.25 25.2954
3 16 8.3175 -5.25 25.2954 -6.25 -5.25 -6.25 -6.25 -5.25 26.25
3 16 8.017 -5.25 26.25 8.3175 -5.25 25.2954 -6.25 -5.25 26.25
3 16 -6.25 -5.25 -6.25 8.3175 -5.25 -5.2954 8.017 -5.25 -6.25
3 16 9.0582 -5.25 24.515 9.0582 -5.25 -4.5149 8.3175 -5.25 25.2954
3 16 8.3175 -5.25 25.2954 9.0582 -5.25 -4.5149 8.3175 -5.25 -5.2954
3 16 -9.5 -1.25 17.8106 -8.5209 -4.8001 13.9954 -9.3065 -4.8 17.5
3 16 -8.5209 -4.8001 13.9954 -9.1744 0 17.156 -8.5209 0 13.9954
3 16 -9.3029 -0.5043 17.719 -8.5209 -4.8001 13.9954 -9.5 -1.25 17.8106
3 16 -8.5209 -4.8001 6.0046 -9.5 -1.25 2.1894 -9.3065 -4.8 2.5
3 16 15.5396 0 13.1983 13.1983 0 15.5396 17.3124 0 14.2218
3 16 17.3124 0 14.2218 13.1983 0 15.5396 14.2218 0 17.3123
3 16 14.2218 0 17.3123 13.1983 0 15.5396 10 0 18.4436
3 16 10 0 18.4436 13.1983 0 15.5396 10 0 16.3966
3 16 10 0 16.3966 6.8017 0 15.5396 10 0 18.4436
3 16 10 0 18.4436 6.8017 0 15.5396 5.7782 0 17.3123
3 16 6.8017 0 15.5396 4.4604 0 13.1983 5.7782 0 17.3123
3 16 5.7782 0 17.3123 4.4604 0 13.1983 2.6876 0 14.2218
3 16 4.4604 0 13.1983 3.6034 0 10 2.6876 0 14.2218
3 16 2.6876 0 14.2218 3.6034 0 10 1.5564 0 10
3 16 3.6034 0 10 4.4604 0 6.8017 1.5564 0 10
3 16 1.5564 0 10 4.4604 0 6.8017 2.6876 0 5.7782
3 16 4.4604 0 6.8017 6.8017 0 4.4604 2.6876 0 5.7782
3 16 2.6876 0 5.7782 6.8017 0 4.4604 5.7782 0 2.6877
3 16 6.8017 0 4.4604 10 0 3.6034 5.7782 0 2.6877
3 16 5.7782 0 2.6877 10 0 3.6034 10 0 1.5564
3 16 10 0 3.6034 13.1983 0 4.4604 10 0 1.5564
3 16 10 0 1.5564 13.1983 0 4.4604 14.2218 0 2.6877
3 16 13.1983 0 4.4604 15.5396 0 6.8017 14.2218 0 2.6877
3 16 14.2218 0 2.6877 15.5396 0 6.8017 17.3124 0 5.7782
3 16 15.5396 0 6.8017 16.3966 0 10 17.3124 0 5.7782
3 16 17.3124 0 5.7782 16.3966 0 10 18.4436 0 10
3 16 16.3966 0 10 15.5396 0 13.1983 18.4436 0 10
3 16 18.4436 0 10 15.5396 0 13.1983 17.3124 0 14.2218
3 16 10 -5.25 18.4436 14.2218 -5.25 17.3123 10 0 18.4436
3 16 10 0 18.4436 14.2218 -5.25 17.3123 14.2218 0 17.3123
3 16 5.7782 -5.25 17.3123 10 -5.25 18.4436 5.7782 0 17.3123
3 16 5.7782 0 17.3123 10 -5.25 18.4436 10 0 18.4436
3 16 2.6876 -5.25 14.2218 5.7782 -5.25 17.3123 2.6876 0 14.2218
3 16 2.6876 0 14.2218 5.7782 -5.25 17.3123 5.7782 0 17.3123
3 16 1.5564 -5.25 10 2.6876 -5.25 14.2218 1.5564 0 10
3 16 1.5564 0 10 2.6876 -5.25 14.2218 2.6876 0 14.2218
3 16 2.6876 -5.25 5.7782 1.5564 -5.25 10 2.6876 0 5.7782
3 16 2.6876 0 5.7782 1.5564 -5.25 10 1.5564 0 10
3 16 5.7782 -5.25 2.6877 2.6876 -5.25 5.7782 5.7782 0 2.6877
3 16 5.7782 0 2.6877 2.6876 -5.25 5.7782 2.6876 0 5.7782
3 16 10 -5.25 1.5564 5.7782 -5.25 2.6877 10 0 1.5564
3 16 10 0 1.5564 5.7782 -5.25 2.6877 5.7782 0 2.6877
3 16 14.2218 -5.25 2.6877 10 -5.25 1.5564 14.2218 0 2.6877
3 16 14.2218 0 2.6877 10 -5.25 1.5564 10 0 1.5564
3 16 17.3124 -5.25 5.7782 14.2218 -5.25 2.6877 17.3124 0 5.7782
3 16 17.3124 0 5.7782 14.2218 -5.25 2.6877 14.2218 0 2.6877
3 16 18.4436 -5.25 10 17.3124 -5.25 5.7782 18.4436 0 10
3 16 18.4436 0 10 17.3124 -5.25 5.7782 17.3124 0 5.7782
3 16 17.3124 -5.25 14.2218 18.4436 -5.25 10 17.3124 0 14.2218
3 16 17.3124 0 14.2218 18.4436 -5.25 10 18.4436 0 10
3 16 13.1983 0 15.5396 15.5396 0 13.1983 13.1983 -5.0063 15.5396
3 16 13.1983 -5.0063 15.5396 15.5396 0 13.1983 15.5396 -5.0063 13.1983
3 16 10 0 16.3966 13.1983 0 15.5396 10 -5.0063 16.3966
3 16 10 -5.0063 16.3966 13.1983 0 15.5396 13.1983 -5.0063 15.5396
3 16 6.8017 0 15.5396 10 0 16.3966 6.8017 -5.0063 15.5396
3 16 6.8017 -5.0063 15.5396 10 0 16.3966 10 -5.0063 16.3966
3 16 4.4604 0 13.1983 6.8017 0 15.5396 4.4604 -5.0063 13.1983
3 16 4.4604 -5.0063 13.1983 6.8017 0 15.5396 6.8017 -5.0063 15.5396
3 16 3.6034 0 10 4.4604 0 13.1983 3.6034 -5.0063 10
3 16 3.6034 -5.0063 10 4.4604 0 13.1983 4.4604 -5.0063 13.1983
3 16 4.4604 0 6.8017 3.6034 0 10 4.4604 -5.0063 6.8017
3 16 4.4604 -5.0063 6.8017 3.6034 0 10 3.6034 -5.0063 10
3 16 6.8017 0 4.4604 4.4604 0 6.8017 6.8017 -5.0063 4.4604
3 16 6.8017 -5.0063 4.4604 4.4604 0 6.8017 4.4604 -5.0063 6.8017
3 16 10 0 3.6034 6.8017 0 4.4604 10 -5.0063 3.6034
3 16 10 -5.0063 3.6034 6.8017 0 4.4604 6.8017 -5.0063 4.4604
3 16 13.1983 0 4.4604 10 0 3.6034 13.1983 -5.0063 4.4604
3 16 13.1983 -5.0063 4.4604 10 0 3.6034 10 -5.0063 3.6034
3 16 15.5396 0 6.8017 13.1983 0 4.4604 15.5396 -5.0063 6.8017
3 16 15.5396 -5.0063 6.8017 13.1983 0 4.4604 13.1983 -5.0063 4.4604
3 16 16.3966 0 10 15.5396 0 6.8017 16.3966 -5.0063 10
3 16 16.3966 -5.0063 10 15.5396 0 6.8017 15.5396 -5.0063 6.8017
3 16 15.5396 0 13.1983 16.3966 0 10 15.5396 -5.0063 13.1983
3 16 15.5396 -5.0063 13.1983 16.3966 0 10 16.3966 -5.0063 10
3 16 17.3124 0 14.2218 14.2218 0 17.3123 17.3124 -5.25 14.2218
3 16 17.3124 -5.25 14.2218 14.2218 0 17.3123 14.2218 -5.25 17.3123
3 16 20.1358 -8 27.6514 20.1358 -8 -7.6514 27.6514 -8 20.1358
3 16 27.6514 -8 20.1358 20.1358 -8 -7.6514 27.6514 -8 -0.1358
3 16 30 -8 -10 30 -8 -0.1358 27.6514 -8 -0.1358
3 16 20.1358 -8 -10 30 -8 -10 20.1358 -8 -7.6514
3 16 30 -8 -10 30 -3.1715 -3.2396 30 -3.3535 -2.0433
3 16 30 -8 -10 30 -5.4844 -0.2551 30 -6.2027 -0.1446
3 16 30 -8 -10 30 -3.9171 -1.1087 30 -4.7277 -0.541
3 16 23.2396 -3.1715 -10 30 -3.1715 -10 30 -8 -10
3 16 30 -3.1715 -3.2396 30 -8 -10 30 -3.1715 -10
3 16 30 -8 -10 21.1087 -3.9171 -10 22.0433 -3.3535 -10
3 16 30 -8 -10 20.541 -4.7277 -10 21.1087 -3.9171 -10
3 16 30 -8 -10 20.2551 -5.4844 -10 20.541 -4.7277 -10
3 16 30 -8 -10 20.1358 -8 -10 20.1446 -6.2027 -10
3 16 30 -8 -0.1358 30 -8 -10 30 -6.2027 -0.1446
3 16 30 -8 -10 22.0433 -3.3535 -10 23.2396 -3.1715 -10
3 16 30 -8 -10 20.1446 -6.2027 -10 20.2551 -5.4844 -10
3 16 30 -8 -10 30 -3.3535 -2.0433 30 -3.9171 -1.1087
3 16 30 -8 -10 30 -4.7277 -0.541 30 -5.4844 -0.2551
3 16 30 -8 30 27.6514 -8 20.1358 30 -8 20.1358
3 16 20.1358 -8 30 20.1358 -8 27.6514 30 -8 30
3 16 30 -8 30 30 -3.3535 22.0433 30 -3.1715 23.2396
3 16 30 -8 30 30 -6.2027 20.1446 30 -5.4844 20.2551
3 16 30 -8 30 30 -4.7277 20.541 30 -3.9171 21.1087
3 16 23.2396 -3.1715 30 30 -8 30 30 -3.1715 30
3 16 30 -3.1715 23.2396 30 -3.1715 30 30 -8 30
3 16 30 -8 30 22.0433 -3.3535 30 21.1087 -3.9171 30
3 16 30 -8 30 21.1087 -3.9171 30 20.541 -4.7277 30
3 16 30 -8 30 20.541 -4.7277 30 20.2551 -5.4844 30
3 16 30 -8 30 20.1446 -6.2027 30 20.1358 -8 30
3 16 30 -8 20.1358 30 -6.2027 20.1446 30 -8 30
3 16 30 -8 30 23.2396 -3.1715 30 22.0433 -3.3535 30
3 16 30 -8 30 20.2551 -5.4844 30 20.1446 -6.2027 30
3 16 30 -8 30 30 -3.9171 21.1087 30 -3.3535 22.0433
3 16 30 -8 30 30 -5.4844 20.2551 30 -4.7277 20.541
3 16 -10 -8 -10 -7.6514 -8 -0.1358 -10 -8 -0.1358
3 16 -0.1358 -8 -10 -0.1358 -8 -7.6514 -10 -8 -10
3 16 -10 -8 -10 -10 -3.3535 -2.0433 -10 -3.1715 -3.2396
3 16 -10 -8 -10 -10 -6.2027 -0.1446 -10 -5.4844 -0.2551
3 16 -10 -8 -10 -10 -4.7277 -0.541 -10 -3.9171 -1.1087
3 16 -3.2396 -3.1715 -10 -10 -8 -10 -10 -3.1715 -10
3 16 -10 -3.1715 -3.2396 -10 -3.1715 -10 -10 -8 -10
3 16 -10 -8 -10 -2.0433 -3.3535 -10 -1.1087 -3.9171 -10
3 16 -10 -8 -10 -1.1087 -3.9171 -10 -0.541 -4.7277 -10
3 16 -10 -8 -10 -0.541 -4.7277 -10 -0.2551 -5.4844 -10
3 16 -10 -8 -10 -0.1446 -6.2027 -10 -0.1358 -8 -10
3 16 -10 -8 -0.1358 -10 -6.2027 -0.1446 -10 -8 -10
3 16 -10 -8 -10 -3.2396 -3.1715 -10 -2.0433 -3.3535 -10
3 16 -10 -8 -10 -0.2551 -5.4844 -10 -0.1446 -6.2027 -10
3 16 -10 -8 -10 -10 -3.9171 -1.1087 -10 -3.3535 -2.0433
3 16 -10 -8 -10 -10 -5.4844 -0.2551 -10 -4.7277 -0.541
3 16 -10 -8 30 -10 -8 20.1358 -7.6514 -8 20.1358
3 16 -0.1358 -8 30 -10 -8 30 -0.1358 -8 27.6514
3 16 -10 -8 30 -10 -3.1715 23.2396 -10 -3.3535 22.0433
3 16 -10 -8 30 -10 -5.4844 20.2551 -10 -6.2027 20.1446
3 16 -10 -8 30 -10 -3.9171 21.1087 -10 -4.7277 20.541
3 16 -3.2396 -3.1715 30 -10 -3.1715 30 -10 -8 30
3 16 -10 -3.1715 23.2396 -10 -8 30 -10 -3.1715 30
3 16 -10 -8 30 -1.1087 -3.9171 30 -2.0433 -3.3535 30
3 16 -10 -8 30 -0.541 -4.7277 30 -1.1087 -3.9171 30
3 16 -10 -8 30 -0.2551 -5.4844 30 -0.541 -4.7277 30
3 16 -10 -8 30 -0.1358 -8 30 -0.1446 -6.2027 30
3 16 -10 -8 20.1358 -10 -8 30 -10 -6.2027 20.1446
3 16 -10 -8 30 -2.0433 -3.3535 30 -3.2396 -3.1715 30
3 16 -10 -8 30 -0.1446 -6.2027 30 -0.2551 -5.4844 30
3 16 -10 -8 30 -10 -3.3535 22.0433 -10 -3.9171 21.1087
3 16 -10 -8 30 -10 -4.7277 20.541 -10 -5.4844 20.2551
3 16 -7.6514 -8 -0.1358 -0.1358 -8 -7.6514 -7.6514 -8 20.1358
3 16 -7.6514 -8 20.1358 -0.1358 -8 -7.6514 -0.1358 -8 27.6514
3 16 20.1358 -8 27.6514 27.6475 -8 27.6475 30 -8 30
3 16 -0.1358 -8 27.6514 -0.1358 -8 -7.6514 20.1358 -8 27.6514
3 16 20.1358 -8 27.6514 -0.1358 -8 -7.6514 20.1358 -8 -7.6514
3 16 27.6514 -8 -0.1358 27.6475 -8 -7.6475 30 -8 -10
3 16 -7.6514 -8 20.1358 -7.6475 -8 27.6475 -10 -8 30
3 16 -10 -8 -10 -0.1358 -8 -7.6514 -7.6475 -8 -7.6475
3 16 20.1358 -8 27.6514 27.6514 -8 20.1358 27.6475 -8 27.6475
3 16 30 -8 30 27.6475 -8 27.6475 27.6514 -8 20.1358
3 16 -7.6514 -8 20.1358 -0.1358 -8 27.6514 -7.6475 -8 27.6475
3 16 -10 -8 30 -7.6475 -8 27.6475 -0.1358 -8 27.6514
3 16 -7.6514 -8 -0.1358 -7.6475 -8 -7.6475 -0.1358 -8 -7.6514
3 16 -10 -8 -10 -7.6475 -8 -7.6475 -7.6514 -8 -0.1358
3 16 27.6514 -8 -0.1358 20.1358 -8 -7.6514 27.6475 -8 -7.6475
3 16 30 -8 -10 27.6475 -8 -7.6475 20.1358 -8 -7.6514
2 24 30 -1.25 -10 30.0006 -1.25 2.1845
2 24 29.5083 -1.25 -8.1421 29.5 -1.25 2.1894
2 24 30.0006 -1.25 2.1845 29.5 -1.25 2.1894
2 24 28.2104 -4.8001 10 28.5209 -4.8001 6.0046
2 24 28.2104 0 10 28.5209 0 6.0046
2 24 30.0006 -1.25 2.1845 30 -1.25 -10
2 24 30 -1.25 -10 30 -3.1715 -10
2 24 29.167 0 -7.8051 28.7656 0 -8.7656
2 24 29.1744 0 2.844 29.3029 -0.5043 2.281
2 24 29.167 0 -7.8051 29.1744 0 2.844
2 24 29.167 0 -7.8051 28.7656 0 -8.7656
2 24 29.5083 -1.25 -8.1421 29.1048 -1.25 -9.1048
2 24 29.5083 -1.25 -8.1421 29.1048 -1.25 -9.1048
2 24 28.5209 -4.8001 6.0046 29.3065 -4.8 2.5
2 24 29.5 -1.25 2.1894 29.3065 -4.8 2.5
2 24 29.5 -1.25 2.1894 30.0006 -1.25 2.1845
2 24 30.0006 -1.25 2.1845 30.0006 -4.8001 2.5
2 24 29.3065 -4.8 2.5 30.0006 -4.8001 2.5
2 24 28.5209 0 6.0046 29.1744 0 2.844
2 24 30.0006 -4.8001 2.5 29.3065 -4.8 2.5
2 24 30.0006 -4.8001 2.5 30.0006 -4.8001 17.5
2 24 29.3065 -4.8 2.5 28.5209 -4.8001 6.0046
2 24 28.5209 -4.8001 6.0046 28.2104 -4.8001 10
2 24 28.2104 -4.8001 10 28.5209 -4.8001 13.9954
2 24 30.0006 -4.8001 17.5 29.3065 -4.8 17.5
2 24 28.5209 -4.8001 13.9954 29.3065 -4.8 17.5
2 24 13.9954 0 -8.5209 17.156 0 -9.1744
2 24 17.8106 -1.25 -9.5 17.719 -0.5043 -9.3029
2 24 11.6825 0 -5.2954 10.9418 0 -4.5149
2 24 11.6825 -5.25 -5.2954 10.9418 -5.25 -4.5149
2 24 11.6825 0 -5.2954 10.9418 0 -4.5149
2 24 10.9418 0 -4.5149 10 0 -4.2909
2 24 10.9418 0 -4.5149 10 0 -4.2909
2 24 10.9418 -5.25 -4.5149 10 -5.25 -4.2909
2 24 17.8155 -1.25 -10.0006 30 -1.25 -10
2 24 30 -1.25 -10 30 -3.1715 -10
2 24 17.8106 -1.25 -9.5 28.1421 -1.25 -9.5083
2 24 17.8106 -1.25 -9.5 17.8155 -1.25 -10.0006
2 24 30 -1.25 -10 17.8155 -1.25 -10.0006
2 24 17.8155 -1.25 -10.0006 17.5 -4.8001 -10.0006
2 24 17.8106 -1.25 -9.5 17.8155 -1.25 -10.0006
2 24 17.5 -4.8001 -10.0006 17.5 -4.8 -9.3065
2 24 17.8106 -1.25 -9.5 17.5 -4.8 -9.3065
2 24 17.8155 -1.25 -10.0006 17.5 -4.8001 -10.0006
2 24 29.1048 -1.25 -9.1048 28.1421 -1.25 -9.5083
2 24 28.7656 0 -8.7656 27.8051 0 -9.167
2 24 13.9954 0 -8.5209 10 0 -8.2104
2 24 13.9954 -4.8001 -8.5209 10 -4.8001 -8.2104
2 24 28.1421 -1.25 -9.5083 17.8106 -1.25 -9.5
2 24 17.719 -0.5043 -9.3029 17.8106 -1.25 -9.5
2 24 28.7656 0 -8.7656 27.8051 0 -9.167
2 24 17.156 0 -9.1744 13.9954 0 -8.5209
2 24 27.8051 0 -9.167 17.156 0 -9.1744
2 24 29.1048 -1.25 -9.1048 28.1421 -1.25 -9.5083
2 24 28.5209 0 6.0046 29.1744 0 2.844
2 24 29.167 0 -7.8051 29.1744 0 2.844
2 24 11.6825 -5.25 25.2954 10.9418 -5.25 24.515
2 24 11.6825 -5.25 -5.2954 10.9418 -5.25 -4.5149
2 24 20.1358 -8 -10 -0.1358 -8 -10
2 24 30 -8 -0.1358 30 -8 20.1358
2 24 -0.1358 -8 -10 20.1358 -8 -10
2 24 29.1744 0 2.844 29.3029 -0.5043 2.281
2 24 29.3029 -0.5043 2.281 29.5 -1.25 2.1894
2 24 29.5083 -1.25 -8.1421 29.5 -1.25 2.1894
2 24 30.0006 -4.8001 2.5 30.0006 -1.25 2.1845
2 24 17.156 0 -9.1744 17.719 -0.5043 -9.3029
2 24 17.719 -0.5043 -9.3029 17.156 0 -9.1744
2 24 27.8051 0 -9.167 17.156 0 -9.1744
2 24 10 0 -8.2104 13.9954 0 -8.5209
2 24 11.6825 0 -5.2954 11.9831 0 -6.25
2 24 11.6825 -5.25 -5.2954 11.9831 -5.25 -6.25
2 24 11.9831 -5.25 -6.25 11.9831 0 -6.25
2 24 11.6825 0 -5.2954 11.9831 0 -6.25
2 24 26.25 0 -6.25 11.9831 0 -6.25
2 24 26.25 0 -6.25 11.9831 0 -6.25
2 24 26.25 0 -6.25 26.25 -5.25 -6.25
2 24 11.9831 0 -6.25 11.9831 -5.25 -6.25
2 24 26.25 -5.25 -6.25 11.9831 -5.25 -6.25
2 24 29.5 -1.25 2.1894 29.3029 -0.5043 2.281
2 24 13.9954 -4.8001 -8.5209 17.5 -4.8 -9.3065
2 24 26.25 -5.25 26.25 26.25 0 26.25
2 24 26.25 -5.25 26.25 26.25 -5.25 -6.25
2 24 26.25 0 26.25 26.25 0 -6.25
2 24 26.25 -5.25 -6.25 26.25 0 -6.25
2 24 30 -1.25 30 30.0006 -1.25 17.8155
2 24 30.0006 -1.25 17.8155 29.5 -1.25 17.8106
2 24 29.5083 -1.25 28.1421 29.5 -1.25 17.8106
2 24 29.167 0 27.8051 28.7656 0 28.7656
2 24 29.5083 -1.25 28.1421 29.1048 -1.25 29.1048
2 24 26.25 0 -6.25 26.25 0 26.25
2 24 28.5209 0 6.0046 28.2104 0 10
2 24 28.2104 0 10 28.5209 0 13.9954
2 24 28.2104 -4.8001 10 28.5209 -4.8001 13.9954
2 24 28.2104 0 10 28.5209 0 13.9954
2 24 30 -3.1715 30 30 -1.25 30
2 24 30 -1.25 30 30.0006 -1.25 17.8155
2 24 28.7656 0 28.7656 29.167 0 27.8051
2 24 29.3029 -0.5043 17.719 29.1744 0 17.156
2 24 29.167 0 27.8051 29.1744 0 17.156
2 24 29.5083 -1.25 28.1421 29.1048 -1.25 29.1048
2 24 28.5209 -4.8001 13.9954 29.3065 -4.8 17.5
2 24 29.5 -1.25 17.8106 29.3065 -4.8 17.5
2 24 30.0006 -1.25 17.8155 30.0006 -4.8001 17.5
2 24 29.5 -1.25 17.8106 30.0006 -1.25 17.8155
2 24 29.3065 -4.8 17.5 30.0006 -4.8001 17.5
2 24 28.5209 0 13.9954 29.1744 0 17.156
2 24 14.3941 0 28.5636 17.156 0 29.1744
2 24 17.8106 -1.25 29.5 17.719 -0.5043 29.3029
2 24 11.6825 -0.5 25.2954 10.9418 -0.5 24.515
2 24 11.6825 -5.25 25.2954 10.9418 -5.25 24.515
2 24 11.6825 -0.5 25.2954 10.9418 -0.5 24.515
2 24 11.9831 -5.25 26.25 26.25 -5.25 26.25
2 24 26.25 -5.25 26.25 26.25 0 26.25
2 24 10.9418 -0.5 24.515 10 -0.5 24.291
2 24 10.9418 -0.5 24.515 10 -0.5 24.291
2 24 10.9418 -5.25 24.515 10 -5.25 24.291
2 24 17.8155 -1.25 30.0006 30 -1.25 30
2 24 30 -1.25 30 30 -3.1715 30
2 24 30 -1.25 30 17.8155 -1.25 30.0006
2 24 28.1421 -1.25 29.5083 17.8106 -1.25 29.5
2 24 17.8155 -1.25 30.0006 17.8106 -1.25 29.5
2 24 17.5 -4.8 29.3065 14.0036 -4.8001 28.5138
2 24 17.5 -4.8 29.3065 17.5 -4.8001 30.0006
2 24 17.5 -4.8001 30.0006 2.5 -4.8001 30.0006
2 24 14.0036 -4.8001 28.5138 10 -4.8001 28.2104
2 24 10 -4.8001 28.2104 5.9964 -4.8001 28.5138
2 24 5.9964 -4.8001 28.5138 2.5 -4.8 29.3065
2 24 2.5 -4.8001 30.0006 2.5 -4.8 29.3065
2 24 17.5 -4.8 29.3065 17.5 -4.8001 30.0006
2 24 17.8106 -1.25 29.5 17.5 -4.8 29.3065
2 24 17.5 -4.8001 30.0006 17.8155 -1.25 30.0006
2 24 17.8106 -1.25 29.5 17.8155 -1.25 30.0006
2 24 17.8155 -1.25 30.0006 17.5 -4.8001 30.0006
2 24 28.7656 0 28.7656 27.8051 0 29.167
2 24 29.1048 -1.25 29.1048 28.1421 -1.25 29.5083
2 24 14.0036 -4.8001 28.5138 10 -4.8001 28.2104
2 24 12.375 -0.5 28.3049 10 -0.5 28.2104
2 24 28.1421 -1.25 29.5083 17.8106 -1.25 29.5
2 24 17.719 -0.5043 29.3029 17.8106 -1.25 29.5
2 24 28.7656 0 28.7656 27.8051 0 29.167
2 24 12.375 0 26.25 12.375 0 28.3049
2 24 14.3941 0 28.5636 12.375 0 28.3049
2 24 14.3941 0 28.5636 17.156 0 29.1744
2 24 26.25 0 26.25 12.375 0 26.25
2 24 27.8051 0 29.167 17.156 0 29.1744
2 24 29.1048 -1.25 29.1048 28.1421 -1.25 29.5083
2 24 28.5209 0 13.9954 29.1744 0 17.156
2 24 29.167 0 27.8051 29.1744 0 17.156
2 24 30 -8 -0.1358 30 -8 20.1358
2 24 29.1744 0 17.156 29.3029 -0.5043 17.719
2 24 29.5083 -1.25 28.1421 29.5 -1.25 17.8106
2 24 29.3029 -0.5043 17.719 29.5 -1.25 17.8106
2 24 30.0006 -4.8001 17.5 30.0006 -1.25 17.8155
2 24 17.156 0 29.1744 17.719 -0.5043 29.3029
2 24 17.719 -0.5043 29.3029 17.156 0 29.1744
2 24 27.8051 0 29.167 17.156 0 29.1744
2 24 12.375 -0.5 28.3049 12.375 0 28.3049
2 24 14.3941 0 28.5636 12.375 0 28.3049
2 24 10 -0.5 28.2104 12.375 -0.5 28.3049
2 24 11.6825 -0.5 25.2954 11.9831 -0.5 26.25
2 24 26.25 0 26.25 12.375 0 26.25
2 24 12.375 -0.5 26.25 12.375 0 26.25
2 24 12.375 0 28.3049 12.375 0 26.25
2 24 12.375 0 28.3049 12.375 -0.5 28.3049
2 24 12.375 0 26.25 12.375 -0.5 26.25
2 24 12.375 -0.5 28.3049 12.375 -0.5 26.25
2 24 11.6825 -5.25 25.2954 11.9831 -5.25 26.25
2 24 11.6825 -0.5 25.2954 11.9831 -0.5 26.25
2 24 11.9831 -5.25 26.25 11.9831 -0.5 26.25
2 24 11.9831 -0.5 26.25 12.375 -0.5 26.25
2 24 12.375 -0.5 28.3049 12.375 -0.5 26.25
2 24 12.375 -0.5 26.25 11.9831 -0.5 26.25
2 24 11.9831 -5.25 26.25 11.9831 -0.5 26.25
2 24 29.5 -1.25 17.8106 29.3029 -0.5043 17.719
2 24 14.0036 -4.8001 28.5138 17.5 -4.8 29.3065
2 24 -6.25 -5.25 -6.25 -6.25 0 -6.25
2 24 -6.25 -5.25 -6.25 -6.25 -5.25 26.25
2 24 -6.25 0 -6.25 -6.25 0 26.25
2 24 -6.25 -5.25 26.25 -6.25 0 26.25
2 24 -10 -1.25 -10 -10.0006 -1.25 2.1845
2 24 -10.0006 -1.25 2.1845 -9.5 -1.25 2.1894
2 24 -9.5083 -1.25 -8.1421 -9.5 -1.25 2.1894
2 24 -9.167 0 -7.8051 -8.7656 0 -8.7656
2 24 -9.5083 -1.25 -8.1421 -9.1048 -1.25 -9.1048
2 24 -6.25 0 26.25 -6.25 0 -6.25
2 24 -8.2104 0 10 -8.5209 0 13.9954
2 24 -8.2104 0 10 -8.5209 0 6.0046
2 24 -8.2104 -4.8001 10 -8.5209 -4.8001 6.0046
2 24 -8.2104 0 10 -8.5209 0 6.0046
2 24 -10 -3.1715 -10 -10 -1.25 -10
2 24 -10 -1.25 -10 -10.0006 -1.25 2.1845
2 24 -8.7656 0 -8.7656 -9.167 0 -7.8051
2 24 -9.3029 -0.5043 2.281 -9.1744 0 2.844
2 24 -9.167 0 -7.8051 -9.1744 0 2.844
2 24 -9.5083 -1.25 -8.1421 -9.1048 -1.25 -9.1048
2 24 -10.0006 -1.25 2.1845 -10.0006 -4.8001 2.5
2 24 -10.0006 -1.25 2.1845 -9.5 -1.25 2.1894
2 24 -10.0006 -4.8001 2.5 -9.3065 -4.8 2.5
2 24 -9.5 -1.25 2.1894 -9.3065 -4.8 2.5
2 24 -9.5 -1.25 2.1894 -9.3029 -0.5043 2.281
2 24 6.0046 0 -8.5209 2.844 0 -9.1744
2 24 2.1894 -1.25 -9.5 2.281 -0.5043 -9.3029
2 24 8.3175 0 -5.2954 9.0582 0 -4.5149
2 24 8.3175 -5.25 -5.2954 9.0582 -5.25 -4.5149
2 24 8.3175 0 -5.2954 9.0582 0 -4.5149
2 24 10 -5.25 -4.2909 9.0582 -5.25 -4.5149
2 24 10 -5.25 24.291 9.0582 -5.25 24.515
2 24 -6.25 0 -6.25 -6.25 -5.25 -6.25
2 24 -6.25 0 -6.25 8.017 0 -6.25
2 24 -6.25 -5.25 -6.25 8.017 -5.25 -6.25
2 24 8.017 0 -6.25 8.017 -5.25 -6.25
2 24 10 0 -4.2909 9.0582 0 -4.5149
2 24 10 0 -4.2909 9.0582 0 -4.5149
2 24 10 -5.25 -4.2909 9.0582 -5.25 -4.5149
2 24 2.1845 -1.25 -10.0006 -10 -1.25 -10
2 24 -10 -1.25 -10 -10 -3.1715 -10
2 24 -10 -1.25 -10 2.1845 -1.25 -10.0006
2 24 -8.1421 -1.25 -9.5083 2.1894 -1.25 -9.5
2 24 2.1845 -1.25 -10.0006 2.1894 -1.25 -9.5
2 24 2.5 -4.8 -9.3065 6.0046 -4.8001 -8.5209
2 24 2.5 -4.8 -9.3065 2.5 -4.8001 -10.0006
2 24 2.5 -4.8001 -10.0006 17.5 -4.8001 -10.0006
2 24 6.0046 -4.8001 -8.5209 10 -4.8001 -8.2104
2 24 10 -4.8001 -8.2104 13.9954 -4.8001 -8.5209
2 24 13.9954 -4.8001 -8.5209 17.5 -4.8 -9.3065
2 24 17.5 -4.8001 -10.0006 17.5 -4.8 -9.3065
2 24 2.5 -4.8 -9.3065 2.5 -4.8001 -10.0006
2 24 2.1894 -1.25 -9.5 2.5 -4.8 -9.3065
2 24 2.5 -4.8001 -10.0006 2.1845 -1.25 -10.0006
2 24 2.1894 -1.25 -9.5 2.1845 -1.25 -10.0006
2 24 2.1845 -1.25 -10.0006 2.5 -4.8001 -10.0006
2 24 -8.7656 0 -8.7656 -7.8051 0 -9.167
2 24 -9.1048 -1.25 -9.1048 -8.1421 -1.25 -9.5083
2 24 10 0 -8.2104 6.0046 0 -8.5209
2 24 10 -4.8001 -8.2104 6.0046 -4.8001 -8.5209
2 24 -8.1421 -1.25 -9.5083 2.1894 -1.25 -9.5
2 24 2.281 -0.5043 -9.3029 2.1894 -1.25 -9.5
2 24 -8.7656 0 -8.7656 -7.8051 0 -9.167
2 24 6.0046 0 -8.5209 2.844 0 -9.1744
2 24 -7.8051 0 -9.167 2.844 0 -9.1744
2 24 -9.1048 -1.25 -9.1048 -8.1421 -1.25 -9.5083
2 24 -8.5209 0 6.0046 -9.1744 0 2.844
2 24 -9.167 0 -7.8051 -9.1744 0 2.844
2 24 -10 -8 -0.1358 -10 -8 20.1358
2 24 -8.5209 0 6.0046 -9.1744 0 2.844
2 24 -9.5083 -1.25 -8.1421 -9.5 -1.25 2.1894
2 24 -9.3029 -0.5043 2.281 -9.5 -1.25 2.1894
2 24 -10.0006 -4.8001 2.5 -10.0006 -1.25 2.1845
2 24 2.844 0 -9.1744 2.281 -0.5043 -9.3029
2 24 2.281 -0.5043 -9.3029 2.844 0 -9.1744
2 24 -7.8051 0 -9.167 2.844 0 -9.1744
2 24 10 0 -8.2104 6.0046 0 -8.5209
2 24 8.3175 0 -5.2954 8.017 0 -6.25
2 24 8.3175 -5.25 -5.2954 8.017 -5.25 -6.25
2 24 8.3175 0 -5.2954 8.017 0 -6.25
2 24 8.017 -5.25 -6.25 8.017 0 -6.25
2 24 -6.25 0 -6.25 8.017 0 -6.25
2 24 -9.3029 -0.5043 2.281 -9.1744 0 2.844
2 24 6.0046 -4.8001 -8.5209 2.5 -4.8 -9.3065
2 24 -10 -1.25 30 -10.0006 -1.25 17.8155
2 24 -9.5083 -1.25 28.1421 -9.5 -1.25 17.8106
2 24 -10.0006 -1.25 17.8155 -9.5 -1.25 17.8106
2 24 -8.2104 -4.8001 10 -8.5209 -4.8001 13.9954
2 24 -8.2104 0 10 -8.5209 0 13.9954
2 24 -10.0006 -1.25 17.8155 -10 -1.25 30
2 24 -10 -1.25 30 -10 -3.1715 30
2 24 -9.167 0 27.8051 -8.7656 0 28.7656
2 24 -9.1744 0 17.156 -9.3029 -0.5043 17.719
2 24 -9.167 0 27.8051 -9.1744 0 17.156
2 24 -9.167 0 27.8051 -8.7656 0 28.7656
2 24 -9.5083 -1.25 28.1421 -9.1048 -1.25 29.1048
2 24 -9.5083 -1.25 28.1421 -9.1048 -1.25 29.1048
2 24 -9.3029 -0.5043 17.719 -9.1744 0 17.156
2 24 -10.0006 -1.25 17.8155 -9.5 -1.25 17.8106
2 24 -10.0006 -1.25 17.8155 -10.0006 -4.8001 17.5
2 24 -9.5 -1.25 17.8106 -9.3065 -4.8 17.5
2 24 -10.0006 -4.8001 17.5 -9.3065 -4.8 17.5
2 24 -10.0006 -4.8001 17.5 -9.3065 -4.8 17.5
2 24 -10.0006 -4.8001 17.5 -10.0006 -4.8001 2.5
2 24 -9.3065 -4.8 17.5 -8.5209 -4.8001 13.9954
2 24 -8.5209 -4.8001 13.9954 -8.2104 -4.8001 10
2 24 -8.2104 -4.8001 10 -8.5209 -4.8001 6.0046
2 24 -10.0006 -4.8001 2.5 -9.3065 -4.8 2.5
2 24 -8.5209 -4.8001 6.0046 -9.3065 -4.8 2.5
2 24 5.6059 0 28.5636 2.844 0 29.1744
2 24 2.1894 -1.25 29.5 2.281 -0.5043 29.3029
2 24 8.3175 -0.5 25.2954 9.0582 -0.5 24.515
2 24 8.3175 -5.25 25.2954 9.0582 -5.25 24.515
2 24 8.3175 -0.5 25.2954 9.0582 -0.5 24.515
2 24 8.017 -5.25 26.25 -6.25 -5.25 26.25
2 24 -6.25 -5.25 26.25 -6.25 0 26.25
2 24 10 -0.5 24.291 9.0582 -0.5 24.515
2 24 10 -0.5 24.291 9.0582 -0.5 24.515
2 24 10 -5.25 24.291 9.0582 -5.25 24.515
2 24 2.1845 -1.25 30.0006 -10 -1.25 30
2 24 -10 -1.25 30 -10 -3.1715 30
2 24 2.1894 -1.25 29.5 -8.1421 -1.25 29.5083
2 24 2.1894 -1.25 29.5 2.1845 -1.25 30.0006
2 24 -10 -1.25 30 2.1845 -1.25 30.0006
2 24 2.1845 -1.25 30.0006 2.5 -4.8001 30.0006
2 24 2.1894 -1.25 29.5 2.1845 -1.25 30.0006
2 24 2.5 -4.8001 30.0006 2.5 -4.8 29.3065
2 24 2.1894 -1.25 29.5 2.5 -4.8 29.3065
2 24 2.1845 -1.25 30.0006 2.5 -4.8001 30.0006
2 24 10 -4.8001 28.2104 5.9964 -4.8001 28.5138
2 24 -9.1048 -1.25 29.1048 -8.1421 -1.25 29.5083
2 24 -8.7656 0 28.7656 -7.8051 0 29.167
2 24 10 -0.5 28.2104 7.625 -0.5 28.3049
2 24 -8.1421 -1.25 29.5083 2.1894 -1.25 29.5
2 24 2.281 -0.5043 29.3029 2.1894 -1.25 29.5
2 24 -8.7656 0 28.7656 -7.8051 0 29.167
2 24 7.625 0 28.3049 7.625 0 26.25
2 24 5.6059 0 28.5636 7.625 0 28.3049
2 24 5.6059 0 28.5636 2.844 0 29.1744
2 24 -6.25 0 26.25 7.625 0 26.25
2 24 -7.8051 0 29.167 2.844 0 29.1744
2 24 -9.1048 -1.25 29.1048 -8.1421 -1.25 29.5083
2 24 -8.5209 0 13.9954 -9.1744 0 17.156
2 24 -9.167 0 27.8051 -9.1744 0 17.156
2 24 20.1358 -8 30 -0.1358 -8 30
2 24 -10 -8 -0.1358 -10 -8 20.1358
2 24 20.1358 -8 30 -0.1358 -8 30
2 24 -9.3029 -0.5043 17.719 -9.5 -1.25 17.8106
2 24 -9.5083 -1.25 28.1421 -9.5 -1.25 17.8106
2 24 -10.0006 -4.8001 17.5 -10.0006 -1.25 17.8155
2 24 2.844 0 29.1744 2.281 -0.5043 29.3029
2 24 2.281 -0.5043 29.3029 2.844 0 29.1744
2 24 -7.8051 0 29.167 2.844 0 29.1744
2 24 5.6059 0 28.5636 7.625 0 28.3049
2 24 7.625 -0.5 28.3049 7.625 0 28.3049
2 24 10 -0.5 28.2104 7.625 -0.5 28.3049
2 24 8.3175 -0.5 25.2954 8.017 -0.5 26.25
2 24 -6.25 0 26.25 7.625 0 26.25
2 24 7.625 -0.5 26.25 7.625 0 26.25
2 24 7.625 0 28.3049 7.625 -0.5 28.3049
2 24 7.625 0 28.3049 7.625 0 26.25
2 24 7.625 -0.5 28.3049 7.625 -0.5 26.25
2 24 7.625 0 26.25 7.625 -0.5 26.25
2 24 8.3175 -5.25 25.2954 8.017 -5.25 26.25
2 24 8.017 -5.25 26.25 8.017 -0.5 26.25
2 24 8.3175 -0.5 25.2954 8.017 -0.5 26.25
2 24 8.017 -0.5 26.25 7.625 -0.5 26.25
2 24 7.625 -0.5 28.3049 7.625 -0.5 26.25
2 24 8.017 -5.25 26.25 8.017 -0.5 26.25
2 24 7.625 -0.5 26.25 8.017 -0.5 26.25
2 24 5.9964 -4.8001 28.5138 2.5 -4.8 29.3065
2 24 -10.0006 -4.8001 2.5 -10.0006 -4.8001 17.5
2 24 17.5 -4.8001 -10.0006 2.5 -4.8001 -10.0006
2 24 30.0006 -4.8001 2.5 30.0006 -4.8001 17.5
2 24 17.5 -4.8001 30.0006 2.5 -4.8001 30.0006
2 24 10.9418 -5.25 24.515 10 -5.25 24.291
2 24 10.9418 -5.25 -4.5149 10 -5.25 -4.2909
2 24 26.25 -5.25 26.25 26.25 -5.25 -6.25
2 24 11.6825 -5.25 25.2954 11.9831 -5.25 26.25
2 24 26.25 -5.25 26.25 11.9831 -5.25 26.25
2 24 11.6825 -5.25 -5.2954 11.9831 -5.25 -6.25
2 24 26.25 -5.25 -6.25 11.9831 -5.25 -6.25
2 24 -6.25 -5.25 -6.25 -6.25 -5.25 26.25
2 24 8.3175 -5.25 25.2954 8.017 -5.25 26.25
2 24 -6.25 -5.25 26.25 8.017 -5.25 26.25
2 24 8.3175 -5.25 -5.2954 8.017 -5.25 -6.25
2 24 -6.25 -5.25 -6.25 8.017 -5.25 -6.25
2 24 9.0582 -5.25 24.515 8.3175 -5.25 25.2954
2 24 9.0582 -5.25 -4.5149 8.3175 -5.25 -5.2954
2 24 -8.5209 -4.8001 13.9954 -9.3065 -4.8 17.5
2 24 -8.5209 0 13.9954 -9.1744 0 17.156
2 24 -9.3029 -0.5043 17.719 -9.5 -1.25 17.8106
2 24 -8.5209 -4.8001 6.0046 -9.3065 -4.8 2.5
2 24 15.5396 0 13.1983 13.1983 0 15.5396
2 24 17.3124 0 14.2218 14.2218 0 17.3123
2 24 14.2218 0 17.3123 10 0 18.4436
2 24 13.1983 0 15.5396 10 0 16.3966
2 24 10 0 16.3966 6.8017 0 15.5396
2 24 10 0 18.4436 5.7782 0 17.3123
2 24 6.8017 0 15.5396 4.4604 0 13.1983
2 24 5.7782 0 17.3123 2.6876 0 14.2218
2 24 4.4604 0 13.1983 3.6034 0 10
2 24 2.6876 0 14.2218 1.5564 0 10
2 24 3.6034 0 10 4.4604 0 6.8017
2 24 1.5564 0 10 2.6876 0 5.7782
2 24 4.4604 0 6.8017 6.8017 0 4.4604
2 24 2.6876 0 5.7782 5.7782 0 2.6877
2 24 6.8017 0 4.4604 10 0 3.6034
2 24 5.7782 0 2.6877 10 0 1.5564
2 24 10 0 3.6034 13.1983 0 4.4604
2 24 10 0 1.5564 14.2218 0 2.6877
2 24 13.1983 0 4.4604 15.5396 0 6.8017
2 24 14.2218 0 2.6877 17.3124 0 5.7782
2 24 15.5396 0 6.8017 16.3966 0 10
2 24 17.3124 0 5.7782 18.4436 0 10
2 24 15.5396 0 13.1983 16.3966 0 10
2 24 17.3124 0 14.2218 18.4436 0 10
2 24 10 -5.25 18.4436 14.2218 -5.25 17.3123
2 24 10 0 18.4436 14.2218 0 17.3123
2 24 10 -5.25 18.4436 5.7782 -5.25 17.3123
2 24 10 0 18.4436 5.7782 0 17.3123
2 24 5.7782 -5.25 17.3123 2.6876 -5.25 14.2218
2 24 5.7782 0 17.3123 2.6876 0 14.2218
2 24 2.6876 -5.25 14.2218 1.5564 -5.25 10
2 24 2.6876 0 14.2218 1.5564 0 10
2 24 1.5564 -5.25 10 2.6876 -5.25 5.7782
2 24 1.5564 0 10 2.6876 0 5.7782
2 24 2.6876 -5.25 5.7782 5.7782 -5.25 2.6877
2 24 2.6876 0 5.7782 5.7782 0 2.6877
2 24 5.7782 -5.25 2.6877 10 -5.25 1.5564
2 24 5.7782 0 2.6877 10 0 1.5564
2 24 10 -5.25 1.5564 14.2218 -5.25 2.6877
2 24 10 0 1.5564 14.2218 0 2.6877
2 24 14.2218 -5.25 2.6877 17.3124 -5.25 5.7782
2 24 14.2218 0 2.6877 17.3124 0 5.7782
2 24 17.3124 -5.25 5.7782 18.4436 -5.25 10
2 24 17.3124 0 5.7782 18.4436 0 10
2 24 18.4436 -5.25 10 17.3124 -5.25 14.2218
2 24 18.4436 0 10 17.3124 0 14.2218
2 24 13.1983 0 15.5396 15.5396 0 13.1983
2 24 13.1983 -5.0063 15.5396 15.5396 -5.0063 13.1983
2 24 13.1983 0 15.5396 10 0 16.3966
2 24 13.1983 -5.0063 15.5396 10 -5.0063 16.3966
2 24 10 0 16.3966 6.8017 0 15.5396
2 24 10 -5.0063 16.3966 6.8017 -5.0063 15.5396
2 24 6.8017 0 15.5396 4.4604 0 13.1983
2 24 6.8017 -5.0063 15.5396 4.4604 -5.0063 13.1983
2 24 4.4604 0 13.1983 3.6034 0 10
2 24 4.4604 -5.0063 13.1983 3.6034 -5.0063 10
2 24 3.6034 0 10 4.4604 0 6.8017
2 24 3.6034 -5.0063 10 4.4604 -5.0063 6.8017
2 24 4.4604 0 6.8017 6.8017 0 4.4604
2 24 4.4604 -5.0063 6.8017 6.8017 -5.0063 4.4604
2 24 6.8017 0 4.4604 10 0 3.6034
2 24 6.8017 -5.0063 4.4604 10 -5.0063 3.6034
2 24 10 0 3.6034 13.1983 0 4.4604
2 24 10 -5.0063 3.6034 13.1983 -5.0063 4.4604
2 24 13.1983 0 4.4604 15.5396 0 6.8017
2 24 13.1983 -5.0063 4.4604 15.5396 -5.0063 6.8017
2 24 15.5396 0 6.8017 16.3966 0 10
2 24 15.5396 -5.0063 6.8017 16.3966 -5.0063 10
2 24 15.5396 0 13.1983 16.3966 0 10
2 24 15.5396 -5.0063 13.1983 16.3966 -5.0063 10
2 24 14.2218 0 17.3123 17.3124 0 14.2218
2 24 14.2218 -5.25 17.3123 17.3124 -5.25 14.2218
2 24 30 -8 -0.1358 30 -8 -10
2 24 20.1358 -8 -10 30 -8 -10
2 24 30 -3.1715 -10 30 -8 -10
2 24 30 -3.1715 -10 30 -8 -10
2 24 20.1358 -8 -10 30 -8 -10
2 24 30 -8 -0.1358 30 -8 -10
2 24 30 -8 20.1358 30 -8 30
2 24 20.1358 -8 30 30 -8 30
2 24 30 -3.1715 30 30 -8 30
2 24 30 -3.1715 30 30 -8 30
2 24 20.1358 -8 30 30 -8 30
2 24 30 -8 20.1358 30 -8 30
2 24 -10 -8 -0.1358 -10 -8 -10
2 24 -0.1358 -8 -10 -10 -8 -10
2 24 -10 -3.1715 -10 -10 -8 -10
2 24 -10 -3.1715 -10 -10 -8 -10
2 24 -0.1358 -8 -10 -10 -8 -10
2 24 -10 -8 -0.1358 -10 -8 -10
2 24 -10 -8 20.1358 -10 -8 30
2 24 -0.1358 -8 30 -10 -8 30
2 24 -10 -3.1715 30 -10 -8 30
2 24 -10 -3.1715 30 -10 -8 30
2 24 -0.1358 -8 30 -10 -8 30
2 24 -10 -8 20.1358 -10 -8 30
0 STEP
