0 
0 Name: _37779.dat
0 Author: 
0 BL_Item_No -1
0 BFC CERTIFY CCW
3 16 -8.7444 -5.0163 3.0665 -8.7444 -2.8109 5.1638 -17.7276 -5.0163 3.0665
3 16 -17.7276 -5.0163 3.0665 -8.7444 -2.8109 5.1638 -17.7276 -2.8109 5.1638
3 16 -8.7444 5.1638 2.8109 -17.7276 5.1638 2.8109 -11.1915 3.0665 5.0163
3 16 -11.1915 3.0665 5.0163 -17.7276 5.1638 2.8109 -17.7276 3.0665 5.0163
3 16 -17.7276 5.8775 -0.1476 -17.7276 5.1638 2.8109 -8.7444 5.8775 -0.1476
3 16 -8.7444 5.8775 -0.1476 -17.7276 5.1638 2.8109 -8.7444 5.1638 2.8109
3 16 -17.7276 5.0163 -3.0665 -17.7276 5.8775 -0.1476 -8.7444 5.0163 -3.0665
3 16 -8.7444 5.0163 -3.0665 -17.7276 5.8775 -0.1476 -8.7444 5.8775 -0.1476
3 16 -8.7444 2.8109 -5.1638 -17.7276 2.8109 -5.1638 -8.7444 5.0163 -3.0665
3 16 -8.7444 5.0163 -3.0665 -17.7276 2.8109 -5.1638 -17.7276 5.0163 -3.0665
3 16 -8.7444 2.8109 -5.1638 -11.1915 -0.1476 -5.8775 -17.7276 2.8109 -5.1638
3 16 -17.7276 2.8109 -5.1638 -11.1915 -0.1476 -5.8775 -17.7276 -0.1476 -5.8775
3 16 -8.7444 -5.1638 -2.8109 -8.7444 -5.8775 0.1476 -17.7276 -5.1638 -2.8109
3 16 -17.7276 -5.1638 -2.8109 -8.7444 -5.8775 0.1476 -17.7276 -5.8775 0.1476
3 16 -8.7444 -5.8775 0.1476 -8.7444 -5.0163 3.0665 -17.7276 -5.8775 0.1476
3 16 -17.7276 -5.8775 0.1476 -8.7444 -5.0163 3.0665 -17.7276 -5.0163 3.0665
3 16 -19.6069 -5.0163 3.0665 -19.6069 -2.8109 5.1638 -19.6069 -3.7607 2.299
3 16 -19.6069 -3.7607 2.299 -19.6069 -2.8109 5.1638 -19.6069 -2.1074 3.8713
3 16 -19.6069 -2.8109 5.1638 -19.6069 0.1476 5.8775 -19.6069 -2.1074 3.8713
3 16 -19.6069 -2.1074 3.8713 -19.6069 0.1476 5.8775 -19.6069 0.1106 4.4063
3 16 -19.6069 3.0665 5.0163 -19.6069 5.1638 2.8109 -19.6069 2.299 3.7607
3 16 -19.6069 2.299 3.7607 -19.6069 5.1638 2.8109 -19.6069 3.8713 2.1074
3 16 -19.6069 5.1638 2.8109 -19.6069 5.8775 -0.1476 -19.6069 3.8713 2.1074
3 16 -19.6069 3.8713 2.1074 -19.6069 5.8775 -0.1476 -19.6069 4.4063 -0.1106
3 16 -19.6069 5.8775 -0.1476 -19.6069 5.0163 -3.0665 -19.6069 4.4063 -0.1106
3 16 -19.6069 4.4063 -0.1106 -19.6069 5.0163 -3.0665 -19.6069 3.7607 -2.299
3 16 -19.6069 5.0163 -3.0665 -19.6069 2.8109 -5.1638 -19.6069 3.7607 -2.299
3 16 -19.6069 3.7607 -2.299 -19.6069 2.8109 -5.1638 -19.6069 2.1074 -3.8713
3 16 -19.6069 2.8109 -5.1638 -19.6069 -0.1476 -5.8775 -19.6069 2.1074 -3.8713
3 16 -19.6069 2.1074 -3.8713 -19.6069 -0.1476 -5.8775 -19.6069 -0.1106 -4.4063
3 16 -19.6069 -3.0665 -5.0163 -19.6069 -5.1638 -2.8109 -19.6069 -2.299 -3.7607
3 16 -19.6069 -2.299 -3.7607 -19.6069 -5.1638 -2.8109 -19.6069 -3.8713 -2.1074
3 16 -19.6069 -5.1638 -2.8109 -19.6069 -5.8775 0.1476 -19.6069 -3.8713 -2.1074
3 16 -19.6069 -3.8713 -2.1074 -19.6069 -5.8775 0.1476 -19.6069 -4.4063 0.1106
3 16 -19.6069 -5.8775 0.1476 -19.6069 -5.0163 3.0665 -19.6069 -4.4063 0.1106
3 16 -19.6069 -4.4063 0.1106 -19.6069 -5.0163 3.0665 -19.6069 -3.7607 2.299
3 16 -8.7444 -3.7607 2.299 -8.7444 -2.1074 3.8713 -1.9782 -3.7607 2.299
3 16 -1.9782 -3.7607 2.299 -8.7444 -2.1074 3.8713 -1.9782 -2.1074 3.8713
3 16 -8.7444 -2.1074 3.8713 -8.7444 0.1106 4.4063 -1.9782 -2.1074 3.8713
3 16 -1.9782 -2.1074 3.8713 -8.7444 0.1106 4.4063 -1.9782 0.1106 4.4063
3 16 -8.7444 0.1106 4.4063 -8.7444 1.2048 4.0835 -1.9782 0.1106 4.4063
3 16 -1.9782 0.1106 4.4063 -8.7444 1.2048 4.0835 -1.9782 1.2048 4.0835
3 16 -8.7444 2.299 3.7607 -8.7444 3.8713 2.1074 -1.9782 2.299 3.7607
3 16 -1.9782 2.299 3.7607 -8.7444 3.8713 2.1074 -1.9782 3.8713 2.1074
3 16 -8.7444 3.8713 2.1074 -8.7444 4.4063 -0.1106 -1.9782 3.8713 2.1074
3 16 -1.9782 3.8713 2.1074 -8.7444 4.4063 -0.1106 -1.9782 4.4063 -0.1106
3 16 -8.7444 4.4063 -0.1106 -8.7444 3.7607 -2.299 -1.9782 4.4063 -0.1106
3 16 -1.9782 4.4063 -0.1106 -8.7444 3.7607 -2.299 -1.9782 3.7607 -2.299
3 16 -8.7444 3.7607 -2.299 -8.7444 2.1074 -3.8713 -1.9782 3.7607 -2.299
3 16 -1.9782 3.7607 -2.299 -8.7444 2.1074 -3.8713 -1.9782 2.1074 -3.8713
3 16 -8.7444 2.1074 -3.8713 -8.7444 -0.1106 -4.4063 -1.9782 2.1074 -3.8713
3 16 -1.9782 2.1074 -3.8713 -8.7444 -0.1106 -4.4063 -1.9782 -0.1106 -4.4063
3 16 -8.7444 -0.1106 -4.4063 -8.7444 -1.2048 -4.0835 -1.9782 -0.1106 -4.4063
3 16 -1.9782 -0.1106 -4.4063 -8.7444 -1.2048 -4.0835 -1.9782 -1.2048 -4.0835
3 16 -8.7444 -2.299 -3.7607 -8.7444 -3.8713 -2.1074 -1.9782 -2.299 -3.7607
3 16 -1.9782 -2.299 -3.7607 -8.7444 -3.8713 -2.1074 -1.9782 -3.8713 -2.1074
3 16 -8.7444 -3.8713 -2.1074 -8.7444 -4.4063 0.1106 -1.9782 -3.8713 -2.1074
3 16 -1.9782 -3.8713 -2.1074 -8.7444 -4.4063 0.1106 -1.9782 -4.4063 0.1106
3 16 -8.7444 -4.4063 0.1106 -8.7444 -3.7607 2.299 -1.9782 -4.4063 0.1106
3 16 -1.9782 -4.4063 0.1106 -8.7444 -3.7607 2.299 -1.9782 -3.7607 2.299
3 16 -1.9782 -3.7607 2.299 -1.9782 -2.1074 3.8713 -1.9782 0 0
3 16 -1.9782 -2.1074 3.8713 -1.9782 0.1106 4.4063 -1.9782 0 0
3 16 -1.9782 0.1106 4.4063 -1.9782 1.2048 4.0835 -1.9782 0 0
3 16 -1.9782 2.299 3.7607 -1.9782 3.8713 2.1074 -1.9782 0 0
3 16 -1.9782 3.8713 2.1074 -1.9782 4.4063 -0.1106 -1.9782 0 0
3 16 -1.9782 4.4063 -0.1106 -1.9782 3.7607 -2.299 -1.9782 0 0
3 16 -1.9782 3.7607 -2.299 -1.9782 2.1074 -3.8713 -1.9782 0 0
3 16 -1.9782 2.1074 -3.8713 -1.9782 -0.1106 -4.4063 -1.9782 0 0
3 16 -1.9782 -0.1106 -4.4063 -1.9782 -1.2048 -4.0835 -1.9782 0 0
3 16 -1.9782 -2.299 -3.7607 -1.9782 -3.8713 -2.1074 -1.9782 0 0
3 16 -1.9782 -3.8713 -2.1074 -1.9782 -4.4063 0.1106 -1.9782 0 0
3 16 -1.9782 -4.4063 0.1106 -1.9782 -3.7607 2.299 -1.9782 0 0
3 16 -1.9596 -5.0149 3.067 -1.9596 -2.8106 5.164 -8.7444 -5.0163 3.0665
3 16 -8.7444 -5.0163 3.0665 -1.9596 -2.8106 5.164 -8.7444 -2.8109 5.1638
3 16 -1.9596 -2.8106 5.164 -1.9596 0.1468 5.8772 -8.7444 -2.8109 5.1638
3 16 -8.7444 -2.8109 5.1638 -1.9596 0.1468 5.8772 -8.7444 0.1476 5.8775
3 16 -8.7444 1.6521 5.5995 -1.9596 1.6508 5.5991 -8.7444 3.0665 5.0163
3 16 -8.7444 3.0665 5.0163 -1.9596 1.6508 5.5991 -1.9596 3.0649 5.0157
3 16 -1.9596 3.0649 5.0157 -1.9596 5.1617 2.8102 -8.7444 3.0665 5.0163
3 16 -8.7444 3.0665 5.0163 -1.9596 5.1617 2.8102 -8.7444 5.1638 2.8109
3 16 -1.9596 5.1617 2.8102 -1.9596 5.8754 -0.1483 -8.7444 5.1638 2.8109
3 16 -8.7444 5.1638 2.8109 -1.9596 5.8754 -0.1483 -8.7444 5.8775 -0.1476
3 16 -1.9596 5.8754 -0.1483 -1.9596 5.0149 -3.067 -8.7444 5.8775 -0.1476
3 16 -8.7444 5.8775 -0.1476 -1.9596 5.0149 -3.067 -8.7444 5.0163 -3.0665
3 16 -1.9596 5.0149 -3.067 -1.9596 2.8106 -5.164 -8.7444 5.0163 -3.0665
3 16 -8.7444 5.0163 -3.0665 -1.9596 2.8106 -5.164 -8.7444 2.8109 -5.1638
3 16 -1.9596 2.8106 -5.164 -1.9596 -0.1468 -5.8772 -8.7444 2.8109 -5.1638
3 16 -8.7444 2.8109 -5.1638 -1.9596 -0.1468 -5.8772 -8.7444 -0.1476 -5.8775
3 16 -8.7444 -1.6521 -5.5995 -1.9596 -1.6508 -5.5991 -8.7444 -3.0665 -5.0163
3 16 -8.7444 -3.0665 -5.0163 -1.9596 -1.6508 -5.5991 -1.9596 -3.0649 -5.0157
3 16 -1.9596 -3.0649 -5.0157 -1.9596 -5.1617 -2.8102 -8.7444 -3.0665 -5.0163
3 16 -8.7444 -3.0665 -5.0163 -1.9596 -5.1617 -2.8102 -8.7444 -5.1638 -2.8109
3 16 -1.9596 -5.1617 -2.8102 -1.9596 -5.8754 0.1483 -8.7444 -5.1638 -2.8109
3 16 -8.7444 -5.1638 -2.8109 -1.9596 -5.8754 0.1483 -8.7444 -5.8775 0.1476
3 16 -1.9596 -5.8754 0.1483 -1.9596 -5.0149 3.067 -8.7444 -5.8775 0.1476
3 16 -8.7444 -5.8775 0.1476 -1.9596 -5.0149 3.067 -8.7444 -5.0163 3.0665
3 16 -8.7444 -2.1074 3.8713 -8.7444 -3.7607 2.299 -17.7276 -2.1074 3.8713
3 16 -17.7276 -2.1074 3.8713 -8.7444 -3.7607 2.299 -17.7276 -3.7607 2.299
3 16 -11.1969 0.1106 4.4063 -10.2201 0.3713 4.2893 -8.7444 -2.1074 3.8713
3 16 -8.7444 -2.1074 3.8713 -10.2201 0.3713 4.2893 -8.7444 0.1106 4.4063
3 16 -11.1969 2.299 3.7607 -8.7444 3.8713 2.1074 -10.2201 2.0166 3.8039
3 16 -8.7444 3.8713 2.1074 -8.7444 2.299 3.7607 -10.2201 2.0166 3.8039
3 16 -8.7444 4.4063 -0.1106 -8.7444 3.8713 2.1074 -17.7276 4.4063 -0.1106
3 16 -17.7276 4.4063 -0.1106 -8.7444 3.8713 2.1074 -17.7276 3.8713 2.1074
3 16 -8.7444 3.7607 -2.299 -8.7444 4.4063 -0.1106 -17.7276 3.7607 -2.299
3 16 -17.7276 3.7607 -2.299 -8.7444 4.4063 -0.1106 -17.7276 4.4063 -0.1106
3 16 -8.7444 2.1074 -3.8713 -8.7444 3.7607 -2.299 -17.7276 2.1074 -3.8713
3 16 -17.7276 2.1074 -3.8713 -8.7444 3.7607 -2.299 -17.7276 3.7607 -2.299
3 16 -11.1969 -0.1106 -4.4063 -10.2201 -0.3713 -4.2893 -8.7444 2.1074 -3.8713
3 16 -8.7444 -0.1106 -4.4063 -8.7444 2.1074 -3.8713 -10.2201 -0.3713 -4.2893
3 16 -8.7444 -4.4063 0.1106 -8.7444 -3.8713 -2.1074 -17.7276 -4.4063 0.1106
3 16 -17.7276 -4.4063 0.1106 -8.7444 -3.8713 -2.1074 -17.7276 -3.8713 -2.1074
3 16 -8.7444 -3.7607 2.299 -8.7444 -4.4063 0.1106 -17.7276 -3.7607 2.299
3 16 -17.7276 -3.7607 2.299 -8.7444 -4.4063 0.1106 -17.7276 -4.4063 0.1106
3 16 -17.7276 0.1106 4.4063 -17.7276 0.1476 5.8775 -11.1969 0.1106 4.4063
3 16 -11.1969 0.1106 4.4063 -17.7276 0.1476 5.8775 -11.1717 0.1476 5.8775
3 16 -17.7276 2.299 3.7607 -11.1969 2.299 3.7607 -17.7276 3.0665 5.0163
3 16 -17.7276 3.0665 5.0163 -11.1969 2.299 3.7607 -11.1915 3.0665 5.0163
3 16 -17.7276 -0.1106 -4.4063 -17.7276 -0.1476 -5.8775 -11.1969 -0.1106 -4.4063
3 16 -11.1969 -0.1106 -4.4063 -17.7276 -0.1476 -5.8775 -11.1915 -0.1476 -5.8775
3 16 -17.7276 -2.299 -3.7607 -11.1969 -2.299 -3.7607 -17.7276 -3.0665 -5.0163
3 16 -17.7276 -3.0665 -5.0163 -11.1969 -2.299 -3.7607 -11.1717 -3.0665 -5.0163
3 16 -11.1915 -0.1476 -5.8775 -10.2201 -0.5909 -5.7066 -11.1969 -0.1106 -4.4063
3 16 -11.1969 -0.1106 -4.4063 -10.2201 -0.5909 -5.7066 -10.2201 -0.3713 -4.2893
3 16 -11.1717 0.1476 5.8775 -10.2201 0.5909 5.7066 -11.1969 0.1106 4.4063
3 16 -11.1969 0.1106 4.4063 -10.2201 0.5909 5.7066 -10.2201 0.3713 4.2893
3 16 -9.7849 -1.6521 -5.5995 -10.2201 -2.6015 -5.1133 -9.7849 -1.2048 -4.0835
3 16 -9.7849 -1.2048 -4.0835 -10.2201 -2.6015 -5.1133 -10.2201 -2.0166 -3.8039
3 16 -9.7849 1.6521 5.5995 -10.2201 2.6015 5.1133 -9.7849 1.2048 4.0835
3 16 -9.7849 1.2048 4.0835 -10.2201 2.6015 5.1133 -10.2201 2.0166 3.8039
3 16 -10.2201 0.3713 4.2893 -10.2201 0.5909 5.7066 -9.7849 1.2048 4.0835
3 16 -9.7849 1.2048 4.0835 -10.2201 0.5909 5.7066 -9.7849 1.6521 5.5995
3 16 -10.2201 2.0166 3.8039 -10.2201 2.6015 5.1133 -11.1969 2.299 3.7607
3 16 -11.1969 2.299 3.7607 -10.2201 2.6015 5.1133 -11.1915 3.0665 5.0163
3 16 -10.2201 -0.3713 -4.2893 -10.2201 -0.5909 -5.7066 -9.7849 -1.2048 -4.0835
3 16 -9.7849 -1.2048 -4.0835 -10.2201 -0.5909 -5.7066 -9.7849 -1.6521 -5.5995
3 16 -10.2201 -2.0166 -3.8039 -10.2201 -2.6015 -5.1133 -11.1969 -2.299 -3.7607
3 16 -11.1969 -2.299 -3.7607 -10.2201 -2.6015 -5.1133 -11.1717 -3.0665 -5.0163
3 16 -8.7444 -2.8109 5.1638 -11.1717 0.1476 5.8775 -17.7276 -2.8109 5.1638
3 16 -17.7276 -2.8109 5.1638 -11.1717 0.1476 5.8775 -17.7276 0.1476 5.8775
3 16 -8.7444 -5.1638 -2.8109 -17.7276 -5.1638 -2.8109 -11.1717 -3.0665 -5.0163
3 16 -11.1717 -3.0665 -5.0163 -17.7276 -5.1638 -2.8109 -17.7276 -3.0665 -5.0163
3 16 -10.2201 -2.6015 -5.1133 -8.7444 -3.0665 -5.0163 -11.1717 -3.0665 -5.0163
3 16 -11.1717 -3.0665 -5.0163 -8.7444 -3.0665 -5.0163 -8.7444 -5.1638 -2.8109
3 16 -9.7849 -1.6521 -5.5995 -8.7444 -1.6521 -5.5995 -10.2201 -2.6015 -5.1133
3 16 -10.2201 -2.6015 -5.1133 -8.7444 -1.6521 -5.5995 -8.7444 -3.0665 -5.0163
3 16 -10.2201 2.6015 5.1133 -8.7444 3.0665 5.0163 -11.1915 3.0665 5.0163
3 16 -11.1915 3.0665 5.0163 -8.7444 3.0665 5.0163 -8.7444 5.1638 2.8109
3 16 -9.7849 1.6521 5.5995 -8.7444 1.6521 5.5995 -10.2201 2.6015 5.1133
3 16 -10.2201 2.6015 5.1133 -8.7444 1.6521 5.5995 -8.7444 3.0665 5.0163
3 16 -8.7444 -0.1476 -5.8775 -8.7444 -1.6521 -5.5995 -10.2201 -0.5909 -5.7066
3 16 -10.2201 -0.5909 -5.7066 -8.7444 -1.6521 -5.5995 -9.7849 -1.6521 -5.5995
3 16 -1.9596 -0.1468 -5.8772 -1.9596 -1.6508 -5.5991 -8.7444 -0.1476 -5.8775
3 16 -8.7444 -0.1476 -5.8775 -1.9596 -1.6508 -5.5991 -8.7444 -1.6521 -5.5995
3 16 -8.7444 0.1476 5.8775 -8.7444 1.6521 5.5995 -10.2201 0.5909 5.7066
3 16 -10.2201 0.5909 5.7066 -8.7444 1.6521 5.5995 -9.7849 1.6521 5.5995
3 16 -1.9596 0.1468 5.8772 -1.9596 1.6508 5.5991 -8.7444 0.1476 5.8775
3 16 -8.7444 0.1476 5.8775 -1.9596 1.6508 5.5991 -8.7444 1.6521 5.5995
3 16 -17.7276 2.299 3.7607 -17.7276 3.8713 2.1074 -11.1969 2.299 3.7607
3 16 -11.1969 2.299 3.7607 -17.7276 3.8713 2.1074 -8.7444 3.8713 2.1074
3 16 -17.7276 -0.1106 -4.4063 -11.1969 -0.1106 -4.4063 -17.7276 2.1074 -3.8713
3 16 -17.7276 2.1074 -3.8713 -11.1969 -0.1106 -4.4063 -8.7444 2.1074 -3.8713
3 16 -17.7276 -2.299 -3.7607 -17.7276 -3.8713 -2.1074 -11.1969 -2.299 -3.7607
3 16 -11.1969 -2.299 -3.7607 -17.7276 -3.8713 -2.1074 -8.7444 -3.8713 -2.1074
3 16 -17.7276 0.1106 4.4063 -11.1969 0.1106 4.4063 -17.7276 -2.1074 3.8713
3 16 -17.7276 -2.1074 3.8713 -11.1969 0.1106 4.4063 -8.7444 -2.1074 3.8713
3 16 -8.7444 1.2048 4.0835 -8.7444 0.1106 4.4063 -9.7849 1.2048 4.0835
3 16 -9.7849 1.2048 4.0835 -8.7444 0.1106 4.4063 -10.2201 0.3713 4.2893
3 16 -8.7444 1.2048 4.0835 -9.7849 1.2048 4.0835 -8.7444 2.299 3.7607
3 16 -8.7444 2.299 3.7607 -9.7849 1.2048 4.0835 -10.2201 2.0166 3.8039
3 16 -1.9782 1.2048 4.0835 -8.7444 1.2048 4.0835 -1.9782 2.299 3.7607
3 16 -1.9782 2.299 3.7607 -8.7444 1.2048 4.0835 -8.7444 2.299 3.7607
3 16 -1.9782 0 0 -1.9782 1.2048 4.0835 -1.9782 2.299 3.7607
3 16 -11.1969 -2.299 -3.7607 -8.7444 -3.8713 -2.1074 -10.2201 -2.0166 -3.8039
3 16 -8.7444 -2.299 -3.7607 -10.2201 -2.0166 -3.8039 -8.7444 -3.8713 -2.1074
3 16 -8.7444 -1.2048 -4.0835 -8.7444 -0.1106 -4.4063 -9.7849 -1.2048 -4.0835
3 16 -9.7849 -1.2048 -4.0835 -8.7444 -0.1106 -4.4063 -10.2201 -0.3713 -4.2893
3 16 -8.7444 -1.2048 -4.0835 -9.7849 -1.2048 -4.0835 -8.7444 -2.299 -3.7607
3 16 -8.7444 -2.299 -3.7607 -9.7849 -1.2048 -4.0835 -10.2201 -2.0166 -3.8039
3 16 -1.9782 -1.2048 -4.0835 -8.7444 -1.2048 -4.0835 -1.9782 -2.299 -3.7607
3 16 -1.9782 -2.299 -3.7607 -8.7444 -1.2048 -4.0835 -8.7444 -2.299 -3.7607
3 16 -1.9782 0 0 -1.9782 -1.2048 -4.0835 -1.9782 -2.299 -3.7607
3 16 -8.7444 2.8109 -5.1638 -8.7444 -0.1476 -5.8775 -11.1915 -0.1476 -5.8775
3 16 -11.1915 -0.1476 -5.8775 -8.7444 -0.1476 -5.8775 -10.2201 -0.5909 -5.7066
3 16 -8.7444 -2.8109 5.1638 -8.7444 0.1476 5.8775 -11.1717 0.1476 5.8775
3 16 -11.1717 0.1476 5.8775 -8.7444 0.1476 5.8775 -10.2201 0.5909 5.7066
3 16 -1.9596 -5.0149 3.067 -1.9591 -6.268 3.8862 -1.9596 -2.8106 5.164
3 16 -1.9596 -2.8106 5.164 -1.9591 -6.268 3.8862 -1.9591 -3.4851 6.4996
3 16 -1.9596 -2.8106 5.164 -1.9591 -3.4851 6.4996 -1.9596 0.1468 5.8772
3 16 -1.9596 0.1468 5.8772 -1.9591 -3.4851 6.4996 -1.9591 0.2316 7.3714
3 16 -1.9596 1.6508 5.5991 -1.9596 0.1468 5.8772 -1.9591 0.2316 7.3714
3 16 -1.9596 3.0649 5.0157 -1.9591 3.8862 6.268 -1.9596 5.1617 2.8102
3 16 -1.9596 5.1617 2.8102 -1.9591 3.8862 6.268 -1.9591 6.4996 3.4851
3 16 -1.9596 5.1617 2.8102 -1.9591 6.4996 3.4851 -1.9596 5.8754 -0.1483
3 16 -1.9596 5.8754 -0.1483 -1.9591 6.4996 3.4851 -1.9591 7.3714 -0.2316
3 16 -1.9596 5.8754 -0.1483 -1.9591 7.3714 -0.2316 -1.9596 5.0149 -3.067
3 16 -1.9596 5.0149 -3.067 -1.9591 7.3714 -0.2316 -1.9591 6.268 -3.8862
3 16 -1.9596 5.0149 -3.067 -1.9591 6.268 -3.8862 -1.9596 2.8106 -5.164
3 16 -1.9596 2.8106 -5.164 -1.9591 6.268 -3.8862 -1.9591 3.4851 -6.4996
3 16 -1.9596 2.8106 -5.164 -1.9591 3.4851 -6.4996 -1.9596 -0.1468 -5.8772
3 16 -1.9596 -0.1468 -5.8772 -1.9591 3.4851 -6.4996 -1.9591 -0.2316 -7.3714
3 16 -1.9596 -1.6508 -5.5991 -1.9596 -0.1468 -5.8772 -1.9591 -0.2316 -7.3714
3 16 -1.9596 -3.0649 -5.0157 -1.9591 -3.8862 -6.268 -1.9596 -5.1617 -2.8102
3 16 -1.9596 -5.1617 -2.8102 -1.9591 -3.8862 -6.268 -1.9591 -6.4996 -3.4851
3 16 -1.9596 -5.1617 -2.8102 -1.9591 -6.4996 -3.4851 -1.9596 -5.8754 0.1483
3 16 -1.9596 -5.8754 0.1483 -1.9591 -6.4996 -3.4851 -1.9591 -7.3714 0.2316
3 16 -1.9596 -5.8754 0.1483 -1.9591 -7.3714 0.2316 -1.9596 -5.0149 3.067
3 16 -1.9596 -5.0149 3.067 -1.9591 -7.3714 0.2316 -1.9591 -6.268 3.8862
3 16 -1.9596 -3.0649 -5.0157 -1.9596 -1.6508 -5.5991 -1.9591 -3.8862 -6.268
3 16 -1.9591 -3.8862 -6.268 -1.9596 -1.6508 -5.5991 -1.9591 -0.2316 -7.3714
3 16 -1.9596 3.0649 5.0157 -1.9596 1.6508 5.5991 -1.9591 3.8862 6.268
3 16 -1.9591 3.8862 6.268 -1.9596 1.6508 5.5991 -1.9591 0.2316 7.3714
3 16 -1.9591 -3.4851 6.4996 -1.9591 -6.268 3.8862 0 -3.4851 6.4996
3 16 0 -3.4851 6.4996 -1.9591 -6.268 3.8862 0 -6.268 3.8862
3 16 -1.9591 0.2316 7.3714 -1.9591 -3.4851 6.4996 0 0.2316 7.3714
3 16 0 0.2316 7.3714 -1.9591 -3.4851 6.4996 0 -3.4851 6.4996
3 16 -1.9591 6.4996 3.4851 -1.9591 3.8862 6.268 0 6.4996 3.4851
3 16 0 6.4996 3.4851 -1.9591 3.8862 6.268 0 3.8862 6.268
3 16 -1.9591 7.3714 -0.2316 -1.9591 6.4996 3.4851 0 7.3714 -0.2316
3 16 0 7.3714 -0.2316 -1.9591 6.4996 3.4851 0 6.4996 3.4851
3 16 -1.9591 6.268 -3.8862 -1.9591 7.3714 -0.2316 0 6.268 -3.8862
3 16 0 6.268 -3.8862 -1.9591 7.3714 -0.2316 0 7.3714 -0.2316
3 16 -1.9591 3.4851 -6.4996 -1.9591 6.268 -3.8862 0 3.4851 -6.4996
3 16 0 3.4851 -6.4996 -1.9591 6.268 -3.8862 0 6.268 -3.8862
3 16 -1.9591 -0.2316 -7.3714 -1.9591 3.4851 -6.4996 0 -0.2316 -7.3714
3 16 0 -0.2316 -7.3714 -1.9591 3.4851 -6.4996 0 3.4851 -6.4996
3 16 -1.9591 -6.4996 -3.4851 -1.9591 -3.8862 -6.268 0 -6.4996 -3.4851
3 16 0 -6.4996 -3.4851 -1.9591 -3.8862 -6.268 0 -3.8862 -6.268
3 16 -1.9591 -7.3714 0.2316 -1.9591 -6.4996 -3.4851 0 -7.3714 0.2316
3 16 0 -7.3714 0.2316 -1.9591 -6.4996 -3.4851 0 -6.4996 -3.4851
3 16 -1.9591 -6.268 3.8862 -1.9591 -7.3714 0.2316 0 -6.268 3.8862
3 16 0 -6.268 3.8862 -1.9591 -7.3714 0.2316 0 -7.3714 0.2316
3 16 -1.9591 -3.8862 -6.268 -1.9591 -0.2316 -7.3714 0 -3.8862 -6.268
3 16 0 -3.8862 -6.268 -1.9591 -0.2316 -7.3714 0 -0.2316 -7.3714
3 16 -1.9591 3.8862 6.268 -1.9591 0.2316 7.3714 0 3.8862 6.268
3 16 0 3.8862 6.268 -1.9591 0.2316 7.3714 0 0.2316 7.3714
3 16 -17.7276 -2.1074 3.8713 -17.7276 -3.7607 2.299 -19.6069 -2.1074 3.8713
3 16 -19.6069 -2.1074 3.8713 -17.7276 -3.7607 2.299 -19.6069 -3.7607 2.299
3 16 -19.6069 -2.1074 3.8713 -19.6069 0.1106 4.4063 -17.7276 -2.1074 3.8713
3 16 -17.7276 -2.1074 3.8713 -19.6069 0.1106 4.4063 -17.7276 0.1106 4.4063
3 16 -19.6069 0.1106 4.4063 -19.6069 0.1476 5.8775 -17.7276 0.1106 4.4063
3 16 -17.7276 0.1106 4.4063 -19.6069 0.1476 5.8775 -17.7276 0.1476 5.8775
3 16 -17.7276 -3.1097 5.7126 -17.7276 0.1881 6.5555 -19.6069 -3.1097 5.7126
3 16 -19.6069 -3.1097 5.7126 -17.7276 0.1881 6.5555 -19.6069 0.1881 6.5555
3 16 -17.7276 -5.5494 3.3924 -17.7276 -3.1097 5.7126 -19.6069 -5.5494 3.3924
3 16 -19.6069 -5.5494 3.3924 -17.7276 -3.1097 5.7126 -19.6069 -3.1097 5.7126
3 16 -17.7276 -6.5021 0.1633 -17.7276 -5.5494 3.3924 -19.6069 -6.5021 0.1633
3 16 -19.6069 -6.5021 0.1633 -17.7276 -5.5494 3.3924 -19.6069 -5.5494 3.3924
3 16 -17.7276 -5.7126 -3.1097 -17.7276 -6.5021 0.1633 -19.6069 -5.7126 -3.1097
3 16 -19.6069 -5.7126 -3.1097 -17.7276 -6.5021 0.1633 -19.6069 -6.5021 0.1633
3 16 -17.7276 -3.4003 -5.6078 -17.7276 -5.7126 -3.1097 -19.6069 -3.4003 -5.6078
3 16 -19.6069 -3.4003 -5.6078 -17.7276 -5.7126 -3.1097 -19.6069 -5.7126 -3.1097
3 16 -19.6069 -3.0665 -5.0163 -19.6069 -2.299 -3.7607 -17.7276 -3.0665 -5.0163
3 16 -17.7276 -3.0665 -5.0163 -19.6069 -2.299 -3.7607 -17.7276 -2.299 -3.7607
3 16 -19.6069 -2.299 -3.7607 -19.6069 -3.8713 -2.1074 -17.7276 -2.299 -3.7607
3 16 -17.7276 -2.299 -3.7607 -19.6069 -3.8713 -2.1074 -17.7276 -3.8713 -2.1074
3 16 -17.7276 -4.4063 0.1106 -17.7276 -3.8713 -2.1074 -19.6069 -4.4063 0.1106
3 16 -19.6069 -4.4063 0.1106 -17.7276 -3.8713 -2.1074 -19.6069 -3.8713 -2.1074
3 16 -17.7276 -3.7607 2.299 -17.7276 -4.4063 0.1106 -19.6069 -3.7607 2.299
3 16 -19.6069 -3.7607 2.299 -17.7276 -4.4063 0.1106 -19.6069 -4.4063 0.1106
3 16 -17.7276 4.4063 -0.1106 -17.7276 3.8713 2.1074 -19.6069 4.4063 -0.1106
3 16 -19.6069 4.4063 -0.1106 -17.7276 3.8713 2.1074 -19.6069 3.8713 2.1074
3 16 -17.7276 3.7607 -2.299 -17.7276 4.4063 -0.1106 -19.6069 3.7607 -2.299
3 16 -19.6069 3.7607 -2.299 -17.7276 4.4063 -0.1106 -19.6069 4.4063 -0.1106
3 16 -17.7276 2.1074 -3.8713 -17.7276 3.7607 -2.299 -19.6069 2.1074 -3.8713
3 16 -19.6069 2.1074 -3.8713 -17.7276 3.7607 -2.299 -19.6069 3.7607 -2.299
3 16 -19.6069 2.1074 -3.8713 -19.6069 -0.1106 -4.4063 -17.7276 2.1074 -3.8713
3 16 -17.7276 2.1074 -3.8713 -19.6069 -0.1106 -4.4063 -17.7276 -0.1106 -4.4063
3 16 -19.6069 -0.1106 -4.4063 -19.6069 -0.1476 -5.8775 -17.7276 -0.1106 -4.4063
3 16 -17.7276 -0.1106 -4.4063 -19.6069 -0.1476 -5.8775 -17.7276 -0.1476 -5.8775
3 16 -17.7276 3.1097 -5.7126 -17.7276 -0.187 -6.5552 -19.6069 3.1097 -5.7126
3 16 -19.6069 3.1097 -5.7126 -17.7276 -0.187 -6.5552 -19.6069 -0.187 -6.5552
3 16 -17.7276 5.5494 -3.3924 -17.7276 3.1097 -5.7126 -19.6069 5.5494 -3.3924
3 16 -19.6069 5.5494 -3.3924 -17.7276 3.1097 -5.7126 -19.6069 3.1097 -5.7126
3 16 -19.6069 5.5494 -3.3924 -19.6069 6.5021 -0.1633 -17.7276 5.5494 -3.3924
3 16 -17.7276 5.5494 -3.3924 -19.6069 6.5021 -0.1633 -17.7276 6.5021 -0.1633
3 16 -19.6069 6.5021 -0.1633 -19.6069 5.7126 3.1097 -17.7276 6.5021 -0.1633
3 16 -17.7276 6.5021 -0.1633 -19.6069 5.7126 3.1097 -17.7276 5.7126 3.1097
3 16 -17.7276 3.403 5.605 -17.7276 5.7126 3.1097 -19.6069 3.403 5.605
3 16 -19.6069 3.403 5.605 -17.7276 5.7126 3.1097 -19.6069 5.7126 3.1097
3 16 -19.6069 3.0665 5.0163 -19.6069 2.299 3.7607 -17.7276 3.0665 5.0163
3 16 -17.7276 3.0665 5.0163 -19.6069 2.299 3.7607 -17.7276 2.299 3.7607
3 16 -19.6069 2.299 3.7607 -19.6069 3.8713 2.1074 -17.7276 2.299 3.7607
3 16 -17.7276 2.299 3.7607 -19.6069 3.8713 2.1074 -17.7276 3.8713 2.1074
3 16 -17.7276 -2.8109 5.1638 -17.7276 0.1476 5.8775 -17.7276 -3.1097 5.7126
3 16 -17.7276 -3.1097 5.7126 -17.7276 0.1476 5.8775 -17.7276 0.1881 6.5555
3 16 -17.7276 0.1476 5.8775 -19.6069 0.1476 5.8775 -17.7276 0.1881 6.5555
3 16 -17.7276 0.1881 6.5555 -19.6069 0.1476 5.8775 -19.6069 0.1881 6.5555
3 16 -19.6069 -2.8109 5.1638 -19.6069 -3.1097 5.7126 -19.6069 0.1476 5.8775
3 16 -19.6069 0.1476 5.8775 -19.6069 -3.1097 5.7126 -19.6069 0.1881 6.5555
3 16 -17.7276 -5.0163 3.0665 -17.7276 -2.8109 5.1638 -17.7276 -5.5494 3.3924
3 16 -17.7276 -5.5494 3.3924 -17.7276 -2.8109 5.1638 -17.7276 -3.1097 5.7126
3 16 -19.6069 -2.8109 5.1638 -19.6069 -5.0163 3.0665 -19.6069 -3.1097 5.7126
3 16 -19.6069 -3.1097 5.7126 -19.6069 -5.0163 3.0665 -19.6069 -5.5494 3.3924
3 16 -17.7276 -5.8775 0.1476 -17.7276 -5.0163 3.0665 -17.7276 -6.5021 0.1633
3 16 -17.7276 -6.5021 0.1633 -17.7276 -5.0163 3.0665 -17.7276 -5.5494 3.3924
3 16 -19.6069 -5.0163 3.0665 -19.6069 -5.8775 0.1476 -19.6069 -5.5494 3.3924
3 16 -19.6069 -5.5494 3.3924 -19.6069 -5.8775 0.1476 -19.6069 -6.5021 0.1633
3 16 -17.7276 -5.1638 -2.8109 -17.7276 -5.8775 0.1476 -17.7276 -5.7126 -3.1097
3 16 -17.7276 -5.7126 -3.1097 -17.7276 -5.8775 0.1476 -17.7276 -6.5021 0.1633
3 16 -19.6069 -5.8775 0.1476 -19.6069 -5.1638 -2.8109 -19.6069 -6.5021 0.1633
3 16 -19.6069 -6.5021 0.1633 -19.6069 -5.1638 -2.8109 -19.6069 -5.7126 -3.1097
3 16 -17.7276 -5.1638 -2.8109 -17.7276 -5.7126 -3.1097 -17.7276 -3.0665 -5.0163
3 16 -17.7276 -3.0665 -5.0163 -17.7276 -5.7126 -3.1097 -17.7276 -3.4003 -5.6078
3 16 -19.6069 -5.1638 -2.8109 -19.6069 -3.0665 -5.0163 -19.6069 -5.7126 -3.1097
3 16 -19.6069 -5.7126 -3.1097 -19.6069 -3.0665 -5.0163 -19.6069 -3.4003 -5.6078
3 16 -19.6069 -3.0665 -5.0163 -17.7276 -3.0665 -5.0163 -19.6069 -3.4003 -5.6078
3 16 -19.6069 -3.4003 -5.6078 -17.7276 -3.0665 -5.0163 -17.7276 -3.4003 -5.6078
3 16 -17.7276 2.8109 -5.1638 -17.7276 -0.1476 -5.8775 -17.7276 3.1097 -5.7126
3 16 -17.7276 3.1097 -5.7126 -17.7276 -0.1476 -5.8775 -17.7276 -0.187 -6.5552
3 16 -17.7276 -0.1476 -5.8775 -19.6069 -0.1476 -5.8775 -17.7276 -0.187 -6.5552
3 16 -17.7276 -0.187 -6.5552 -19.6069 -0.1476 -5.8775 -19.6069 -0.187 -6.5552
3 16 -19.6069 2.8109 -5.1638 -19.6069 3.1097 -5.7126 -19.6069 -0.1476 -5.8775
3 16 -19.6069 -0.1476 -5.8775 -19.6069 3.1097 -5.7126 -19.6069 -0.187 -6.5552
3 16 -17.7276 5.0163 -3.0665 -17.7276 2.8109 -5.1638 -17.7276 5.5494 -3.3924
3 16 -17.7276 5.5494 -3.3924 -17.7276 2.8109 -5.1638 -17.7276 3.1097 -5.7126
3 16 -19.6069 2.8109 -5.1638 -19.6069 5.0163 -3.0665 -19.6069 3.1097 -5.7126
3 16 -19.6069 3.1097 -5.7126 -19.6069 5.0163 -3.0665 -19.6069 5.5494 -3.3924
3 16 -19.6069 5.0163 -3.0665 -19.6069 5.8775 -0.1476 -19.6069 5.5494 -3.3924
3 16 -19.6069 5.5494 -3.3924 -19.6069 5.8775 -0.1476 -19.6069 6.5021 -0.1633
3 16 -17.7276 5.8775 -0.1476 -17.7276 5.0163 -3.0665 -17.7276 6.5021 -0.1633
3 16 -17.7276 6.5021 -0.1633 -17.7276 5.0163 -3.0665 -17.7276 5.5494 -3.3924
3 16 -19.6069 5.8775 -0.1476 -19.6069 5.1638 2.8109 -19.6069 6.5021 -0.1633
3 16 -19.6069 6.5021 -0.1633 -19.6069 5.1638 2.8109 -19.6069 5.7126 3.1097
3 16 -17.7276 5.1638 2.8109 -17.7276 5.8775 -0.1476 -17.7276 5.7126 3.1097
3 16 -17.7276 5.7126 3.1097 -17.7276 5.8775 -0.1476 -17.7276 6.5021 -0.1633
3 16 -17.7276 5.1638 2.8109 -17.7276 5.7126 3.1097 -17.7276 3.0665 5.0163
3 16 -17.7276 3.0665 5.0163 -17.7276 5.7126 3.1097 -17.7276 3.403 5.605
3 16 -19.6069 5.1638 2.8109 -19.6069 3.0665 5.0163 -19.6069 5.7126 3.1097
3 16 -19.6069 5.7126 3.1097 -19.6069 3.0665 5.0163 -19.6069 3.403 5.605
3 16 -19.6069 3.0665 5.0163 -17.7276 3.0665 5.0163 -19.6069 3.403 5.605
3 16 -19.6069 3.403 5.605 -17.7276 3.0665 5.0163 -17.7276 3.403 5.605
3 16 7.0072 18.8643 -1.3415 4.0214 13.5292 -0.6647 6.3289 18.8298 2.0155
3 16 6.3289 18.8298 2.0155 4.0214 13.5292 -0.6647 3.3321 13.3385 2.5034
3 16 6.5741 18.9575 5.3467 3.2687 12.8013 5.7455 7.305 19.0172 8.3504
3 16 7.305 19.0172 8.3504 3.2687 12.8013 5.7455 3.9525 12.3399 9.7142
3 16 3.2687 12.8013 5.7455 6.5741 18.9575 5.3467 3.3321 13.3385 2.5034
3 16 3.3321 13.3385 2.5034 6.5741 18.9575 5.3467 6.3289 18.8298 2.0155
3 16 5.2791 11.5422 14.1608 8.5564 18.8167 11.34 3.9525 12.3399 9.7142
3 16 3.9525 12.3399 9.7142 8.5564 18.8167 11.34 7.305 19.0172 8.3504
3 16 10.3039 17.4525 -2.7393 7.4482 12.1172 -2.1188 7.0072 18.8643 -1.3415
3 16 7.0072 18.8643 -1.3415 7.4482 12.1172 -2.1188 4.0214 13.5292 -0.6647
3 16 17.3327 14.7916 -2.3587 19.0693 14.1878 0.2364 14.6219 9.3245 -2.1356
3 16 14.6219 9.3245 -2.1356 19.0693 14.1878 0.2364 16.5274 8.1066 0.5435
3 16 19.3653 13.9534 3.7911 18.7068 14.1564 7.2286 16.9146 7.7855 4.059
3 16 16.9146 7.7855 4.059 18.7068 14.1564 7.2286 15.6791 7.7294 8.5324
3 16 19.0693 14.1878 0.2364 19.3653 13.9534 3.7911 16.5274 8.1066 0.5435
3 16 16.5274 8.1066 0.5435 19.3653 13.9534 3.7911 16.9146 7.7855 4.059
3 16 18.7068 14.1564 7.2286 17.0336 14.8326 10.4036 15.6791 7.7294 8.5324
3 16 15.6791 7.7294 8.5324 17.0336 14.8326 10.4036 14.09 8.0559 12.0994
3 16 11.4537 17.6758 11.8323 8.5564 18.8167 11.34 8.4229 10.7029 13.9428
3 16 8.4229 10.7029 13.9428 8.5564 18.8167 11.34 5.2791 11.5422 14.1608
3 16 17.3327 14.7916 -2.3587 14.6219 9.3245 -2.1356 13.7541 16.1206 -3.0516
3 16 13.7541 16.1206 -3.0516 14.6219 9.3245 -2.1356 11.0176 10.7252 -2.4402
3 16 13.7541 16.1206 -3.0516 11.0176 10.7252 -2.4402 10.3039 17.4525 -2.7393
3 16 10.3039 17.4525 -2.7393 11.0176 10.7252 -2.4402 7.4482 12.1172 -2.1188
3 16 17.0336 14.8326 10.4036 14.1971 16.3863 11.5724 14.09 8.0559 12.0994
3 16 14.09 8.0559 12.0994 14.1971 16.3863 11.5724 11.1473 9.5471 13.4308
3 16 14.1971 16.3863 11.5724 11.4537 17.6758 11.8323 11.1473 9.5471 13.4308
3 16 11.1473 9.5471 13.4308 11.4537 17.6758 11.8323 8.4229 10.7029 13.9428
3 16 11.5771 -0.3803 5.026 12.7154 1.8397 6.0817 9.4 -0.854 8.7238
3 16 9.4 -0.854 8.7238 12.7154 1.8397 6.0817 10.5507 1.3972 9.6966
3 16 6.5628 -7.0225 3.5546 6.2056 -7.683 0.7788 8.0493 -5.5714 1.3648
3 16 8.0493 -5.5714 1.3648 6.2056 -7.683 0.7788 7.2211 -6.4144 0.1428
3 16 10.1882 2.8057 -6.6337 11.5238 4.6116 -5.4346 12.0496 1.3759 -2.9646
3 16 12.0496 1.3759 -2.9646 11.5238 4.6116 -5.4346 13.2783 3.1727 -2.0071
3 16 7.3044 -5.2139 -3.598 6.0991 -5.9406 -5.1 8.2983 -3.8269 -3.942
3 16 8.2983 -3.8269 -3.942 6.0991 -5.9406 -5.1 6.7331 -3.8341 -6.8358
3 16 8.2983 -3.8269 -3.942 8.7622 -4.3972 -1.0903 7.3044 -5.2139 -3.598
3 16 7.3044 -5.2139 -3.598 8.7622 -4.3972 -1.0903 7.2932 -5.9814 -1.7292
3 16 12.6413 0.4775 1.1934 13.7976 2.3775 2.0885 11.5771 -0.3803 5.026
3 16 11.5771 -0.3803 5.026 13.7976 2.3775 2.0885 12.7154 1.8397 6.0817
3 16 12.0496 1.3759 -2.9646 13.2783 3.1727 -2.0071 12.6413 0.4775 1.1934
3 16 12.6413 0.4775 1.1934 13.2783 3.1727 -2.0071 13.7976 2.3775 2.0885
3 16 3.6845 -3.6351 -8.0602 6.7331 -3.8341 -6.8358 3.338 -6.4546 -6.1833
3 16 3.338 -6.4546 -6.1833 6.7331 -3.8341 -6.8358 6.0991 -5.9406 -5.1
3 16 7.3548 -5.1198 5.9157 3.887 -5.6423 6.8754 6.5628 -7.0225 3.5546
3 16 6.5628 -7.0225 3.5546 3.887 -5.6423 6.8754 3.515 -7.8512 4.2262
3 16 5.4704 5.0741 -7.4857 8.4467 6.3714 -6.096 10.1882 2.8057 -6.6337
3 16 10.1882 2.8057 -6.6337 8.4467 6.3714 -6.096 11.5238 4.6116 -5.4346
3 16 5.4704 5.0741 -7.4857 3.7422 8.2083 -5.3739 8.4467 6.3714 -6.096
3 16 10.5507 1.3972 9.6966 6.0398 2.2264 10.9914 9.4 -0.854 8.7238
3 16 9.4 -0.854 8.7238 6.0398 2.2264 10.9914 5.1085 -0.7104 9.6412
3 16 3.2687 12.8013 5.7455 3.3321 13.3385 2.5034 1.8841 10.7159 4.9836
3 16 1.8841 10.7159 4.9836 3.3321 13.3385 2.5034 1.8919 11.4958 1.6494
3 16 3.9525 12.3399 9.7142 3.2687 12.8013 5.7455 2.3093 9.3261 8.6767
3 16 2.3093 9.3261 8.6767 3.2687 12.8013 5.7455 1.8841 10.7159 4.9836
3 16 5.2791 11.5422 14.1608 3.9525 12.3399 9.7142 2.7092 7.1485 13.0645
3 16 2.7092 7.1485 13.0645 3.9525 12.3399 9.7142 2.3093 9.3261 8.6767
3 16 8.4229 10.7029 13.9428 5.2791 11.5422 14.1608 7.7646 5.9128 12.5616
3 16 7.7646 5.9128 12.5616 5.2791 11.5422 14.1608 2.7092 7.1485 13.0645
3 16 11.1473 9.5471 13.4308 8.4229 10.7029 13.9428 7.7646 5.9128 12.5616
3 16 7.7646 5.9128 12.5616 12.1689 4.5308 10.9209 11.1473 9.5471 13.4308
3 16 11.1473 9.5471 13.4308 12.1689 4.5308 10.9209 14.09 8.0559 12.0994
3 16 14.09 8.0559 12.0994 12.1689 4.5308 10.9209 15.6791 7.7294 8.5324
3 16 15.6791 7.7294 8.5324 12.1689 4.5308 10.9209 14.074 4.3828 7.2214
3 16 15.6791 7.7294 8.5324 14.074 4.3828 7.2214 16.9146 7.7855 4.059
3 16 16.9146 7.7855 4.059 14.074 4.3828 7.2214 15.1946 4.6955 3.0951
3 16 16.9146 7.7855 4.059 15.1946 4.6955 3.0951 16.5274 8.1066 0.5435
3 16 16.5274 8.1066 0.5435 15.1946 4.6955 3.0951 14.5446 5.2611 -0.8881
3 16 16.5274 8.1066 0.5435 14.5446 5.2611 -0.8881 14.6219 9.3245 -2.1356
3 16 14.6219 9.3245 -2.1356 14.5446 5.2611 -0.8881 12.9456 6.5447 -4.0979
3 16 14.6219 9.3245 -2.1356 12.9456 6.5447 -4.0979 11.0176 10.7252 -2.4402
3 16 11.0176 10.7252 -2.4402 12.9456 6.5447 -4.0979 9.6706 8.1293 -4.5857
3 16 11.0176 10.7252 -2.4402 9.6706 8.1293 -4.5857 7.4482 12.1172 -2.1188
3 16 7.4482 12.1172 -2.1188 9.6706 8.1293 -4.5857 4.6569 10.0869 -3.7335
3 16 7.4482 12.1172 -2.1188 4.6569 10.0869 -3.7335 4.0214 13.5292 -0.6647
3 16 4.0214 13.5292 -0.6647 4.6569 10.0869 -3.7335 2.3024 11.3557 -2.0986
3 16 3.3321 13.3385 2.5034 4.0214 13.5292 -0.6647 1.8919 11.4958 1.6494
3 16 1.8919 11.4958 1.6494 4.0214 13.5292 -0.6647 2.3024 11.3557 -2.0986
3 16 12.1689 4.5308 10.9209 7.7646 5.9128 12.5616 10.5507 1.3972 9.6966
3 16 10.5507 1.3972 9.6966 7.7646 5.9128 12.5616 6.0398 2.2264 10.9914
3 16 12.7154 1.8397 6.0817 14.074 4.3828 7.2214 10.5507 1.3972 9.6966
3 16 10.5507 1.3972 9.6966 14.074 4.3828 7.2214 12.1689 4.5308 10.9209
3 16 13.7976 2.3775 2.0885 15.1946 4.6955 3.0951 12.7154 1.8397 6.0817
3 16 12.7154 1.8397 6.0817 15.1946 4.6955 3.0951 14.074 4.3828 7.2214
3 16 13.2783 3.1727 -2.0071 14.5446 5.2611 -0.8881 13.7976 2.3775 2.0885
3 16 13.7976 2.3775 2.0885 14.5446 5.2611 -0.8881 15.1946 4.6955 3.0951
3 16 11.5238 4.6116 -5.4346 12.9456 6.5447 -4.0979 13.2783 3.1727 -2.0071
3 16 13.2783 3.1727 -2.0071 12.9456 6.5447 -4.0979 14.5446 5.2611 -0.8881
3 16 8.4467 6.3714 -6.096 9.6706 8.1293 -4.5857 11.5238 4.6116 -5.4346
3 16 11.5238 4.6116 -5.4346 9.6706 8.1293 -4.5857 12.9456 6.5447 -4.0979
3 16 3.7422 8.2083 -5.3739 4.6569 10.0869 -3.7335 8.4467 6.3714 -6.096
3 16 8.4467 6.3714 -6.096 4.6569 10.0869 -3.7335 9.6706 8.1293 -4.5857
3 16 7.6782 9.7157 9.6953 9.1696 8.3244 7.3666 6.6558 9.8023 8.4944
3 16 9.0754 9.2562 10.2723 9.1696 8.3244 7.3666 7.6782 9.7157 9.6953
3 16 10.4727 8.5469 10.0704 9.1696 8.3244 7.3666 9.0754 9.2562 10.2723
3 16 11.4953 7.7782 9.1439 9.1696 8.3244 7.3666 10.4727 8.5469 10.0704
3 16 11.8696 7.1558 7.7416 9.1696 8.3244 7.3666 11.4953 7.7782 9.1439
3 16 11.4955 6.8463 6.2389 9.1696 8.3244 7.3666 11.8696 7.1558 7.7416
3 16 10.473 6.9326 5.0381 9.1696 8.3244 7.3666 11.4955 6.8463 6.2389
3 16 9.0757 7.392 4.4611 9.1696 8.3244 7.3666 10.473 6.9326 5.0381
3 16 7.6785 8.1014 4.663 9.1696 8.3244 7.3666 9.0757 7.392 4.4611
3 16 6.6559 8.8704 5.5894 9.1696 8.3244 7.3666 7.6785 8.1014 4.663
3 16 6.2818 9.4929 6.9917 9.1696 8.3244 7.3666 6.6559 8.8704 5.5894
3 16 6.6558 9.8023 8.4944 9.1696 8.3244 7.3666 6.2818 9.4929 6.9917
3 16 13.0927 23.4271 -3.7145 14.8267 23.5945 -0.3081 16.2048 21.9071 -3.9021
3 16 16.2048 21.9071 -3.9021 14.8267 23.5945 -0.3081 16.2206 22.8786 -0.5057
3 16 19.6193 20.6828 -2.9163 16.2048 21.9071 -3.9021 17.6077 22.3966 0.0752
3 16 17.6077 22.3966 0.0752 16.2048 21.9071 -3.9021 16.2206 22.8786 -0.5057
3 16 18.6159 22.2776 1.2786 21.265 20.6719 -0.3509 17.6077 22.3966 0.0752
3 16 17.6077 22.3966 0.0752 21.265 20.6719 -0.3509 19.6193 20.6828 -2.9163
3 16 18.9754 22.553 2.7819 22.1446 21.1939 2.8737 18.6159 22.2776 1.2786
3 16 18.6159 22.2776 1.2786 22.1446 21.1939 2.8737 21.265 20.6719 -0.3509
3 16 18.5902 23.149 4.1825 21.7852 22.2012 5.814 18.9754 22.553 2.7819
3 16 18.9754 22.553 2.7819 21.7852 22.2012 5.814 22.1446 21.1939 2.8737
3 16 18.5902 23.149 4.1825 20.5429 23.3971 7.893 21.7852 22.2012 5.814
3 16 18.5902 23.149 4.1825 17.5631 23.9063 5.1055 20.5429 23.3971 7.893
3 16 20.5429 23.3971 7.893 17.5631 23.9063 5.1055 17.8778 24.9103 8.7792
3 16 15.3502 26.1452 8.933 17.8778 24.9103 8.7792 16.169 24.622 5.3031
3 16 16.169 24.622 5.3031 17.8778 24.9103 8.7792 17.5631 23.9063 5.1055
3 16 12.7138 27.2328 8.4224 15.3502 26.1452 8.933 14.782 25.1042 4.7221
3 16 14.782 25.1042 4.7221 15.3502 26.1452 8.933 16.169 24.622 5.3031
3 16 14.782 25.1042 4.7221 11.44 27.1521 6.1476 12.7138 27.2328 8.4224
3 16 10.6509 26.8148 3.7772 11.44 27.1521 6.1476 13.774 25.2235 3.5186
3 16 13.774 25.2235 3.5186 11.44 27.1521 6.1476 14.782 25.1042 4.7221
3 16 10.1044 26.146 0.6794 10.6509 26.8148 3.7772 13.4145 24.9482 2.0153
3 16 13.4145 24.9482 2.0153 10.6509 26.8148 3.7772 13.774 25.2235 3.5186
3 16 10.1612 25.22 -2.3296 10.1044 26.146 0.6794 13.7997 24.352 0.6148
3 16 13.7997 24.352 0.6148 10.1044 26.146 0.6794 13.4145 24.9482 2.0153
3 16 10.1612 25.22 -2.3296 13.7997 24.352 0.6148 13.0927 23.4271 -3.7145
3 16 13.0927 23.4271 -3.7145 13.7997 24.352 0.6148 14.8267 23.5945 -0.3081
3 16 10.6509 26.8148 3.7772 6.5741 18.9575 5.3467 11.44 27.1521 6.1476
3 16 11.44 27.1521 6.1476 6.5741 18.9575 5.3467 7.305 19.0172 8.3504
3 16 11.44 27.1521 6.1476 7.305 19.0172 8.3504 12.7138 27.2328 8.4224
3 16 12.7138 27.2328 8.4224 7.305 19.0172 8.3504 8.5564 18.8167 11.34
3 16 10.1612 25.22 -2.3296 7.0072 18.8643 -1.3415 10.1044 26.146 0.6794
3 16 10.1044 26.146 0.6794 7.0072 18.8643 -1.3415 6.3289 18.8298 2.0155
3 16 10.1044 26.146 0.6794 6.3289 18.8298 2.0155 10.6509 26.8148 3.7772
3 16 10.6509 26.8148 3.7772 6.3289 18.8298 2.0155 6.5741 18.9575 5.3467
3 16 15.3502 26.1452 8.933 12.7138 27.2328 8.4224 11.4537 17.6758 11.8323
3 16 11.4537 17.6758 11.8323 12.7138 27.2328 8.4224 8.5564 18.8167 11.34
3 16 15.3502 26.1452 8.933 11.4537 17.6758 11.8323 17.8778 24.9103 8.7792
3 16 17.8778 24.9103 8.7792 11.4537 17.6758 11.8323 14.1971 16.3863 11.5724
3 16 21.265 20.6719 -0.3509 22.1446 21.1939 2.8737 19.0693 14.1878 0.2364
3 16 19.0693 14.1878 0.2364 22.1446 21.1939 2.8737 19.3653 13.9534 3.7911
3 16 22.1446 21.1939 2.8737 21.7852 22.2012 5.814 19.3653 13.9534 3.7911
3 16 19.3653 13.9534 3.7911 21.7852 22.2012 5.814 18.7068 14.1564 7.2286
3 16 19.6193 20.6828 -2.9163 17.3327 14.7916 -2.3587 16.2048 21.9071 -3.9021
3 16 16.2048 21.9071 -3.9021 17.3327 14.7916 -2.3587 13.7541 16.1206 -3.0516
3 16 21.265 20.6719 -0.3509 19.0693 14.1878 0.2364 19.6193 20.6828 -2.9163
3 16 19.6193 20.6828 -2.9163 19.0693 14.1878 0.2364 17.3327 14.7916 -2.3587
3 16 21.7852 22.2012 5.814 20.5429 23.3971 7.893 18.7068 14.1564 7.2286
3 16 18.7068 14.1564 7.2286 20.5429 23.3971 7.893 17.0336 14.8326 10.4036
3 16 13.0927 23.4271 -3.7145 10.3039 17.4525 -2.7393 10.1612 25.22 -2.3296
3 16 10.1612 25.22 -2.3296 10.3039 17.4525 -2.7393 7.0072 18.8643 -1.3415
3 16 16.2048 21.9071 -3.9021 13.7541 16.1206 -3.0516 13.0927 23.4271 -3.7145
3 16 13.0927 23.4271 -3.7145 13.7541 16.1206 -3.0516 10.3039 17.4525 -2.7393
3 16 17.8778 24.9103 8.7792 14.1971 16.3863 11.5724 20.5429 23.3971 7.893
3 16 20.5429 23.3971 7.893 14.1971 16.3863 11.5724 17.0336 14.8326 10.4036
3 16 13.4145 24.9482 2.0153 13.774 25.2235 3.5186 6.2818 9.4929 6.9917
3 16 6.2818 9.4929 6.9917 13.774 25.2235 3.5186 6.6558 9.8023 8.4944
3 16 7.6782 9.7157 9.6953 6.6558 9.8023 8.4944 14.782 25.1042 4.7221
3 16 14.782 25.1042 4.7221 6.6558 9.8023 8.4944 13.774 25.2235 3.5186
3 16 9.0754 9.2562 10.2723 7.6782 9.7157 9.6953 16.169 24.622 5.3031
3 16 16.169 24.622 5.3031 7.6782 9.7157 9.6953 14.782 25.1042 4.7221
3 16 10.4727 8.5469 10.0704 9.0754 9.2562 10.2723 17.5631 23.9063 5.1055
3 16 17.5631 23.9063 5.1055 9.0754 9.2562 10.2723 16.169 24.622 5.3031
3 16 10.4727 8.5469 10.0704 17.5631 23.9063 5.1055 11.4953 7.7782 9.1439
3 16 11.4953 7.7782 9.1439 17.5631 23.9063 5.1055 18.5902 23.149 4.1825
3 16 11.4953 7.7782 9.1439 18.5902 23.149 4.1825 11.8696 7.1558 7.7416
3 16 11.8696 7.1558 7.7416 18.5902 23.149 4.1825 18.9754 22.553 2.7819
3 16 11.8696 7.1558 7.7416 18.9754 22.553 2.7819 11.4955 6.8463 6.2389
3 16 11.4955 6.8463 6.2389 18.9754 22.553 2.7819 18.6159 22.2776 1.2786
3 16 11.4955 6.8463 6.2389 18.6159 22.2776 1.2786 10.473 6.9326 5.0381
3 16 10.473 6.9326 5.0381 18.6159 22.2776 1.2786 17.6077 22.3966 0.0752
3 16 10.473 6.9326 5.0381 17.6077 22.3966 0.0752 9.0757 7.392 4.4611
3 16 9.0757 7.392 4.4611 17.6077 22.3966 0.0752 16.2206 22.8786 -0.5057
3 16 7.6785 8.1014 4.663 9.0757 7.392 4.4611 14.8267 23.5945 -0.3081
3 16 14.8267 23.5945 -0.3081 9.0757 7.392 4.4611 16.2206 22.8786 -0.5057
3 16 6.6559 8.8704 5.5894 7.6785 8.1014 4.663 13.7997 24.352 0.6148
3 16 13.7997 24.352 0.6148 7.6785 8.1014 4.663 14.8267 23.5945 -0.3081
3 16 6.2818 9.4929 6.9917 6.6559 8.8704 5.5894 13.4145 24.9482 2.0153
3 16 13.4145 24.9482 2.0153 6.6559 8.8704 5.5894 13.7997 24.352 0.6148
3 16 5.8527 -7.5542 -2.2946 3.2058 -8.5579 -2.7002 6.0991 -5.9406 -5.1
3 16 6.0991 -5.9406 -5.1 3.2058 -8.5579 -2.7002 3.338 -6.4546 -6.1833
3 16 3.2058 -8.5579 -2.7002 5.8527 -7.5542 -2.2946 3.321 -8.8628 0.9353
3 16 3.321 -8.8628 0.9353 5.8527 -7.5542 -2.2946 6.2056 -7.683 0.7788
3 16 7.2932 -5.9814 -1.7292 8.7622 -4.3972 -1.0903 7.2211 -6.4144 0.1428
3 16 7.2211 -6.4144 0.1428 8.7622 -4.3972 -1.0903 8.0493 -5.5714 1.3648
3 16 3.321 -8.8628 0.9353 6.2056 -7.683 0.7788 3.515 -7.8512 4.2262
3 16 3.515 -7.8512 4.2262 6.2056 -7.683 0.7788 6.5628 -7.0225 3.5546
3 16 7.8045 -1.037 -7.7553 9.6022 -2.0235 -4.0091 6.7331 -3.8341 -6.8358
3 16 6.7331 -3.8341 -6.8358 9.6022 -2.0235 -4.0091 8.2983 -3.8269 -3.942
3 16 3.6845 -3.6351 -8.0602 4.2828 -0.2046 -8.9482 6.7331 -3.8341 -6.8358
3 16 6.7331 -3.8341 -6.8358 4.2828 -0.2046 -8.9482 7.8045 -1.037 -7.7553
3 16 8.0493 -5.5714 1.3648 9.2447 -4.1614 2.8091 6.5628 -7.0225 3.5546
3 16 6.5628 -7.0225 3.5546 9.2447 -4.1614 2.8091 7.3548 -5.1198 5.9157
3 16 8.7622 -4.3972 -1.0903 9.9953 -3.089 -0.4778 8.0493 -5.5714 1.3648
3 16 8.0493 -5.5714 1.3648 9.9953 -3.089 -0.4778 9.2447 -4.1614 2.8091
3 16 8.2983 -3.8269 -3.942 9.6022 -2.0235 -4.0091 8.7622 -4.3972 -1.0903
3 16 8.7622 -4.3972 -1.0903 9.6022 -2.0235 -4.0091 9.9953 -3.089 -0.4778
3 16 7.2932 -5.9814 -1.7292 5.8527 -7.5542 -2.2946 7.3044 -5.2139 -3.598
3 16 7.3044 -5.2139 -3.598 5.8527 -7.5542 -2.2946 6.0991 -5.9406 -5.1
3 16 7.2932 -5.9814 -1.7292 7.2211 -6.4144 0.1428 5.8527 -7.5542 -2.2946
3 16 5.8527 -7.5542 -2.2946 7.2211 -6.4144 0.1428 6.2056 -7.683 0.7788
3 16 4.2828 -0.2046 -8.9482 4.8222 2.2745 -8.6956 7.8045 -1.037 -7.7553
3 16 7.8045 -1.037 -7.7553 4.8222 2.2745 -8.6956 9.0004 1.0615 -7.3987
3 16 7.8045 -1.037 -7.7553 9.0004 1.0615 -7.3987 9.6022 -2.0235 -4.0091
3 16 9.6022 -2.0235 -4.0091 9.0004 1.0615 -7.3987 10.8302 -0.3276 -3.6402
3 16 9.6022 -2.0235 -4.0091 10.8302 -0.3276 -3.6402 9.9953 -3.089 -0.4778
3 16 9.9953 -3.089 -0.4778 10.8302 -0.3276 -3.6402 11.3199 -1.4485 0.2952
3 16 9.9953 -3.089 -0.4778 11.3199 -1.4485 0.2952 9.2447 -4.1614 2.8091
3 16 9.2447 -4.1614 2.8091 11.3199 -1.4485 0.2952 10.3695 -2.3948 4.0053
3 16 9.2447 -4.1614 2.8091 10.3695 -2.3948 4.0053 7.3548 -5.1198 5.9157
3 16 7.3548 -5.1198 5.9157 10.3695 -2.3948 4.0053 8.3559 -2.9553 7.5618
3 16 8.3559 -2.9553 7.5618 4.4802 -3.1976 8.4065 7.3548 -5.1198 5.9157
3 16 7.3548 -5.1198 5.9157 4.4802 -3.1976 8.4065 3.887 -5.6423 6.8754
3 16 4.8222 2.2745 -8.6956 5.4704 5.0741 -7.4857 9.0004 1.0615 -7.3987
3 16 9.0004 1.0615 -7.3987 5.4704 5.0741 -7.4857 10.1882 2.8057 -6.6337
3 16 9.0004 1.0615 -7.3987 10.1882 2.8057 -6.6337 10.8302 -0.3276 -3.6402
3 16 10.8302 -0.3276 -3.6402 10.1882 2.8057 -6.6337 12.0496 1.3759 -2.9646
3 16 10.8302 -0.3276 -3.6402 12.0496 1.3759 -2.9646 11.3199 -1.4485 0.2952
3 16 11.3199 -1.4485 0.2952 12.0496 1.3759 -2.9646 12.6413 0.4775 1.1934
3 16 11.3199 -1.4485 0.2952 12.6413 0.4775 1.1934 10.3695 -2.3948 4.0053
3 16 10.3695 -2.3948 4.0053 12.6413 0.4775 1.1934 11.5771 -0.3803 5.026
3 16 10.3695 -2.3948 4.0053 11.5771 -0.3803 5.026 8.3559 -2.9553 7.5618
3 16 8.3559 -2.9553 7.5618 11.5771 -0.3803 5.026 9.4 -0.854 8.7238
3 16 4.4802 -3.1976 8.4065 8.3559 -2.9553 7.5618 5.1085 -0.7104 9.6412
3 16 5.1085 -0.7104 9.6412 8.3559 -2.9553 7.5618 9.4 -0.854 8.7238
3 16 1.8919 11.4958 1.6494 2.3024 11.3557 -2.0986 0 9.6154 0.7593
3 16 0 9.6154 0.7593 2.3024 11.3557 -2.0986 0 9.1157 -3.9446
3 16 0 9.6154 0.7593 0 9.1157 -3.9446 0 0.0691 0.0233
3 16 3.6845 -3.6351 -8.0602 0 -3.266 -8.8338 4.2828 -0.2046 -8.9482
3 16 4.2828 -0.2046 -8.9482 0 -3.266 -8.8338 0 0.5094 -9.4141
3 16 0 0.5094 -9.4141 0 -3.266 -8.8338 0 0.0691 0.0233
3 16 3.2058 -8.5579 -2.7002 3.321 -8.8628 0.9353 0 -9.0821 -2.7848
3 16 0 -9.0821 -2.7848 3.321 -8.8628 0.9353 0 -9.2925 1.195
3 16 0 -9.0821 -2.7848 0 -9.2925 1.195 0 0.0691 0.0233
3 16 3.887 -5.6423 6.8754 4.4802 -3.1976 8.4065 0 -5.7083 7.4932
3 16 0 -5.7083 7.4932 4.4802 -3.1976 8.4065 0 -2.9623 9.196
3 16 0 -5.7083 7.4932 0 -2.9623 9.196 0 0.0691 0.0233
3 16 7.7646 5.9128 12.5616 2.7092 7.1485 13.0645 6.0398 2.2264 10.9914
3 16 6.0398 2.2264 10.9914 2.7092 7.1485 13.0645 0 2.078 10.6939
3 16 2.3024 11.3557 -2.0986 4.6569 10.0869 -3.7335 0 9.1157 -3.9446
3 16 0 9.1157 -3.9446 4.6569 10.0869 -3.7335 3.7422 8.2083 -5.3739
3 16 0 0.0691 0.0233 0 9.1157 -3.9446 0 6.767 -6.4284
3 16 0 9.6154 0.7593 0 0.0691 0.0233 0 8.536 4.2326
3 16 0 0.0691 0.0233 0 6.302 7.5472 0 8.536 4.2326
3 16 0 0.0691 0.0233 0 2.078 10.6939 0 6.302 7.5472
3 16 0 0.0691 0.0233 0 -3.266 -8.8338 0 -6.8115 -6.718
3 16 0 0.0691 0.0233 0 -9.2925 1.195 0 -8.1627 4.6594
3 16 0 0.0691 0.0233 0 -2.9623 9.196 0 -0.4647 9.9375
3 16 0 0.0691 0.0233 0 -0.4647 9.9375 0 2.078 10.6939
3 16 0 -9.0821 -2.7848 0 0.0691 0.0233 0 -6.8115 -6.718
3 16 0 -5.7083 7.4932 0 0.0691 0.0233 0 -8.1627 4.6594
3 16 0 0.5094 -9.4141 0 0.0691 0.0233 0 3.5508 -8.7435
3 16 0 0.0691 0.0233 0 6.767 -6.4284 0 3.5508 -8.7435
3 16 1.8841 10.7159 4.9836 1.8919 11.4958 1.6494 0 8.536 4.2326
3 16 0 8.536 4.2326 1.8919 11.4958 1.6494 0 9.6154 0.7593
3 16 0 9.1157 -3.9446 3.7422 8.2083 -5.3739 0 6.767 -6.4284
3 16 0 6.767 -6.4284 3.7422 8.2083 -5.3739 5.4704 5.0741 -7.4857
3 16 1.8841 10.7159 4.9836 0 8.536 4.2326 2.3093 9.3261 8.6767
3 16 2.3093 9.3261 8.6767 0 8.536 4.2326 0 6.302 7.5472
3 16 0 2.078 10.6939 2.7092 7.1485 13.0645 0 6.302 7.5472
3 16 0 6.302 7.5472 2.7092 7.1485 13.0645 2.3093 9.3261 8.6767
3 16 4.2828 -0.2046 -8.9482 0 0.5094 -9.4141 4.8222 2.2745 -8.6956
3 16 4.8222 2.2745 -8.6956 0 0.5094 -9.4141 0 3.5508 -8.7435
3 16 3.338 -6.4546 -6.1833 0 -6.8115 -6.718 3.6845 -3.6351 -8.0602
3 16 3.6845 -3.6351 -8.0602 0 -6.8115 -6.718 0 -3.266 -8.8338
3 16 3.338 -6.4546 -6.1833 3.2058 -8.5579 -2.7002 0 -6.8115 -6.718
3 16 0 -6.8115 -6.718 3.2058 -8.5579 -2.7002 0 -9.0821 -2.7848
3 16 3.321 -8.8628 0.9353 3.515 -7.8512 4.2262 0 -9.2925 1.195
3 16 0 -9.2925 1.195 3.515 -7.8512 4.2262 0 -8.1627 4.6594
3 16 4.8222 2.2745 -8.6956 0 3.5508 -8.7435 5.4704 5.0741 -7.4857
3 16 5.4704 5.0741 -7.4857 0 3.5508 -8.7435 0 6.767 -6.4284
3 16 3.515 -7.8512 4.2262 3.887 -5.6423 6.8754 0 -8.1627 4.6594
3 16 0 -8.1627 4.6594 3.887 -5.6423 6.8754 0 -5.7083 7.4932
3 16 5.1085 -0.7104 9.6412 0 -0.4647 9.9375 4.4802 -3.1976 8.4065
3 16 4.4802 -3.1976 8.4065 0 -0.4647 9.9375 0 -2.9623 9.196
3 16 6.0398 2.2264 10.9914 0 2.078 10.6939 5.1085 -0.7104 9.6412
3 16 5.1085 -0.7104 9.6412 0 2.078 10.6939 0 -0.4647 9.9375
2 24 -17.7276 -5.0163 3.0665 -17.7276 -2.8109 5.1638
2 24 -17.7276 5.1638 2.8109 -17.7276 3.0665 5.0163
2 24 -11.1915 3.0665 5.0163 -17.7276 3.0665 5.0163
2 24 -17.7276 5.1638 2.8109 -17.7276 5.8775 -0.1476
2 24 -17.7276 5.8775 -0.1476 -17.7276 5.0163 -3.0665
2 24 -17.7276 5.0163 -3.0665 -17.7276 2.8109 -5.1638
2 24 -11.1915 -0.1476 -5.8775 -17.7276 -0.1476 -5.8775
2 24 -17.7276 2.8109 -5.1638 -17.7276 -0.1476 -5.8775
2 24 -17.7276 -5.1638 -2.8109 -17.7276 -5.8775 0.1476
2 24 -17.7276 -5.0163 3.0665 -17.7276 -5.8775 0.1476
2 24 -19.6069 -3.7607 2.299 -19.6069 -2.1074 3.8713
2 24 -19.6069 0.1476 5.8775 -19.6069 0.1106 4.4063
2 24 -19.6069 -2.1074 3.8713 -19.6069 0.1106 4.4063
2 24 -19.6069 3.0665 5.0163 -19.6069 2.299 3.7607
2 24 -19.6069 2.299 3.7607 -19.6069 3.8713 2.1074
2 24 -19.6069 3.8713 2.1074 -19.6069 4.4063 -0.1106
2 24 -19.6069 4.4063 -0.1106 -19.6069 3.7607 -2.299
2 24 -19.6069 3.7607 -2.299 -19.6069 2.1074 -3.8713
2 24 -19.6069 -0.1476 -5.8775 -19.6069 -0.1106 -4.4063
2 24 -19.6069 2.1074 -3.8713 -19.6069 -0.1106 -4.4063
2 24 -19.6069 -3.0665 -5.0163 -19.6069 -2.299 -3.7607
2 24 -19.6069 -2.299 -3.7607 -19.6069 -3.8713 -2.1074
2 24 -19.6069 -3.8713 -2.1074 -19.6069 -4.4063 0.1106
2 24 -19.6069 -3.7607 2.299 -19.6069 -4.4063 0.1106
2 24 -1.9782 -3.7607 2.299 -1.9782 -2.1074 3.8713
2 24 -1.9782 -2.1074 3.8713 -1.9782 0.1106 4.4063
2 24 -1.9782 0.1106 4.4063 -1.9782 1.2048 4.0835
2 24 -1.9782 2.299 3.7607 -1.9782 3.8713 2.1074
2 24 -1.9782 3.8713 2.1074 -1.9782 4.4063 -0.1106
2 24 -1.9782 4.4063 -0.1106 -1.9782 3.7607 -2.299
2 24 -1.9782 3.7607 -2.299 -1.9782 2.1074 -3.8713
2 24 -1.9782 2.1074 -3.8713 -1.9782 -0.1106 -4.4063
2 24 -1.9782 -0.1106 -4.4063 -1.9782 -1.2048 -4.0835
2 24 -1.9782 -2.299 -3.7607 -1.9782 -3.8713 -2.1074
2 24 -1.9782 -3.8713 -2.1074 -1.9782 -4.4063 0.1106
2 24 -1.9782 -3.7607 2.299 -1.9782 -4.4063 0.1106
2 24 -1.9596 -5.0149 3.067 -1.9596 -2.8106 5.164
2 24 -1.9596 -2.8106 5.164 -1.9596 0.1468 5.8772
2 24 -1.9596 1.6508 5.5991 -1.9596 3.0649 5.0157
2 24 -1.9596 3.0649 5.0157 -1.9596 5.1617 2.8102
2 24 -1.9596 5.1617 2.8102 -1.9596 5.8754 -0.1483
2 24 -1.9596 5.8754 -0.1483 -1.9596 5.0149 -3.067
2 24 -1.9596 5.0149 -3.067 -1.9596 2.8106 -5.164
2 24 -1.9596 2.8106 -5.164 -1.9596 -0.1468 -5.8772
2 24 -1.9596 -1.6508 -5.5991 -1.9596 -3.0649 -5.0157
2 24 -1.9596 -3.0649 -5.0157 -1.9596 -5.1617 -2.8102
2 24 -1.9596 -5.1617 -2.8102 -1.9596 -5.8754 0.1483
2 24 -1.9596 -5.0149 3.067 -1.9596 -5.8754 0.1483
2 24 -11.1969 0.1106 4.4063 -10.2201 0.3713 4.2893
2 24 -11.1969 2.299 3.7607 -10.2201 2.0166 3.8039
2 24 -11.1969 -0.1106 -4.4063 -10.2201 -0.3713 -4.2893
2 24 -17.7276 0.1106 4.4063 -11.1969 0.1106 4.4063
2 24 -17.7276 0.1476 5.8775 -11.1717 0.1476 5.8775
2 24 -17.7276 2.299 3.7607 -11.1969 2.299 3.7607
2 24 -17.7276 3.0665 5.0163 -11.1915 3.0665 5.0163
2 24 -17.7276 -0.1106 -4.4063 -11.1969 -0.1106 -4.4063
2 24 -17.7276 -0.1476 -5.8775 -11.1915 -0.1476 -5.8775
2 24 -17.7276 -2.299 -3.7607 -11.1969 -2.299 -3.7607
2 24 -17.7276 -3.0665 -5.0163 -11.1717 -3.0665 -5.0163
2 24 -11.1915 -0.1476 -5.8775 -10.2201 -0.5909 -5.7066
2 24 -10.2201 -0.5909 -5.7066 -10.2201 -0.3713 -4.2893
2 24 -11.1969 -0.1106 -4.4063 -10.2201 -0.3713 -4.2893
2 24 -11.1717 0.1476 5.8775 -10.2201 0.5909 5.7066
2 24 -10.2201 0.5909 5.7066 -10.2201 0.3713 4.2893
2 24 -11.1969 0.1106 4.4063 -10.2201 0.3713 4.2893
2 24 -9.7849 -1.6521 -5.5995 -10.2201 -2.6015 -5.1133
2 24 -9.7849 -1.6521 -5.5995 -9.7849 -1.2048 -4.0835
2 24 -10.2201 -2.6015 -5.1133 -10.2201 -2.0166 -3.8039
2 24 -9.7849 -1.2048 -4.0835 -10.2201 -2.0166 -3.8039
2 24 -9.7849 1.6521 5.5995 -10.2201 2.6015 5.1133
2 24 -9.7849 1.6521 5.5995 -9.7849 1.2048 4.0835
2 24 -10.2201 2.6015 5.1133 -10.2201 2.0166 3.8039
2 24 -9.7849 1.2048 4.0835 -10.2201 2.0166 3.8039
2 24 -10.2201 0.3713 4.2893 -9.7849 1.2048 4.0835
2 24 -10.2201 0.5909 5.7066 -9.7849 1.6521 5.5995
2 24 -11.1969 2.299 3.7607 -10.2201 2.0166 3.8039
2 24 -11.1915 3.0665 5.0163 -10.2201 2.6015 5.1133
2 24 -10.2201 -0.3713 -4.2893 -9.7849 -1.2048 -4.0835
2 24 -10.2201 -0.5909 -5.7066 -9.7849 -1.6521 -5.5995
2 24 -11.1969 -2.299 -3.7607 -10.2201 -2.0166 -3.8039
2 24 -11.1717 -3.0665 -5.0163 -10.2201 -2.6015 -5.1133
2 24 -11.1717 0.1476 5.8775 -17.7276 0.1476 5.8775
2 24 -17.7276 -2.8109 5.1638 -17.7276 0.1476 5.8775
2 24 -17.7276 -5.1638 -2.8109 -17.7276 -3.0665 -5.0163
2 24 -11.1717 -3.0665 -5.0163 -17.7276 -3.0665 -5.0163
2 24 -11.1717 -3.0665 -5.0163 -10.2201 -2.6015 -5.1133
2 24 -10.2201 -2.6015 -5.1133 -9.7849 -1.6521 -5.5995
2 24 -11.1915 3.0665 5.0163 -10.2201 2.6015 5.1133
2 24 -10.2201 2.6015 5.1133 -9.7849 1.6521 5.5995
2 24 -9.7849 -1.6521 -5.5995 -10.2201 -0.5909 -5.7066
2 24 -1.9596 -0.1468 -5.8772 -1.9596 -1.6508 -5.5991
2 24 -9.7849 1.6521 5.5995 -10.2201 0.5909 5.7066
2 24 -1.9596 0.1468 5.8772 -1.9596 1.6508 5.5991
2 24 -11.1969 2.299 3.7607 -17.7276 2.299 3.7607
2 24 -11.1969 -0.1106 -4.4063 -17.7276 -0.1106 -4.4063
2 24 -17.7276 -2.299 -3.7607 -11.1969 -2.299 -3.7607
2 24 -11.1969 0.1106 4.4063 -17.7276 0.1106 4.4063
2 24 -10.2201 0.3713 4.2893 -9.7849 1.2048 4.0835
2 24 -10.2201 2.0166 3.8039 -9.7849 1.2048 4.0835
2 24 -1.9782 1.2048 4.0835 -1.9782 2.299 3.7607
2 24 -11.1969 -2.299 -3.7607 -10.2201 -2.0166 -3.8039
2 24 -10.2201 -0.3713 -4.2893 -9.7849 -1.2048 -4.0835
2 24 -10.2201 -2.0166 -3.8039 -9.7849 -1.2048 -4.0835
2 24 -1.9782 -1.2048 -4.0835 -1.9782 -2.299 -3.7607
2 24 -11.1915 -0.1476 -5.8775 -10.2201 -0.5909 -5.7066
2 24 -11.1717 0.1476 5.8775 -10.2201 0.5909 5.7066
2 24 -1.9596 -5.0149 3.067 -1.9596 -2.8106 5.164
2 24 -1.9591 -6.268 3.8862 -1.9591 -3.4851 6.4996
2 24 -1.9596 -2.8106 5.164 -1.9596 0.1468 5.8772
2 24 -1.9591 -3.4851 6.4996 -1.9591 0.2316 7.3714
2 24 -1.9596 0.1468 5.8772 -1.9596 1.6508 5.5991
2 24 -1.9596 3.0649 5.0157 -1.9596 5.1617 2.8102
2 24 -1.9591 3.8862 6.268 -1.9591 6.4996 3.4851
2 24 -1.9596 5.1617 2.8102 -1.9596 5.8754 -0.1483
2 24 -1.9591 6.4996 3.4851 -1.9591 7.3714 -0.2316
2 24 -1.9596 5.8754 -0.1483 -1.9596 5.0149 -3.067
2 24 -1.9591 7.3714 -0.2316 -1.9591 6.268 -3.8862
2 24 -1.9596 5.0149 -3.067 -1.9596 2.8106 -5.164
2 24 -1.9591 6.268 -3.8862 -1.9591 3.4851 -6.4996
2 24 -1.9596 2.8106 -5.164 -1.9596 -0.1468 -5.8772
2 24 -1.9591 3.4851 -6.4996 -1.9591 -0.2316 -7.3714
2 24 -1.9596 -0.1468 -5.8772 -1.9596 -1.6508 -5.5991
2 24 -1.9596 -3.0649 -5.0157 -1.9596 -5.1617 -2.8102
2 24 -1.9591 -3.8862 -6.268 -1.9591 -6.4996 -3.4851
2 24 -1.9596 -5.1617 -2.8102 -1.9596 -5.8754 0.1483
2 24 -1.9591 -6.4996 -3.4851 -1.9591 -7.3714 0.2316
2 24 -1.9596 -5.0149 3.067 -1.9596 -5.8754 0.1483
2 24 -1.9591 -6.268 3.8862 -1.9591 -7.3714 0.2316
2 24 -1.9596 -1.6508 -5.5991 -1.9596 -3.0649 -5.0157
2 24 -1.9591 -0.2316 -7.3714 -1.9591 -3.8862 -6.268
2 24 -1.9596 1.6508 5.5991 -1.9596 3.0649 5.0157
2 24 -1.9591 0.2316 7.3714 -1.9591 3.8862 6.268
2 24 -1.9591 -3.4851 6.4996 -1.9591 -6.268 3.8862
2 24 0 -3.4851 6.4996 0 -6.268 3.8862
2 24 -1.9591 -3.4851 6.4996 -1.9591 0.2316 7.3714
2 24 0 -3.4851 6.4996 0 0.2316 7.3714
2 24 -1.9591 6.4996 3.4851 -1.9591 3.8862 6.268
2 24 0 6.4996 3.4851 0 3.8862 6.268
2 24 -1.9591 6.4996 3.4851 -1.9591 7.3714 -0.2316
2 24 0 6.4996 3.4851 0 7.3714 -0.2316
2 24 -1.9591 7.3714 -0.2316 -1.9591 6.268 -3.8862
2 24 0 7.3714 -0.2316 0 6.268 -3.8862
2 24 -1.9591 6.268 -3.8862 -1.9591 3.4851 -6.4996
2 24 0 6.268 -3.8862 0 3.4851 -6.4996
2 24 -1.9591 3.4851 -6.4996 -1.9591 -0.2316 -7.3714
2 24 0 3.4851 -6.4996 0 -0.2316 -7.3714
2 24 -1.9591 -6.4996 -3.4851 -1.9591 -3.8862 -6.268
2 24 0 -6.4996 -3.4851 0 -3.8862 -6.268
2 24 -1.9591 -6.4996 -3.4851 -1.9591 -7.3714 0.2316
2 24 0 -6.4996 -3.4851 0 -7.3714 0.2316
2 24 -1.9591 -6.268 3.8862 -1.9591 -7.3714 0.2316
2 24 0 -6.268 3.8862 0 -7.3714 0.2316
2 24 -1.9591 -0.2316 -7.3714 -1.9591 -3.8862 -6.268
2 24 0 -0.2316 -7.3714 0 -3.8862 -6.268
2 24 -1.9591 0.2316 7.3714 -1.9591 3.8862 6.268
2 24 0 0.2316 7.3714 0 3.8862 6.268
2 24 -19.6069 -2.1074 3.8713 -19.6069 -3.7607 2.299
2 24 -19.6069 -2.1074 3.8713 -19.6069 0.1106 4.4063
2 24 -17.7276 0.1106 4.4063 -19.6069 0.1106 4.4063
2 24 -19.6069 0.1106 4.4063 -19.6069 0.1476 5.8775
2 24 -17.7276 0.1106 4.4063 -19.6069 0.1106 4.4063
2 24 -17.7276 -3.1097 5.7126 -17.7276 0.1881 6.5555
2 24 -17.7276 0.1881 6.5555 -19.6069 0.1881 6.5555
2 24 -19.6069 -3.1097 5.7126 -19.6069 0.1881 6.5555
2 24 -17.7276 -3.1097 5.7126 -17.7276 -5.5494 3.3924
2 24 -19.6069 -3.1097 5.7126 -19.6069 -5.5494 3.3924
2 24 -17.7276 -5.5494 3.3924 -17.7276 -6.5021 0.1633
2 24 -19.6069 -5.5494 3.3924 -19.6069 -6.5021 0.1633
2 24 -17.7276 -6.5021 0.1633 -17.7276 -5.7126 -3.1097
2 24 -19.6069 -6.5021 0.1633 -19.6069 -5.7126 -3.1097
2 24 -17.7276 -5.7126 -3.1097 -17.7276 -3.4003 -5.6078
2 24 -17.7276 -3.4003 -5.6078 -19.6069 -3.4003 -5.6078
2 24 -19.6069 -5.7126 -3.1097 -19.6069 -3.4003 -5.6078
2 24 -19.6069 -3.0665 -5.0163 -19.6069 -2.299 -3.7607
2 24 -17.7276 -2.299 -3.7607 -19.6069 -2.299 -3.7607
2 24 -19.6069 -2.299 -3.7607 -19.6069 -3.8713 -2.1074
2 24 -17.7276 -2.299 -3.7607 -19.6069 -2.299 -3.7607
2 24 -19.6069 -3.8713 -2.1074 -19.6069 -4.4063 0.1106
2 24 -19.6069 -3.7607 2.299 -19.6069 -4.4063 0.1106
2 24 -19.6069 4.4063 -0.1106 -19.6069 3.8713 2.1074
2 24 -19.6069 4.4063 -0.1106 -19.6069 3.7607 -2.299
2 24 -19.6069 3.7607 -2.299 -19.6069 2.1074 -3.8713
2 24 -19.6069 2.1074 -3.8713 -19.6069 -0.1106 -4.4063
2 24 -17.7276 -0.1106 -4.4063 -19.6069 -0.1106 -4.4063
2 24 -19.6069 -0.1106 -4.4063 -19.6069 -0.1476 -5.8775
2 24 -17.7276 -0.1106 -4.4063 -19.6069 -0.1106 -4.4063
2 24 -17.7276 3.1097 -5.7126 -17.7276 -0.187 -6.5552
2 24 -17.7276 -0.187 -6.5552 -19.6069 -0.187 -6.5552
2 24 -19.6069 3.1097 -5.7126 -19.6069 -0.187 -6.5552
2 24 -17.7276 3.1097 -5.7126 -17.7276 5.5494 -3.3924
2 24 -19.6069 3.1097 -5.7126 -19.6069 5.5494 -3.3924
2 24 -19.6069 5.5494 -3.3924 -19.6069 6.5021 -0.1633
2 24 -17.7276 5.5494 -3.3924 -17.7276 6.5021 -0.1633
2 24 -19.6069 6.5021 -0.1633 -19.6069 5.7126 3.1097
2 24 -17.7276 6.5021 -0.1633 -17.7276 5.7126 3.1097
2 24 -17.7276 5.7126 3.1097 -17.7276 3.403 5.605
2 24 -17.7276 3.403 5.605 -19.6069 3.403 5.605
2 24 -19.6069 5.7126 3.1097 -19.6069 3.403 5.605
2 24 -19.6069 3.0665 5.0163 -19.6069 2.299 3.7607
2 24 -17.7276 2.299 3.7607 -19.6069 2.299 3.7607
2 24 -19.6069 3.8713 2.1074 -19.6069 2.299 3.7607
2 24 -17.7276 2.299 3.7607 -19.6069 2.299 3.7607
2 24 -17.7276 -2.8109 5.1638 -17.7276 0.1476 5.8775
2 24 -17.7276 0.1476 5.8775 -17.7276 0.1881 6.5555
2 24 -17.7276 -3.1097 5.7126 -17.7276 0.1881 6.5555
2 24 -17.7276 0.1476 5.8775 -17.7276 0.1881 6.5555
2 24 -19.6069 0.1476 5.8775 -19.6069 0.1881 6.5555
2 24 -17.7276 0.1881 6.5555 -19.6069 0.1881 6.5555
2 24 -19.6069 -3.1097 5.7126 -19.6069 0.1881 6.5555
2 24 -19.6069 0.1476 5.8775 -19.6069 0.1881 6.5555
2 24 -17.7276 -2.8109 5.1638 -17.7276 -5.0163 3.0665
2 24 -17.7276 -3.1097 5.7126 -17.7276 -5.5494 3.3924
2 24 -19.6069 -3.1097 5.7126 -19.6069 -5.5494 3.3924
2 24 -17.7276 -5.0163 3.0665 -17.7276 -5.8775 0.1476
2 24 -17.7276 -5.5494 3.3924 -17.7276 -6.5021 0.1633
2 24 -19.6069 -5.5494 3.3924 -19.6069 -6.5021 0.1633
2 24 -17.7276 -5.8775 0.1476 -17.7276 -5.1638 -2.8109
2 24 -17.7276 -6.5021 0.1633 -17.7276 -5.7126 -3.1097
2 24 -19.6069 -6.5021 0.1633 -19.6069 -5.7126 -3.1097
2 24 -17.7276 -5.1638 -2.8109 -17.7276 -3.0665 -5.0163
2 24 -17.7276 -5.7126 -3.1097 -17.7276 -3.4003 -5.6078
2 24 -17.7276 -3.0665 -5.0163 -17.7276 -3.4003 -5.6078
2 24 -19.6069 -3.0665 -5.0163 -19.6069 -3.4003 -5.6078
2 24 -19.6069 -5.7126 -3.1097 -19.6069 -3.4003 -5.6078
2 24 -19.6069 -3.0665 -5.0163 -19.6069 -3.4003 -5.6078
2 24 -17.7276 -3.0665 -5.0163 -17.7276 -3.4003 -5.6078
2 24 -19.6069 -3.4003 -5.6078 -17.7276 -3.4003 -5.6078
2 24 -17.7276 2.8109 -5.1638 -17.7276 -0.1476 -5.8775
2 24 -17.7276 -0.1476 -5.8775 -17.7276 -0.187 -6.5552
2 24 -17.7276 3.1097 -5.7126 -17.7276 -0.187 -6.5552
2 24 -17.7276 -0.1476 -5.8775 -17.7276 -0.187 -6.5552
2 24 -19.6069 -0.1476 -5.8775 -19.6069 -0.187 -6.5552
2 24 -17.7276 -0.187 -6.5552 -19.6069 -0.187 -6.5552
2 24 -19.6069 3.1097 -5.7126 -19.6069 -0.187 -6.5552
2 24 -19.6069 -0.1476 -5.8775 -19.6069 -0.187 -6.5552
2 24 -17.7276 2.8109 -5.1638 -17.7276 5.0163 -3.0665
2 24 -17.7276 3.1097 -5.7126 -17.7276 5.5494 -3.3924
2 24 -19.6069 3.1097 -5.7126 -19.6069 5.5494 -3.3924
2 24 -19.6069 5.5494 -3.3924 -19.6069 6.5021 -0.1633
2 24 -17.7276 5.0163 -3.0665 -17.7276 5.8775 -0.1476
2 24 -17.7276 5.5494 -3.3924 -17.7276 6.5021 -0.1633
2 24 -19.6069 6.5021 -0.1633 -19.6069 5.7126 3.1097
2 24 -17.7276 5.8775 -0.1476 -17.7276 5.1638 2.8109
2 24 -17.7276 6.5021 -0.1633 -17.7276 5.7126 3.1097
2 24 -17.7276 5.1638 2.8109 -17.7276 3.0665 5.0163
2 24 -17.7276 5.7126 3.1097 -17.7276 3.403 5.605
2 24 -17.7276 3.0665 5.0163 -17.7276 3.403 5.605
2 24 -19.6069 3.0665 5.0163 -19.6069 3.403 5.605
2 24 -19.6069 5.7126 3.1097 -19.6069 3.403 5.605
2 24 -19.6069 3.0665 5.0163 -19.6069 3.403 5.605
2 24 -17.7276 3.0665 5.0163 -17.7276 3.403 5.605
2 24 -19.6069 3.403 5.605 -17.7276 3.403 5.605
2 24 7.0072 18.8643 -1.3415 4.0214 13.5292 -0.6647
2 24 5.2791 11.5422 14.1608 8.5564 18.8167 11.34
2 24 7.4482 12.1172 -2.1188 4.0214 13.5292 -0.6647
2 24 7.0072 18.8643 -1.3415 4.0214 13.5292 -0.6647
2 24 17.3327 14.7916 -2.3587 14.6219 9.3245 -2.1356
2 24 17.0336 14.8326 10.4036 14.09 8.0559 12.0994
2 24 8.5564 18.8167 11.34 5.2791 11.5422 14.1608
2 24 8.4229 10.7029 13.9428 5.2791 11.5422 14.1608
2 24 17.3327 14.7916 -2.3587 14.6219 9.3245 -2.1356
2 24 14.6219 9.3245 -2.1356 11.0176 10.7252 -2.4402
2 24 7.4482 12.1172 -2.1188 11.0176 10.7252 -2.4402
2 24 17.0336 14.8326 10.4036 14.09 8.0559 12.0994
2 24 14.09 8.0559 12.0994 11.1473 9.5471 13.4308
2 24 8.4229 10.7029 13.9428 11.1473 9.5471 13.4308
2 24 9.4 -0.854 8.7238 10.5507 1.3972 9.6966
2 24 6.5628 -7.0225 3.5546 6.2056 -7.683 0.7788
2 24 10.1882 2.8057 -6.6337 11.5238 4.6116 -5.4346
2 24 6.0991 -5.9406 -5.1 6.7331 -3.8341 -6.8358
2 24 6.7331 -3.8341 -6.8358 6.0991 -5.9406 -5.1
2 24 7.3548 -5.1198 5.9157 6.5628 -7.0225 3.5546
2 24 10.1882 2.8057 -6.6337 11.5238 4.6116 -5.4346
2 24 10.5507 1.3972 9.6966 9.4 -0.854 8.7238
2 24 5.2791 11.5422 14.1608 2.7092 7.1485 13.0645
2 24 8.4229 10.7029 13.9428 5.2791 11.5422 14.1608
2 24 5.2791 11.5422 14.1608 2.7092 7.1485 13.0645
2 24 8.4229 10.7029 13.9428 11.1473 9.5471 13.4308
2 24 12.1689 4.5308 10.9209 14.09 8.0559 12.0994
2 24 11.1473 9.5471 13.4308 14.09 8.0559 12.0994
2 24 14.09 8.0559 12.0994 12.1689 4.5308 10.9209
2 24 14.6219 9.3245 -2.1356 12.9456 6.5447 -4.0979
2 24 14.6219 9.3245 -2.1356 12.9456 6.5447 -4.0979
2 24 14.6219 9.3245 -2.1356 11.0176 10.7252 -2.4402
2 24 11.0176 10.7252 -2.4402 7.4482 12.1172 -2.1188
2 24 7.4482 12.1172 -2.1188 4.0214 13.5292 -0.6647
2 24 4.0214 13.5292 -0.6647 2.3024 11.3557 -2.0986
2 24 4.0214 13.5292 -0.6647 2.3024 11.3557 -2.0986
2 24 10.5507 1.3972 9.6966 12.1689 4.5308 10.9209
2 24 10.5507 1.3972 9.6966 12.1689 4.5308 10.9209
2 24 11.5238 4.6116 -5.4346 12.9456 6.5447 -4.0979
2 24 11.5238 4.6116 -5.4346 12.9456 6.5447 -4.0979
2 24 7.6782 9.7157 9.6953 6.6558 9.8023 8.4944
2 24 7.6782 9.7157 9.6953 9.0754 9.2562 10.2723
2 24 9.0754 9.2562 10.2723 10.4727 8.5469 10.0704
2 24 10.4727 8.5469 10.0704 11.4953 7.7782 9.1439
2 24 11.4953 7.7782 9.1439 11.8696 7.1558 7.7416
2 24 11.8696 7.1558 7.7416 11.4955 6.8463 6.2389
2 24 11.4955 6.8463 6.2389 10.473 6.9326 5.0381
2 24 10.473 6.9326 5.0381 9.0757 7.392 4.4611
2 24 9.0757 7.392 4.4611 7.6785 8.1014 4.663
2 24 7.6785 8.1014 4.663 6.6559 8.8704 5.5894
2 24 6.6559 8.8704 5.5894 6.2818 9.4929 6.9917
2 24 6.6558 9.8023 8.4944 6.2818 9.4929 6.9917
2 24 13.0927 23.4271 -3.7145 16.2048 21.9071 -3.9021
2 24 14.8267 23.5945 -0.3081 16.2206 22.8786 -0.5057
2 24 16.2048 21.9071 -3.9021 19.6193 20.6828 -2.9163
2 24 16.2206 22.8786 -0.5057 17.6077 22.3966 0.0752
2 24 17.6077 22.3966 0.0752 18.6159 22.2776 1.2786
2 24 19.6193 20.6828 -2.9163 21.265 20.6719 -0.3509
2 24 18.6159 22.2776 1.2786 18.9754 22.553 2.7819
2 24 21.265 20.6719 -0.3509 22.1446 21.1939 2.8737
2 24 18.9754 22.553 2.7819 18.5902 23.149 4.1825
2 24 22.1446 21.1939 2.8737 21.7852 22.2012 5.814
2 24 21.7852 22.2012 5.814 20.5429 23.3971 7.893
2 24 18.5902 23.149 4.1825 17.5631 23.9063 5.1055
2 24 20.5429 23.3971 7.893 17.8778 24.9103 8.7792
2 24 17.8778 24.9103 8.7792 15.3502 26.1452 8.933
2 24 17.5631 23.9063 5.1055 16.169 24.622 5.3031
2 24 15.3502 26.1452 8.933 12.7138 27.2328 8.4224
2 24 16.169 24.622 5.3031 14.782 25.1042 4.7221
2 24 12.7138 27.2328 8.4224 11.44 27.1521 6.1476
2 24 11.44 27.1521 6.1476 10.6509 26.8148 3.7772
2 24 14.782 25.1042 4.7221 13.774 25.2235 3.5186
2 24 10.6509 26.8148 3.7772 10.1044 26.146 0.6794
2 24 13.774 25.2235 3.5186 13.4145 24.9482 2.0153
2 24 10.1044 26.146 0.6794 10.1612 25.22 -2.3296
2 24 13.4145 24.9482 2.0153 13.7997 24.352 0.6148
2 24 13.0927 23.4271 -3.7145 10.1612 25.22 -2.3296
2 24 14.8267 23.5945 -0.3081 13.7997 24.352 0.6148
2 24 10.6509 26.8148 3.7772 11.44 27.1521 6.1476
2 24 11.44 27.1521 6.1476 12.7138 27.2328 8.4224
2 24 8.5564 18.8167 11.34 12.7138 27.2328 8.4224
2 24 7.0072 18.8643 -1.3415 10.1612 25.22 -2.3296
2 24 10.1612 25.22 -2.3296 10.1044 26.146 0.6794
2 24 10.6509 26.8148 3.7772 10.1044 26.146 0.6794
2 24 15.3502 26.1452 8.933 12.7138 27.2328 8.4224
2 24 8.5564 18.8167 11.34 12.7138 27.2328 8.4224
2 24 15.3502 26.1452 8.933 17.8778 24.9103 8.7792
2 24 21.265 20.6719 -0.3509 22.1446 21.1939 2.8737
2 24 22.1446 21.1939 2.8737 21.7852 22.2012 5.814
2 24 17.3327 14.7916 -2.3587 19.6193 20.6828 -2.9163
2 24 19.6193 20.6828 -2.9163 16.2048 21.9071 -3.9021
2 24 21.265 20.6719 -0.3509 19.6193 20.6828 -2.9163
2 24 17.3327 14.7916 -2.3587 19.6193 20.6828 -2.9163
2 24 21.7852 22.2012 5.814 20.5429 23.3971 7.893
2 24 17.0336 14.8326 10.4036 20.5429 23.3971 7.893
2 24 13.0927 23.4271 -3.7145 10.1612 25.22 -2.3296
2 24 7.0072 18.8643 -1.3415 10.1612 25.22 -2.3296
2 24 16.2048 21.9071 -3.9021 13.0927 23.4271 -3.7145
2 24 17.8778 24.9103 8.7792 20.5429 23.3971 7.893
2 24 17.0336 14.8326 10.4036 20.5429 23.3971 7.893
2 24 13.4145 24.9482 2.0153 13.774 25.2235 3.5186
2 24 13.774 25.2235 3.5186 14.782 25.1042 4.7221
2 24 14.782 25.1042 4.7221 16.169 24.622 5.3031
2 24 16.169 24.622 5.3031 17.5631 23.9063 5.1055
2 24 17.5631 23.9063 5.1055 18.5902 23.149 4.1825
2 24 18.5902 23.149 4.1825 18.9754 22.553 2.7819
2 24 18.9754 22.553 2.7819 18.6159 22.2776 1.2786
2 24 18.6159 22.2776 1.2786 17.6077 22.3966 0.0752
2 24 17.6077 22.3966 0.0752 16.2206 22.8786 -0.5057
2 24 16.2206 22.8786 -0.5057 14.8267 23.5945 -0.3081
2 24 14.8267 23.5945 -0.3081 13.7997 24.352 0.6148
2 24 13.4145 24.9482 2.0153 13.7997 24.352 0.6148
2 24 6.0991 -5.9406 -5.1 5.8527 -7.5542 -2.2946
2 24 5.8527 -7.5542 -2.2946 6.2056 -7.683 0.7788
2 24 6.5628 -7.0225 3.5546 6.2056 -7.683 0.7788
2 24 6.7331 -3.8341 -6.8358 7.8045 -1.037 -7.7553
2 24 6.7331 -3.8341 -6.8358 7.8045 -1.037 -7.7553
2 24 6.5628 -7.0225 3.5546 7.3548 -5.1198 5.9157
2 24 6.0991 -5.9406 -5.1 5.8527 -7.5542 -2.2946
2 24 6.2056 -7.683 0.7788 5.8527 -7.5542 -2.2946
2 24 7.8045 -1.037 -7.7553 9.0004 1.0615 -7.3987
2 24 7.8045 -1.037 -7.7553 9.0004 1.0615 -7.3987
2 24 7.3548 -5.1198 5.9157 8.3559 -2.9553 7.5618
2 24 7.3548 -5.1198 5.9157 8.3559 -2.9553 7.5618
2 24 10.1882 2.8057 -6.6337 9.0004 1.0615 -7.3987
2 24 10.1882 2.8057 -6.6337 9.0004 1.0615 -7.3987
2 24 9.4 -0.854 8.7238 8.3559 -2.9553 7.5618
2 24 9.4 -0.854 8.7238 8.3559 -2.9553 7.5618
2 24 2.3024 11.3557 -2.0986 0 9.1157 -3.9446
2 24 0 9.6154 0.7593 0 9.1157 -3.9446
2 24 0 9.6154 0.7593 0 9.1157 -3.9446
2 24 0 -3.266 -8.8338 0 0.5094 -9.4141
2 24 0 0.5094 -9.4141 0 -3.266 -8.8338
2 24 0 -9.0821 -2.7848 0 -9.2925 1.195
2 24 0 -9.0821 -2.7848 0 -9.2925 1.195
2 24 0 -5.7083 7.4932 0 -2.9623 9.196
2 24 0 -5.7083 7.4932 0 -2.9623 9.196
2 24 2.7092 7.1485 13.0645 0 2.078 10.6939
2 24 2.3024 11.3557 -2.0986 0 9.1157 -3.9446
2 24 0 9.1157 -3.9446 0 6.767 -6.4284
2 24 0 9.6154 0.7593 0 8.536 4.2326
2 24 0 8.536 4.2326 0 6.302 7.5472
2 24 0 6.302 7.5472 0 2.078 10.6939
2 24 0 -3.266 -8.8338 0 -6.8115 -6.718
2 24 0 -9.2925 1.195 0 -8.1627 4.6594
2 24 0 -2.9623 9.196 0 -0.4647 9.9375
2 24 0 2.078 10.6939 0 -0.4647 9.9375
2 24 0 -9.0821 -2.7848 0 -6.8115 -6.718
2 24 0 -5.7083 7.4932 0 -8.1627 4.6594
2 24 0 0.5094 -9.4141 0 3.5508 -8.7435
2 24 0 6.767 -6.4284 0 3.5508 -8.7435
2 24 0 9.6154 0.7593 0 8.536 4.2326
2 24 0 9.1157 -3.9446 0 6.767 -6.4284
2 24 0 8.536 4.2326 0 6.302 7.5472
2 24 2.7092 7.1485 13.0645 0 2.078 10.6939
2 24 0 6.302 7.5472 0 2.078 10.6939
2 24 0 0.5094 -9.4141 0 3.5508 -8.7435
2 24 0 -3.266 -8.8338 0 -6.8115 -6.718
2 24 0 -9.0821 -2.7848 0 -6.8115 -6.718
2 24 0 -9.2925 1.195 0 -8.1627 4.6594
2 24 0 6.767 -6.4284 0 3.5508 -8.7435
2 24 0 -5.7083 7.4932 0 -8.1627 4.6594
2 24 0 -2.9623 9.196 0 -0.4647 9.9375
2 24 0 2.078 10.6939 0 -0.4647 9.9375
0 STEP
