0 Slope, Curved 1 x 4
0 Name: bl_5849.dat
0 Author: 
0 BL_Item_No 5849
0 BFC CERTIFY CCW
3 16 -10 0 -10 10 0 -10 -10 -3.4737 -10
3 16 -10 -3.4737 -10 10 0 -10 10 -3.4737 -10
3 16 -10 -23.4817 5.6636 10 -23.4817 5.6636 -10 -24 10
3 16 -10 -24 10 10 -23.4817 5.6636 10 -24 10
3 16 -10 -24 10 10 -24 10 -10 0 10
3 16 -10 0 10 10 -24 10 10 0 10
3 16 -10 -13.4871 -7.6314 10 -13.4745 -7.6037 -10 -17.9605 -4.2865
3 16 -10 -17.9605 -4.2865 10 -13.4745 -7.6037 10 -17.9605 -4.2865
3 16 -10 -8.5825 -9.423 10 -8.5867 -9.446 -10 -13.4871 -7.6314
3 16 -10 -13.4871 -7.6314 10 -8.5867 -9.446 10 -13.4745 -7.6037
3 16 -10 -21.4756 0.315 10 -21.4756 0.315 -10 -23.4817 5.6636
3 16 -10 -23.4817 5.6636 10 -21.4756 0.315 10 -23.4817 5.6636
3 16 -10 -17.9605 -4.2865 10 -17.9605 -4.2865 -10 -21.4756 0.315
3 16 -10 -21.4756 0.315 10 -17.9605 -4.2865 10 -21.4756 0.315
3 16 -10 -3.4737 -10 10 -3.4737 -10 -10 -8.5825 -9.423
3 16 -10 -8.5825 -9.423 10 -3.4737 -10 10 -8.5867 -9.446
3 16 -10 0 10 -10 -23.4817 5.6636 -10 -24 10
3 16 -10 0 10 -10 -21.4756 0.315 -10 -23.4817 5.6636
3 16 -10 0 10 -10 -17.9605 -4.2865 -10 -21.4756 0.315
3 16 -10 0 10 -10 -13.4871 -7.6314 -10 -17.9605 -4.2865
3 16 -10 0 10 -10 -8.5825 -9.423 -10 -13.4871 -7.6314
3 16 -10 0 10 -10 -3.4737 -10 -10 -8.5825 -9.423
3 16 -10 0 10 -10 0 -10 -10 -3.4737 -10
3 16 10 0 10 10 -24 10 30 0 10
3 16 30 0 10 10 -24 10 30 -24 10
3 16 10 -24 10 10 -23.4817 5.6636 30 -24 10
3 16 30 -24 10 10 -23.4817 5.6636 30 -23.4817 5.6636
3 16 10 -23.4817 5.6636 10 -21.4756 0.315 30 -23.4817 5.6636
3 16 30 -23.4817 5.6636 10 -21.4756 0.315 30 -21.4756 0.315
3 16 10 -21.4756 0.315 10 -17.9605 -4.2865 30 -21.4756 0.315
3 16 30 -21.4756 0.315 10 -17.9605 -4.2865 30 -17.9605 -4.2865
3 16 10 -17.9605 -4.2865 10 -13.4745 -7.6037 30 -17.9605 -4.2865
3 16 30 -17.9605 -4.2865 10 -13.4745 -7.6037 30 -13.4745 -7.6037
3 16 10 -13.4745 -7.6037 10 -8.5867 -9.446 30 -13.4745 -7.6037
3 16 30 -13.4745 -7.6037 10 -8.5867 -9.446 30 -8.5867 -9.446
3 16 10 -8.5867 -9.446 10 -3.4737 -10 30 -8.5867 -9.446
3 16 30 -8.5867 -9.446 10 -3.4737 -10 30 -3.4737 -10
3 16 10 -3.4737 -10 10 0 -10 30 -3.4737 -10
3 16 30 -3.4737 -10 10 0 -10 30 0 -10
3 16 70 0 -10 70 -3.4737 -10 50 0 -10
3 16 50 0 -10 70 -3.4737 -10 50 -3.4737 -10
3 16 70 -23.4817 5.6636 70 -24 10 50 -23.4817 5.6636
3 16 50 -23.4817 5.6636 70 -24 10 50 -24 10
3 16 70 -24 10 70 0 10 50 -24 10
3 16 50 -24 10 70 0 10 50 0 10
3 16 70 -13.4871 -7.6314 70 -17.9605 -4.2865 50 -13.4745 -7.6037
3 16 50 -13.4745 -7.6037 70 -17.9605 -4.2865 50 -17.9605 -4.2865
3 16 70 -8.5825 -9.423 70 -13.4871 -7.6314 50 -8.5867 -9.446
3 16 50 -8.5867 -9.446 70 -13.4871 -7.6314 50 -13.4745 -7.6037
3 16 70 -21.4756 0.315 70 -23.4817 5.6636 50 -21.4756 0.315
3 16 50 -21.4756 0.315 70 -23.4817 5.6636 50 -23.4817 5.6636
3 16 70 -17.9605 -4.2865 70 -21.4756 0.315 50 -17.9605 -4.2865
3 16 50 -17.9605 -4.2865 70 -21.4756 0.315 50 -21.4756 0.315
3 16 70 -3.4737 -10 70 -8.5825 -9.423 50 -3.4737 -10
3 16 50 -3.4737 -10 70 -8.5825 -9.423 50 -8.5867 -9.446
3 16 70 0 10 70 -24 10 70 -23.4817 5.6636
3 16 70 0 10 70 -23.4817 5.6636 70 -21.4756 0.315
3 16 70 0 10 70 -21.4756 0.315 70 -17.9605 -4.2865
3 16 70 0 10 70 -17.9605 -4.2865 70 -13.4871 -7.6314
3 16 70 0 10 70 -13.4871 -7.6314 70 -8.5825 -9.423
3 16 70 0 10 70 -8.5825 -9.423 70 -3.4737 -10
3 16 70 0 10 70 -3.4737 -10 70 0 -10
3 16 50 0 10 30 0 10 50 -24 10
3 16 50 -24 10 30 0 10 30 -24 10
3 16 50 -24 10 30 -24 10 50 -23.4817 5.6636
3 16 50 -23.4817 5.6636 30 -24 10 30 -23.4817 5.6636
3 16 50 -23.4817 5.6636 30 -23.4817 5.6636 50 -21.4756 0.315
3 16 50 -21.4756 0.315 30 -23.4817 5.6636 30 -21.4756 0.315
3 16 50 -21.4756 0.315 30 -21.4756 0.315 50 -17.9605 -4.2865
3 16 50 -17.9605 -4.2865 30 -21.4756 0.315 30 -17.9605 -4.2865
3 16 50 -17.9605 -4.2865 30 -17.9605 -4.2865 50 -13.4745 -7.6037
3 16 50 -13.4745 -7.6037 30 -17.9605 -4.2865 30 -13.4745 -7.6037
3 16 50 -13.4745 -7.6037 30 -13.4745 -7.6037 50 -8.5867 -9.446
3 16 50 -8.5867 -9.446 30 -13.4745 -7.6037 30 -8.5867 -9.446
3 16 50 -8.5867 -9.446 30 -8.5867 -9.446 50 -3.4737 -10
3 16 50 -3.4737 -10 30 -8.5867 -9.446 30 -3.4737 -10
3 16 50 -3.4737 -10 30 -3.4737 -10 50 0 -10
3 16 50 0 -10 30 -3.4737 -10 30 0 -10
3 16 28.2596 -5.6249 0.7209 28.2596 -17.4686 0.7209 28.75 -5.625 1.3975
3 16 28.75 -5.625 1.3975 28.2596 -17.4686 0.7209 28.75 -17.7793 1.3975
3 16 28.1162 -5.6249 0 28.1162 -16.9553 0 28.2596 -5.6249 0.7209
3 16 28.2596 -5.6249 0.7209 28.1162 -16.9553 0 28.2596 -17.4686 0.7209
3 16 28.2462 -5.6249 -0.7299 28.2462 -16.4463 -0.7299 28.1162 -5.6249 0
3 16 28.1162 -5.6249 0 28.2462 -16.4463 -0.7299 28.1162 -16.9553 0
3 16 28.7466 -5.6249 -1.3932 28.7466 -15.8867 -1.3932 28.2462 -5.6249 -0.7299
3 16 28.2462 -5.6249 -0.7299 28.7466 -15.8867 -1.3932 28.2462 -16.4463 -0.7299
3 16 10 0 10 3.5 0 6.25 -10 0 10
3 16 -10 0 10 3.5 0 6.25 -6.25 0 6.2275
3 16 10 0 -10 -10 0 -10 3.5 0 -6.25
3 16 3.5 0 -6.25 -10 0 -10 -6.25 0 -6.242
3 16 -6.25 0 -6.242 -10 0 -10 -6.25 0 6.2275
3 16 -6.25 0 6.2275 -10 0 -10 -10 0 10
3 16 30 0 -10 26.5 0 -6.25 30 0 -6.25
3 16 26.5 0 6.25 30 0 10 30 0 6.25
3 16 3.5 0 6.25 10 0 10 6.5 0 6.25
3 16 6.5 0 -6.25 10 0 -10 3.5 0 -6.25
3 16 6.5 0 6.25 10 0 10 13.5 0 6.25
3 16 13.5 0 -6.25 10 0 -10 6.5 0 -6.25
3 16 13.5 0 6.25 10 0 10 16.5 0 6.25
3 16 16.5 0 -6.25 10 0 -10 13.5 0 -6.25
3 16 16.5 0 6.25 10 0 10 23.5 0 6.25
3 16 23.5 0 6.25 10 0 10 30 0 10
3 16 23.5 0 -6.25 30 0 -10 16.5 0 -6.25
3 16 16.5 0 -6.25 30 0 -10 10 0 -10
3 16 23.5 0 6.25 30 0 10 26.5 0 6.25
3 16 26.5 0 -6.25 30 0 -10 23.5 0 -6.25
3 16 16.5 0 6.25 23.5 0 6.25 16.7513 -19.272 6.25
3 16 16.7513 -19.272 6.25 23.5 0 6.25 23.2487 -19.272 6.25
3 16 6.5 0 6.25 13.5 0 6.25 6.7513 -19.272 6.25
3 16 6.7513 -19.272 6.25 13.5 0 6.25 13.2487 -19.272 6.25
3 16 3.5 0 6.25 3.2487 -19.272 6.25 -6.25 0 6.2275
3 16 -6.25 0 6.2275 3.2487 -19.272 6.25 -6.25 -19.272 6.25
3 16 -6.25 0 6.2275 -6.25 -11.5421 -4.6951 -6.25 -6.9339 -6.1125
3 16 -6.25 -11.5421 -4.6951 -6.25 0 6.2275 -6.25 -16.3513 -0.8453
3 16 -6.25 -16.3513 -0.8453 -6.25 0 6.2275 -6.25 -18.5588 3.3577
3 16 -6.25 0 -6.242 -6.25 0 6.2275 -6.25 -6.9339 -6.1125
3 16 -6.25 0 6.2275 -6.25 -19.272 6.25 -6.25 -18.5588 3.3577
3 16 3.5 0 6.25 6.5 0 6.25 3.5 0 5.3212
3 16 3.5 0 5.3212 6.5 0 6.25 6.5 0 5.3212
3 16 3.5 0 5.3212 6.5 0 5.3212 5 0 3.8212
3 16 5 0 3.8212 6.5 0 5.3212 5 -18.6666 3.4807
3 16 5 -18.6666 3.4807 6.5 0 5.3212 6.7486 -19.1144 5.2182
3 16 5 0 3.8212 5 -18.6666 3.4807 3.5 0 5.3212
3 16 3.5 0 5.3212 5 -18.6666 3.4807 3.2515 -19.1144 5.2182
3 16 3.2487 -19.272 6.25 3.5 0 6.25 3.2515 -19.1144 5.2182
3 16 3.2515 -19.1144 5.2182 3.5 0 6.25 3.5 0 5.3212
3 16 6.5 0 5.3212 6.5 0 6.25 6.7486 -19.1144 5.2182
3 16 6.7486 -19.1144 5.2182 6.5 0 6.25 6.7513 -19.272 6.25
3 16 13.5 0 6.25 16.5 0 6.25 13.5111 0 5.3319
3 16 13.5111 0 5.3319 16.5 0 6.25 16.5 0 5.3212
3 16 13.5111 0 5.3319 16.5 0 5.3212 15.0067 0 3.8279
3 16 13.5111 0 5.3319 13.2515 -19.1144 5.2182 13.5 0 6.25
3 16 13.5 0 6.25 13.2515 -19.1144 5.2182 13.2487 -19.272 6.25
3 16 13.2515 -19.1144 5.2182 13.5111 0 5.3319 15 -18.6666 3.4807
3 16 15 -18.6666 3.4807 13.5111 0 5.3319 15.0067 0 3.8279
3 16 15.0067 0 3.8279 16.5 0 5.3212 15 -18.6666 3.4807
3 16 15 -18.6666 3.4807 16.5 0 5.3212 16.7486 -19.1144 5.2182
3 16 16.5 0 5.3212 16.5 0 6.25 16.7486 -19.1144 5.2182
3 16 16.7486 -19.1144 5.2182 16.5 0 6.25 16.7513 -19.272 6.25
3 16 23.2487 -19.272 6.25 23.5 0 6.25 23.2515 -19.1144 5.2182
3 16 23.2515 -19.1144 5.2182 23.5 0 6.25 23.5 0 5.3392
3 16 23.5 0 6.25 26.5 0 6.25 23.5 0 5.3392
3 16 23.5 0 5.3392 26.5 0 6.25 26.5 0 5.3392
3 16 23.5 0 5.3392 26.5 0 5.3392 25 0 3.8212
3 16 25 0 3.8212 25 -18.6666 3.4807 23.5 0 5.3392
3 16 23.5 0 5.3392 25 -18.6666 3.4807 23.2515 -19.1144 5.2182
3 16 25 0 3.8212 26.5 0 5.3392 25 -18.6666 3.4807
3 16 25 -18.6666 3.4807 26.5 0 5.3392 26.7486 -19.1144 5.2182
3 16 26.5 0 6.25 28.7466 -5.6249 6.25 26.7513 -19.272 6.25
3 16 26.7513 -19.272 6.25 28.7466 -5.6249 6.25 28.7466 -19.272 6.25
3 16 26.7513 -19.272 6.25 26.7486 -19.1144 5.2182 26.5 0 6.25
3 16 26.5 0 6.25 26.7486 -19.1144 5.2182 26.5 0 5.3392
3 16 6.5 0 -6.25 3.5 0 -6.25 6.5 0 -5.3212
3 16 6.5 0 -5.3212 3.5 0 -6.25 3.5 0 -5.3212
3 16 6.5 0 -5.3212 3.5 0 -5.3212 5 0 -3.8212
3 16 3.4038 -10.3888 -5.2813 3.5 0 -5.3212 3.3745 -6.2279 -6.1919
3 16 3.3745 -6.2279 -6.1919 3.5 0 -5.3212 3.5 0 -6.25
3 16 5 -13.4707 -3.609 5 0 -3.8212 3.4038 -10.3888 -5.2813
3 16 3.4038 -10.3888 -5.2813 5 0 -3.8212 3.5 0 -5.3212
3 16 5 -13.4707 -3.609 6.5963 -10.3888 -5.2813 5 0 -3.8212
3 16 5 0 -3.8212 6.5963 -10.3888 -5.2813 6.5 0 -5.3212
3 16 6.5963 -10.3888 -5.2813 6.5236 -6.2279 -6.1919 6.5 0 -5.3212
3 16 6.5 0 -5.3212 6.5236 -6.2279 -6.1919 6.5 0 -6.25
3 16 16.5 0 -6.25 13.5 0 -6.25 16.5 0 -5.3212
3 16 16.5 0 -5.3212 13.5 0 -6.25 13.5 0 -5.3212
3 16 16.5 0 -5.3212 13.5 0 -5.3212 15 0 -3.8212
3 16 13.4038 -10.3888 -5.2813 13.5 0 -5.3212 13.4388 -6.2279 -6.1919
3 16 13.4388 -6.2279 -6.1919 13.5 0 -5.3212 13.5 0 -6.25
3 16 15 -13.4707 -3.609 15 0 -3.8212 13.4038 -10.3888 -5.2813
3 16 13.4038 -10.3888 -5.2813 15 0 -3.8212 13.5 0 -5.3212
3 16 15 -13.4707 -3.609 16.5963 -10.3888 -5.2813 15 0 -3.8212
3 16 15 0 -3.8212 16.5963 -10.3888 -5.2813 16.5 0 -5.3212
3 16 16.5 0 -6.25 16.5 0 -5.3212 16.5289 -6.2279 -6.1919
3 16 16.5289 -6.2279 -6.1919 16.5 0 -5.3212 16.5963 -10.3888 -5.2813
3 16 26.5 0 -6.25 23.5 0 -6.25 26.5 0 -5.3212
3 16 26.5 0 -5.3212 23.5 0 -6.25 23.5 0 -5.3212
3 16 26.5 0 -5.3212 23.5 0 -5.3212 25.0156 0 -3.8367
3 16 23.4038 -10.3888 -5.2813 23.5 0 -5.3212 23.4478 -6.2279 -6.1919
3 16 23.4478 -6.2279 -6.1919 23.5 0 -5.3212 23.5 0 -6.25
3 16 23.5 0 -5.3212 23.4038 -10.3888 -5.2813 25.0156 0 -3.8367
3 16 25.0156 0 -3.8367 23.4038 -10.3888 -5.2813 25 -13.4707 -3.609
3 16 25 -13.4707 -3.609 26.5963 -10.3888 -5.2813 25.0156 0 -3.8367
3 16 25.0156 0 -3.8367 26.5963 -10.3888 -5.2813 26.5 0 -5.3212
3 16 26.5 0 -6.25 26.5 0 -5.3212 26.5682 -6.2279 -6.1919
3 16 26.5682 -6.2279 -6.1919 26.5 0 -5.3212 26.5963 -10.3888 -5.2813
3 16 13.5 0 -6.25 6.5 0 -6.25 13.4388 -6.2279 -6.1919
3 16 13.4388 -6.2279 -6.1919 6.5 0 -6.25 6.5236 -6.2279 -6.1919
3 16 23.5 0 -6.25 16.5 0 -6.25 23.4478 -6.2279 -6.1919
3 16 23.4478 -6.2279 -6.1919 16.5 0 -6.25 16.5289 -6.2279 -6.1919
3 16 3.5 0 -6.25 -6.25 0 -6.242 3.3745 -6.2279 -6.1919
3 16 3.3745 -6.2279 -6.1919 -6.25 0 -6.242 -6.25 -6.9339 -6.1125
3 16 26.5 0 6.25 30 0 6.25 28.7466 -5.6249 6.25
3 16 28.7466 -5.6249 6.25 30 0 6.25 30 -5.6249 6.25
3 16 26.5 0 -6.25 28.7466 -5.6249 -6.2456 30 0 -6.25
3 16 30 0 -6.25 28.7466 -5.6249 -6.2456 30 -5.6249 -6.2456
3 16 30 -5.6249 0 30 -5.6249 6.25 31.25 -5.625 1.3975
3 16 31.25 -5.625 1.3975 30 -5.6249 6.25 31.2534 -5.6249 6.25
3 16 26.5682 -6.2279 -6.1919 28.7466 -5.6249 -6.2456 26.5 0 -6.25
3 16 16.7513 -19.272 6.25 23.2487 -19.272 6.25 16.7486 -19.1144 5.2182
3 16 16.7486 -19.1144 5.2182 23.2487 -19.272 6.25 23.2515 -19.1144 5.2182
3 16 6.7513 -19.272 6.25 13.2487 -19.272 6.25 6.7486 -19.1144 5.2182
3 16 6.7486 -19.1144 5.2182 13.2487 -19.272 6.25 13.2515 -19.1144 5.2182
3 16 26.7513 -19.272 6.25 28.7466 -19.272 6.25 26.7486 -19.1144 5.2182
3 16 26.7486 -19.1144 5.2182 28.7466 -19.272 6.25 28.7466 -18.8162 3.974
3 16 26.7486 -19.1144 5.2182 28.7466 -18.8162 3.974 25 -18.6666 3.4807
3 16 25 -18.6666 3.4807 28.7466 -18.8162 3.974 28.75 -17.7793 1.3975
3 16 16.7486 -19.1144 5.2182 23.2515 -19.1144 5.2182 15 -18.6666 3.4807
3 16 15 -18.6666 3.4807 23.2515 -19.1144 5.2182 25 -18.6666 3.4807
3 16 6.7486 -19.1144 5.2182 13.2515 -19.1144 5.2182 5 -18.6666 3.4807
3 16 5 -18.6666 3.4807 13.2515 -19.1144 5.2182 15 -18.6666 3.4807
3 16 -6.25 -18.5588 3.3577 -6.25 -19.272 6.25 3.2515 -19.1144 5.2182
3 16 3.2515 -19.1144 5.2182 -6.25 -19.272 6.25 3.2487 -19.272 6.25
3 16 6.5236 -6.2279 -6.1919 6.5963 -10.3888 -5.2813 13.4388 -6.2279 -6.1919
3 16 13.4388 -6.2279 -6.1919 6.5963 -10.3888 -5.2813 13.4038 -10.3888 -5.2813
3 16 13.4038 -10.3888 -5.2813 6.5963 -10.3888 -5.2813 15 -13.4707 -3.609
3 16 15 -13.4707 -3.609 6.5963 -10.3888 -5.2813 5 -13.4707 -3.609
3 16 16.5289 -6.2279 -6.1919 16.5963 -10.3888 -5.2813 23.4478 -6.2279 -6.1919
3 16 23.4478 -6.2279 -6.1919 16.5963 -10.3888 -5.2813 23.4038 -10.3888 -5.2813
3 16 23.4038 -10.3888 -5.2813 16.5963 -10.3888 -5.2813 25 -13.4707 -3.609
3 16 25 -13.4707 -3.609 16.5963 -10.3888 -5.2813 15 -13.4707 -3.609
3 16 28.7466 -5.6249 -6.2456 26.5682 -6.2279 -6.1919 28.7466 -9.3814 -5.5368
3 16 28.7466 -9.3814 -5.5368 26.5682 -6.2279 -6.1919 26.5963 -10.3888 -5.2813
3 16 28.7466 -9.3814 -5.5368 26.5963 -10.3888 -5.2813 28.7466 -12.7992 -4.0307
3 16 28.7466 -12.7992 -4.0307 26.5963 -10.3888 -5.2813 25 -13.4707 -3.609
3 16 3.4038 -10.3888 -5.2813 3.3745 -6.2279 -6.1919 -6.25 -6.9339 -6.1125
3 16 5 -13.4707 -3.609 3.4038 -10.3888 -5.2813 -6.25 -11.5421 -4.6951
3 16 -6.25 -11.5421 -4.6951 3.4038 -10.3888 -5.2813 -6.25 -6.9339 -6.1125
3 16 28.7466 -12.7992 -4.0307 25 -13.4707 -3.609 28.7466 -14.782 -2.5425
3 16 25 -13.4707 -3.609 25 -16.6964 -0.2787 28.7466 -14.782 -2.5425
3 16 28.7466 -14.782 -2.5425 25 -16.6964 -0.2787 28.7466 -15.8867 -1.3932
3 16 25 -13.4707 -3.609 15 -13.4707 -3.609 25 -16.6964 -0.2787
3 16 25 -16.6964 -0.2787 15 -13.4707 -3.609 15 -16.7007 -0.2694
3 16 5 -13.4707 -3.609 5 -16.6916 -0.2836 15 -13.4707 -3.609
3 16 15 -13.4707 -3.609 5 -16.6916 -0.2836 15 -16.7007 -0.2694
3 16 5 -16.6916 -0.2836 5 -13.4707 -3.609 -6.25 -16.3513 -0.8453
3 16 -6.25 -16.3513 -0.8453 5 -13.4707 -3.609 -6.25 -11.5421 -4.6951
3 16 -6.25 -16.3513 -0.8453 -6.25 -18.5588 3.3577 5 -16.6916 -0.2836
3 16 5 -16.6916 -0.2836 -6.25 -18.5588 3.3577 5 -18.6666 3.4807
3 16 5 -16.6916 -0.2836 5 -18.6666 3.4807 15 -16.7007 -0.2694
3 16 15 -16.7007 -0.2694 5 -18.6666 3.4807 15 -18.6666 3.4807
3 16 25 -16.6964 -0.2787 15 -16.7007 -0.2694 25 -18.6666 3.4807
3 16 25 -18.6666 3.4807 15 -16.7007 -0.2694 15 -18.6666 3.4807
3 16 25 -16.6964 -0.2787 28.2462 -16.4463 -0.7299 28.7466 -15.8867 -1.3932
3 16 28.1162 -16.9553 0 25 -16.6964 -0.2787 28.2596 -17.4686 0.7209
3 16 28.2596 -17.4686 0.7209 25 -16.6964 -0.2787 25 -18.6666 3.4807
3 16 28.2596 -17.4686 0.7209 25 -18.6666 3.4807 28.75 -17.7793 1.3975
3 16 28.7466 -5.6249 -1.3932 28.7466 -5.6249 -6.2456 28.7466 -9.3814 -5.5368
3 16 28.7466 -5.6249 -1.3932 28.7466 -9.3814 -5.5368 28.7466 -12.7992 -4.0307
3 16 28.7466 -12.7992 -4.0307 28.7466 -14.782 -2.5425 28.7466 -5.6249 -1.3932
3 16 28.7466 -5.6249 -1.3932 28.7466 -14.782 -2.5425 28.7466 -15.8867 -1.3932
3 16 28.75 -17.7793 1.3975 28.7466 -18.8162 3.974 28.75 -5.625 1.3975
3 16 28.75 -5.625 1.3975 28.7466 -18.8162 3.974 28.7466 -19.272 6.25
3 16 28.7466 -5.6249 6.25 28.75 -5.625 1.3975 28.7466 -19.272 6.25
3 16 28.1162 -5.6249 0 28.2596 -5.6249 0.7209 30 -5.6249 0
3 16 28.2462 -5.6249 -0.7299 28.1162 -5.6249 0 30 -5.6249 0
3 16 30 -5.6249 0 28.7466 -5.6249 -1.3932 28.2462 -5.6249 -0.7299
3 16 30 -5.6249 0 28.2596 -5.6249 0.7209 28.75 -5.625 1.3975
3 16 -6.25 -18.5588 3.3577 3.2515 -19.1144 5.2182 5 -18.6666 3.4807
3 16 28.2462 -16.4463 -0.7299 25 -16.6964 -0.2787 28.1162 -16.9553 0
3 16 31.25 -17.7793 1.3975 31.7405 -17.4686 0.7209 31.25 -5.625 1.3975
3 16 31.25 -5.625 1.3975 31.7405 -17.4686 0.7209 31.7405 -5.6249 0.7209
3 16 31.7405 -17.4686 0.7209 31.8839 -16.9553 0 31.7405 -5.6249 0.7209
3 16 31.7405 -5.6249 0.7209 31.8839 -16.9553 0 31.8839 -5.6249 0
3 16 31.8839 -16.9553 0 31.7538 -16.4463 -0.7299 31.8839 -5.6249 0
3 16 31.8839 -5.6249 0 31.7538 -16.4463 -0.7299 31.7538 -5.6249 -0.7299
3 16 31.7538 -16.4463 -0.7299 31.2534 -15.8867 -1.3932 31.7538 -5.6249 -0.7299
3 16 31.7538 -5.6249 -0.7299 31.2534 -15.8867 -1.3932 31.2534 -5.6249 -1.3932
3 16 66.25 0 6.2275 56.5 0 6.25 70 0 10
3 16 70 0 10 56.5 0 6.25 50 0 10
3 16 66.25 0 -6.242 70 0 -10 56.5 0 -6.25
3 16 56.5 0 -6.25 70 0 -10 50 0 -10
3 16 70 0 10 70 0 -10 66.25 0 6.2275
3 16 66.25 0 6.2275 70 0 -10 66.25 0 -6.242
3 16 56.5 0 6.25 53.5 0 6.25 50 0 10
3 16 53.5 0 -6.25 56.5 0 -6.25 50 0 -10
3 16 53.5 0 6.25 46.5 0 6.25 50 0 10
3 16 46.5 0 -6.25 53.5 0 -6.25 50 0 -10
3 16 46.5 0 6.25 43.5 0 6.25 50 0 10
3 16 43.5 0 -6.25 46.5 0 -6.25 50 0 -10
3 16 43.5 0 6.25 36.5 0 6.25 50 0 10
3 16 50 0 10 36.5 0 6.25 30 0 10
3 16 36.5 0 -6.25 43.5 0 -6.25 30 0 -10
3 16 30 0 -10 43.5 0 -6.25 50 0 -10
3 16 36.5 0 6.25 33.5 0 6.25 30 0 10
3 16 33.5 0 -6.25 36.5 0 -6.25 30 0 -10
3 16 43.5 0 6.25 43.2487 -19.272 6.25 36.5 0 6.25
3 16 36.5 0 6.25 43.2487 -19.272 6.25 36.7513 -19.272 6.25
3 16 53.5 0 6.25 53.2487 -19.272 6.25 46.5 0 6.25
3 16 46.5 0 6.25 53.2487 -19.272 6.25 46.7513 -19.272 6.25
3 16 66.25 -19.272 6.25 56.7513 -19.272 6.25 66.25 0 6.2275
3 16 66.25 0 6.2275 56.7513 -19.272 6.25 56.5 0 6.25
3 16 66.25 0 6.2275 66.25 -6.9339 -6.1125 66.25 -11.5421 -4.6951
3 16 66.25 -11.5421 -4.6951 66.25 -16.3513 -0.8453 66.25 0 6.2275
3 16 66.25 -16.3513 -0.8453 66.25 -18.5588 3.3577 66.25 0 6.2275
3 16 66.25 0 -6.242 66.25 -6.9339 -6.1125 66.25 0 6.2275
3 16 66.25 0 6.2275 66.25 -18.5588 3.3577 66.25 -19.272 6.25
3 16 56.5 0 6.25 56.5 0 5.3212 53.5 0 6.25
3 16 53.5 0 6.25 56.5 0 5.3212 53.5 0 5.3212
3 16 56.5 0 5.3212 55 0 3.8212 53.5 0 5.3212
3 16 55 0 3.8212 55 -18.6666 3.4807 53.5 0 5.3212
3 16 53.5 0 5.3212 55 -18.6666 3.4807 53.2515 -19.1144 5.2182
3 16 56.7486 -19.1144 5.2182 55 -18.6666 3.4807 56.5 0 5.3212
3 16 56.5 0 5.3212 55 -18.6666 3.4807 55 0 3.8212
3 16 56.7513 -19.272 6.25 56.7486 -19.1144 5.2182 56.5 0 6.25
3 16 56.5 0 6.25 56.7486 -19.1144 5.2182 56.5 0 5.3212
3 16 53.2487 -19.272 6.25 53.5 0 6.25 53.2515 -19.1144 5.2182
3 16 53.2515 -19.1144 5.2182 53.5 0 6.25 53.5 0 5.3212
3 16 46.5 0 6.25 46.4889 0 5.3319 43.5 0 6.25
3 16 43.5 0 6.25 46.4889 0 5.3319 43.5 0 5.3212
3 16 46.4889 0 5.3319 44.9933 0 3.8279 43.5 0 5.3212
3 16 46.7513 -19.272 6.25 46.7486 -19.1144 5.2182 46.5 0 6.25
3 16 46.5 0 6.25 46.7486 -19.1144 5.2182 46.4889 0 5.3319
3 16 46.7486 -19.1144 5.2182 45 -18.6666 3.4807 46.4889 0 5.3319
3 16 46.4889 0 5.3319 45 -18.6666 3.4807 44.9933 0 3.8279
3 16 44.9933 0 3.8279 45 -18.6666 3.4807 43.5 0 5.3212
3 16 43.5 0 5.3212 45 -18.6666 3.4807 43.2515 -19.1144 5.2182
3 16 43.2487 -19.272 6.25 43.5 0 6.25 43.2515 -19.1144 5.2182
3 16 43.2515 -19.1144 5.2182 43.5 0 6.25 43.5 0 5.3212
3 16 36.7513 -19.272 6.25 36.7486 -19.1144 5.2182 36.5 0 6.25
3 16 36.5 0 6.25 36.7486 -19.1144 5.2182 36.5 0 5.3392
3 16 36.5 0 6.25 36.5 0 5.3392 33.5 0 6.25
3 16 33.5 0 6.25 36.5 0 5.3392 33.5 0 5.3392
3 16 36.5 0 5.3392 35 0 3.8212 33.5 0 5.3392
3 16 36.7486 -19.1144 5.2182 35 -18.6666 3.4807 36.5 0 5.3392
3 16 36.5 0 5.3392 35 -18.6666 3.4807 35 0 3.8212
3 16 35 0 3.8212 35 -18.6666 3.4807 33.5 0 5.3392
3 16 33.5 0 5.3392 35 -18.6666 3.4807 33.2515 -19.1144 5.2182
3 16 33.5 0 6.25 33.2487 -19.272 6.25 31.2534 -5.6249 6.25
3 16 31.2534 -5.6249 6.25 33.2487 -19.272 6.25 31.2534 -19.272 6.25
3 16 33.5 0 5.3392 33.2515 -19.1144 5.2182 33.5 0 6.25
3 16 33.5 0 6.25 33.2515 -19.1144 5.2182 33.2487 -19.272 6.25
3 16 53.5 0 -6.25 53.5 0 -5.3212 56.5 0 -6.25
3 16 56.5 0 -6.25 53.5 0 -5.3212 56.5 0 -5.3212
3 16 53.5 0 -5.3212 55 0 -3.8212 56.5 0 -5.3212
3 16 56.5963 -10.3888 -5.2813 56.6256 -6.2279 -6.1919 56.5 0 -5.3212
3 16 56.5 0 -5.3212 56.6256 -6.2279 -6.1919 56.5 0 -6.25
3 16 55 -13.4707 -3.609 56.5963 -10.3888 -5.2813 55 0 -3.8212
3 16 55 0 -3.8212 56.5963 -10.3888 -5.2813 56.5 0 -5.3212
3 16 55 -13.4707 -3.609 55 0 -3.8212 53.4038 -10.3888 -5.2813
3 16 53.4038 -10.3888 -5.2813 55 0 -3.8212 53.5 0 -5.3212
3 16 53.5 0 -6.25 53.4764 -6.2279 -6.1919 53.5 0 -5.3212
3 16 53.5 0 -5.3212 53.4764 -6.2279 -6.1919 53.4038 -10.3888 -5.2813
3 16 43.5 0 -6.25 43.5 0 -5.3212 46.5 0 -6.25
3 16 46.5 0 -6.25 43.5 0 -5.3212 46.5 0 -5.3212
3 16 43.5 0 -5.3212 45 0 -3.8212 46.5 0 -5.3212
3 16 46.5963 -10.3888 -5.2813 46.5612 -6.2279 -6.1919 46.5 0 -5.3212
3 16 46.5 0 -5.3212 46.5612 -6.2279 -6.1919 46.5 0 -6.25
3 16 45 -13.4707 -3.609 46.5963 -10.3888 -5.2813 45 0 -3.8212
3 16 45 0 -3.8212 46.5963 -10.3888 -5.2813 46.5 0 -5.3212
3 16 45 -13.4707 -3.609 45 0 -3.8212 43.4038 -10.3888 -5.2813
3 16 43.4038 -10.3888 -5.2813 45 0 -3.8212 43.5 0 -5.3212
3 16 43.5 0 -6.25 43.4711 -6.2279 -6.1919 43.5 0 -5.3212
3 16 43.5 0 -5.3212 43.4711 -6.2279 -6.1919 43.4038 -10.3888 -5.2813
3 16 33.5 0 -6.25 33.5 0 -5.3212 36.5 0 -6.25
3 16 36.5 0 -6.25 33.5 0 -5.3212 36.5 0 -5.3212
3 16 33.5 0 -5.3212 34.9845 0 -3.8367 36.5 0 -5.3212
3 16 36.5963 -10.3888 -5.2813 36.5522 -6.2279 -6.1919 36.5 0 -5.3212
3 16 36.5 0 -5.3212 36.5522 -6.2279 -6.1919 36.5 0 -6.25
3 16 36.5 0 -5.3212 34.9845 0 -3.8367 36.5963 -10.3888 -5.2813
3 16 36.5963 -10.3888 -5.2813 34.9845 0 -3.8367 35 -13.4707 -3.609
3 16 35 -13.4707 -3.609 34.9845 0 -3.8367 33.4038 -10.3888 -5.2813
3 16 33.4038 -10.3888 -5.2813 34.9845 0 -3.8367 33.5 0 -5.3212
3 16 33.5 0 -6.25 33.4319 -6.2279 -6.1919 33.5 0 -5.3212
3 16 33.5 0 -5.3212 33.4319 -6.2279 -6.1919 33.4038 -10.3888 -5.2813
3 16 46.5 0 -6.25 46.5612 -6.2279 -6.1919 53.5 0 -6.25
3 16 53.5 0 -6.25 46.5612 -6.2279 -6.1919 53.4764 -6.2279 -6.1919
3 16 36.5 0 -6.25 36.5522 -6.2279 -6.1919 43.5 0 -6.25
3 16 43.5 0 -6.25 36.5522 -6.2279 -6.1919 43.4711 -6.2279 -6.1919
3 16 56.5 0 -6.25 56.6256 -6.2279 -6.1919 66.25 0 -6.242
3 16 66.25 0 -6.242 56.6256 -6.2279 -6.1919 66.25 -6.9339 -6.1125
3 16 30 -5.6249 0 31.2534 -5.6249 -1.3932 30 -5.6249 -6.2456
3 16 30 -5.6249 -6.2456 31.2534 -5.6249 -1.3932 31.2534 -5.6249 -6.2456
3 16 33.4319 -6.2279 -6.1919 33.5 0 -6.25 31.2534 -5.6249 -6.2456
3 16 43.2487 -19.272 6.25 43.2515 -19.1144 5.2182 36.7513 -19.272 6.25
3 16 36.7513 -19.272 6.25 43.2515 -19.1144 5.2182 36.7486 -19.1144 5.2182
3 16 53.2487 -19.272 6.25 53.2515 -19.1144 5.2182 46.7513 -19.272 6.25
3 16 46.7513 -19.272 6.25 53.2515 -19.1144 5.2182 46.7486 -19.1144 5.2182
3 16 33.2487 -19.272 6.25 33.2515 -19.1144 5.2182 31.2534 -19.272 6.25
3 16 31.2534 -19.272 6.25 33.2515 -19.1144 5.2182 31.2534 -18.8162 3.974
3 16 33.2515 -19.1144 5.2182 35 -18.6666 3.4807 31.2534 -18.8162 3.974
3 16 31.2534 -18.8162 3.974 35 -18.6666 3.4807 31.25 -17.7793 1.3975
3 16 43.2515 -19.1144 5.2182 45 -18.6666 3.4807 36.7486 -19.1144 5.2182
3 16 36.7486 -19.1144 5.2182 45 -18.6666 3.4807 35 -18.6666 3.4807
3 16 53.2515 -19.1144 5.2182 55 -18.6666 3.4807 46.7486 -19.1144 5.2182
3 16 46.7486 -19.1144 5.2182 55 -18.6666 3.4807 45 -18.6666 3.4807
3 16 56.7513 -19.272 6.25 66.25 -19.272 6.25 56.7486 -19.1144 5.2182
3 16 56.7486 -19.1144 5.2182 66.25 -19.272 6.25 66.25 -18.5588 3.3577
3 16 46.5963 -10.3888 -5.2813 53.4038 -10.3888 -5.2813 46.5612 -6.2279 -6.1919
3 16 46.5612 -6.2279 -6.1919 53.4038 -10.3888 -5.2813 53.4764 -6.2279 -6.1919
3 16 46.5963 -10.3888 -5.2813 45 -13.4707 -3.609 53.4038 -10.3888 -5.2813
3 16 53.4038 -10.3888 -5.2813 45 -13.4707 -3.609 55 -13.4707 -3.609
3 16 36.5963 -10.3888 -5.2813 43.4038 -10.3888 -5.2813 36.5522 -6.2279 -6.1919
3 16 36.5522 -6.2279 -6.1919 43.4038 -10.3888 -5.2813 43.4711 -6.2279 -6.1919
3 16 36.5963 -10.3888 -5.2813 35 -13.4707 -3.609 43.4038 -10.3888 -5.2813
3 16 43.4038 -10.3888 -5.2813 35 -13.4707 -3.609 45 -13.4707 -3.609
3 16 31.2534 -5.6249 -6.2456 31.2534 -9.3814 -5.5368 33.4319 -6.2279 -6.1919
3 16 33.4319 -6.2279 -6.1919 31.2534 -9.3814 -5.5368 33.4038 -10.3888 -5.2813
3 16 31.2534 -9.3814 -5.5368 31.2534 -12.7992 -4.0307 33.4038 -10.3888 -5.2813
3 16 33.4038 -10.3888 -5.2813 31.2534 -12.7992 -4.0307 35 -13.4707 -3.609
3 16 56.5963 -10.3888 -5.2813 66.25 -6.9339 -6.1125 56.6256 -6.2279 -6.1919
3 16 55 -13.4707 -3.609 66.25 -11.5421 -4.6951 56.5963 -10.3888 -5.2813
3 16 56.5963 -10.3888 -5.2813 66.25 -11.5421 -4.6951 66.25 -6.9339 -6.1125
3 16 31.2534 -12.7992 -4.0307 31.2534 -14.782 -2.5425 35 -13.4707 -3.609
3 16 31.2534 -15.8867 -1.3932 35 -16.6964 -0.2787 31.2534 -14.782 -2.5425
3 16 31.2534 -14.782 -2.5425 35 -16.6964 -0.2787 35 -13.4707 -3.609
3 16 35 -13.4707 -3.609 35 -16.6964 -0.2787 45 -13.4707 -3.609
3 16 45 -13.4707 -3.609 35 -16.6964 -0.2787 45 -16.7007 -0.2694
3 16 45 -16.7007 -0.2694 55 -16.6916 -0.2836 45 -13.4707 -3.609
3 16 45 -13.4707 -3.609 55 -16.6916 -0.2836 55 -13.4707 -3.609
3 16 66.25 -11.5421 -4.6951 55 -13.4707 -3.609 66.25 -16.3513 -0.8453
3 16 66.25 -16.3513 -0.8453 55 -13.4707 -3.609 55 -16.6916 -0.2836
3 16 55 -18.6666 3.4807 66.25 -18.5588 3.3577 55 -16.6916 -0.2836
3 16 55 -16.6916 -0.2836 66.25 -18.5588 3.3577 66.25 -16.3513 -0.8453
3 16 45 -18.6666 3.4807 55 -18.6666 3.4807 45 -16.7007 -0.2694
3 16 45 -16.7007 -0.2694 55 -18.6666 3.4807 55 -16.6916 -0.2836
3 16 35 -16.6964 -0.2787 35 -18.6666 3.4807 45 -16.7007 -0.2694
3 16 45 -16.7007 -0.2694 35 -18.6666 3.4807 45 -18.6666 3.4807
3 16 35 -16.6964 -0.2787 31.2534 -15.8867 -1.3932 31.7538 -16.4463 -0.7299
3 16 31.8839 -16.9553 0 31.7405 -17.4686 0.7209 35 -16.6964 -0.2787
3 16 35 -16.6964 -0.2787 31.7405 -17.4686 0.7209 35 -18.6666 3.4807
3 16 31.7405 -17.4686 0.7209 31.25 -17.7793 1.3975 35 -18.6666 3.4807
3 16 31.2534 -5.6249 -1.3932 31.2534 -9.3814 -5.5368 31.2534 -5.6249 -6.2456
3 16 31.2534 -5.6249 -1.3932 31.2534 -12.7992 -4.0307 31.2534 -9.3814 -5.5368
3 16 31.2534 -12.7992 -4.0307 31.2534 -5.6249 -1.3932 31.2534 -14.782 -2.5425
3 16 31.2534 -5.6249 -1.3932 31.2534 -15.8867 -1.3932 31.2534 -14.782 -2.5425
3 16 31.25 -17.7793 1.3975 31.25 -5.625 1.3975 31.2534 -18.8162 3.974
3 16 31.25 -5.625 1.3975 31.2534 -19.272 6.25 31.2534 -18.8162 3.974
3 16 31.2534 -5.6249 6.25 31.2534 -19.272 6.25 31.25 -5.625 1.3975
3 16 31.8839 -5.6249 0 30 -5.6249 0 31.7405 -5.6249 0.7209
3 16 31.7538 -5.6249 -0.7299 30 -5.6249 0 31.8839 -5.6249 0
3 16 30 -5.6249 0 31.7538 -5.6249 -0.7299 31.2534 -5.6249 -1.3932
3 16 30 -5.6249 0 31.25 -5.625 1.3975 31.7405 -5.6249 0.7209
3 16 66.25 -18.5588 3.3577 55 -18.6666 3.4807 56.7486 -19.1144 5.2182
3 16 31.7538 -16.4463 -0.7299 31.8839 -16.9553 0 35 -16.6964 -0.2787
3 16 30 -5.6249 -6.2456 31.2534 -5.6249 -6.2456 30 0 -6.25
3 16 30 0 -6.25 31.2534 -5.6249 -6.2456 33.5 0 -6.25
3 16 30 0 -10 30 0 -6.25 33.5 0 -6.25
3 16 30 0 6.25 30 0 10 33.5 0 6.25
3 16 30 -5.6249 6.25 30 0 6.25 31.2534 -5.6249 6.25
3 16 31.2534 -5.6249 6.25 30 0 6.25 33.5 0 6.25
3 16 30 -5.6249 0 30 -5.6249 -6.2456 28.7466 -5.6249 -1.3932
3 16 28.7466 -5.6249 -1.3932 30 -5.6249 -6.2456 28.7466 -5.6249 -6.2456
3 16 30 -5.6249 0 28.75 -5.625 1.3975 30 -5.6249 6.25
3 16 30 -5.6249 6.25 28.75 -5.625 1.3975 28.7466 -5.6249 6.25
2 24 -10 0 -10 10 0 -10
2 24 -10 0 -10 -10 -3.4737 -10
2 24 -10 -23.4817 5.6636 -10 -24 10
2 24 -10 -24 10 10 -24 10
2 24 -10 -24 10 10 -24 10
2 24 -10 -24 10 -10 0 10
2 24 -10 0 10 10 0 10
2 24 -10 -13.4871 -7.6314 -10 -17.9605 -4.2865
2 24 -10 -13.4871 -7.6314 -10 -8.5825 -9.423
2 24 -10 -23.4817 5.6636 -10 -21.4756 0.315
2 24 -10 -17.9605 -4.2865 -10 -21.4756 0.315
2 24 -10 -3.4737 -10 -10 -8.5825 -9.423
2 24 -10 -23.4817 5.6636 -10 -24 10
2 24 -10 0 10 -10 -24 10
2 24 -10 -23.4817 5.6636 -10 -21.4756 0.315
2 24 -10 -21.4756 0.315 -10 -17.9605 -4.2865
2 24 -10 -17.9605 -4.2865 -10 -13.4871 -7.6314
2 24 -10 -13.4871 -7.6314 -10 -8.5825 -9.423
2 24 -10 -8.5825 -9.423 -10 -3.4737 -10
2 24 -10 -3.4737 -10 -10 0 -10
2 24 -10 0 10 -10 0 -10
2 24 10 0 10 30 0 10
2 24 10 -24 10 30 -24 10
2 24 10 -24 10 30 -24 10
2 24 10 0 -10 30 0 -10
2 24 70 0 -10 70 -3.4737 -10
2 24 70 0 -10 50 0 -10
2 24 70 -23.4817 5.6636 70 -24 10
2 24 70 -24 10 50 -24 10
2 24 70 -24 10 70 0 10
2 24 70 -24 10 50 -24 10
2 24 70 0 10 50 0 10
2 24 70 -13.4871 -7.6314 70 -17.9605 -4.2865
2 24 70 -13.4871 -7.6314 70 -8.5825 -9.423
2 24 70 -23.4817 5.6636 70 -21.4756 0.315
2 24 70 -17.9605 -4.2865 70 -21.4756 0.315
2 24 70 -3.4737 -10 70 -8.5825 -9.423
2 24 70 -24 10 70 -23.4817 5.6636
2 24 70 0 10 70 -24 10
2 24 70 -23.4817 5.6636 70 -21.4756 0.315
2 24 70 -21.4756 0.315 70 -17.9605 -4.2865
2 24 70 -17.9605 -4.2865 70 -13.4871 -7.6314
2 24 70 -13.4871 -7.6314 70 -8.5825 -9.423
2 24 70 -8.5825 -9.423 70 -3.4737 -10
2 24 70 -3.4737 -10 70 0 -10
2 24 70 0 10 70 0 -10
2 24 30 0 10 50 0 10
2 24 30 -24 10 50 -24 10
2 24 30 -24 10 50 -24 10
2 24 30 0 -10 50 0 -10
2 24 28.2596 -5.6249 0.7209 28.75 -5.625 1.3975
2 24 28.2596 -17.4686 0.7209 28.75 -17.7793 1.3975
2 24 28.75 -5.625 1.3975 28.75 -17.7793 1.3975
2 24 28.2596 -5.6249 0.7209 28.1162 -5.6249 0
2 24 28.2596 -17.4686 0.7209 28.1162 -16.9553 0
2 24 28.1162 -5.6249 0 28.2462 -5.6249 -0.7299
2 24 28.1162 -16.9553 0 28.2462 -16.4463 -0.7299
2 24 28.7466 -5.6249 -1.3932 28.7466 -15.8867 -1.3932
2 24 28.2462 -5.6249 -0.7299 28.7466 -5.6249 -1.3932
2 24 28.2462 -16.4463 -0.7299 28.7466 -15.8867 -1.3932
2 24 10 0 10 -10 0 10
2 24 3.5 0 6.25 -6.25 0 6.2275
2 24 10 0 -10 -10 0 -10
2 24 3.5 0 -6.25 -6.25 0 -6.242
2 24 -6.25 0 6.2275 -6.25 0 -6.242
2 24 -10 0 10 -10 0 -10
2 24 26.5 0 -6.25 30 0 -6.25
2 24 26.5 0 6.25 30 0 6.25
2 24 6.5 0 6.25 13.5 0 6.25
2 24 6.5 0 -6.25 13.5 0 -6.25
2 24 16.5 0 6.25 23.5 0 6.25
2 24 10 0 10 30 0 10
2 24 16.5 0 -6.25 23.5 0 -6.25
2 24 10 0 -10 30 0 -10
2 24 16.5 0 6.25 23.5 0 6.25
2 24 16.5 0 6.25 16.7513 -19.272 6.25
2 24 23.5 0 6.25 23.2487 -19.272 6.25
2 24 16.7513 -19.272 6.25 23.2487 -19.272 6.25
2 24 6.5 0 6.25 13.5 0 6.25
2 24 6.5 0 6.25 6.7513 -19.272 6.25
2 24 13.5 0 6.25 13.2487 -19.272 6.25
2 24 6.7513 -19.272 6.25 13.2487 -19.272 6.25
2 24 3.5 0 6.25 3.2487 -19.272 6.25
2 24 3.5 0 6.25 -6.25 0 6.2275
2 24 3.2487 -19.272 6.25 -6.25 -19.272 6.25
2 24 -6.25 0 6.2275 -6.25 -19.272 6.25
2 24 -6.25 -11.5421 -4.6951 -6.25 -6.9339 -6.1125
2 24 -6.25 -11.5421 -4.6951 -6.25 -16.3513 -0.8453
2 24 -6.25 -16.3513 -0.8453 -6.25 -18.5588 3.3577
2 24 -6.25 0 6.2275 -6.25 0 -6.242
2 24 -6.25 -6.9339 -6.1125 -6.25 0 -6.242
2 24 -6.25 -18.5588 3.3577 -6.25 -19.272 6.25
2 24 -6.25 0 6.2275 -6.25 -19.272 6.25
2 24 3.5 0 6.25 3.5 0 5.3212
2 24 6.5 0 6.25 6.5 0 5.3212
2 24 6.5 0 5.3212 5 0 3.8212
2 24 3.5 0 5.3212 5 0 3.8212
2 24 5 0 3.8212 6.5 0 5.3212
2 24 5 0 3.8212 5 -18.6666 3.4807
2 24 6.5 0 5.3212 6.7486 -19.1144 5.2182
2 24 5 -18.6666 3.4807 6.7486 -19.1144 5.2182
2 24 5 0 3.8212 5 -18.6666 3.4807
2 24 5 0 3.8212 3.5 0 5.3212
2 24 5 -18.6666 3.4807 3.2515 -19.1144 5.2182
2 24 3.5 0 5.3212 3.2515 -19.1144 5.2182
2 24 3.2487 -19.272 6.25 3.5 0 6.25
2 24 3.2487 -19.272 6.25 3.2515 -19.1144 5.2182
2 24 3.5 0 6.25 3.5 0 5.3212
2 24 3.2515 -19.1144 5.2182 3.5 0 5.3212
2 24 6.5 0 5.3212 6.5 0 6.25
2 24 6.5 0 5.3212 6.7486 -19.1144 5.2182
2 24 6.5 0 6.25 6.7513 -19.272 6.25
2 24 6.7486 -19.1144 5.2182 6.7513 -19.272 6.25
2 24 13.5 0 6.25 13.5111 0 5.3319
2 24 16.5 0 6.25 16.5 0 5.3212
2 24 16.5 0 5.3212 15.0067 0 3.8279
2 24 13.5111 0 5.3319 15.0067 0 3.8279
2 24 13.5111 0 5.3319 13.2515 -19.1144 5.2182
2 24 13.5111 0 5.3319 13.5 0 6.25
2 24 13.2515 -19.1144 5.2182 13.2487 -19.272 6.25
2 24 13.5 0 6.25 13.2487 -19.272 6.25
2 24 13.2515 -19.1144 5.2182 13.5111 0 5.3319
2 24 13.2515 -19.1144 5.2182 15 -18.6666 3.4807
2 24 13.5111 0 5.3319 15.0067 0 3.8279
2 24 15 -18.6666 3.4807 15.0067 0 3.8279
2 24 15.0067 0 3.8279 16.5 0 5.3212
2 24 15.0067 0 3.8279 15 -18.6666 3.4807
2 24 16.5 0 5.3212 16.7486 -19.1144 5.2182
2 24 15 -18.6666 3.4807 16.7486 -19.1144 5.2182
2 24 16.5 0 5.3212 16.5 0 6.25
2 24 16.5 0 5.3212 16.7486 -19.1144 5.2182
2 24 16.5 0 6.25 16.7513 -19.272 6.25
2 24 16.7486 -19.1144 5.2182 16.7513 -19.272 6.25
2 24 23.2487 -19.272 6.25 23.5 0 6.25
2 24 23.2487 -19.272 6.25 23.2515 -19.1144 5.2182
2 24 23.5 0 6.25 23.5 0 5.3392
2 24 23.2515 -19.1144 5.2182 23.5 0 5.3392
2 24 23.5 0 6.25 23.5 0 5.3392
2 24 26.5 0 6.25 26.5 0 5.3392
2 24 26.5 0 5.3392 25 0 3.8212
2 24 23.5 0 5.3392 25 0 3.8212
2 24 25 0 3.8212 25 -18.6666 3.4807
2 24 25 0 3.8212 23.5 0 5.3392
2 24 25 -18.6666 3.4807 23.2515 -19.1144 5.2182
2 24 23.5 0 5.3392 23.2515 -19.1144 5.2182
2 24 25 0 3.8212 26.5 0 5.3392
2 24 25 0 3.8212 25 -18.6666 3.4807
2 24 26.5 0 5.3392 26.7486 -19.1144 5.2182
2 24 25 -18.6666 3.4807 26.7486 -19.1144 5.2182
2 24 26.5 0 6.25 26.7513 -19.272 6.25
2 24 28.7466 -5.6249 6.25 28.7466 -19.272 6.25
2 24 26.7513 -19.272 6.25 28.7466 -19.272 6.25
2 24 26.7513 -19.272 6.25 26.7486 -19.1144 5.2182
2 24 26.7513 -19.272 6.25 26.5 0 6.25
2 24 26.7486 -19.1144 5.2182 26.5 0 5.3392
2 24 26.5 0 6.25 26.5 0 5.3392
2 24 6.5 0 -6.25 6.5 0 -5.3212
2 24 3.5 0 -6.25 3.5 0 -5.3212
2 24 3.5 0 -5.3212 5 0 -3.8212
2 24 6.5 0 -5.3212 5 0 -3.8212
2 24 3.4038 -10.3888 -5.2813 3.5 0 -5.3212
2 24 3.4038 -10.3888 -5.2813 3.3745 -6.2279 -6.1919
2 24 3.5 0 -5.3212 3.5 0 -6.25
2 24 3.3745 -6.2279 -6.1919 3.5 0 -6.25
2 24 5 -13.4707 -3.609 5 0 -3.8212
2 24 5 -13.4707 -3.609 3.4038 -10.3888 -5.2813
2 24 5 0 -3.8212 3.5 0 -5.3212
2 24 3.4038 -10.3888 -5.2813 3.5 0 -5.3212
2 24 5 -13.4707 -3.609 6.5963 -10.3888 -5.2813
2 24 5 -13.4707 -3.609 5 0 -3.8212
2 24 6.5963 -10.3888 -5.2813 6.5 0 -5.3212
2 24 5 0 -3.8212 6.5 0 -5.3212
2 24 6.5963 -10.3888 -5.2813 6.5236 -6.2279 -6.1919
2 24 6.5963 -10.3888 -5.2813 6.5 0 -5.3212
2 24 6.5236 -6.2279 -6.1919 6.5 0 -6.25
2 24 6.5 0 -5.3212 6.5 0 -6.25
2 24 16.5 0 -6.25 16.5 0 -5.3212
2 24 13.5 0 -6.25 13.5 0 -5.3212
2 24 13.5 0 -5.3212 15 0 -3.8212
2 24 16.5 0 -5.3212 15 0 -3.8212
2 24 13.4038 -10.3888 -5.2813 13.5 0 -5.3212
2 24 13.4038 -10.3888 -5.2813 13.4388 -6.2279 -6.1919
2 24 13.5 0 -5.3212 13.5 0 -6.25
2 24 13.4388 -6.2279 -6.1919 13.5 0 -6.25
2 24 15 -13.4707 -3.609 15 0 -3.8212
2 24 15 -13.4707 -3.609 13.4038 -10.3888 -5.2813
2 24 15 0 -3.8212 13.5 0 -5.3212
2 24 13.4038 -10.3888 -5.2813 13.5 0 -5.3212
2 24 15 -13.4707 -3.609 16.5963 -10.3888 -5.2813
2 24 15 -13.4707 -3.609 15 0 -3.8212
2 24 16.5963 -10.3888 -5.2813 16.5 0 -5.3212
2 24 15 0 -3.8212 16.5 0 -5.3212
2 24 16.5 0 -6.25 16.5 0 -5.3212
2 24 16.5 0 -6.25 16.5289 -6.2279 -6.1919
2 24 16.5 0 -5.3212 16.5963 -10.3888 -5.2813
2 24 16.5289 -6.2279 -6.1919 16.5963 -10.3888 -5.2813
2 24 26.5 0 -6.25 26.5 0 -5.3212
2 24 23.5 0 -6.25 23.5 0 -5.3212
2 24 23.5 0 -5.3212 25.0156 0 -3.8367
2 24 26.5 0 -5.3212 25.0156 0 -3.8367
2 24 23.4038 -10.3888 -5.2813 23.5 0 -5.3212
2 24 23.4038 -10.3888 -5.2813 23.4478 -6.2279 -6.1919
2 24 23.5 0 -5.3212 23.5 0 -6.25
2 24 23.4478 -6.2279 -6.1919 23.5 0 -6.25
2 24 23.5 0 -5.3212 23.4038 -10.3888 -5.2813
2 24 23.5 0 -5.3212 25.0156 0 -3.8367
2 24 23.4038 -10.3888 -5.2813 25 -13.4707 -3.609
2 24 25.0156 0 -3.8367 25 -13.4707 -3.609
2 24 25 -13.4707 -3.609 26.5963 -10.3888 -5.2813
2 24 25 -13.4707 -3.609 25.0156 0 -3.8367
2 24 26.5963 -10.3888 -5.2813 26.5 0 -5.3212
2 24 25.0156 0 -3.8367 26.5 0 -5.3212
2 24 26.5 0 -6.25 26.5 0 -5.3212
2 24 26.5 0 -6.25 26.5682 -6.2279 -6.1919
2 24 26.5 0 -5.3212 26.5963 -10.3888 -5.2813
2 24 26.5682 -6.2279 -6.1919 26.5963 -10.3888 -5.2813
2 24 13.5 0 -6.25 6.5 0 -6.25
2 24 13.5 0 -6.25 13.4388 -6.2279 -6.1919
2 24 6.5 0 -6.25 6.5236 -6.2279 -6.1919
2 24 23.5 0 -6.25 16.5 0 -6.25
2 24 23.5 0 -6.25 23.4478 -6.2279 -6.1919
2 24 16.5 0 -6.25 16.5289 -6.2279 -6.1919
2 24 3.5 0 -6.25 -6.25 0 -6.242
2 24 3.5 0 -6.25 3.3745 -6.2279 -6.1919
2 24 -6.25 0 -6.242 -6.25 -6.9339 -6.1125
2 24 26.5 0 6.25 30 0 6.25
2 24 28.7466 -5.6249 6.25 30 -5.6249 6.25
2 24 26.5 0 -6.25 30 0 -6.25
2 24 28.7466 -5.6249 -6.2456 30 -5.6249 -6.2456
2 24 30 -5.6249 6.25 31.2534 -5.6249 6.25
2 24 31.25 -5.625 1.3975 31.2534 -5.6249 6.25
2 24 26.5 0 -6.25 26.5682 -6.2279 -6.1919
2 24 16.7513 -19.272 6.25 23.2487 -19.272 6.25
2 24 16.7513 -19.272 6.25 16.7486 -19.1144 5.2182
2 24 23.2487 -19.272 6.25 23.2515 -19.1144 5.2182
2 24 6.7513 -19.272 6.25 13.2487 -19.272 6.25
2 24 6.7513 -19.272 6.25 6.7486 -19.1144 5.2182
2 24 13.2487 -19.272 6.25 13.2515 -19.1144 5.2182
2 24 26.7513 -19.272 6.25 28.7466 -19.272 6.25
2 24 26.7513 -19.272 6.25 26.7486 -19.1144 5.2182
2 24 28.7466 -19.272 6.25 28.7466 -18.8162 3.974
2 24 26.7486 -19.1144 5.2182 25 -18.6666 3.4807
2 24 28.7466 -18.8162 3.974 28.75 -17.7793 1.3975
2 24 16.7486 -19.1144 5.2182 15 -18.6666 3.4807
2 24 23.2515 -19.1144 5.2182 25 -18.6666 3.4807
2 24 6.7486 -19.1144 5.2182 5 -18.6666 3.4807
2 24 13.2515 -19.1144 5.2182 15 -18.6666 3.4807
2 24 -6.25 -18.5588 3.3577 -6.25 -19.272 6.25
2 24 -6.25 -19.272 6.25 3.2487 -19.272 6.25
2 24 3.2515 -19.1144 5.2182 3.2487 -19.272 6.25
2 24 6.5236 -6.2279 -6.1919 6.5963 -10.3888 -5.2813
2 24 13.4388 -6.2279 -6.1919 13.4038 -10.3888 -5.2813
2 24 13.4038 -10.3888 -5.2813 15 -13.4707 -3.609
2 24 6.5963 -10.3888 -5.2813 5 -13.4707 -3.609
2 24 16.5289 -6.2279 -6.1919 16.5963 -10.3888 -5.2813
2 24 23.4478 -6.2279 -6.1919 23.4038 -10.3888 -5.2813
2 24 23.4038 -10.3888 -5.2813 25 -13.4707 -3.609
2 24 15 -13.4707 -3.609 16.5963 -10.3888 -5.2813
2 24 28.7466 -5.6249 -6.2456 28.7466 -9.3814 -5.5368
2 24 26.5682 -6.2279 -6.1919 26.5963 -10.3888 -5.2813
2 24 28.7466 -9.3814 -5.5368 28.7466 -12.7992 -4.0307
2 24 25 -13.4707 -3.609 26.5963 -10.3888 -5.2813
2 24 3.3745 -6.2279 -6.1919 3.4038 -10.3888 -5.2813
2 24 5 -13.4707 -3.609 3.4038 -10.3888 -5.2813
2 24 -6.25 -6.9339 -6.1125 -6.25 -11.5421 -4.6951
2 24 28.7466 -12.7992 -4.0307 28.7466 -14.782 -2.5425
2 24 28.7466 -14.782 -2.5425 28.7466 -15.8867 -1.3932
2 24 -6.25 -11.5421 -4.6951 -6.25 -16.3513 -0.8453
2 24 -6.25 -18.5588 3.3577 -6.25 -16.3513 -0.8453
2 24 28.7466 -15.8867 -1.3932 28.2462 -16.4463 -0.7299
2 24 28.1162 -16.9553 0 28.2596 -17.4686 0.7209
2 24 28.75 -17.7793 1.3975 28.2596 -17.4686 0.7209
2 24 28.7466 -5.6249 -6.2456 28.7466 -9.3814 -5.5368
2 24 28.7466 -5.6249 -1.3932 28.7466 -5.6249 -6.2456
2 24 28.7466 -9.3814 -5.5368 28.7466 -12.7992 -4.0307
2 24 28.7466 -12.7992 -4.0307 28.7466 -14.782 -2.5425
2 24 28.7466 -14.782 -2.5425 28.7466 -15.8867 -1.3932
2 24 28.7466 -5.6249 -1.3932 28.7466 -15.8867 -1.3932
2 24 28.75 -17.7793 1.3975 28.7466 -18.8162 3.974
2 24 28.75 -17.7793 1.3975 28.75 -5.625 1.3975
2 24 28.7466 -18.8162 3.974 28.7466 -19.272 6.25
2 24 28.75 -5.625 1.3975 28.7466 -5.6249 6.25
2 24 28.7466 -19.272 6.25 28.7466 -5.6249 6.25
2 24 28.1162 -5.6249 0 28.2596 -5.6249 0.7209
2 24 28.1162 -5.6249 0 28.2462 -5.6249 -0.7299
2 24 28.2462 -5.6249 -0.7299 28.7466 -5.6249 -1.3932
2 24 28.2596 -5.6249 0.7209 28.75 -5.625 1.3975
2 24 5 -18.6666 3.4807 3.2515 -19.1144 5.2182
2 24 28.2462 -16.4463 -0.7299 28.1162 -16.9553 0
2 24 31.25 -17.7793 1.3975 31.7405 -17.4686 0.7209
2 24 31.25 -17.7793 1.3975 31.25 -5.625 1.3975
2 24 31.25 -5.625 1.3975 31.7405 -5.6249 0.7209
2 24 31.7405 -17.4686 0.7209 31.8839 -16.9553 0
2 24 31.7405 -5.6249 0.7209 31.8839 -5.6249 0
2 24 31.8839 -16.9553 0 31.7538 -16.4463 -0.7299
2 24 31.8839 -5.6249 0 31.7538 -5.6249 -0.7299
2 24 31.7538 -16.4463 -0.7299 31.2534 -15.8867 -1.3932
2 24 31.2534 -15.8867 -1.3932 31.2534 -5.6249 -1.3932
2 24 31.7538 -5.6249 -0.7299 31.2534 -5.6249 -1.3932
2 24 66.25 0 6.2275 56.5 0 6.25
2 24 70 0 10 50 0 10
2 24 66.25 0 -6.242 56.5 0 -6.25
2 24 70 0 -10 50 0 -10
2 24 70 0 10 70 0 -10
2 24 66.25 0 6.2275 66.25 0 -6.242
2 24 53.5 0 6.25 46.5 0 6.25
2 24 53.5 0 -6.25 46.5 0 -6.25
2 24 43.5 0 6.25 36.5 0 6.25
2 24 30 0 10 50 0 10
2 24 43.5 0 -6.25 36.5 0 -6.25
2 24 30 0 -10 50 0 -10
2 24 43.5 0 6.25 43.2487 -19.272 6.25
2 24 43.5 0 6.25 36.5 0 6.25
2 24 43.2487 -19.272 6.25 36.7513 -19.272 6.25
2 24 36.5 0 6.25 36.7513 -19.272 6.25
2 24 53.5 0 6.25 53.2487 -19.272 6.25
2 24 53.5 0 6.25 46.5 0 6.25
2 24 53.2487 -19.272 6.25 46.7513 -19.272 6.25
2 24 46.5 0 6.25 46.7513 -19.272 6.25
2 24 66.25 -19.272 6.25 56.7513 -19.272 6.25
2 24 66.25 -19.272 6.25 66.25 0 6.2275
2 24 56.7513 -19.272 6.25 56.5 0 6.25
2 24 66.25 0 6.2275 56.5 0 6.25
2 24 66.25 -6.9339 -6.1125 66.25 -11.5421 -4.6951
2 24 66.25 -11.5421 -4.6951 66.25 -16.3513 -0.8453
2 24 66.25 -16.3513 -0.8453 66.25 -18.5588 3.3577
2 24 66.25 -6.9339 -6.1125 66.25 0 -6.242
2 24 66.25 0 6.2275 66.25 0 -6.242
2 24 66.25 -18.5588 3.3577 66.25 -19.272 6.25
2 24 66.25 0 6.2275 66.25 -19.272 6.25
2 24 56.5 0 6.25 56.5 0 5.3212
2 24 53.5 0 6.25 53.5 0 5.3212
2 24 53.5 0 5.3212 55 0 3.8212
2 24 56.5 0 5.3212 55 0 3.8212
2 24 55 0 3.8212 55 -18.6666 3.4807
2 24 55 0 3.8212 53.5 0 5.3212
2 24 55 -18.6666 3.4807 53.2515 -19.1144 5.2182
2 24 53.5 0 5.3212 53.2515 -19.1144 5.2182
2 24 56.7486 -19.1144 5.2182 55 -18.6666 3.4807
2 24 56.7486 -19.1144 5.2182 56.5 0 5.3212
2 24 55 -18.6666 3.4807 55 0 3.8212
2 24 56.5 0 5.3212 55 0 3.8212
2 24 56.7513 -19.272 6.25 56.7486 -19.1144 5.2182
2 24 56.7513 -19.272 6.25 56.5 0 6.25
2 24 56.7486 -19.1144 5.2182 56.5 0 5.3212
2 24 56.5 0 6.25 56.5 0 5.3212
2 24 53.2487 -19.272 6.25 53.5 0 6.25
2 24 53.2487 -19.272 6.25 53.2515 -19.1144 5.2182
2 24 53.5 0 6.25 53.5 0 5.3212
2 24 53.2515 -19.1144 5.2182 53.5 0 5.3212
2 24 46.5 0 6.25 46.4889 0 5.3319
2 24 43.5 0 6.25 43.5 0 5.3212
2 24 43.5 0 5.3212 44.9933 0 3.8279
2 24 46.4889 0 5.3319 44.9933 0 3.8279
2 24 46.7513 -19.272 6.25 46.7486 -19.1144 5.2182
2 24 46.7513 -19.272 6.25 46.5 0 6.25
2 24 46.7486 -19.1144 5.2182 46.4889 0 5.3319
2 24 46.5 0 6.25 46.4889 0 5.3319
2 24 46.7486 -19.1144 5.2182 45 -18.6666 3.4807
2 24 46.7486 -19.1144 5.2182 46.4889 0 5.3319
2 24 45 -18.6666 3.4807 44.9933 0 3.8279
2 24 46.4889 0 5.3319 44.9933 0 3.8279
2 24 44.9933 0 3.8279 45 -18.6666 3.4807
2 24 44.9933 0 3.8279 43.5 0 5.3212
2 24 45 -18.6666 3.4807 43.2515 -19.1144 5.2182
2 24 43.5 0 5.3212 43.2515 -19.1144 5.2182
2 24 43.2487 -19.272 6.25 43.5 0 6.25
2 24 43.2487 -19.272 6.25 43.2515 -19.1144 5.2182
2 24 43.5 0 6.25 43.5 0 5.3212
2 24 43.2515 -19.1144 5.2182 43.5 0 5.3212
2 24 36.7513 -19.272 6.25 36.7486 -19.1144 5.2182
2 24 36.7513 -19.272 6.25 36.5 0 6.25
2 24 36.7486 -19.1144 5.2182 36.5 0 5.3392
2 24 36.5 0 6.25 36.5 0 5.3392
2 24 36.5 0 6.25 36.5 0 5.3392
2 24 33.5 0 6.25 33.5 0 5.3392
2 24 33.5 0 5.3392 35 0 3.8212
2 24 36.5 0 5.3392 35 0 3.8212
2 24 36.7486 -19.1144 5.2182 35 -18.6666 3.4807
2 24 36.7486 -19.1144 5.2182 36.5 0 5.3392
2 24 35 -18.6666 3.4807 35 0 3.8212
2 24 36.5 0 5.3392 35 0 3.8212
2 24 35 0 3.8212 35 -18.6666 3.4807
2 24 35 0 3.8212 33.5 0 5.3392
2 24 35 -18.6666 3.4807 33.2515 -19.1144 5.2182
2 24 33.5 0 5.3392 33.2515 -19.1144 5.2182
2 24 33.5 0 6.25 33.2487 -19.272 6.25
2 24 33.2487 -19.272 6.25 31.2534 -19.272 6.25
2 24 31.2534 -5.6249 6.25 31.2534 -19.272 6.25
2 24 33.5 0 5.3392 33.2515 -19.1144 5.2182
2 24 33.5 0 5.3392 33.5 0 6.25
2 24 33.2515 -19.1144 5.2182 33.2487 -19.272 6.25
2 24 33.5 0 6.25 33.2487 -19.272 6.25
2 24 53.5 0 -6.25 53.5 0 -5.3212
2 24 56.5 0 -6.25 56.5 0 -5.3212
2 24 56.5 0 -5.3212 55 0 -3.8212
2 24 53.5 0 -5.3212 55 0 -3.8212
2 24 56.5963 -10.3888 -5.2813 56.6256 -6.2279 -6.1919
2 24 56.5963 -10.3888 -5.2813 56.5 0 -5.3212
2 24 56.6256 -6.2279 -6.1919 56.5 0 -6.25
2 24 56.5 0 -5.3212 56.5 0 -6.25
2 24 55 -13.4707 -3.609 56.5963 -10.3888 -5.2813
2 24 55 -13.4707 -3.609 55 0 -3.8212
2 24 56.5963 -10.3888 -5.2813 56.5 0 -5.3212
2 24 55 0 -3.8212 56.5 0 -5.3212
2 24 55 -13.4707 -3.609 55 0 -3.8212
2 24 55 -13.4707 -3.609 53.4038 -10.3888 -5.2813
2 24 55 0 -3.8212 53.5 0 -5.3212
2 24 53.4038 -10.3888 -5.2813 53.5 0 -5.3212
2 24 53.5 0 -6.25 53.4764 -6.2279 -6.1919
2 24 53.5 0 -6.25 53.5 0 -5.3212
2 24 53.4764 -6.2279 -6.1919 53.4038 -10.3888 -5.2813
2 24 53.5 0 -5.3212 53.4038 -10.3888 -5.2813
2 24 43.5 0 -6.25 43.5 0 -5.3212
2 24 46.5 0 -6.25 46.5 0 -5.3212
2 24 46.5 0 -5.3212 45 0 -3.8212
2 24 43.5 0 -5.3212 45 0 -3.8212
2 24 46.5963 -10.3888 -5.2813 46.5612 -6.2279 -6.1919
2 24 46.5963 -10.3888 -5.2813 46.5 0 -5.3212
2 24 46.5612 -6.2279 -6.1919 46.5 0 -6.25
2 24 46.5 0 -5.3212 46.5 0 -6.25
2 24 45 -13.4707 -3.609 46.5963 -10.3888 -5.2813
2 24 45 -13.4707 -3.609 45 0 -3.8212
2 24 46.5963 -10.3888 -5.2813 46.5 0 -5.3212
2 24 45 0 -3.8212 46.5 0 -5.3212
2 24 45 -13.4707 -3.609 45 0 -3.8212
2 24 45 -13.4707 -3.609 43.4038 -10.3888 -5.2813
2 24 45 0 -3.8212 43.5 0 -5.3212
2 24 43.4038 -10.3888 -5.2813 43.5 0 -5.3212
2 24 43.5 0 -6.25 43.4711 -6.2279 -6.1919
2 24 43.5 0 -6.25 43.5 0 -5.3212
2 24 43.4711 -6.2279 -6.1919 43.4038 -10.3888 -5.2813
2 24 43.5 0 -5.3212 43.4038 -10.3888 -5.2813
2 24 33.5 0 -6.25 33.5 0 -5.3212
2 24 36.5 0 -6.25 36.5 0 -5.3212
2 24 36.5 0 -5.3212 34.9845 0 -3.8367
2 24 33.5 0 -5.3212 34.9845 0 -3.8367
2 24 36.5963 -10.3888 -5.2813 36.5522 -6.2279 -6.1919
2 24 36.5963 -10.3888 -5.2813 36.5 0 -5.3212
2 24 36.5522 -6.2279 -6.1919 36.5 0 -6.25
2 24 36.5 0 -5.3212 36.5 0 -6.25
2 24 36.5 0 -5.3212 34.9845 0 -3.8367
2 24 36.5 0 -5.3212 36.5963 -10.3888 -5.2813
2 24 34.9845 0 -3.8367 35 -13.4707 -3.609
2 24 36.5963 -10.3888 -5.2813 35 -13.4707 -3.609
2 24 35 -13.4707 -3.609 34.9845 0 -3.8367
2 24 35 -13.4707 -3.609 33.4038 -10.3888 -5.2813
2 24 34.9845 0 -3.8367 33.5 0 -5.3212
2 24 33.4038 -10.3888 -5.2813 33.5 0 -5.3212
2 24 33.5 0 -6.25 33.4319 -6.2279 -6.1919
2 24 33.5 0 -6.25 33.5 0 -5.3212
2 24 33.4319 -6.2279 -6.1919 33.4038 -10.3888 -5.2813
2 24 33.5 0 -5.3212 33.4038 -10.3888 -5.2813
2 24 46.5 0 -6.25 46.5612 -6.2279 -6.1919
2 24 46.5 0 -6.25 53.5 0 -6.25
2 24 53.5 0 -6.25 53.4764 -6.2279 -6.1919
2 24 36.5 0 -6.25 36.5522 -6.2279 -6.1919
2 24 36.5 0 -6.25 43.5 0 -6.25
2 24 43.5 0 -6.25 43.4711 -6.2279 -6.1919
2 24 56.5 0 -6.25 56.6256 -6.2279 -6.1919
2 24 56.5 0 -6.25 66.25 0 -6.242
2 24 66.25 0 -6.242 66.25 -6.9339 -6.1125
2 24 31.2534 -5.6249 -1.3932 31.2534 -5.6249 -6.2456
2 24 30 -5.6249 -6.2456 31.2534 -5.6249 -6.2456
2 24 33.4319 -6.2279 -6.1919 33.5 0 -6.25
2 24 43.2487 -19.272 6.25 43.2515 -19.1144 5.2182
2 24 43.2487 -19.272 6.25 36.7513 -19.272 6.25
2 24 36.7513 -19.272 6.25 36.7486 -19.1144 5.2182
2 24 53.2487 -19.272 6.25 53.2515 -19.1144 5.2182
2 24 53.2487 -19.272 6.25 46.7513 -19.272 6.25
2 24 46.7513 -19.272 6.25 46.7486 -19.1144 5.2182
2 24 33.2487 -19.272 6.25 33.2515 -19.1144 5.2182
2 24 33.2487 -19.272 6.25 31.2534 -19.272 6.25
2 24 31.2534 -19.272 6.25 31.2534 -18.8162 3.974
2 24 33.2515 -19.1144 5.2182 35 -18.6666 3.4807
2 24 31.2534 -18.8162 3.974 31.25 -17.7793 1.3975
2 24 43.2515 -19.1144 5.2182 45 -18.6666 3.4807
2 24 36.7486 -19.1144 5.2182 35 -18.6666 3.4807
2 24 53.2515 -19.1144 5.2182 55 -18.6666 3.4807
2 24 46.7486 -19.1144 5.2182 45 -18.6666 3.4807
2 24 56.7513 -19.272 6.25 66.25 -19.272 6.25
2 24 56.7513 -19.272 6.25 56.7486 -19.1144 5.2182
2 24 66.25 -19.272 6.25 66.25 -18.5588 3.3577
2 24 46.5612 -6.2279 -6.1919 46.5963 -10.3888 -5.2813
2 24 53.4764 -6.2279 -6.1919 53.4038 -10.3888 -5.2813
2 24 46.5963 -10.3888 -5.2813 45 -13.4707 -3.609
2 24 53.4038 -10.3888 -5.2813 55 -13.4707 -3.609
2 24 36.5522 -6.2279 -6.1919 36.5963 -10.3888 -5.2813
2 24 43.4711 -6.2279 -6.1919 43.4038 -10.3888 -5.2813
2 24 36.5963 -10.3888 -5.2813 35 -13.4707 -3.609
2 24 45 -13.4707 -3.609 43.4038 -10.3888 -5.2813
2 24 31.2534 -5.6249 -6.2456 31.2534 -9.3814 -5.5368
2 24 33.4319 -6.2279 -6.1919 33.4038 -10.3888 -5.2813
2 24 31.2534 -9.3814 -5.5368 31.2534 -12.7992 -4.0307
2 24 35 -13.4707 -3.609 33.4038 -10.3888 -5.2813
2 24 56.6256 -6.2279 -6.1919 56.5963 -10.3888 -5.2813
2 24 55 -13.4707 -3.609 56.5963 -10.3888 -5.2813
2 24 66.25 -6.9339 -6.1125 66.25 -11.5421 -4.6951
2 24 31.2534 -12.7992 -4.0307 31.2534 -14.782 -2.5425
2 24 31.2534 -14.782 -2.5425 31.2534 -15.8867 -1.3932
2 24 66.25 -11.5421 -4.6951 66.25 -16.3513 -0.8453
2 24 66.25 -18.5588 3.3577 66.25 -16.3513 -0.8453
2 24 31.2534 -15.8867 -1.3932 31.7538 -16.4463 -0.7299
2 24 31.8839 -16.9553 0 31.7405 -17.4686 0.7209
2 24 31.25 -17.7793 1.3975 31.7405 -17.4686 0.7209
2 24 31.2534 -9.3814 -5.5368 31.2534 -5.6249 -6.2456
2 24 31.2534 -5.6249 -1.3932 31.2534 -5.6249 -6.2456
2 24 31.2534 -9.3814 -5.5368 31.2534 -12.7992 -4.0307
2 24 31.2534 -12.7992 -4.0307 31.2534 -14.782 -2.5425
2 24 31.2534 -14.782 -2.5425 31.2534 -15.8867 -1.3932
2 24 31.2534 -5.6249 -1.3932 31.2534 -15.8867 -1.3932
2 24 31.25 -17.7793 1.3975 31.25 -5.625 1.3975
2 24 31.25 -17.7793 1.3975 31.2534 -18.8162 3.974
2 24 31.2534 -18.8162 3.974 31.2534 -19.272 6.25
2 24 31.2534 -19.272 6.25 31.2534 -5.6249 6.25
2 24 31.25 -5.625 1.3975 31.2534 -5.6249 6.25
2 24 31.8839 -5.6249 0 31.7405 -5.6249 0.7209
2 24 31.8839 -5.6249 0 31.7538 -5.6249 -0.7299
2 24 31.2534 -5.6249 -1.3932 31.7538 -5.6249 -0.7299
2 24 31.25 -5.625 1.3975 31.7405 -5.6249 0.7209
2 24 55 -18.6666 3.4807 56.7486 -19.1144 5.2182
2 24 31.7538 -16.4463 -0.7299 31.8839 -16.9553 0
2 24 30 -5.6249 -6.2456 31.2534 -5.6249 -6.2456
2 24 30 0 -6.25 33.5 0 -6.25
2 24 30 0 -6.25 33.5 0 -6.25
2 24 30 0 6.25 33.5 0 6.25
2 24 30 -5.6249 6.25 31.2534 -5.6249 6.25
2 24 30 0 6.25 33.5 0 6.25
2 24 30 -5.6249 -6.2456 28.7466 -5.6249 -6.2456
2 24 28.7466 -5.6249 -1.3932 28.7466 -5.6249 -6.2456
2 24 28.75 -5.625 1.3975 28.7466 -5.6249 6.25
2 24 30 -5.6249 6.25 28.7466 -5.6249 6.25
0 STEP
