0 Arch 1 x 4 x 2 1/3 Curved Top
0 Name: bl_5844.dat
0 Author: 
0 BL_Item_No 5844
0 BFC CERTIFY CCW
3 16 29.9676 -34.7814 10 39.6473 -38.637 10 29.9676 -34.7814 7
3 16 29.9676 -34.7814 7 39.6473 -38.637 10 39.6473 -38.637 7
3 16 39.6473 -38.637 10 29.9676 -34.7814 10 35.3313 -54.0798 10
3 16 35.3313 -54.0798 10 29.9676 -34.7814 10 21.7239 -48.7916 10
3 16 36.4432 -50.6385 -7 23.7732 -45.8696 -7 36.4432 -50.6385 7
3 16 36.4432 -50.6385 7 23.7732 -45.8696 -7 23.7732 -45.8696 7
3 16 39.6473 -38.637 7 36.4432 -50.6385 7 29.9676 -34.7814 7
3 16 29.9676 -34.7814 7 36.4432 -50.6385 7 23.7732 -45.8696 7
3 16 42.1561 -51.7154 -7 36.4432 -50.6385 -7 42.1561 -51.7154 7
3 16 42.1561 -51.7154 7 36.4432 -50.6385 -7 36.4432 -50.6385 7
3 16 42.1561 -51.7154 7 36.4432 -50.6385 7 39.6473 -38.637 7
3 16 21.7239 -48.7916 -10 35.3313 -54.0798 -10 21.7239 -48.7916 10
3 16 21.7239 -48.7916 10 35.3313 -54.0798 -10 35.3313 -54.0798 10
3 16 21.7239 -48.7916 -10 29.9676 -34.7814 -10 35.3313 -54.0798 -10
3 16 35.3313 -54.0798 -10 29.9676 -34.7814 -10 39.6473 -38.637 -10
3 16 29.9676 -34.7814 -7 39.6473 -38.637 -7 29.9676 -34.7814 -10
3 16 29.9676 -34.7814 -10 39.6473 -38.637 -7 39.6473 -38.637 -10
3 16 39.6473 -38.637 -7 36.4432 -50.6385 -7 42.1561 -51.7154 -7
3 16 39.6473 -38.637 -7 29.9676 -34.7814 -7 36.4432 -50.6385 -7
3 16 36.4432 -50.6385 -7 29.9676 -34.7814 -7 23.7732 -45.8696 -7
3 16 50 -56 -10 50 -48 -10 50 -56 10
3 16 50 -56 10 50 -48 -10 50 -48 10
3 16 70 -48 -10 70 -40 -10 70 -48 10
3 16 70 -48 10 70 -40 -10 70 -40 10
3 16 70 -40 10 51.6875 -40 10 70 -48 10
3 16 70 -48 10 51.6875 -40 10 50 -48 10
3 16 39.6473 -38.637 7 39.6473 -38.637 10 47.9375 -39.9208 7
3 16 47.9375 -39.9208 7 39.6473 -38.637 10 47.9375 -39.9208 10
3 16 47.9375 -39.9208 10 39.6473 -38.637 10 45.6353 -55.762 10
3 16 45.6353 -55.762 10 39.6473 -38.637 10 35.3313 -54.0798 10
3 16 50 -56 10 50 -48 10 45.6353 -55.762 10
3 16 45.6353 -55.762 10 50 -48 10 47.9375 -39.9208 10
3 16 50 -48 -10 70 -48 -10 50 -48 10
3 16 50 -48 10 70 -48 -10 70 -48 10
3 16 45.6353 -55.762 -10 50 -56 -10 45.6353 -55.762 10
3 16 45.6353 -55.762 10 50 -56 -10 50 -56 10
3 16 35.3313 -54.0798 10 35.3313 -54.0798 -10 45.6353 -55.762 10
3 16 45.6353 -55.762 10 35.3313 -54.0798 -10 45.6353 -55.762 -10
3 16 35.3313 -54.0798 -10 39.6473 -38.637 -10 45.6353 -55.762 -10
3 16 45.6353 -55.762 -10 39.6473 -38.637 -10 47.9375 -39.9208 -10
3 16 50 -56 -10 45.6353 -55.762 -10 50 -48 -10
3 16 50 -48 -10 45.6353 -55.762 -10 47.9375 -39.9208 -10
3 16 66.25 -45.25 -6.25 53.75 -45.25 -1.5 66.25 -45.25 6.25
3 16 66.25 -45.25 6.25 53.75 -45.25 -1.5 53.75 -45.25 1.5
3 16 66.25 -40 -6.25 66.25 -45.25 -6.25 66.25 -40 6.25
3 16 66.25 -40 6.25 66.25 -45.25 -6.25 66.25 -45.25 6.25
3 16 51.6875 -45.25 6.25 51.6875 -45.25 1.5 51.6875 -40 6.25
3 16 51.6875 -40 6.25 51.6875 -45.25 1.5 51.6875 -40 1.5
3 16 51.6875 -45.25 6.25 51.6875 -40 6.25 66.25 -45.25 6.25
3 16 66.25 -45.25 6.25 51.6875 -40 6.25 66.25 -40 6.25
3 16 51.6875 -45.25 -1.5 51.6875 -45.25 -6.25 51.6875 -40 -1.5
3 16 51.6875 -40 -1.5 51.6875 -45.25 -6.25 51.6875 -40 -6.25
3 16 66.25 -45.25 -6.25 66.25 -40 -6.25 51.6875 -45.25 -6.25
3 16 51.6875 -45.25 -6.25 66.25 -40 -6.25 51.6875 -40 -6.25
3 16 70 -40 -10 66.25 -40 -6.25 70 -40 10
3 16 70 -40 10 66.25 -40 -6.25 66.25 -40 6.25
3 16 51.6875 -40 -6.25 51.6875 -40 -10 47.9375 -39.9208 -7
3 16 47.9375 -39.9208 -7 51.6875 -40 -10 47.9375 -39.9208 -10
3 16 46.0136 -52.1004 -7 42.1561 -51.7154 -7 46.0136 -52.1004 7
3 16 46.0136 -52.1004 7 42.1561 -51.7154 -7 42.1561 -51.7154 7
3 16 39.6473 -38.637 -7 42.1561 -51.7154 -7 46.0625 -46.5 -7
3 16 46.0625 -46.5 -7 42.1561 -51.7154 -7 46.0136 -52.1004 -7
3 16 39.6473 -38.637 -10 39.6473 -38.637 -7 47.9375 -39.9208 -10
3 16 47.9375 -39.9208 -10 39.6473 -38.637 -7 47.9375 -39.9208 -7
3 16 50 -48 -10 51.6875 -40 -10 70 -48 -10
3 16 70 -48 -10 51.6875 -40 -10 70 -40 -10
3 16 50 -48 10 51.6875 -40 10 47.9375 -39.9208 10
3 16 51.6875 -40 -10 50 -48 -10 47.9375 -39.9208 -10
3 16 51.6875 -45.25 -1.5 51.6875 -40 -1.5 53.75 -45.25 -1.5
3 16 53.75 -45.25 -1.5 51.6875 -40 -1.5 53.75 -40 -1.5
3 16 53.75 -40 -1.5 51.6875 -40 -1.5 53.75 -40 1.5
3 16 53.75 -40 1.5 51.6875 -40 -1.5 51.6875 -40 1.5
3 16 66.25 -45.25 -6.25 51.6875 -45.25 -6.25 53.75 -45.25 -1.5
3 16 53.75 -45.25 -1.5 51.6875 -45.25 -6.25 51.6875 -45.25 -1.5
3 16 51.6875 -45.25 1.5 51.6875 -45.25 6.25 53.75 -45.25 1.5
3 16 53.75 -45.25 1.5 51.6875 -45.25 6.25 66.25 -45.25 6.25
3 16 53.75 -45.25 -1.5 53.75 -40 -1.5 53.75 -45.25 1.5
3 16 53.75 -45.25 1.5 53.75 -40 -1.5 53.75 -40 1.5
3 16 53.75 -45.25 1.5 53.75 -40 1.5 51.6875 -45.25 1.5
3 16 51.6875 -45.25 1.5 53.75 -40 1.5 51.6875 -40 1.5
3 16 51.6875 -40 6.25 47.9375 -39.9208 7 51.6875 -40 10
3 16 51.6875 -40 10 47.9375 -39.9208 7 47.9375 -39.9208 10
3 16 51.6875 -40 6.25 51.6875 -40 1.5 47.9375 -39.9208 7
3 16 70 -40 -10 51.6875 -40 -10 66.25 -40 -6.25
3 16 66.25 -40 -6.25 51.6875 -40 -10 51.6875 -40 -6.25
3 16 51.6875 -40 6.25 51.6875 -40 10 66.25 -40 6.25
3 16 66.25 -40 6.25 51.6875 -40 10 70 -40 10
3 16 47.9375 -39.9208 7 47.9375 -39.9208 -7 47.9375 -45.25 7
3 16 47.9375 -45.25 7 47.9375 -39.9208 -7 47.9375 -45.25 -7
3 16 39.6473 -38.637 7 47.9375 -39.9208 7 46.0625 -46.5 7
3 16 46.0625 -46.5 7 47.9375 -39.9208 7 47.9375 -45.25 7
3 16 47.9375 -39.9208 -7 51.6875 -40 -1.5 51.6875 -40 -6.25
3 16 51.6875 -40 -1.5 47.9375 -39.9208 -7 51.6875 -40 1.5
3 16 51.6875 -40 1.5 47.9375 -39.9208 -7 47.9375 -39.9208 7
3 16 29.9676 -34.7814 10 21.196 -28.0931 10 21.7239 -48.7916 10
3 16 21.7239 -48.7916 10 21.196 -28.0931 10 9.7942 -40.3769 10
3 16 29.9676 -34.7814 10 29.9676 -34.7814 7 21.196 -28.0931 10
3 16 21.196 -28.0931 10 29.9676 -34.7814 7 21.196 -28.0931 7
3 16 23.7732 -45.8696 7 12.624 -38.1908 7 29.9676 -34.7814 7
3 16 29.9676 -34.7814 7 12.624 -38.1908 7 21.196 -28.0931 7
3 16 9.7942 -40.3769 -10 21.7239 -48.7916 -10 9.7942 -40.3769 10
3 16 9.7942 -40.3769 10 21.7239 -48.7916 -10 21.7239 -48.7916 10
3 16 29.9676 -34.7814 -7 29.9676 -34.7814 -10 21.196 -28.0931 -7
3 16 21.196 -28.0931 -7 29.9676 -34.7814 -10 21.196 -28.0931 -10
3 16 23.7732 -45.8696 -7 12.624 -38.1908 -7 23.7732 -45.8696 7
3 16 23.7732 -45.8696 7 12.624 -38.1908 -7 12.624 -38.1908 7
3 16 23.7732 -45.8696 -7 29.9676 -34.7814 -7 12.624 -38.1908 -7
3 16 12.624 -38.1908 -7 29.9676 -34.7814 -7 21.196 -28.0931 -7
3 16 29.9676 -34.7814 -10 21.7239 -48.7916 -10 21.196 -28.0931 -10
3 16 21.196 -28.0931 -10 21.7239 -48.7916 -10 9.7942 -40.3769 -10
3 16 21.196 -28.0931 10 15.2571 -20.4758 10 9.7942 -40.3769 10
3 16 9.7942 -40.3769 10 15.2571 -20.4758 10 0.2467 -29.3329 10
3 16 0.2467 -29.3329 -10 9.7942 -40.3769 -10 0.2467 -29.3329 10
3 16 0.2467 -29.3329 10 9.7942 -40.3769 -10 9.7942 -40.3769 10
3 16 21.196 -28.0931 -10 9.7942 -40.3769 -10 15.2571 -20.4758 -10
3 16 15.2571 -20.4758 -10 9.7942 -40.3769 -10 0.2467 -29.3329 -10
3 16 21.196 -28.0931 -7 21.196 -28.0931 -10 15.2571 -20.4758 -7
3 16 15.2571 -20.4758 -7 21.196 -28.0931 -10 15.2571 -20.4758 -10
3 16 12.624 -38.1908 -7 10 -35.5216 -7 12.624 -38.1908 7
3 16 12.624 -38.1908 7 10 -35.5216 -7 10 -35.5216 7
3 16 15.2571 -20.4758 7 21.196 -28.0931 7 10 -35.5216 7
3 16 10 -35.5216 7 21.196 -28.0931 7 12.624 -38.1908 7
3 16 21.196 -28.0931 10 21.196 -28.0931 7 15.2571 -20.4758 10
3 16 15.2571 -20.4758 10 21.196 -28.0931 7 15.2571 -20.4758 7
3 16 10 -10.3377 -7 10 -5.217 -7 10 -10.3377 7
3 16 10 -10.3377 7 10 -5.217 -7 10 -5.217 7
3 16 10 -10.3377 7 10 -5.217 7 10.9102 -10.3377 7
3 16 10 -10.3377 7 10.9102 -10.3377 7 10 -23.9138 7
3 16 10.9102 -10.3377 7 15.2571 -20.4758 7 10 -23.9138 7
3 16 -10 0 10 -9.0424 -6.2233 10 10 0 10
3 16 10 0 10 -9.0424 -6.2233 10 10 -5.217 10
3 16 10 -5.217 10 10.9102 -10.3377 10 10 -5.217 7
3 16 10 -5.217 7 10.9102 -10.3377 10 10.9102 -10.3377 7
3 16 -10 0 -10 -9.0424 -6.2233 -10 -10 0 10
3 16 -10 0 10 -9.0424 -6.2233 -10 -9.0424 -6.2233 10
3 16 10.9102 -10.3377 7 10.9102 -10.3377 10 15.2571 -20.4758 7
3 16 15.2571 -20.4758 7 10.9102 -10.3377 10 15.2571 -20.4758 10
3 16 -9.0424 -6.2233 10 -6.3546 -16.3118 10 10 -5.217 10
3 16 10 -5.217 10 -6.3546 -16.3118 10 10.9102 -10.3377 10
3 16 -6.3546 -16.3118 10 0.2467 -29.3329 10 10.9102 -10.3377 10
3 16 10.9102 -10.3377 10 0.2467 -29.3329 10 15.2571 -20.4758 10
3 16 15.2571 -20.4758 7 10 -35.5216 7 10 -23.9138 7
3 16 10 -10.3377 7 10 -23.9138 7 10 -10.3377 -7
3 16 10 -10.3377 -7 10 -23.9138 7 10 -23.9138 -7
3 16 10 -10.3377 -7 10.9102 -10.3377 -7 10 -5.217 -7
3 16 0.2467 -29.3329 10 -6.3546 -16.3118 10 0.2467 -29.3329 -10
3 16 0.2467 -29.3329 -10 -6.3546 -16.3118 10 -6.3546 -16.3118 -10
3 16 -9.0424 -6.2233 -10 -6.3546 -16.3118 -10 -9.0424 -6.2233 10
3 16 -9.0424 -6.2233 10 -6.3546 -16.3118 -10 -6.3546 -16.3118 10
3 16 -9.0424 -6.2233 -10 10 -5.217 -10 -6.3546 -16.3118 -10
3 16 -6.3546 -16.3118 -10 10 -5.217 -10 10.9102 -10.3377 -10
3 16 15.2571 -20.4758 -10 0.2467 -29.3329 -10 10.9102 -10.3377 -10
3 16 10.9102 -10.3377 -10 0.2467 -29.3329 -10 -6.3546 -16.3118 -10
3 16 15.2571 -20.4758 -7 15.2571 -20.4758 -10 10.9102 -10.3377 -7
3 16 10.9102 -10.3377 -7 15.2571 -20.4758 -10 10.9102 -10.3377 -10
3 16 10 -5.217 -7 10.9102 -10.3377 -7 10 -5.217 -10
3 16 10 -5.217 -10 10.9102 -10.3377 -7 10.9102 -10.3377 -10
3 16 15.2571 -20.4758 -7 10 -35.5216 -7 21.196 -28.0931 -7
3 16 21.196 -28.0931 -7 10 -35.5216 -7 12.624 -38.1908 -7
3 16 10 -35.5216 -7 10 -23.9138 -7 10 -35.5216 7
3 16 10 -35.5216 7 10 -23.9138 -7 10 -23.9138 7
3 16 10 -10.3377 -7 10 -23.9138 -7 10.9102 -10.3377 -7
3 16 10 -23.9138 -7 15.2571 -20.4758 -7 10.9102 -10.3377 -7
3 16 10 -5.217 -10 -9.0424 -6.2233 -10 10 0 -10
3 16 10 0 -10 -9.0424 -6.2233 -10 -10 0 -10
3 16 10 -5.217 -7 10 0 -10 10 -5.217 7
3 16 10 -5.217 7 10 0 -10 10 0 10
3 16 10 -5.217 -7 10 -5.217 -10 10 0 -10
3 16 10 -5.217 7 10 0 10 10 -5.217 10
3 16 15.2571 -20.4758 -7 10 -23.9138 -7 10 -35.5216 -7
3 16 39.6473 -38.637 7 46.0625 -46.5 7 42.1561 -51.7154 7
3 16 42.1561 -51.7154 7 46.0625 -46.5 7 46.0136 -52.1004 7
3 16 39.6473 -38.637 -7 46.0625 -46.5 -7 47.9375 -39.9208 -7
3 16 47.9375 -39.9208 -7 46.0625 -46.5 -7 47.9375 -45.25 -7
3 16 46.0625 -46.5 -7 46.0625 -46.5 7 47.9375 -45.25 -7
3 16 47.9375 -45.25 -7 46.0625 -46.5 7 47.9375 -45.25 7
3 16 46.0136 -52.1004 -7 46.0136 -52.1004 7 46.0625 -46.5 -7
3 16 46.0625 -46.5 -7 46.0136 -52.1004 7 46.0625 -46.5 7
3 16 -10 0 10 10 0 10 -6.25 0 6.25
3 16 -6.25 0 6.25 10 0 10 6.25 0 6.25
3 16 -5.4026 -5.25 -6.25 -6.25 -5.25 -6.25 -5.4026 -5.25 6.25
3 16 -5.4026 -5.25 6.25 -6.25 -5.25 -6.25 -6.25 -5.25 6.25
3 16 6.25 0 -6.25 6.25 -31.2506 -6.25 6.25 0 6.25
3 16 6.25 0 6.25 6.25 -31.2506 -6.25 6.25 -31.2506 6.25
3 16 6.25 -31.2506 -6.25 1.733 -25.0683 -6.25 6.25 -31.2506 6.25
3 16 6.25 -31.2506 6.25 1.733 -25.0683 -6.25 1.733 -25.0683 6.25
3 16 6.25 0 6.25 -4.1765 -11.2618 6.25 -5.4026 -5.25 6.25
3 16 10 0 -10 -10 0 -10 6.25 0 -6.25
3 16 6.25 0 -6.25 -10 0 -10 -6.25 0 -6.25
3 16 -6.25 -5.25 -6.25 -6.25 0 -6.25 -6.25 -5.25 6.25
3 16 -6.25 -5.25 6.25 -6.25 0 -6.25 -6.25 0 6.25
3 16 -6.25 -5.25 6.25 -6.25 0 6.25 -5.4026 -5.25 6.25
3 16 -5.4026 -5.25 6.25 -6.25 0 6.25 6.25 0 6.25
3 16 -4.1765 -11.2618 -6.25 -5.4026 -5.25 -6.25 -4.1765 -11.2618 6.25
3 16 -4.1765 -11.2618 6.25 -5.4026 -5.25 -6.25 -5.4026 -5.25 6.25
3 16 1.733 -25.0683 -6.25 -1.6882 -18.3647 -6.25 1.733 -25.0683 6.25
3 16 1.733 -25.0683 6.25 -1.6882 -18.3647 -6.25 -1.6882 -18.3647 6.25
3 16 -6.25 -5.25 -6.25 -5.4026 -5.25 -6.25 -6.25 0 -6.25
3 16 -5.4026 -5.25 -6.25 6.25 0 -6.25 -6.25 0 -6.25
3 16 -1.6882 -18.3647 -6.25 -4.1765 -11.2618 -6.25 -1.6882 -18.3647 6.25
3 16 -1.6882 -18.3647 6.25 -4.1765 -11.2618 -6.25 -4.1765 -11.2618 6.25
3 16 1.733 -25.0683 -6.25 6.25 -31.2506 -6.25 6.25 0 -6.25
3 16 10 0 -10 6.25 0 -6.25 10 0 10
3 16 10 0 10 6.25 0 -6.25 6.25 0 6.25
3 16 6.25 0 6.25 6.25 -31.2506 6.25 1.733 -25.0683 6.25
3 16 1.733 -25.0683 -6.25 6.25 0 -6.25 -1.6882 -18.3647 -6.25
3 16 6.25 0 6.25 1.733 -25.0683 6.25 -1.6882 -18.3647 6.25
3 16 -1.6882 -18.3647 -6.25 6.25 0 -6.25 -4.1765 -11.2618 -6.25
3 16 6.25 0 6.25 -1.6882 -18.3647 6.25 -4.1765 -11.2618 6.25
3 16 -4.1765 -11.2618 -6.25 6.25 0 -6.25 -5.4026 -5.25 -6.25
3 16 -6.25 0 -6.25 -10 0 -10 -6.25 0 6.25
3 16 -6.25 0 6.25 -10 0 -10 -10 0 10
3 16 60 -52.45 0 54.5856 -52.45 -3.126 56.874 -52.45 -5.4144
3 16 56.874 -52.45 -5.4144 60 -52.45 -6.252 60 -52.45 0
3 16 60 -52.45 -6.252 63.126 -52.45 -5.4144 60 -52.45 0
3 16 63.126 -52.45 -5.4144 65.4144 -52.45 -3.126 60 -52.45 0
3 16 65.4144 -52.45 -3.126 66.252 -52.45 0 60 -52.45 0
3 16 66.252 -52.45 0 65.4144 -52.45 3.126 60 -52.45 0
3 16 65.4144 -52.45 3.126 63.126 -52.45 5.4144 60 -52.45 0
3 16 63.126 -52.45 5.4144 60 -52.45 6.252 60 -52.45 0
3 16 60 -52.45 6.252 56.874 -52.45 5.4144 60 -52.45 0
3 16 56.874 -52.45 5.4144 54.5856 -52.45 3.126 60 -52.45 0
3 16 54.5856 -52.45 3.126 53.748 -52.45 0 60 -52.45 0
3 16 53.748 -52.45 0 54.5856 -52.45 -3.126 60 -52.45 0
3 16 54.5856 -48 -3.126 56.874 -48 -5.4144 54.5856 -52.45 -3.126
3 16 54.5856 -52.45 -3.126 56.874 -48 -5.4144 56.874 -52.45 -5.4144
3 16 56.874 -48 -5.4144 60 -48 -6.252 56.874 -52.45 -5.4144
3 16 56.874 -52.45 -5.4144 60 -48 -6.252 60 -52.45 -6.252
3 16 60 -48 -6.252 63.126 -48 -5.4144 60 -52.45 -6.252
3 16 60 -52.45 -6.252 63.126 -48 -5.4144 63.126 -52.45 -5.4144
3 16 63.126 -48 -5.4144 65.4144 -48 -3.126 63.126 -52.45 -5.4144
3 16 63.126 -52.45 -5.4144 65.4144 -48 -3.126 65.4144 -52.45 -3.126
3 16 65.4144 -48 -3.126 66.252 -48 0 65.4144 -52.45 -3.126
3 16 65.4144 -52.45 -3.126 66.252 -48 0 66.252 -52.45 0
3 16 66.252 -48 0 65.4144 -48 3.126 66.252 -52.45 0
3 16 66.252 -52.45 0 65.4144 -48 3.126 65.4144 -52.45 3.126
3 16 65.4144 -48 3.126 63.126 -48 5.4144 65.4144 -52.45 3.126
3 16 65.4144 -52.45 3.126 63.126 -48 5.4144 63.126 -52.45 5.4144
3 16 63.126 -48 5.4144 60 -48 6.252 63.126 -52.45 5.4144
3 16 63.126 -52.45 5.4144 60 -48 6.252 60 -52.45 6.252
3 16 60 -48 6.252 56.874 -48 5.4144 60 -52.45 6.252
3 16 60 -52.45 6.252 56.874 -48 5.4144 56.874 -52.45 5.4144
3 16 56.874 -48 5.4144 54.5856 -48 3.126 56.874 -52.45 5.4144
3 16 56.874 -52.45 5.4144 54.5856 -48 3.126 54.5856 -52.45 3.126
3 16 54.5856 -48 3.126 53.748 -48 0 54.5856 -52.45 3.126
3 16 54.5856 -52.45 3.126 53.748 -48 0 53.748 -52.45 0
3 16 53.748 -48 0 54.5856 -48 -3.126 53.748 -52.45 0
3 16 53.748 -52.45 0 54.5856 -48 -3.126 54.5856 -52.45 -3.126
2 24 29.9676 -34.7814 10 39.6473 -38.637 10
2 24 29.9676 -34.7814 7 39.6473 -38.637 7
2 24 39.6473 -38.637 10 29.9676 -34.7814 10
2 24 35.3313 -54.0798 10 21.7239 -48.7916 10
2 24 36.4432 -50.6385 -7 23.7732 -45.8696 -7
2 24 36.4432 -50.6385 7 23.7732 -45.8696 7
2 24 39.6473 -38.637 7 29.9676 -34.7814 7
2 24 36.4432 -50.6385 7 23.7732 -45.8696 7
2 24 36.4432 -50.6385 -7 42.1561 -51.7154 -7
2 24 36.4432 -50.6385 7 42.1561 -51.7154 7
2 24 36.4432 -50.6385 7 42.1561 -51.7154 7
2 24 21.7239 -48.7916 -10 35.3313 -54.0798 -10
2 24 21.7239 -48.7916 10 35.3313 -54.0798 10
2 24 21.7239 -48.7916 -10 35.3313 -54.0798 -10
2 24 29.9676 -34.7814 -10 39.6473 -38.637 -10
2 24 29.9676 -34.7814 -7 39.6473 -38.637 -7
2 24 29.9676 -34.7814 -10 39.6473 -38.637 -10
2 24 36.4432 -50.6385 -7 42.1561 -51.7154 -7
2 24 39.6473 -38.637 -7 29.9676 -34.7814 -7
2 24 36.4432 -50.6385 -7 23.7732 -45.8696 -7
2 24 50 -56 -10 50 -48 -10
2 24 50 -56 -10 50 -56 10
2 24 50 -48 -10 50 -48 10
2 24 50 -56 10 50 -48 10
2 24 70 -48 -10 70 -40 -10
2 24 70 -48 -10 70 -48 10
2 24 70 -40 -10 70 -40 10
2 24 70 -48 10 70 -40 10
2 24 70 -40 10 51.6875 -40 10
2 24 70 -40 10 70 -48 10
2 24 70 -48 10 50 -48 10
2 24 39.6473 -38.637 7 47.9375 -39.9208 7
2 24 39.6473 -38.637 10 47.9375 -39.9208 10
2 24 39.6473 -38.637 10 47.9375 -39.9208 10
2 24 35.3313 -54.0798 10 45.6353 -55.762 10
2 24 50 -48 10 50 -56 10
2 24 45.6353 -55.762 10 50 -56 10
2 24 50 -48 -10 70 -48 -10
2 24 50 -48 -10 50 -48 10
2 24 70 -48 -10 70 -48 10
2 24 50 -48 10 70 -48 10
2 24 45.6353 -55.762 -10 50 -56 -10
2 24 50 -56 -10 50 -56 10
2 24 45.6353 -55.762 10 50 -56 10
2 24 35.3313 -54.0798 10 45.6353 -55.762 10
2 24 35.3313 -54.0798 -10 45.6353 -55.762 -10
2 24 35.3313 -54.0798 -10 45.6353 -55.762 -10
2 24 39.6473 -38.637 -10 47.9375 -39.9208 -10
2 24 45.6353 -55.762 -10 50 -56 -10
2 24 50 -56 -10 50 -48 -10
2 24 66.25 -45.25 -6.25 66.25 -45.25 6.25
2 24 53.75 -45.25 -1.5 53.75 -45.25 1.5
2 24 66.25 -40 -6.25 66.25 -45.25 -6.25
2 24 66.25 -40 -6.25 66.25 -40 6.25
2 24 66.25 -45.25 -6.25 66.25 -45.25 6.25
2 24 66.25 -40 6.25 66.25 -45.25 6.25
2 24 51.6875 -45.25 6.25 51.6875 -45.25 1.5
2 24 51.6875 -45.25 6.25 51.6875 -40 6.25
2 24 51.6875 -45.25 1.5 51.6875 -40 1.5
2 24 51.6875 -40 6.25 51.6875 -40 1.5
2 24 51.6875 -45.25 6.25 51.6875 -40 6.25
2 24 51.6875 -45.25 6.25 66.25 -45.25 6.25
2 24 51.6875 -40 6.25 66.25 -40 6.25
2 24 66.25 -45.25 6.25 66.25 -40 6.25
2 24 51.6875 -45.25 -1.5 51.6875 -45.25 -6.25
2 24 51.6875 -45.25 -1.5 51.6875 -40 -1.5
2 24 51.6875 -45.25 -6.25 51.6875 -40 -6.25
2 24 51.6875 -40 -1.5 51.6875 -40 -6.25
2 24 66.25 -45.25 -6.25 66.25 -40 -6.25
2 24 66.25 -45.25 -6.25 51.6875 -45.25 -6.25
2 24 66.25 -40 -6.25 51.6875 -40 -6.25
2 24 51.6875 -45.25 -6.25 51.6875 -40 -6.25
2 24 70 -40 -10 70 -40 10
2 24 66.25 -40 -6.25 66.25 -40 6.25
2 24 51.6875 -40 -10 47.9375 -39.9208 -10
2 24 42.1561 -51.7154 -7 46.0136 -52.1004 -7
2 24 46.0136 -52.1004 -7 46.0136 -52.1004 7
2 24 42.1561 -51.7154 7 46.0136 -52.1004 7
2 24 42.1561 -51.7154 -7 46.0136 -52.1004 -7
2 24 46.0625 -46.5 -7 46.0136 -52.1004 -7
2 24 39.6473 -38.637 -10 47.9375 -39.9208 -10
2 24 39.6473 -38.637 -7 47.9375 -39.9208 -7
2 24 50 -48 -10 70 -48 -10
2 24 51.6875 -40 -10 70 -40 -10
2 24 70 -48 -10 70 -40 -10
2 24 51.6875 -40 10 47.9375 -39.9208 10
2 24 47.9375 -39.9208 -10 51.6875 -40 -10
2 24 51.6875 -45.25 -1.5 51.6875 -40 -1.5
2 24 51.6875 -45.25 -1.5 53.75 -45.25 -1.5
2 24 51.6875 -40 -1.5 53.75 -40 -1.5
2 24 53.75 -45.25 -1.5 53.75 -40 -1.5
2 24 53.75 -40 -1.5 51.6875 -40 -1.5
2 24 53.75 -40 -1.5 53.75 -40 1.5
2 24 53.75 -40 1.5 51.6875 -40 1.5
2 24 66.25 -45.25 -6.25 51.6875 -45.25 -6.25
2 24 51.6875 -45.25 -6.25 51.6875 -45.25 -1.5
2 24 53.75 -45.25 -1.5 51.6875 -45.25 -1.5
2 24 51.6875 -45.25 1.5 51.6875 -45.25 6.25
2 24 53.75 -45.25 1.5 51.6875 -45.25 1.5
2 24 66.25 -45.25 6.25 51.6875 -45.25 6.25
2 24 53.75 -45.25 -1.5 53.75 -40 -1.5
2 24 53.75 -45.25 -1.5 53.75 -45.25 1.5
2 24 53.75 -40 -1.5 53.75 -40 1.5
2 24 53.75 -45.25 1.5 53.75 -40 1.5
2 24 53.75 -45.25 1.5 53.75 -40 1.5
2 24 53.75 -45.25 1.5 51.6875 -45.25 1.5
2 24 53.75 -40 1.5 51.6875 -40 1.5
2 24 51.6875 -45.25 1.5 51.6875 -40 1.5
2 24 47.9375 -39.9208 10 51.6875 -40 10
2 24 51.6875 -40 1.5 51.6875 -40 6.25
2 24 70 -40 -10 51.6875 -40 -10
2 24 66.25 -40 -6.25 51.6875 -40 -6.25
2 24 66.25 -40 6.25 51.6875 -40 6.25
2 24 70 -40 10 51.6875 -40 10
2 24 47.9375 -39.9208 7 47.9375 -39.9208 -7
2 24 47.9375 -39.9208 7 47.9375 -45.25 7
2 24 47.9375 -39.9208 -7 47.9375 -45.25 -7
2 24 47.9375 -45.25 7 47.9375 -45.25 -7
2 24 39.6473 -38.637 7 47.9375 -39.9208 7
2 24 47.9375 -39.9208 7 47.9375 -45.25 7
2 24 46.0625 -46.5 7 47.9375 -45.25 7
2 24 51.6875 -40 -6.25 51.6875 -40 -1.5
2 24 47.9375 -39.9208 7 47.9375 -39.9208 -7
2 24 29.9676 -34.7814 10 21.196 -28.0931 10
2 24 21.7239 -48.7916 10 9.7942 -40.3769 10
2 24 29.9676 -34.7814 10 21.196 -28.0931 10
2 24 29.9676 -34.7814 7 21.196 -28.0931 7
2 24 23.7732 -45.8696 7 12.624 -38.1908 7
2 24 29.9676 -34.7814 7 21.196 -28.0931 7
2 24 21.7239 -48.7916 -10 9.7942 -40.3769 -10
2 24 21.7239 -48.7916 10 9.7942 -40.3769 10
2 24 29.9676 -34.7814 -7 21.196 -28.0931 -7
2 24 29.9676 -34.7814 -10 21.196 -28.0931 -10
2 24 23.7732 -45.8696 -7 12.624 -38.1908 -7
2 24 23.7732 -45.8696 7 12.624 -38.1908 7
2 24 23.7732 -45.8696 -7 12.624 -38.1908 -7
2 24 29.9676 -34.7814 -7 21.196 -28.0931 -7
2 24 29.9676 -34.7814 -10 21.196 -28.0931 -10
2 24 21.7239 -48.7916 -10 9.7942 -40.3769 -10
2 24 21.196 -28.0931 10 15.2571 -20.4758 10
2 24 9.7942 -40.3769 10 0.2467 -29.3329 10
2 24 9.7942 -40.3769 -10 0.2467 -29.3329 -10
2 24 9.7942 -40.3769 10 0.2467 -29.3329 10
2 24 21.196 -28.0931 -10 15.2571 -20.4758 -10
2 24 9.7942 -40.3769 -10 0.2467 -29.3329 -10
2 24 21.196 -28.0931 -7 15.2571 -20.4758 -7
2 24 21.196 -28.0931 -10 15.2571 -20.4758 -10
2 24 12.624 -38.1908 -7 10 -35.5216 -7
2 24 10 -35.5216 -7 10 -35.5216 7
2 24 12.624 -38.1908 7 10 -35.5216 7
2 24 21.196 -28.0931 7 15.2571 -20.4758 7
2 24 12.624 -38.1908 7 10 -35.5216 7
2 24 21.196 -28.0931 10 15.2571 -20.4758 10
2 24 21.196 -28.0931 7 15.2571 -20.4758 7
2 24 10 -10.3377 -7 10 -5.217 -7
2 24 10 -10.3377 7 10 -5.217 7
2 24 10 -5.217 7 10.9102 -10.3377 7
2 24 10 -10.3377 7 10 -5.217 7
2 24 10 -10.3377 7 10 -23.9138 7
2 24 15.2571 -20.4758 7 10.9102 -10.3377 7
2 24 -10 0 10 -9.0424 -6.2233 10
2 24 -10 0 10 10 0 10
2 24 10 0 10 10 -5.217 10
2 24 10 -5.217 10 10.9102 -10.3377 10
2 24 10 -5.217 7 10.9102 -10.3377 7
2 24 -10 0 -10 -9.0424 -6.2233 -10
2 24 -10 0 -10 -10 0 10
2 24 -10 0 10 -9.0424 -6.2233 10
2 24 15.2571 -20.4758 7 10.9102 -10.3377 7
2 24 15.2571 -20.4758 10 10.9102 -10.3377 10
2 24 -9.0424 -6.2233 10 -6.3546 -16.3118 10
2 24 10 -5.217 10 10.9102 -10.3377 10
2 24 0.2467 -29.3329 10 -6.3546 -16.3118 10
2 24 15.2571 -20.4758 10 10.9102 -10.3377 10
2 24 10 -35.5216 7 10 -23.9138 7
2 24 10 -10.3377 7 10 -23.9138 7
2 24 10 -10.3377 -7 10 -23.9138 -7
2 24 10.9102 -10.3377 -7 10 -5.217 -7
2 24 10 -10.3377 -7 10 -5.217 -7
2 24 0.2467 -29.3329 10 -6.3546 -16.3118 10
2 24 0.2467 -29.3329 -10 -6.3546 -16.3118 -10
2 24 -9.0424 -6.2233 -10 -6.3546 -16.3118 -10
2 24 -9.0424 -6.2233 10 -6.3546 -16.3118 10
2 24 -9.0424 -6.2233 -10 -6.3546 -16.3118 -10
2 24 10 -5.217 -10 10.9102 -10.3377 -10
2 24 15.2571 -20.4758 -10 10.9102 -10.3377 -10
2 24 0.2467 -29.3329 -10 -6.3546 -16.3118 -10
2 24 15.2571 -20.4758 -7 10.9102 -10.3377 -7
2 24 15.2571 -20.4758 -10 10.9102 -10.3377 -10
2 24 10 -5.217 -7 10.9102 -10.3377 -7
2 24 10.9102 -10.3377 -10 10 -5.217 -10
2 24 21.196 -28.0931 -7 15.2571 -20.4758 -7
2 24 12.624 -38.1908 -7 10 -35.5216 -7
2 24 10 -23.9138 -7 10 -35.5216 -7
2 24 10 -35.5216 -7 10 -35.5216 7
2 24 10 -23.9138 7 10 -35.5216 7
2 24 10 -10.3377 -7 10 -23.9138 -7
2 24 10.9102 -10.3377 -7 15.2571 -20.4758 -7
2 24 10 -5.217 -10 10 0 -10
2 24 -9.0424 -6.2233 -10 -10 0 -10
2 24 10 0 -10 -10 0 -10
2 24 10 0 -10 10 0 10
2 24 10 -5.217 -10 10 0 -10
2 24 10 -5.217 10 10 0 10
2 24 10 -35.5216 -7 10 -23.9138 -7
2 24 46.0625 -46.5 7 46.0136 -52.1004 7
2 24 42.1561 -51.7154 7 46.0136 -52.1004 7
2 24 39.6473 -38.637 -7 47.9375 -39.9208 -7
2 24 46.0625 -46.5 -7 47.9375 -45.25 -7
2 24 47.9375 -39.9208 -7 47.9375 -45.25 -7
2 24 46.0625 -46.5 -7 46.0625 -46.5 7
2 24 46.0625 -46.5 -7 47.9375 -45.25 -7
2 24 46.0625 -46.5 7 47.9375 -45.25 7
2 24 47.9375 -45.25 -7 47.9375 -45.25 7
2 24 46.0136 -52.1004 -7 46.0136 -52.1004 7
2 24 46.0136 -52.1004 -7 46.0625 -46.5 -7
2 24 46.0136 -52.1004 7 46.0625 -46.5 7
2 24 46.0625 -46.5 -7 46.0625 -46.5 7
2 24 -10 0 10 10 0 10
2 24 -6.25 0 6.25 6.25 0 6.25
2 24 -5.4026 -5.25 -6.25 -6.25 -5.25 -6.25
2 24 -5.4026 -5.25 -6.25 -5.4026 -5.25 6.25
2 24 -6.25 -5.25 -6.25 -6.25 -5.25 6.25
2 24 -5.4026 -5.25 6.25 -6.25 -5.25 6.25
2 24 6.25 0 -6.25 6.25 -31.2506 -6.25
2 24 6.25 0 -6.25 6.25 0 6.25
2 24 6.25 -31.2506 -6.25 6.25 -31.2506 6.25
2 24 6.25 0 6.25 6.25 -31.2506 6.25
2 24 6.25 -31.2506 -6.25 1.733 -25.0683 -6.25
2 24 6.25 -31.2506 -6.25 6.25 -31.2506 6.25
2 24 6.25 -31.2506 6.25 1.733 -25.0683 6.25
2 24 -4.1765 -11.2618 6.25 -5.4026 -5.25 6.25
2 24 10 0 -10 -10 0 -10
2 24 6.25 0 -6.25 -6.25 0 -6.25
2 24 -6.25 -5.25 -6.25 -6.25 0 -6.25
2 24 -6.25 -5.25 -6.25 -6.25 -5.25 6.25
2 24 -6.25 0 -6.25 -6.25 0 6.25
2 24 -6.25 -5.25 6.25 -6.25 0 6.25
2 24 -6.25 -5.25 6.25 -6.25 0 6.25
2 24 -5.4026 -5.25 6.25 -6.25 -5.25 6.25
2 24 6.25 0 6.25 -6.25 0 6.25
2 24 -4.1765 -11.2618 -6.25 -5.4026 -5.25 -6.25
2 24 -5.4026 -5.25 -6.25 -5.4026 -5.25 6.25
2 24 -4.1765 -11.2618 6.25 -5.4026 -5.25 6.25
2 24 1.733 -25.0683 -6.25 -1.6882 -18.3647 -6.25
2 24 1.733 -25.0683 6.25 -1.6882 -18.3647 6.25
2 24 -6.25 -5.25 -6.25 -5.4026 -5.25 -6.25
2 24 -6.25 -5.25 -6.25 -6.25 0 -6.25
2 24 -6.25 0 -6.25 6.25 0 -6.25
2 24 -4.1765 -11.2618 -6.25 -1.6882 -18.3647 -6.25
2 24 -4.1765 -11.2618 6.25 -1.6882 -18.3647 6.25
2 24 6.25 0 -6.25 6.25 -31.2506 -6.25
2 24 1.733 -25.0683 -6.25 6.25 -31.2506 -6.25
2 24 10 0 10 10 0 -10
2 24 6.25 0 6.25 6.25 0 -6.25
2 24 6.25 -31.2506 6.25 1.733 -25.0683 6.25
2 24 6.25 0 6.25 6.25 -31.2506 6.25
2 24 1.733 -25.0683 -6.25 -1.6882 -18.3647 -6.25
2 24 1.733 -25.0683 6.25 -1.6882 -18.3647 6.25
2 24 -1.6882 -18.3647 -6.25 -4.1765 -11.2618 -6.25
2 24 -4.1765 -11.2618 6.25 -1.6882 -18.3647 6.25
2 24 -5.4026 -5.25 -6.25 -4.1765 -11.2618 -6.25
2 24 -6.25 0 6.25 -6.25 0 -6.25
2 24 -10 0 10 -10 0 -10
2 24 54.5856 -52.45 -3.126 56.874 -52.45 -5.4144
2 24 56.874 -52.45 -5.4144 60 -52.45 -6.252
2 24 60 -52.45 -6.252 63.126 -52.45 -5.4144
2 24 63.126 -52.45 -5.4144 65.4144 -52.45 -3.126
2 24 65.4144 -52.45 -3.126 66.252 -52.45 0
2 24 66.252 -52.45 0 65.4144 -52.45 3.126
2 24 65.4144 -52.45 3.126 63.126 -52.45 5.4144
2 24 63.126 -52.45 5.4144 60 -52.45 6.252
2 24 60 -52.45 6.252 56.874 -52.45 5.4144
2 24 56.874 -52.45 5.4144 54.5856 -52.45 3.126
2 24 54.5856 -52.45 3.126 53.748 -52.45 0
2 24 54.5856 -52.45 -3.126 53.748 -52.45 0
2 24 54.5856 -48 -3.126 56.874 -48 -5.4144
2 24 54.5856 -52.45 -3.126 56.874 -52.45 -5.4144
2 24 56.874 -48 -5.4144 60 -48 -6.252
2 24 56.874 -52.45 -5.4144 60 -52.45 -6.252
2 24 60 -48 -6.252 63.126 -48 -5.4144
2 24 60 -52.45 -6.252 63.126 -52.45 -5.4144
2 24 63.126 -48 -5.4144 65.4144 -48 -3.126
2 24 63.126 -52.45 -5.4144 65.4144 -52.45 -3.126
2 24 65.4144 -48 -3.126 66.252 -48 0
2 24 65.4144 -52.45 -3.126 66.252 -52.45 0
2 24 66.252 -48 0 65.4144 -48 3.126
2 24 66.252 -52.45 0 65.4144 -52.45 3.126
2 24 65.4144 -48 3.126 63.126 -48 5.4144
2 24 65.4144 -52.45 3.126 63.126 -52.45 5.4144
2 24 63.126 -48 5.4144 60 -48 6.252
2 24 63.126 -52.45 5.4144 60 -52.45 6.252
2 24 60 -48 6.252 56.874 -48 5.4144
2 24 60 -52.45 6.252 56.874 -52.45 5.4144
2 24 56.874 -48 5.4144 54.5856 -48 3.126
2 24 56.874 -52.45 5.4144 54.5856 -52.45 3.126
2 24 54.5856 -48 3.126 53.748 -48 0
2 24 54.5856 -52.45 3.126 53.748 -52.45 0
2 24 54.5856 -48 -3.126 53.748 -48 0
2 24 54.5856 -52.45 -3.126 53.748 -52.45 0
0 STEP
