0 Slope, Curved 1 x 1 Corner Round
0 Name: bl_5848.dat
0 Author: 
0 BL_Item_No 5848
0 BFC CERTIFY CCW
3 16 -1.2108 -8.2337 -6.0107 -3.8146 -8.2319 -3.8146 -1.6302 -5.2498 -6.2419
3 16 -1.6302 -5.2498 -6.2419 -3.8146 -8.2319 -3.8146 -4.1164 -5.2498 -4.1164
3 16 1.7432 -8.232 -7.7069 -1.2108 -8.2337 -6.0107 -0.7311 -4.8406 -6.8655
3 16 -0.7311 -4.8406 -6.8655 -1.2108 -8.2337 -6.0107 -1.6302 -5.2498 -6.2419
3 16 4.8404 -5.3648 -9.2634 4.9422 -8.2329 -8.8758 1.5775 -5.3647 -8.0726
3 16 1.5775 -5.3647 -8.0726 4.9422 -8.2329 -8.8758 1.7432 -8.232 -7.7069
3 16 4.8404 -5.3648 -9.2634 1.5775 -5.3647 -8.0726 4.8277 -2.3199 -9.3083
3 16 4.8277 -2.3199 -9.3083 1.5775 -5.3647 -8.0726 1.524 -2.3214 -8.1081
3 16 4.8404 -5.3648 -9.2634 8.2582 -5.3645 -9.8677 4.9422 -8.2329 -8.8758
3 16 4.9422 -8.2329 -8.8758 8.2582 -5.3645 -9.8677 8.2972 -8.2323 -9.4646
3 16 8.2547 -2.3199 -9.9223 8.2582 -5.3645 -9.8677 4.8277 -2.3199 -9.3083
3 16 4.8277 -2.3199 -9.3083 8.2582 -5.3645 -9.8677 4.8404 -5.3648 -9.2634
3 16 -2.889 -12.2017 -2.889 -3.8146 -8.2319 -3.8146 -0.4591 -12.2048 -4.9371
3 16 -0.4591 -12.2048 -4.9371 -3.8146 -8.2319 -3.8146 -1.2108 -8.2337 -6.0107
3 16 -0.4591 -12.2048 -4.9371 -1.2108 -8.2337 -6.0107 2.2964 -12.2018 -6.5204
3 16 2.2964 -12.2018 -6.5204 -1.2108 -8.2337 -6.0107 1.7432 -8.232 -7.7069
3 16 2.2964 -12.2018 -6.5204 1.7432 -8.232 -7.7069 5.2812 -12.2034 -7.6105
3 16 5.2812 -12.2034 -7.6105 1.7432 -8.232 -7.7069 4.9422 -8.2329 -8.8758
3 16 5.2812 -12.2034 -7.6105 4.9422 -8.2329 -8.8758 8.2927 -12.2024 -8.1445
3 16 8.2927 -12.2024 -8.1445 4.9422 -8.2329 -8.8758 8.2972 -8.2323 -9.4646
3 16 10 -8.2341 -9.5477 10 -12.2056 -8.2367 8.2972 -8.2323 -9.4646
3 16 8.2972 -8.2323 -9.4646 10 -12.2056 -8.2367 8.2927 -12.2024 -8.1445
3 16 -1.4026 -15.8087 -1.4026 -2.889 -12.2017 -2.889 0.7479 -15.8123 -3.2134
3 16 0.7479 -15.8123 -3.2134 -2.889 -12.2017 -2.889 -0.4591 -12.2048 -4.9371
3 16 0.7479 -15.8123 -3.2134 -0.4591 -12.2048 -4.9371 3.1848 -15.8089 -4.6152
3 16 3.1848 -15.8089 -4.6152 -0.4591 -12.2048 -4.9371 2.2964 -12.2018 -6.5204
3 16 3.1848 -15.8089 -4.6152 2.2964 -12.2018 -6.5204 5.7485 -15.8109 -5.5613
3 16 5.7485 -15.8109 -5.5613 2.2964 -12.2018 -6.5204 5.2812 -12.2034 -7.6105
3 16 5.7485 -15.8109 -5.5613 5.2812 -12.2034 -7.6105 8.4206 -15.8098 -6.0312
3 16 8.4206 -15.8098 -6.0312 5.2812 -12.2034 -7.6105 8.2927 -12.2024 -8.1445
3 16 0.8082 -5.2498 -3.4005 0.7965 -5.2498 -4.4316 -0.0133 -5.2498 -4.625
3 16 1.7703 -15.8659 1.7703 2.9294 -15.8772 0.7708 -0.1543 -12.903 -0.1543
3 16 -0.1543 -12.903 -0.1543 2.9294 -15.8772 0.7708 1.7028 -12.9176 -1.7106
3 16 2.9294 -15.8772 0.7708 4.7662 -16.1969 0.0839 1.7028 -12.9176 -1.7106
3 16 1.7028 -12.9176 -1.7106 4.7662 -16.1969 0.0839 4.189 -13.0142 -3.0094
3 16 2.9294 -15.8772 0.7708 1.7703 -15.8659 1.7703 3.4115 -17.0981 2.3935
3 16 3.4115 -17.0981 2.3935 1.7703 -15.8659 1.7703 2.8359 -17.0498 2.8359
3 16 4.945 -17.9627 2.9788 4.7662 -16.1969 0.0839 3.4115 -17.0981 2.3935
3 16 3.4115 -17.0981 2.3935 4.7662 -16.1969 0.0839 2.9294 -15.8772 0.7708
3 16 3.4115 -17.0981 2.3935 2.8359 -17.0498 2.8359 4.945 -17.9627 2.9788
3 16 4.945 -17.9627 2.9788 2.8359 -17.0498 2.8359 4.6936 -18.5404 4.6936
3 16 0.584 -18.905 0.584 -1.4026 -15.8087 -1.4026 2.3606 -18.908 -0.9102
3 16 2.3606 -18.908 -0.9102 -1.4026 -15.8087 -1.4026 0.7479 -15.8123 -3.2134
3 16 2.3606 -18.908 -0.9102 0.7479 -15.8123 -3.2134 4.3722 -18.9051 -2.0687
3 16 4.3722 -18.9051 -2.0687 0.7479 -15.8123 -3.2134 3.1848 -15.8089 -4.6152
3 16 4.3722 -18.9051 -2.0687 3.1848 -15.8089 -4.6152 6.4771 -18.907 -2.836
3 16 6.4771 -18.907 -2.836 3.1848 -15.8089 -4.6152 5.7485 -15.8109 -5.5613
3 16 6.4771 -18.907 -2.836 5.7485 -15.8109 -5.5613 8.6175 -18.9064 -3.2193
3 16 8.6175 -18.9064 -3.2193 5.7485 -15.8109 -5.5613 8.4206 -15.8098 -6.0312
3 16 4.294 -21.3433 1.8592 2.3606 -18.908 -0.9102 5.7737 -21.3426 0.9987
3 16 5.7737 -21.3426 0.9987 2.3606 -18.908 -0.9102 4.3722 -18.9051 -2.0687
3 16 5.7737 -21.3426 0.9987 4.3722 -18.9051 -2.0687 7.3255 -21.343 0.4296
3 16 7.3255 -21.343 0.4296 4.3722 -18.9051 -2.0687 6.4771 -18.907 -2.836
3 16 7.3255 -21.343 0.4296 6.4771 -18.907 -2.836 8.8323 -21.3427 0.1494
3 16 8.8323 -21.3427 0.1494 6.4771 -18.907 -2.836 8.6175 -18.9064 -3.2193
3 16 2.9735 -21.342 2.9735 0.584 -18.905 0.584 4.294 -21.3433 1.8592
3 16 4.294 -21.3433 1.8592 0.584 -18.905 0.584 2.3606 -18.908 -0.9102
3 16 9.3032 -23.027 3.9226 8.8323 -21.3427 0.1494 10 -22.9935 3.8677
3 16 10 -22.9935 3.8677 8.8323 -21.3427 0.1494 10 -21.3445 0.0616
3 16 5.6576 -23.0208 5.6576 2.9735 -21.342 2.9735 6.4573 -23.0202 4.9773
3 16 6.4573 -23.0202 4.9773 2.9735 -21.342 2.9735 4.294 -21.3433 1.8592
3 16 6.4573 -23.0202 4.9773 4.294 -21.3433 1.8592 7.3404 -23.019 4.4584
3 16 7.3404 -23.019 4.4584 4.294 -21.3433 1.8592 5.7737 -21.3426 0.9987
3 16 7.3404 -23.019 4.4584 5.7737 -21.3426 0.9987 8.305 -23.0219 4.0986
3 16 8.305 -23.0219 4.0986 5.7737 -21.3426 0.9987 7.3255 -21.343 0.4296
3 16 7.3255 -21.343 0.4296 8.8323 -21.3427 0.1494 8.305 -23.0219 4.0986
3 16 8.305 -23.0219 4.0986 8.8323 -21.3427 0.1494 9.3032 -23.027 3.9226
3 16 9.0507 -23.8855 8.2145 7.3404 -23.019 4.4584 9.3999 -23.8885 8.1001
3 16 9.3999 -23.8885 8.1001 7.3404 -23.019 4.4584 8.305 -23.0219 4.0986
3 16 8.5657 -23.8848 8.5657 5.6576 -23.0208 5.6576 8.7753 -23.8846 8.3816
3 16 8.7753 -23.8846 8.3816 5.6576 -23.0208 5.6576 6.4573 -23.0202 4.9773
3 16 8.7753 -23.8846 8.3816 6.4573 -23.0202 4.9773 9.0507 -23.8855 8.2145
3 16 9.0507 -23.8855 8.2145 6.4573 -23.0202 4.9773 7.3404 -23.019 4.4584
3 16 1.4111 0 -8.0618 1.524 -2.3214 -8.1081 0.9146 -0.0826 -7.8327
3 16 8.2582 -5.3645 -9.8677 10 -5.365 -9.9483 8.2972 -8.2323 -9.4646
3 16 8.2972 -8.2323 -9.4646 10 -5.365 -9.9483 10 -8.2341 -9.5477
3 16 10 -5.365 -9.9483 8.2582 -5.3645 -9.8677 10 -2.3199 -9.9998
3 16 10 -2.3199 -9.9998 8.2582 -5.3645 -9.8677 8.2547 -2.3199 -9.9223
3 16 10 -2.3199 -9.9998 8.2547 -2.3199 -9.9223 10 0 -10
3 16 10 0 -10 8.2547 -2.3199 -9.9223 8.2569 0 -9.9239
3 16 8.2547 -2.3199 -9.9223 4.8277 -2.3199 -9.3083 8.2569 0 -9.9239
3 16 8.2569 0 -9.9239 4.8277 -2.3199 -9.3083 4.8236 0 -9.3185
3 16 4.8277 -2.3199 -9.3083 1.524 -2.3214 -8.1081 4.8236 0 -9.3185
3 16 4.8236 0 -9.3185 1.524 -2.3214 -8.1081 1.4111 0 -8.0618
3 16 6.25 0 -5.8114 8.2569 0 -9.9239 4.8236 0 -9.3185
3 16 10 0 10 10 -8.2341 -9.5477 10 -5.365 -9.9483
3 16 10 0 10 10 -12.2056 -8.2367 10 -8.2341 -9.5477
3 16 10 0 10 10 -15.8134 -6.1317 10 -12.2056 -8.2367
3 16 10 0 10 10 -18.9088 -3.3197 10 -15.8134 -6.1317
3 16 10 0 10 10 -21.3445 0.0616 10 -18.9088 -3.3197
3 16 10 0 10 10 -22.9935 3.8677 10 -21.3445 0.0616
3 16 10 0 10 10 -23.887 8.0341 10 -22.9935 3.8677
3 16 10 -24 10 10 -23.887 8.0341 10 0 10
3 16 10 -2.3199 -9.9998 10 0 -10 10 0 10
3 16 -8.1074 -2.3214 1.5243 -8.0726 -5.3646 1.5776 -9.3083 -2.3199 4.8277
3 16 -9.3083 -2.3199 4.8277 -8.0726 -5.3646 1.5776 -9.2634 -5.3646 4.8404
3 16 -7.7069 -8.232 1.7432 -8.8758 -8.2329 4.9422 -8.0726 -5.3646 1.5776
3 16 -8.0726 -5.3646 1.5776 -8.8758 -8.2329 4.9422 -9.2634 -5.3646 4.8404
3 16 -9.3083 -2.3199 4.8277 -9.2634 -5.3646 4.8404 -9.9223 -2.3199 8.2547
3 16 -9.9223 -2.3199 8.2547 -9.2634 -5.3646 4.8404 -9.8677 -5.3643 8.2582
3 16 -4.9371 -12.2048 -0.4591 -6.0107 -8.2337 -1.2108 -2.889 -12.2017 -2.889
3 16 -2.889 -12.2017 -2.889 -6.0107 -8.2337 -1.2108 -3.8146 -8.2319 -3.8146
3 16 -6.5204 -12.2018 2.2964 -7.7069 -8.232 1.7432 -4.9371 -12.2048 -0.4591
3 16 -4.9371 -12.2048 -0.4591 -7.7069 -8.232 1.7432 -6.0107 -8.2337 -1.2108
3 16 -7.6105 -12.2034 5.2812 -8.8758 -8.2329 4.9422 -6.5204 -12.2018 2.2964
3 16 -6.5204 -12.2018 2.2964 -8.8758 -8.2329 4.9422 -7.7069 -8.232 1.7432
3 16 -9.4646 -8.2323 8.2972 -8.8758 -8.2329 4.9422 -8.1445 -12.2024 8.2927
3 16 -8.1445 -12.2024 8.2927 -8.8758 -8.2329 4.9422 -7.6105 -12.2034 5.2812
3 16 -3.2134 -15.8123 0.7479 -4.9371 -12.2048 -0.4591 -1.4026 -15.8087 -1.4026
3 16 -1.4026 -15.8087 -1.4026 -4.9371 -12.2048 -0.4591 -2.889 -12.2017 -2.889
3 16 -4.6152 -15.8089 3.1848 -6.5204 -12.2018 2.2964 -3.2134 -15.8123 0.7479
3 16 -3.2134 -15.8123 0.7479 -6.5204 -12.2018 2.2964 -4.9371 -12.2048 -0.4591
3 16 -7.6105 -12.2034 5.2812 -6.5204 -12.2018 2.2964 -5.5613 -15.8109 5.7485
3 16 -5.5613 -15.8109 5.7485 -6.5204 -12.2018 2.2964 -4.6152 -15.8089 3.1848
3 16 -8.1445 -12.2024 8.2927 -7.6105 -12.2034 5.2812 -6.0312 -15.8098 8.4206
3 16 -6.0312 -15.8098 8.4206 -7.6105 -12.2034 5.2812 -5.5613 -15.8109 5.7485
3 16 -4.625 -5.2498 -0.0133 -4.4316 -5.2498 0.7965 -3.4005 -5.2498 0.8082
3 16 1.7703 -15.8659 1.7703 -0.1543 -12.903 -0.1543 0.7708 -15.8772 2.9294
3 16 0.7708 -15.8772 2.9294 -0.1543 -12.903 -0.1543 -1.7106 -12.9176 1.7028
3 16 0.7708 -15.8772 2.9294 -1.7106 -12.9176 1.7028 0.0839 -16.1969 4.7662
3 16 0.0839 -16.1969 4.7662 -1.7106 -12.9176 1.7028 -3.0094 -13.0142 4.189
3 16 0.7708 -15.8772 2.9294 0.0839 -16.1969 4.7662 2.3935 -17.0981 3.4115
3 16 2.3935 -17.0981 3.4115 0.0839 -16.1969 4.7662 2.9788 -17.9627 4.945
3 16 0.7708 -15.8772 2.9294 2.3935 -17.0981 3.4115 1.7703 -15.8659 1.7703
3 16 1.7703 -15.8659 1.7703 2.3935 -17.0981 3.4115 2.8359 -17.0498 2.8359
3 16 2.3935 -17.0981 3.4115 2.9788 -17.9627 4.945 2.8359 -17.0498 2.8359
3 16 2.8359 -17.0498 2.8359 2.9788 -17.9627 4.945 4.6936 -18.5404 4.6936
3 16 -2.0687 -18.9051 4.3722 -2.836 -18.907 6.4771 -4.6152 -15.8089 3.1848
3 16 -4.6152 -15.8089 3.1848 -2.836 -18.907 6.4771 -5.5613 -15.8109 5.7485
3 16 -0.9102 -18.908 2.3606 -2.0687 -18.9051 4.3722 -3.2134 -15.8123 0.7479
3 16 -3.2134 -15.8123 0.7479 -2.0687 -18.9051 4.3722 -4.6152 -15.8089 3.1848
3 16 0.584 -18.905 0.584 -0.9102 -18.908 2.3606 -1.4026 -15.8087 -1.4026
3 16 -1.4026 -15.8087 -1.4026 -0.9102 -18.908 2.3606 -3.2134 -15.8123 0.7479
3 16 0.9987 -21.3426 5.7737 0.4296 -21.343 7.3255 -2.0687 -18.9051 4.3722
3 16 -2.0687 -18.9051 4.3722 0.4296 -21.343 7.3255 -2.836 -18.907 6.4771
3 16 1.8592 -21.3433 4.294 0.9987 -21.3426 5.7737 -0.9102 -18.908 2.3606
3 16 -0.9102 -18.908 2.3606 0.9987 -21.3426 5.7737 -2.0687 -18.9051 4.3722
3 16 2.9735 -21.342 2.9735 1.8592 -21.3433 4.294 0.584 -18.905 0.584
3 16 0.584 -18.905 0.584 1.8592 -21.3433 4.294 -0.9102 -18.908 2.3606
3 16 0.4296 -21.343 7.3255 0.9987 -21.3426 5.7737 4.0986 -23.0219 8.305
3 16 4.0986 -23.0219 8.305 0.9987 -21.3426 5.7737 4.4584 -23.019 7.3404
3 16 0.9987 -21.3426 5.7737 1.8592 -21.3433 4.294 4.4584 -23.019 7.3404
3 16 4.4584 -23.019 7.3404 1.8592 -21.3433 4.294 4.9773 -23.0202 6.4573
3 16 1.8592 -21.3433 4.294 2.9735 -21.342 2.9735 4.9773 -23.0202 6.4573
3 16 4.9773 -23.0202 6.4573 2.9735 -21.342 2.9735 5.6576 -23.0208 5.6576
3 16 4.9773 -23.0202 6.4573 5.6576 -23.0208 5.6576 8.3816 -23.8846 8.7753
3 16 8.3816 -23.8846 8.7753 5.6576 -23.0208 5.6576 8.5657 -23.8848 8.5657
3 16 4.4584 -23.019 7.3404 4.9773 -23.0202 6.4573 8.2145 -23.8855 9.0507
3 16 8.2145 -23.8855 9.0507 4.9773 -23.0202 6.4573 8.3816 -23.8846 8.7753
3 16 -9.9239 0 8.2569 -10 0 10 -5.8114 0 6.25
3 16 8.0341 -23.887 10 10 -24 10 10 0 10
3 16 -3.2193 -18.9064 8.6175 -2.836 -18.907 6.4771 0.1494 -21.3427 8.8323
3 16 0.1494 -21.3427 8.8323 -2.836 -18.907 6.4771 0.4296 -21.343 7.3255
3 16 3.9226 -23.027 9.3032 0.1494 -21.3427 8.8323 4.0986 -23.0219 8.305
3 16 4.0986 -23.0219 8.305 0.1494 -21.3427 8.8323 0.4296 -21.343 7.3255
3 16 8.047 -23.8915 9.7885 3.9226 -23.027 9.3032 8.1001 -23.8885 9.3999
3 16 8.1001 -23.8885 9.3999 3.9226 -23.027 9.3032 4.0986 -23.0219 8.305
3 16 -4.1164 -5.2498 -4.1164 -3.8146 -8.2319 -3.8146 -6.2419 -5.2498 -1.6302
3 16 -6.2419 -5.2498 -1.6302 -3.8146 -8.2319 -3.8146 -6.0107 -8.2337 -1.2108
3 16 -4.1164 -5.2498 -4.1164 -6.2419 -5.2498 -1.6302 -2.3138 -5.2498 -2.3138
3 16 -2.3138 -5.2498 -2.3138 -6.2419 -5.2498 -1.6302 -4.625 -5.2498 -0.0133
3 16 -4.625 -5.2498 -0.0133 -6.2419 -5.2498 -1.6302 -5.6719 -4.8406 0.4625
3 16 -5.6719 -4.8406 0.4625 -6.2419 -5.2498 -1.6302 -6.8655 -4.8406 -0.7311
3 16 -7.1696 -3.6958 -0.2598 -6.2053 -3.6958 0.7045 -6.8655 -4.8406 -0.7311
3 16 -6.8655 -4.8406 -0.7311 -6.2053 -3.6958 0.7045 -5.6719 -4.8406 0.4625
3 16 -7.1696 -3.6958 -0.2598 -6.8655 -4.8406 -0.7311 -8.0726 -5.3646 1.5776
3 16 -8.0726 -5.3646 1.5776 -6.8655 -4.8406 -0.7311 -7.7069 -8.232 1.7432
3 16 -7.5406 -0.4099 0.4141 -7.3912 -0.7744 0.1235 -8.1074 -2.3214 1.5243
3 16 -7.3912 -0.7744 0.1235 -7.5406 -0.4099 0.4141 -6.0716 -0.7744 1.4274
3 16 -6.0716 -0.7744 1.4274 -7.5406 -0.4099 0.4141 -5.9098 -0.4099 2.0448
3 16 -7.3912 -0.7744 0.1235 -7.2702 -1.4834 -0.0866 -8.1074 -2.3214 1.5243
3 16 -7.2702 -1.4834 -0.0866 -7.3912 -0.7744 0.1235 -6.1667 -1.4834 1.0168
3 16 -6.1667 -1.4834 1.0168 -7.3912 -0.7744 0.1235 -6.0716 -0.7744 1.4274
3 16 -7.1696 -3.6958 -0.2598 -7.2702 -1.4834 -0.0866 -6.2053 -3.6958 0.7045
3 16 -6.2053 -3.6958 0.7045 -7.2702 -1.4834 -0.0866 -6.1667 -1.4834 1.0168
3 16 -7.2702 -1.4834 -0.0866 -7.1696 -3.6958 -0.2598 -8.1074 -2.3214 1.5243
3 16 -8.1074 -2.3214 1.5243 -7.1696 -3.6958 -0.2598 -8.0726 -5.3646 1.5776
3 16 -7.5406 -0.4099 0.4141 -7.8327 -0.0826 0.9146 -5.9098 -0.4099 2.0448
3 16 -5.9098 -0.4099 2.0448 -7.8327 -0.0826 0.9146 -5.6795 -0.207 2.5954
3 16 -7.8327 -0.0826 0.9146 -7.5406 -0.4099 0.4141 -8.1074 -2.3214 1.5243
3 16 -7.8327 -0.0826 0.9146 -8.0618 0 1.4111 -5.6795 -0.207 2.5954
3 16 -5.6795 -0.207 2.5954 -8.0618 0 1.4111 -5 0 3.75
3 16 -8.0618 0 1.4111 -7.8327 -0.0826 0.9146 -8.1074 -2.3214 1.5243
3 16 -9.9483 -5.3648 10 -9.9998 -2.3199 10 -9.8677 -5.3643 8.2582
3 16 -9.8677 -5.3643 8.2582 -9.9998 -2.3199 10 -9.9223 -2.3199 8.2547
3 16 10 0 10 -9.9998 -2.3199 10 -9.9483 -5.3648 10
3 16 -9.3083 -2.3199 4.8277 -9.9223 -2.3199 8.2547 -9.3185 0 4.8236
3 16 -9.3185 0 4.8236 -9.9223 -2.3199 8.2547 -9.9239 0 8.2569
3 16 -5.8114 0 6.25 -9.3185 0 4.8236 -9.9239 0 8.2569
3 16 -9.3083 -2.3199 4.8277 -9.3185 0 4.8236 -8.1074 -2.3214 1.5243
3 16 -8.1074 -2.3214 1.5243 -9.3185 0 4.8236 -8.0618 0 1.4111
3 16 -5.8114 0 6.25 -5 0 3.75 -9.3185 0 4.8236
3 16 -9.3185 0 4.8236 -5 0 3.75 -8.0618 0 1.4111
3 16 -10 0 10 -9.9998 -2.3199 10 10 0 10
3 16 -9.9998 -2.3199 10 -10 0 10 -9.9223 -2.3199 8.2547
3 16 -9.9223 -2.3199 8.2547 -10 0 10 -9.9239 0 8.2569
3 16 10 0 10 -9.9483 -5.3648 10 -9.5477 -8.2341 10
3 16 -9.8677 -5.3643 8.2582 -9.4646 -8.2323 8.2972 -9.9483 -5.3648 10
3 16 -9.9483 -5.3648 10 -9.4646 -8.2323 8.2972 -9.5477 -8.2341 10
3 16 10 0 10 -9.5477 -8.2341 10 -8.2367 -12.2056 10
3 16 -9.5477 -8.2341 10 -9.4646 -8.2323 8.2972 -8.2367 -12.2056 10
3 16 -8.2367 -12.2056 10 -9.4646 -8.2323 8.2972 -8.1445 -12.2024 8.2927
3 16 10 0 10 -8.2367 -12.2056 10 -6.1317 -15.8134 10
3 16 -8.2367 -12.2056 10 -8.1445 -12.2024 8.2927 -6.1317 -15.8134 10
3 16 -6.1317 -15.8134 10 -8.1445 -12.2024 8.2927 -6.0312 -15.8098 8.4206
3 16 10 0 10 -6.1317 -15.8134 10 -3.3197 -18.9088 10
3 16 -2.836 -18.907 6.4771 -3.2193 -18.9064 8.6175 -5.5613 -15.8109 5.7485
3 16 -5.5613 -15.8109 5.7485 -3.2193 -18.9064 8.6175 -6.0312 -15.8098 8.4206
3 16 10 0 10 -3.3197 -18.9088 10 0.0616 -21.3445 10
3 16 10 0 10 0.0616 -21.3445 10 3.8677 -22.9935 10
3 16 10 0 10 3.8677 -22.9935 10 8.0341 -23.887 10
3 16 8.305 -23.0219 4.0986 9.3032 -23.027 3.9226 9.3999 -23.8885 8.1001
3 16 9.3999 -23.8885 8.1001 9.3032 -23.027 3.9226 9.7885 -23.8915 8.047
3 16 10 -12.2056 -8.2367 10 -15.8134 -6.1317 8.2927 -12.2024 -8.1445
3 16 8.2927 -12.2024 -8.1445 10 -15.8134 -6.1317 8.4206 -15.8098 -6.0312
3 16 8.6175 -18.9064 -3.2193 8.4206 -15.8098 -6.0312 10 -18.9088 -3.3197
3 16 10 -18.9088 -3.3197 8.4206 -15.8098 -6.0312 10 -15.8134 -6.1317
3 16 8.8323 -21.3427 0.1494 8.6175 -18.9064 -3.2193 10 -21.3445 0.0616
3 16 10 -21.3445 0.0616 8.6175 -18.9064 -3.2193 10 -18.9088 -3.3197
3 16 10 0 -10 6.25 0 -5.8114 10 0 10
3 16 10 0 10 6.25 0 -5.8114 6.25 0 6.25
3 16 -0.2598 -3.6958 -7.1696 -0.7311 -4.8406 -6.8655 0.7045 -3.6958 -6.2053
3 16 0.7045 -3.6958 -6.2053 -0.7311 -4.8406 -6.8655 0.4625 -4.8406 -5.6719
3 16 2.0448 -0.4099 -5.9098 1.4274 -0.7744 -6.0716 2.26 -1.4973 -5.7823
3 16 2.26 -1.4973 -5.7823 1.4274 -0.7744 -6.0716 1.0168 -1.4834 -6.1667
3 16 0.1235 -0.7744 -7.3912 1.4274 -0.7744 -6.0716 0.4141 -0.4099 -7.5406
3 16 0.4141 -0.4099 -7.5406 1.4274 -0.7744 -6.0716 2.0448 -0.4099 -5.9098
3 16 0.9146 -0.0826 -7.8327 2.5954 -0.207 -5.6795 1.4111 0 -8.0618
3 16 1.4111 0 -8.0618 2.5954 -0.207 -5.6795 3.75 0 -5
3 16 3.75 0 -5 2.5954 -0.207 -5.6795 3.75 -1.4143 -5
3 16 3.75 -1.4143 -5 2.5954 -0.207 -5.6795 2.26 -1.4973 -5.7823
3 16 -1.4647 -5.2498 -1.4647 -1.4647 -9.7996 -1.4647 0.8082 -5.2498 -3.4005
3 16 0.8082 -5.2498 -3.4005 -1.4647 -9.7996 -1.4647 0.8082 -9.8 -3.4005
3 16 -1.4647 -5.2498 -1.4647 0.8082 -5.2498 -3.4005 -2.3138 -5.2498 -2.3138
3 16 -2.3138 -5.2498 -2.3138 0.8082 -5.2498 -3.4005 -0.0133 -5.2498 -4.625
3 16 -0.1543 -12.903 -0.1543 1.7028 -12.9176 -1.7106 -1.4647 -9.7996 -1.4647
3 16 -1.4647 -9.7996 -1.4647 1.7028 -12.9176 -1.7106 0.8082 -9.8 -3.4005
3 16 6.25 -16.4528 -0.2105 6.25 -18.6489 3.7786 6.25 0 6.25
3 16 4.7662 -16.1969 0.0839 4.945 -17.9627 2.9788 6.25 -16.4528 -0.2105
3 16 6.25 -16.4528 -0.2105 4.945 -17.9627 2.9788 6.25 -18.6489 3.7786
3 16 6.25 0 6.25 6.25 -19.4237 6.25 3.7786 -18.6489 6.25
3 16 2.9788 -17.9627 4.945 3.7786 -18.6489 6.25 4.6936 -18.5404 4.6936
3 16 4.6936 -18.5404 4.6936 3.7786 -18.6489 6.25 6.25 -19.4237 6.25
3 16 6.25 0 6.25 6.25 -18.6489 3.7786 6.25 -19.4237 6.25
3 16 -4.625 -5.2498 -0.0133 -5.6719 -4.8406 0.4625 -4.4316 -5.2498 0.7965
3 16 -4.4316 -5.2498 0.7965 -5.6719 -4.8406 0.4625 -5.4155 -4.8957 1.5012
3 16 -5 0 3.75 -5 -1.4143 3.75 -5.6795 -0.207 2.5954
3 16 -5.6795 -0.207 2.5954 -5 -1.4143 3.75 -5.7823 -1.4973 2.26
3 16 -5 -3.625 3.75 -5.8114 -9.8 6.25 -4.7272 -4.869 3.1318
3 16 -4.7272 -4.869 3.1318 -5.8114 -9.8 6.25 -4.9734 -9.8 3.8865
3 16 -5.8114 -9.8 6.25 -5.8114 0 6.25 6.25 0 6.25
3 16 -5.8114 -9.8 6.25 -3.6905 -13.0901 6.25 -4.9734 -9.8 3.8865
3 16 -4.9734 -9.8 3.8865 -3.6905 -13.0901 6.25 -3.0094 -13.0142 4.189
3 16 -3.6905 -13.0901 6.25 -5.8114 -9.8 6.25 6.25 0 6.25
3 16 6.25 0 -5.8114 4.8236 0 -9.3185 3.75 0 -5
3 16 3.75 0 -5 4.8236 0 -9.3185 1.4111 0 -8.0618
3 16 -0.7311 -4.8406 -6.8655 -1.6302 -5.2498 -6.2419 0.4625 -4.8406 -5.6719
3 16 0.4625 -4.8406 -5.6719 -1.6302 -5.2498 -6.2419 -0.0133 -5.2498 -4.625
3 16 -0.0133 -5.2498 -4.625 0.7965 -5.2498 -4.4316 0.4625 -4.8406 -5.6719
3 16 0.4625 -4.8406 -5.6719 0.7965 -5.2498 -4.4316 1.5012 -4.8957 -5.4155
3 16 -0.2598 -3.6958 -7.1696 0.7045 -3.6958 -6.2053 -0.0866 -1.4834 -7.2702
3 16 -0.0866 -1.4834 -7.2702 0.7045 -3.6958 -6.2053 1.0168 -1.4834 -6.1667
3 16 0.7045 -3.6958 -6.2053 2.161 -3.6654 -5.8217 1.0168 -1.4834 -6.1667
3 16 1.0168 -1.4834 -6.1667 2.161 -3.6654 -5.8217 2.26 -1.4973 -5.7823
3 16 0.4625 -4.8406 -5.6719 1.5012 -4.8957 -5.4155 0.7045 -3.6958 -6.2053
3 16 0.7045 -3.6958 -6.2053 1.5012 -4.8957 -5.4155 2.161 -3.6654 -5.8217
3 16 0.4141 -0.4099 -7.5406 2.0448 -0.4099 -5.9098 0.9146 -0.0826 -7.8327
3 16 0.9146 -0.0826 -7.8327 2.0448 -0.4099 -5.9098 2.5954 -0.207 -5.6795
3 16 2.0448 -0.4099 -5.9098 2.26 -1.4973 -5.7823 2.5954 -0.207 -5.6795
3 16 -0.0866 -1.4834 -7.2702 1.0168 -1.4834 -6.1667 0.1235 -0.7744 -7.3912
3 16 0.1235 -0.7744 -7.3912 1.0168 -1.4834 -6.1667 1.4274 -0.7744 -6.0716
3 16 3.75 0 -5 3.75 -1.4143 -5 6.25 0 -5.8114
3 16 6.25 0 -5.8114 3.75 -1.4143 -5 6.25 -9.8 -5.8114
3 16 3.75 -1.4143 -5 2.26 -1.4973 -5.7823 3.75 -3.625 -5
3 16 3.75 -3.625 -5 2.26 -1.4973 -5.7823 2.161 -3.6654 -5.8217
3 16 1.5012 -4.8957 -5.4155 3.1318 -4.869 -4.7272 2.161 -3.6654 -5.8217
3 16 2.161 -3.6654 -5.8217 3.1318 -4.869 -4.7272 3.75 -3.625 -5
3 16 3.1318 -4.869 -4.7272 1.5012 -4.8957 -5.4155 2.0016 -5.2498 -4.1439
3 16 2.0016 -5.2498 -4.1439 1.5012 -4.8957 -5.4155 0.7965 -5.2498 -4.4316
3 16 3.1318 -4.869 -4.7272 2.0016 -5.2498 -4.1439 3.8865 -9.8 -4.9734
3 16 -3.4005 -9.8 0.8082 -1.4647 -9.7996 -1.4647 -3.4005 -5.2498 0.8082
3 16 -3.4005 -5.2498 0.8082 -1.4647 -9.7996 -1.4647 -1.4647 -5.2498 -1.4647
3 16 -1.4647 -5.2498 -1.4647 -2.3138 -5.2498 -2.3138 -3.4005 -5.2498 0.8082
3 16 -3.4005 -5.2498 0.8082 -2.3138 -5.2498 -2.3138 -4.625 -5.2498 -0.0133
3 16 0.8082 -5.2498 -3.4005 0.8082 -9.8 -3.4005 2.0016 -5.2498 -4.1439
3 16 2.0016 -5.2498 -4.1439 0.8082 -9.8 -3.4005 3.8865 -9.8 -4.9734
3 16 0.8082 -5.2498 -3.4005 2.0016 -5.2498 -4.1439 0.7965 -5.2498 -4.4316
3 16 6.25 -9.8 -5.8114 3.8865 -9.8 -4.9734 6.25 -13.0901 -3.6905
3 16 6.25 -13.0901 -3.6905 3.8865 -9.8 -4.9734 4.189 -13.0142 -3.0094
3 16 6.25 0 -5.8114 6.25 -9.8 -5.8114 6.25 0 6.25
3 16 4.945 -17.9627 2.9788 4.6936 -18.5404 4.6936 6.25 -18.6489 3.7786
3 16 6.25 -18.6489 3.7786 4.6936 -18.5404 4.6936 6.25 -19.4237 6.25
3 16 6.25 0 6.25 6.25 -9.8 -5.8114 6.25 -13.0901 -3.6905
3 16 6.25 -13.0901 -3.6905 6.25 -16.4528 -0.2105 6.25 0 6.25
3 16 6.25 -13.0901 -3.6905 4.189 -13.0142 -3.0094 6.25 -16.4528 -0.2105
3 16 6.25 -16.4528 -0.2105 4.189 -13.0142 -3.0094 4.7662 -16.1969 0.0839
3 16 -5.9098 -0.4099 2.0448 -5.7823 -1.4973 2.26 -6.0716 -0.7744 1.4274
3 16 -6.0716 -0.7744 1.4274 -5.7823 -1.4973 2.26 -6.1667 -1.4834 1.0168
3 16 -6.2053 -3.6958 0.7045 -6.1667 -1.4834 1.0168 -5.8217 -3.6654 2.161
3 16 -5.8217 -3.6654 2.161 -6.1667 -1.4834 1.0168 -5.7823 -1.4973 2.26
3 16 -5.7823 -1.4973 2.26 -5.9098 -0.4099 2.0448 -5.6795 -0.207 2.5954
3 16 -5.6719 -4.8406 0.4625 -6.2053 -3.6958 0.7045 -5.4155 -4.8957 1.5012
3 16 -5.4155 -4.8957 1.5012 -6.2053 -3.6958 0.7045 -5.8217 -3.6654 2.161
3 16 -5 -1.4143 3.75 -5 -3.625 3.75 -5.7823 -1.4973 2.26
3 16 -5.7823 -1.4973 2.26 -5 -3.625 3.75 -5.8217 -3.6654 2.161
3 16 -5 -3.625 3.75 -4.7272 -4.869 3.1318 -5.8217 -3.6654 2.161
3 16 -5.8217 -3.6654 2.161 -4.7272 -4.869 3.1318 -5.4155 -4.8957 1.5012
3 16 -4.4316 -5.2498 0.7965 -5.4155 -4.8957 1.5012 -4.1439 -5.2498 2.0016
3 16 -4.1439 -5.2498 2.0016 -5.4155 -4.8957 1.5012 -4.7272 -4.869 3.1318
3 16 -4.9734 -9.8 3.8865 -4.1439 -5.2498 2.0016 -4.7272 -4.869 3.1318
3 16 -4.1439 -5.2498 2.0016 -3.4005 -5.2498 0.8082 -4.4316 -5.2498 0.7965
3 16 -3.4005 -5.2498 0.8082 -4.1439 -5.2498 2.0016 -3.4005 -9.8 0.8082
3 16 -3.4005 -9.8 0.8082 -4.1439 -5.2498 2.0016 -4.9734 -9.8 3.8865
3 16 -0.1543 -12.903 -0.1543 -1.4647 -9.7996 -1.4647 -1.7106 -12.9176 1.7028
3 16 -1.7106 -12.9176 1.7028 -1.4647 -9.7996 -1.4647 -3.4005 -9.8 0.8082
3 16 -1.7106 -12.9176 1.7028 -3.4005 -9.8 0.8082 -3.0094 -13.0142 4.189
3 16 -3.0094 -13.0142 4.189 -3.4005 -9.8 0.8082 -4.9734 -9.8 3.8865
3 16 0.0839 -16.1969 4.7662 -0.2105 -16.4528 6.25 2.9788 -17.9627 4.945
3 16 2.9788 -17.9627 4.945 -0.2105 -16.4528 6.25 3.7786 -18.6489 6.25
3 16 3.7786 -18.6489 6.25 -0.2105 -16.4528 6.25 6.25 0 6.25
3 16 -3.6905 -13.0901 6.25 -0.2105 -16.4528 6.25 -3.0094 -13.0142 4.189
3 16 -3.0094 -13.0142 4.189 -0.2105 -16.4528 6.25 0.0839 -16.1969 4.7662
3 16 -0.2105 -16.4528 6.25 -3.6905 -13.0901 6.25 6.25 0 6.25
3 16 -0.0133 -5.2498 -4.625 -1.6302 -5.2498 -6.2419 -2.3138 -5.2498 -2.3138
3 16 -2.3138 -5.2498 -2.3138 -1.6302 -5.2498 -6.2419 -4.1164 -5.2498 -4.1164
3 16 1.5775 -5.3647 -8.0726 -0.2598 -3.6958 -7.1696 1.524 -2.3214 -8.1081
3 16 1.524 -2.3214 -8.1081 -0.2598 -3.6958 -7.1696 -0.0866 -1.4834 -7.2702
3 16 0.1235 -0.7744 -7.3912 1.524 -2.3214 -8.1081 -0.0866 -1.4834 -7.2702
3 16 0.4141 -0.4099 -7.5406 1.524 -2.3214 -8.1081 0.1235 -0.7744 -7.3912
3 16 0.9146 -0.0826 -7.8327 1.524 -2.3214 -8.1081 0.4141 -0.4099 -7.5406
3 16 -9.2634 -5.3646 4.8404 -8.8758 -8.2329 4.9422 -9.8677 -5.3643 8.2582
3 16 -9.8677 -5.3643 8.2582 -8.8758 -8.2329 4.9422 -9.4646 -8.2323 8.2972
3 16 -0.2598 -3.6958 -7.1696 1.5775 -5.3647 -8.0726 -0.7311 -4.8406 -6.8655
3 16 -0.7311 -4.8406 -6.8655 1.5775 -5.3647 -8.0726 1.7432 -8.232 -7.7069
3 16 10 -2.3199 -9.9998 10 0 10 10 -5.365 -9.9483
3 16 -7.7069 -8.232 1.7432 -6.8655 -4.8406 -0.7311 -6.0107 -8.2337 -1.2108
3 16 -6.0107 -8.2337 -1.2108 -6.8655 -4.8406 -0.7311 -6.2419 -5.2498 -1.6302
3 16 -10 0 10 10 0 10 -5.8114 0 6.25
3 16 -5.8114 0 6.25 10 0 10 6.25 0 6.25
3 16 8.2569 0 -9.9239 6.25 0 -5.8114 10 0 -10
3 16 8.1001 -23.8885 9.3999 4.0986 -23.0219 8.305 8.2145 -23.8855 9.0507
3 16 8.2145 -23.8855 9.0507 4.0986 -23.0219 8.305 4.4584 -23.019 7.3404
3 16 9.7885 -23.8915 8.047 9.3032 -23.027 3.9226 10 -23.887 8.0341
3 16 10 -23.887 8.0341 9.3032 -23.027 3.9226 10 -22.9935 3.8677
3 16 3.8677 -22.9935 10 3.9226 -23.027 9.3032 8.0341 -23.887 10
3 16 8.0341 -23.887 10 3.9226 -23.027 9.3032 8.047 -23.8915 9.7885
3 16 3.9226 -23.027 9.3032 3.8677 -22.9935 10 0.1494 -21.3427 8.8323
3 16 0.1494 -21.3427 8.8323 3.8677 -22.9935 10 0.0616 -21.3445 10
3 16 0.1494 -21.3427 8.8323 0.0616 -21.3445 10 -3.2193 -18.9064 8.6175
3 16 -3.2193 -18.9064 8.6175 0.0616 -21.3445 10 -3.3197 -18.9088 10
3 16 -3.2193 -18.9064 8.6175 -3.3197 -18.9088 10 -6.0312 -15.8098 8.4206
3 16 -6.0312 -15.8098 8.4206 -3.3197 -18.9088 10 -6.1317 -15.8134 10
3 16 8.047 -23.8915 9.7885 10 -24 10 8.0341 -23.887 10
3 16 10 -24 10 8.7753 -23.8846 8.3816 9.0507 -23.8855 8.2145
3 16 10 -24 10 9.0507 -23.8855 8.2145 9.3999 -23.8885 8.1001
3 16 10 -24 10 9.3999 -23.8885 8.1001 9.7885 -23.8915 8.047
3 16 10 -24 10 9.7885 -23.8915 8.047 10 -23.887 8.0341
3 16 10 -24 10 8.047 -23.8915 9.7885 8.1001 -23.8885 9.3999
3 16 10 -24 10 8.1001 -23.8885 9.3999 8.2145 -23.8855 9.0507
3 16 10 -24 10 8.2145 -23.8855 9.0507 8.3816 -23.8846 8.7753
3 16 10 -24 10 8.3816 -23.8846 8.7753 8.5657 -23.8848 8.5657
3 16 10 -24 10 8.5657 -23.8848 8.5657 8.7753 -23.8846 8.3816
3 16 3.8865 -9.8 -4.9734 0.8082 -9.8 -3.4005 4.189 -13.0142 -3.0094
3 16 4.189 -13.0142 -3.0094 0.8082 -9.8 -3.4005 1.7028 -12.9176 -1.7106
3 16 3.75 -3.625 -5 6.25 -9.8 -5.8114 3.75 -1.4143 -5
3 16 -5.8114 -9.8 6.25 -5 -1.4143 3.75 -5.8114 0 6.25
3 16 -5.8114 0 6.25 -5 -1.4143 3.75 -5 0 3.75
3 16 3.8865 -9.8 -4.9734 6.25 -9.8 -5.8114 3.1318 -4.869 -4.7272
3 16 3.1318 -4.869 -4.7272 6.25 -9.8 -5.8114 3.75 -3.625 -5
3 16 -5 -1.4143 3.75 -5.8114 -9.8 6.25 -5 -3.625 3.75
2 24 -1.6302 -5.2498 -6.2419 -4.1164 -5.2498 -4.1164
2 24 -1.6302 -5.2498 -6.2419 -0.7311 -4.8406 -6.8655
2 24 10 -8.2341 -9.5477 10 -12.2056 -8.2367
2 24 10 -22.9935 3.8677 10 -21.3445 0.0616
2 24 1.4111 0 -8.0618 0.9146 -0.0826 -7.8327
2 24 10 -8.2341 -9.5477 10 -5.365 -9.9483
2 24 10 -5.365 -9.9483 10 -2.3199 -9.9998
2 24 10 -2.3199 -9.9998 10 0 -10
2 24 10 0 -10 8.2569 0 -9.9239
2 24 8.2569 0 -9.9239 4.8236 0 -9.3185
2 24 1.4111 0 -8.0618 4.8236 0 -9.3185
2 24 8.2569 0 -9.9239 4.8236 0 -9.3185
2 24 10 -8.2341 -9.5477 10 -5.365 -9.9483
2 24 10 -8.2341 -9.5477 10 -12.2056 -8.2367
2 24 10 -12.2056 -8.2367 10 -15.8134 -6.1317
2 24 10 -15.8134 -6.1317 10 -18.9088 -3.3197
2 24 10 -18.9088 -3.3197 10 -21.3445 0.0616
2 24 10 -21.3445 0.0616 10 -22.9935 3.8677
2 24 10 -22.9935 3.8677 10 -23.887 8.0341
2 24 10 -23.887 8.0341 10 -24 10
2 24 10 0 10 10 -24 10
2 24 10 0 10 10 0 -10
2 24 10 -2.3199 -9.9998 10 0 -10
2 24 -9.9239 0 8.2569 -10 0 10
2 24 10 -24 10 10 0 10
2 24 8.0341 -23.887 10 10 -24 10
2 24 -4.1164 -5.2498 -4.1164 -6.2419 -5.2498 -1.6302
2 24 -4.1164 -5.2498 -4.1164 -6.2419 -5.2498 -1.6302
2 24 -4.625 -5.2498 -0.0133 -5.6719 -4.8406 0.4625
2 24 -6.2419 -5.2498 -1.6302 -6.8655 -4.8406 -0.7311
2 24 -6.8655 -4.8406 -0.7311 -7.1696 -3.6958 -0.2598
2 24 -5.6719 -4.8406 0.4625 -6.2053 -3.6958 0.7045
2 24 -7.1696 -3.6958 -0.2598 -6.8655 -4.8406 -0.7311
2 24 -7.5406 -0.4099 0.4141 -7.3912 -0.7744 0.1235
2 24 -7.3912 -0.7744 0.1235 -7.5406 -0.4099 0.4141
2 24 -6.0716 -0.7744 1.4274 -5.9098 -0.4099 2.0448
2 24 -7.3912 -0.7744 0.1235 -7.2702 -1.4834 -0.0866
2 24 -7.3912 -0.7744 0.1235 -7.2702 -1.4834 -0.0866
2 24 -6.0716 -0.7744 1.4274 -6.1667 -1.4834 1.0168
2 24 -7.1696 -3.6958 -0.2598 -7.2702 -1.4834 -0.0866
2 24 -6.2053 -3.6958 0.7045 -6.1667 -1.4834 1.0168
2 24 -7.1696 -3.6958 -0.2598 -7.2702 -1.4834 -0.0866
2 24 -7.5406 -0.4099 0.4141 -7.8327 -0.0826 0.9146
2 24 -5.9098 -0.4099 2.0448 -5.6795 -0.207 2.5954
2 24 -7.5406 -0.4099 0.4141 -7.8327 -0.0826 0.9146
2 24 -7.8327 -0.0826 0.9146 -8.0618 0 1.4111
2 24 -5.6795 -0.207 2.5954 -5 0 3.75
2 24 -7.8327 -0.0826 0.9146 -8.0618 0 1.4111
2 24 -9.9483 -5.3648 10 -9.9998 -2.3199 10
2 24 -9.9998 -2.3199 10 -9.9483 -5.3648 10
2 24 -9.3185 0 4.8236 -9.9239 0 8.2569
2 24 -9.9239 0 8.2569 -9.3185 0 4.8236
2 24 -8.0618 0 1.4111 -9.3185 0 4.8236
2 24 -5.8114 0 6.25 -5 0 3.75
2 24 -8.0618 0 1.4111 -9.3185 0 4.8236
2 24 -9.9998 -2.3199 10 -10 0 10
2 24 10 0 10 -10 0 10
2 24 -9.9998 -2.3199 10 -10 0 10
2 24 -9.9239 0 8.2569 -10 0 10
2 24 -9.9483 -5.3648 10 -9.5477 -8.2341 10
2 24 -9.9483 -5.3648 10 -9.5477 -8.2341 10
2 24 -9.5477 -8.2341 10 -8.2367 -12.2056 10
2 24 -9.5477 -8.2341 10 -8.2367 -12.2056 10
2 24 -8.2367 -12.2056 10 -6.1317 -15.8134 10
2 24 -8.2367 -12.2056 10 -6.1317 -15.8134 10
2 24 -6.1317 -15.8134 10 -3.3197 -18.9088 10
2 24 -3.3197 -18.9088 10 0.0616 -21.3445 10
2 24 0.0616 -21.3445 10 3.8677 -22.9935 10
2 24 8.0341 -23.887 10 3.8677 -22.9935 10
2 24 10 -12.2056 -8.2367 10 -15.8134 -6.1317
2 24 10 -15.8134 -6.1317 10 -18.9088 -3.3197
2 24 10 -21.3445 0.0616 10 -18.9088 -3.3197
2 24 10 0 -10 10 0 10
2 24 6.25 0 -5.8114 6.25 0 6.25
2 24 -0.2598 -3.6958 -7.1696 -0.7311 -4.8406 -6.8655
2 24 0.7045 -3.6958 -6.2053 0.4625 -4.8406 -5.6719
2 24 2.0448 -0.4099 -5.9098 1.4274 -0.7744 -6.0716
2 24 1.4274 -0.7744 -6.0716 1.0168 -1.4834 -6.1667
2 24 0.1235 -0.7744 -7.3912 0.4141 -0.4099 -7.5406
2 24 1.4274 -0.7744 -6.0716 2.0448 -0.4099 -5.9098
2 24 0.9146 -0.0826 -7.8327 1.4111 0 -8.0618
2 24 2.5954 -0.207 -5.6795 3.75 0 -5
2 24 3.75 0 -5 2.5954 -0.207 -5.6795
2 24 3.75 0 -5 3.75 -1.4143 -5
2 24 -1.4647 -5.2498 -1.4647 0.8082 -5.2498 -3.4005
2 24 -1.4647 -9.7996 -1.4647 0.8082 -9.8 -3.4005
2 24 0.8082 -5.2498 -3.4005 -1.4647 -5.2498 -1.4647
2 24 -1.4647 -9.7996 -1.4647 0.8082 -9.8 -3.4005
2 24 6.25 -16.4528 -0.2105 6.25 -18.6489 3.7786
2 24 6.25 -16.4528 -0.2105 6.25 -18.6489 3.7786
2 24 6.25 -19.4237 6.25 3.7786 -18.6489 6.25
2 24 6.25 0 6.25 6.25 -19.4237 6.25
2 24 3.7786 -18.6489 6.25 6.25 -19.4237 6.25
2 24 6.25 -18.6489 3.7786 6.25 -19.4237 6.25
2 24 6.25 0 6.25 6.25 -19.4237 6.25
2 24 -4.625 -5.2498 -0.0133 -5.6719 -4.8406 0.4625
2 24 -5.6719 -4.8406 0.4625 -5.4155 -4.8957 1.5012
2 24 -5 0 3.75 -5 -1.4143 3.75
2 24 -5 0 3.75 -5.6795 -0.207 2.5954
2 24 -5 -3.625 3.75 -4.7272 -4.869 3.1318
2 24 -5.8114 -9.8 6.25 -4.9734 -9.8 3.8865
2 24 6.25 0 6.25 -5.8114 0 6.25
2 24 -5.8114 -9.8 6.25 -5.8114 0 6.25
2 24 -5.8114 -9.8 6.25 -3.6905 -13.0901 6.25
2 24 -5.8114 -9.8 6.25 -4.9734 -9.8 3.8865
2 24 -5.8114 -9.8 6.25 -3.6905 -13.0901 6.25
2 24 6.25 0 -5.8114 3.75 0 -5
2 24 4.8236 0 -9.3185 1.4111 0 -8.0618
2 24 -0.7311 -4.8406 -6.8655 -1.6302 -5.2498 -6.2419
2 24 -0.0133 -5.2498 -4.625 0.4625 -4.8406 -5.6719
2 24 -0.0133 -5.2498 -4.625 0.4625 -4.8406 -5.6719
2 24 0.4625 -4.8406 -5.6719 1.5012 -4.8957 -5.4155
2 24 -0.2598 -3.6958 -7.1696 -0.0866 -1.4834 -7.2702
2 24 0.7045 -3.6958 -6.2053 1.0168 -1.4834 -6.1667
2 24 1.0168 -1.4834 -6.1667 0.7045 -3.6958 -6.2053
2 24 0.4625 -4.8406 -5.6719 0.7045 -3.6958 -6.2053
2 24 0.4141 -0.4099 -7.5406 0.9146 -0.0826 -7.8327
2 24 2.0448 -0.4099 -5.9098 2.5954 -0.207 -5.6795
2 24 2.0448 -0.4099 -5.9098 2.5954 -0.207 -5.6795
2 24 0.1235 -0.7744 -7.3912 -0.0866 -1.4834 -7.2702
2 24 1.4274 -0.7744 -6.0716 1.0168 -1.4834 -6.1667
2 24 3.75 0 -5 3.75 -1.4143 -5
2 24 3.75 0 -5 6.25 0 -5.8114
2 24 6.25 0 -5.8114 6.25 -9.8 -5.8114
2 24 3.75 -1.4143 -5 3.75 -3.625 -5
2 24 3.75 -3.625 -5 3.1318 -4.869 -4.7272
2 24 3.1318 -4.869 -4.7272 2.0016 -5.2498 -4.1439
2 24 3.1318 -4.869 -4.7272 2.0016 -5.2498 -4.1439
2 24 -1.4647 -9.7996 -1.4647 -3.4005 -9.8 0.8082
2 24 -1.4647 -5.2498 -1.4647 -3.4005 -5.2498 0.8082
2 24 -3.4005 -5.2498 0.8082 -1.4647 -5.2498 -1.4647
2 24 0.8082 -5.2498 -3.4005 2.0016 -5.2498 -4.1439
2 24 0.8082 -9.8 -3.4005 3.8865 -9.8 -4.9734
2 24 0.8082 -5.2498 -3.4005 2.0016 -5.2498 -4.1439
2 24 6.25 -9.8 -5.8114 3.8865 -9.8 -4.9734
2 24 6.25 -9.8 -5.8114 6.25 -13.0901 -3.6905
2 24 6.25 0 -5.8114 6.25 -9.8 -5.8114
2 24 6.25 0 6.25 6.25 0 -5.8114
2 24 6.25 -18.6489 3.7786 6.25 -19.4237 6.25
2 24 6.25 -9.8 -5.8114 6.25 -13.0901 -3.6905
2 24 6.25 -16.4528 -0.2105 6.25 -13.0901 -3.6905
2 24 6.25 -16.4528 -0.2105 6.25 -13.0901 -3.6905
2 24 -5.9098 -0.4099 2.0448 -6.0716 -0.7744 1.4274
2 24 -6.0716 -0.7744 1.4274 -6.1667 -1.4834 1.0168
2 24 -6.1667 -1.4834 1.0168 -6.2053 -3.6958 0.7045
2 24 -5.6795 -0.207 2.5954 -5.9098 -0.4099 2.0448
2 24 -5.6719 -4.8406 0.4625 -6.2053 -3.6958 0.7045
2 24 -5 -1.4143 3.75 -5 -3.625 3.75
2 24 -5 -3.625 3.75 -4.7272 -4.869 3.1318
2 24 -4.7272 -4.869 3.1318 -4.1439 -5.2498 2.0016
2 24 -4.7272 -4.869 3.1318 -4.1439 -5.2498 2.0016
2 24 -3.4005 -5.2498 0.8082 -4.1439 -5.2498 2.0016
2 24 -3.4005 -5.2498 0.8082 -4.1439 -5.2498 2.0016
2 24 -4.9734 -9.8 3.8865 -3.4005 -9.8 0.8082
2 24 -1.4647 -9.7996 -1.4647 -3.4005 -9.8 0.8082
2 24 -4.9734 -9.8 3.8865 -3.4005 -9.8 0.8082
2 24 3.7786 -18.6489 6.25 -0.2105 -16.4528 6.25
2 24 3.7786 -18.6489 6.25 -0.2105 -16.4528 6.25
2 24 -3.6905 -13.0901 6.25 -0.2105 -16.4528 6.25
2 24 -3.6905 -13.0901 6.25 -0.2105 -16.4528 6.25
2 24 -4.1164 -5.2498 -4.1164 -1.6302 -5.2498 -6.2419
2 24 -0.2598 -3.6958 -7.1696 -0.0866 -1.4834 -7.2702
2 24 -0.0866 -1.4834 -7.2702 0.1235 -0.7744 -7.3912
2 24 0.1235 -0.7744 -7.3912 0.4141 -0.4099 -7.5406
2 24 0.9146 -0.0826 -7.8327 0.4141 -0.4099 -7.5406
2 24 -0.7311 -4.8406 -6.8655 -0.2598 -3.6958 -7.1696
2 24 10 -5.365 -9.9483 10 -2.3199 -9.9998
2 24 -6.2419 -5.2498 -1.6302 -6.8655 -4.8406 -0.7311
2 24 -10 0 10 10 0 10
2 24 -5.8114 0 6.25 6.25 0 6.25
2 24 8.2569 0 -9.9239 10 0 -10
2 24 10 -22.9935 3.8677 10 -23.887 8.0341
2 24 3.8677 -22.9935 10 8.0341 -23.887 10
2 24 3.8677 -22.9935 10 0.0616 -21.3445 10
2 24 0.0616 -21.3445 10 -3.3197 -18.9088 10
2 24 -6.1317 -15.8134 10 -3.3197 -18.9088 10
2 24 8.0341 -23.887 10 10 -24 10
2 24 10 -23.887 8.0341 10 -24 10
2 24 0.8082 -9.8 -3.4005 3.8865 -9.8 -4.9734
2 24 3.75 -1.4143 -5 3.75 -3.625 -5
2 24 -5.8114 -9.8 6.25 -5.8114 0 6.25
2 24 -5 -1.4143 3.75 -5 0 3.75
2 24 -5.8114 0 6.25 -5 0 3.75
2 24 6.25 -9.8 -5.8114 3.8865 -9.8 -4.9734
2 24 3.1318 -4.869 -4.7272 3.75 -3.625 -5
2 24 -5 -3.625 3.75 -5 -1.4143 3.75
0 STEP
