0 Plate, Modified 1 x 2 with Angular Extension with Molded Flexible Rubber Tan Tip Pattern
0 Name: bl_61406pb09.dat
0 Author: 
0 BL_Item_No 61406pb09
0 BFC CERTIFY CCW
3 16 10 -4.24 -9.8 -6.2173 -4.24 -9.8 10 0.01 -9.8
3 16 10 0.01 -9.8 -6.2173 -4.24 -9.8 -6.2173 0.01 -9.8
3 16 -6.0713 -2.5274 -20.6093 -10 0.01 -9.8 -5.2998 -1.6382 -16.7295
3 16 -10 0.01 -9.8 -6.2173 0.01 -9.8 -5.2998 -1.6382 -16.7295
3 16 -5.2998 -1.6382 -16.7295 -6.2173 0.01 -9.8 -5.6545 -4.24 -14.05
3 16 -6.2173 0.01 -9.8 -6.2173 -4.24 -9.8 -5.6545 -4.24 -14.05
3 16 -10 -7.99 -9.8 -10 -7.99 10.2 -10 0.01 -9.8
3 16 -10 0.01 -9.8 -10 -7.99 10.2 -10 0.01 10.2
3 16 -10 0.01 -9.8 -2.7335 -10.9637 -64.6799 -10 -7.99 -9.8
3 16 -2.7335 -10.9637 -64.6799 -10 -12.79 -9.8 -10 -7.99 -9.8
3 16 10 -22.2683 -89.8429 10 -22.2398 -9.8 9.5355 -22.1725 -89.8429
3 16 10 -22.2398 -9.8 9.4607 -22.1199 -9.8 9.5355 -22.1725 -89.8429
3 16 -10 -12.79 -9.8 0.5982 -17.8996 -89.8429 9.4607 -22.1199 -9.8
3 16 0.5982 -17.8996 -89.8429 9.5355 -22.1725 -89.8429 9.4607 -22.1199 -9.8
3 16 0.5982 -17.8996 -89.8429 -10 -12.79 -9.8 0.5982 -14.5266 -89.8429
3 16 -10 -12.79 -9.8 -2.7335 -10.9637 -64.6799 0.5982 -14.5266 -89.8429
3 16 -6.0713 -2.5274 -20.6093 -1.5256 -7.6147 -45.2322 -2.7335 -10.9637 -64.6799
3 16 -1.5256 -7.6147 -45.2322 1.2832 -11.239 -66.4474 -2.7335 -10.9637 -64.6799
3 16 -6.0713 -2.5274 -20.6093 -2.7335 -10.9637 -64.6799 -10 0.01 -9.8
3 16 -6.0713 -2.5274 -20.6093 -4.318 -3.3166 -24.144 -1.5256 -7.6147 -45.2322
3 16 -2.7335 -10.9637 -64.6799 1.2832 -11.239 -66.4474 0.5982 -14.5266 -89.8429
3 16 1.2832 -11.239 -66.4474 4.3807 -14.4007 -89.8429 0.5982 -14.5266 -89.8429
3 16 -6.0713 -2.5274 -20.6093 -5.2998 -1.6382 -16.7295 -6.125 -5.24 -19.8
3 16 -5.2998 -1.6382 -16.7295 -5.915 -5.24 -18.2103 -6.125 -5.24 -19.8
3 16 -5.2998 -5.24 -16.7295 -5.915 -5.24 -18.2103 -5.2998 -1.6382 -16.7295
3 16 -5.6545 -10.9895 -14.05 -5.2998 -5.24 -16.7295 -5.6545 -4.24 -14.05
3 16 -5.2998 -5.24 -16.7295 -5.2998 -1.6382 -16.7295 -5.6545 -4.24 -14.05
3 16 -6.0713 -2.5274 -20.6093 -5.6552 -5.24 -22.1524 -4.318 -3.3166 -24.144
3 16 -5.6552 -5.24 -22.1524 -4.318 -5.24 -24.144 -4.318 -3.3166 -24.144
3 16 -6.125 -5.24 -19.8 -5.6552 -5.24 -22.1524 -6.0713 -2.5274 -20.6093
3 16 -4.318 -5.24 -24.144 -1.5256 -7.6147 -45.2322 -4.318 -3.3166 -24.144
3 16 -5.6545 -10.9895 -14.05 1.2832 -11.239 -66.4474 -1.5256 -7.6147 -45.2322
3 16 -5.2998 -5.24 -16.7295 -5.6545 -10.9895 -14.05 -4.318 -5.24 -24.144
3 16 -5.6545 -10.9895 -14.05 -1.5256 -7.6147 -45.2322 -4.318 -5.24 -24.144
3 16 4.3809 -15.8523 -89.8429 4.3807 -14.4007 -89.8429 -5.6545 -10.9895 -14.05
3 16 -5.6545 -10.9895 -14.05 4.3807 -14.4007 -89.8429 1.2832 -11.239 -66.4474
3 16 -4.318 -5.24 -24.144 -5.6552 -5.24 -22.1524 -5.2998 -5.24 -16.7295
3 16 -5.6552 -5.24 -22.1524 -6.125 -5.24 -19.8 -5.2998 -5.24 -16.7295
3 16 -6.125 -5.24 -19.8 -5.915 -5.24 -18.2103 -5.2998 -5.24 -16.7295
3 16 0 -4.24 -13.6755 -2.1102 -4.24 -14.05 -6.2173 -4.24 -9.8
3 16 -2.1102 -4.24 -14.05 -5.6545 -4.24 -14.05 -6.2173 -4.24 -9.8
3 16 10 -4.24 -14.05 2.1102 -4.24 -14.05 10 -4.24 -9.8
3 16 10 -4.24 -9.8 2.1102 -4.24 -14.05 -6.2173 -4.24 -9.8
3 16 0 -4.24 -13.6755 -6.2173 -4.24 -9.8 2.1102 -4.24 -14.05
3 16 -2.1102 -4.24 -14.05 -2.1102 -5.24 -14.05 -5.6545 -4.24 -14.05
3 16 -2.1102 -5.24 -14.05 -5.6545 -10.9895 -14.05 -5.6545 -4.24 -14.05
3 16 -2.1102 -5.24 -14.05 0 -5.24 -13.6755 -5.6545 -10.9895 -14.05
3 16 0 -4.24 -13.6755 0 -5.24 -13.6755 -2.1102 -4.24 -14.05
3 16 -2.1102 -4.24 -14.05 0 -5.24 -13.6755 -2.1102 -5.24 -14.05
3 16 10 -5.24 -14.05 2.1102 -5.24 -14.05 10 -4.24 -14.05
3 16 10 -4.24 -14.05 2.1102 -5.24 -14.05 2.1102 -4.24 -14.05
3 16 2.1102 -4.24 -14.05 2.1102 -5.24 -14.05 0 -4.24 -13.6755
3 16 0 -4.24 -13.6755 2.1102 -5.24 -14.05 0 -5.24 -13.6755
3 16 2.1102 -5.24 -14.05 10 -5.24 -14.05 10 -18.5752 -14.05
3 16 10 -18.5752 -14.05 -5.6545 -10.9895 -14.05 2.1102 -5.24 -14.05
3 16 -5.6545 -10.9895 -14.05 0 -5.24 -13.6755 2.1102 -5.24 -14.05
3 16 -5.6545 -10.9895 -14.05 10 -18.5752 -14.05 4.3809 -15.8523 -89.8429
3 16 10 -18.5752 -14.05 10 -18.5752 -89.8429 4.3809 -15.8523 -89.8429
3 16 10 -22.2398 -9.8 10 -12.79 -9.8 9.4607 -22.1199 -9.8
3 16 9.4607 -22.1199 -9.8 10 -12.79 -9.8 -10 -12.79 -9.8
3 16 10 -12.79 -9.8 10 -7.99 -9.8 -10 -12.79 -9.8
3 16 -10 -12.79 -9.8 10 -7.99 -9.8 -10 -7.99 -9.8
3 16 10 -7.99 -9.8 10 -7.99 10.2 -10 -7.99 -9.8
3 16 -10 -7.99 -9.8 10 -7.99 10.2 -10 -7.99 10.2
3 16 -10 -7.99 10.2 10 -7.99 10.2 -10 0.01 10.2
3 16 -10 0.01 10.2 10 -7.99 10.2 10 0.01 10.2
3 16 10 -4.24 -9.8 10 0.01 -9.8 26.2173 -4.24 -9.8
3 16 26.2173 -4.24 -9.8 10 0.01 -9.8 26.2173 0.01 -9.8
3 16 26.0713 -2.5274 -20.6093 25.2998 -1.6382 -16.7295 30 0.01 -9.8
3 16 30 0.01 -9.8 25.2998 -1.6382 -16.7295 26.2173 0.01 -9.8
3 16 25.2998 -1.6382 -16.7295 25.6545 -4.24 -14.05 26.2173 0.01 -9.8
3 16 26.2173 0.01 -9.8 25.6545 -4.24 -14.05 26.2173 -4.24 -9.8
3 16 30 -7.99 -9.8 30 0.01 -9.8 30 -7.99 10.2
3 16 30 0.01 -9.8 30 0.01 10.2 30 -7.99 10.2
3 16 30 0.01 -9.8 30 -7.99 -9.8 22.7336 -10.9637 -64.6799
3 16 22.7336 -10.9637 -64.6799 30 -7.99 -9.8 30 -12.79 -9.8
3 16 10 -22.2683 -89.8429 10.4645 -22.1725 -89.8429 10 -22.2398 -9.8
3 16 10 -22.2398 -9.8 10.4645 -22.1725 -89.8429 10.5393 -22.1199 -9.8
3 16 30 -12.79 -9.8 10.5393 -22.1199 -9.8 19.4018 -17.8996 -89.8429
3 16 19.4018 -17.8996 -89.8429 10.5393 -22.1199 -9.8 10.4645 -22.1725 -89.8429
3 16 19.4018 -17.8996 -89.8429 19.4018 -14.5266 -89.8429 30 -12.79 -9.8
3 16 30 -12.79 -9.8 19.4018 -14.5266 -89.8429 22.7336 -10.9637 -64.6799
3 16 26.0713 -2.5274 -20.6093 22.7336 -10.9637 -64.6799 21.5256 -7.6147 -45.2322
3 16 21.5256 -7.6147 -45.2322 22.7336 -10.9637 -64.6799 18.7168 -11.239 -66.4474
3 16 26.0713 -2.5274 -20.6093 30 0.01 -9.8 22.7336 -10.9637 -64.6799
3 16 26.0713 -2.5274 -20.6093 21.5256 -7.6147 -45.2322 24.318 -3.3166 -24.144
3 16 22.7336 -10.9637 -64.6799 19.4018 -14.5266 -89.8429 18.7168 -11.239 -66.4474
3 16 18.7168 -11.239 -66.4474 19.4018 -14.5266 -89.8429 15.6194 -14.4007 -89.8429
3 16 26.0713 -2.5274 -20.6093 26.125 -5.24 -19.8 25.2998 -1.6382 -16.7295
3 16 25.2998 -1.6382 -16.7295 26.125 -5.24 -19.8 25.915 -5.24 -18.2103
3 16 25.2998 -5.24 -16.7295 25.2998 -1.6382 -16.7295 25.915 -5.24 -18.2103
3 16 25.6545 -10.9895 -14.05 25.6545 -4.24 -14.05 25.2998 -5.24 -16.7295
3 16 25.2998 -5.24 -16.7295 25.6545 -4.24 -14.05 25.2998 -1.6382 -16.7295
3 16 26.0713 -2.5274 -20.6093 24.318 -3.3166 -24.144 25.6552 -5.24 -22.1524
3 16 25.6552 -5.24 -22.1524 24.318 -3.3166 -24.144 24.318 -5.24 -24.144
3 16 26.125 -5.24 -19.8 26.0713 -2.5274 -20.6093 25.6552 -5.24 -22.1524
3 16 24.318 -5.24 -24.144 24.318 -3.3166 -24.144 21.5256 -7.6147 -45.2322
3 16 25.6545 -10.9895 -14.05 21.5256 -7.6147 -45.2322 18.7168 -11.239 -66.4474
3 16 25.2998 -5.24 -16.7295 24.318 -5.24 -24.144 25.6545 -10.9895 -14.05
3 16 25.6545 -10.9895 -14.05 24.318 -5.24 -24.144 21.5256 -7.6147 -45.2322
3 16 15.6191 -15.8523 -89.8429 25.6545 -10.9895 -14.05 15.6194 -14.4007 -89.8429
3 16 25.6545 -10.9895 -14.05 18.7168 -11.239 -66.4474 15.6194 -14.4007 -89.8429
3 16 24.318 -5.24 -24.144 25.2998 -5.24 -16.7295 25.6552 -5.24 -22.1524
3 16 25.6552 -5.24 -22.1524 25.2998 -5.24 -16.7295 26.125 -5.24 -19.8
3 16 26.125 -5.24 -19.8 25.2998 -5.24 -16.7295 25.915 -5.24 -18.2103
3 16 20 -4.24 -13.6755 26.2173 -4.24 -9.8 22.1102 -4.24 -14.05
3 16 22.1102 -4.24 -14.05 26.2173 -4.24 -9.8 25.6545 -4.24 -14.05
3 16 10 -4.24 -14.05 10 -4.24 -9.8 17.8898 -4.24 -14.05
3 16 17.8898 -4.24 -14.05 10 -4.24 -9.8 26.2173 -4.24 -9.8
3 16 20 -4.24 -13.6755 17.8898 -4.24 -14.05 26.2173 -4.24 -9.8
3 16 22.1102 -4.24 -14.05 25.6545 -4.24 -14.05 22.1102 -5.24 -14.05
3 16 22.1102 -5.24 -14.05 25.6545 -4.24 -14.05 25.6545 -10.9895 -14.05
3 16 22.1102 -5.24 -14.05 25.6545 -10.9895 -14.05 20 -5.24 -13.6755
3 16 20 -4.24 -13.6755 22.1102 -4.24 -14.05 20 -5.24 -13.6755
3 16 22.1102 -4.24 -14.05 22.1102 -5.24 -14.05 20 -5.24 -13.6755
3 16 10 -5.24 -14.05 10 -4.24 -14.05 17.8898 -5.24 -14.05
3 16 17.8898 -5.24 -14.05 10 -4.24 -14.05 17.8898 -4.24 -14.05
3 16 17.8898 -4.24 -14.05 20 -4.24 -13.6755 17.8898 -5.24 -14.05
3 16 20 -4.24 -13.6755 20 -5.24 -13.6755 17.8898 -5.24 -14.05
3 16 17.8898 -5.24 -14.05 10 -18.5752 -14.05 10 -5.24 -14.05
3 16 10 -18.5752 -14.05 17.8898 -5.24 -14.05 25.6545 -10.9895 -14.05
3 16 25.6545 -10.9895 -14.05 17.8898 -5.24 -14.05 20 -5.24 -13.6755
3 16 25.6545 -10.9895 -14.05 15.6191 -15.8523 -89.8429 10 -18.5752 -14.05
3 16 10 -18.5752 -14.05 15.6191 -15.8523 -89.8429 10 -18.5752 -89.8429
3 16 10 -22.2398 -9.8 10.5393 -22.1199 -9.8 10 -12.79 -9.8
3 16 10.5393 -22.1199 -9.8 30 -12.79 -9.8 10 -12.79 -9.8
3 16 10 -12.79 -9.8 30 -12.79 -9.8 10 -7.99 -9.8
3 16 10 -7.99 -9.8 30 -12.79 -9.8 30 -7.99 -9.8
3 16 10 -7.99 -9.8 30 -7.99 -9.8 10 -7.99 10.2
3 16 10 -7.99 10.2 30 -7.99 -9.8 30 -7.99 10.2
3 16 30 -7.99 10.2 30 0.01 10.2 10 -7.99 10.2
3 16 10 -7.99 10.2 30 0.01 10.2 10 0.01 10.2
3 16 26.25 0.01 -6.05 26.2173 0.01 -9.8 10 0.01 -6.05
3 16 10 0.01 -6.05 26.2173 0.01 -9.8 10 0.01 -9.8
3 16 26.25 0.01 6.45 30 0.01 10.2 26.25 0.01 -6.05
3 16 26.25 0.01 -6.05 30 0.01 10.2 30 0.01 -9.8
3 16 10 0.01 6.45 10 0.01 10.2 26.25 0.01 6.45
3 16 26.25 0.01 6.45 10 0.01 10.2 30 0.01 10.2
3 16 26.25 0.01 -6.05 26.25 -5.24 -6.05 26.25 0.01 6.45
3 16 26.25 0.01 6.45 26.25 -5.24 -6.05 26.25 -5.24 6.45
3 16 26.25 0.01 6.45 26.25 -5.24 6.45 10 0.01 6.45
3 16 10 0.01 6.45 26.25 -5.24 6.45 10 -5.24 6.45
3 16 10 0.01 -6.05 10 -5.24 -6.05 26.25 0.01 -6.05
3 16 26.25 0.01 -6.05 10 -5.24 -6.05 26.25 -5.24 -6.05
3 16 26.25 -5.24 6.45 26.25 -5.24 -6.05 10 -5.24 6.45
3 16 10 -5.24 6.45 26.25 -5.24 -6.05 10 -5.24 -6.05
3 16 26.25 0.01 -6.05 30 0.01 -9.8 26.2173 0.01 -9.8
3 16 -6.25 0.01 -6.05 10 0.01 -6.05 -6.2173 0.01 -9.8
3 16 -6.2173 0.01 -9.8 10 0.01 -6.05 10 0.01 -9.8
3 16 -6.25 0.01 6.45 -6.25 0.01 -6.05 -10 0.01 10.2
3 16 -10 0.01 10.2 -6.25 0.01 -6.05 -10 0.01 -9.8
3 16 10 0.01 6.45 -6.25 0.01 6.45 10 0.01 10.2
3 16 10 0.01 10.2 -6.25 0.01 6.45 -10 0.01 10.2
3 16 -6.25 0.01 -6.05 -6.25 0.01 6.45 -6.25 -5.24 -6.05
3 16 -6.25 -5.24 -6.05 -6.25 0.01 6.45 -6.25 -5.24 6.45
3 16 -6.25 0.01 6.45 10 0.01 6.45 -6.25 -5.24 6.45
3 16 -6.25 -5.24 6.45 10 0.01 6.45 10 -5.24 6.45
3 16 10 0.01 -6.05 -6.25 0.01 -6.05 10 -5.24 -6.05
3 16 10 -5.24 -6.05 -6.25 0.01 -6.05 -6.25 -5.24 -6.05
3 16 -6.25 -5.24 6.45 10 -5.24 6.45 -6.25 -5.24 -6.05
3 16 -6.25 -5.24 -6.05 10 -5.24 6.45 10 -5.24 -6.05
3 16 -6.25 0.01 -6.05 -6.2173 0.01 -9.8 -10 0.01 -9.8
3 16 10 -5.25 3.9382 11.9691 -5.25 3.4106 10 0 3.9382
3 16 10 0 3.9382 11.9691 -5.25 3.4106 11.9691 0 3.4106
3 16 8.0309 -5.25 3.4106 10 -5.25 3.9382 8.0309 0 3.4106
3 16 8.0309 0 3.4106 10 -5.25 3.9382 10 0 3.9382
3 16 6.5894 -5.25 1.9691 8.0309 -5.25 3.4106 6.5894 0 1.9691
3 16 6.5894 0 1.9691 8.0309 -5.25 3.4106 8.0309 0 3.4106
3 16 6.0618 -5.25 0 6.5894 -5.25 1.9691 6.0618 0 0
3 16 6.0618 0 0 6.5894 -5.25 1.9691 6.5894 0 1.9691
3 16 6.5894 -5.25 -1.9691 6.0618 -5.25 0 6.5894 0 -1.9691
3 16 6.5894 0 -1.9691 6.0618 -5.25 0 6.0618 0 0
3 16 8.0309 -5.25 -3.4106 6.5894 -5.25 -1.9691 8.0309 0 -3.4106
3 16 8.0309 0 -3.4106 6.5894 -5.25 -1.9691 6.5894 0 -1.9691
3 16 10 -5.25 -3.9382 8.0309 -5.25 -3.4106 10 0 -3.9382
3 16 10 0 -3.9382 8.0309 -5.25 -3.4106 8.0309 0 -3.4106
3 16 11.9691 -5.25 -3.4106 10 -5.25 -3.9382 11.9691 0 -3.4106
3 16 11.9691 0 -3.4106 10 -5.25 -3.9382 10 0 -3.9382
3 16 13.4106 -5.25 -1.9691 11.9691 -5.25 -3.4106 13.4106 0 -1.9691
3 16 13.4106 0 -1.9691 11.9691 -5.25 -3.4106 11.9691 0 -3.4106
3 16 13.9382 -5.25 0 13.4106 -5.25 -1.9691 13.9382 0 0
3 16 13.9382 0 0 13.4106 -5.25 -1.9691 13.4106 0 -1.9691
3 16 13.4106 -5.25 1.9691 13.9382 -5.25 0 13.4106 0 1.9691
3 16 13.4106 0 1.9691 13.9382 -5.25 0 13.9382 0 0
3 16 13.4106 0 1.9691 11.9691 0 3.4106 13.4106 -5.25 1.9691
3 16 13.4106 -5.25 1.9691 11.9691 0 3.4106 11.9691 -5.25 3.4106
3 16 11.9691 0 3.4106 10 0 0 10 0 3.9382
3 16 10 0 0 11.9691 0 3.4106 13.4106 0 1.9691
3 16 10 0 0 13.4106 0 1.9691 13.9382 0 0
3 16 10 0 0 13.9382 0 0 13.4106 0 -1.9691
3 16 10 0 0 13.4106 0 -1.9691 11.9691 0 -3.4106
3 16 10 0 0 11.9691 0 -3.4106 10 0 -3.9382
3 16 10 0 0 10 0 -3.9382 8.0309 0 -3.4106
3 16 10 0 0 8.0309 0 -3.4106 6.5894 0 -1.9691
3 16 10 0 0 6.5894 0 -1.9691 6.0618 0 0
3 16 10 0 0 6.0618 0 0 6.5894 0 1.9691
3 16 10 0 0 6.5894 0 1.9691 8.0309 0 3.4106
3 16 10 0 0 8.0309 0 3.4106 10 0 3.9382
3 16 20 -12.45 0 25.4144 -12.45 3.126 23.126 -12.45 5.4144
3 16 23.126 -12.45 5.4144 20 -12.45 6.252 20 -12.45 0
3 16 20 -12.45 6.252 16.874 -12.45 5.4144 20 -12.45 0
3 16 16.874 -12.45 5.4144 14.5856 -12.45 3.126 20 -12.45 0
3 16 14.5856 -12.45 3.126 13.748 -12.45 0 20 -12.45 0
3 16 13.748 -12.45 0 14.5856 -12.45 -3.126 20 -12.45 0
3 16 14.5856 -12.45 -3.126 16.874 -12.45 -5.4144 20 -12.45 0
3 16 16.874 -12.45 -5.4144 20 -12.45 -6.252 20 -12.45 0
3 16 20 -12.45 -6.252 23.126 -12.45 -5.4144 20 -12.45 0
3 16 23.126 -12.45 -5.4144 25.4144 -12.45 -3.126 20 -12.45 0
3 16 25.4144 -12.45 -3.126 26.252 -12.45 0 20 -12.45 0
3 16 26.252 -12.45 0 25.4144 -12.45 3.126 20 -12.45 0
3 16 25.4144 -8 3.126 23.126 -8 5.4144 25.4144 -12.45 3.126
3 16 25.4144 -12.45 3.126 23.126 -8 5.4144 23.126 -12.45 5.4144
3 16 23.126 -8 5.4144 20 -8 6.252 23.126 -12.45 5.4144
3 16 23.126 -12.45 5.4144 20 -8 6.252 20 -12.45 6.252
3 16 20 -8 6.252 16.874 -8 5.4144 20 -12.45 6.252
3 16 20 -12.45 6.252 16.874 -8 5.4144 16.874 -12.45 5.4144
3 16 16.874 -8 5.4144 14.5856 -8 3.126 16.874 -12.45 5.4144
3 16 16.874 -12.45 5.4144 14.5856 -8 3.126 14.5856 -12.45 3.126
3 16 14.5856 -8 3.126 13.748 -8 0 14.5856 -12.45 3.126
3 16 14.5856 -12.45 3.126 13.748 -8 0 13.748 -12.45 0
3 16 13.748 -8 0 14.5856 -8 -3.126 13.748 -12.45 0
3 16 13.748 -12.45 0 14.5856 -8 -3.126 14.5856 -12.45 -3.126
3 16 14.5856 -8 -3.126 16.874 -8 -5.4144 14.5856 -12.45 -3.126
3 16 14.5856 -12.45 -3.126 16.874 -8 -5.4144 16.874 -12.45 -5.4144
3 16 16.874 -8 -5.4144 20 -8 -6.252 16.874 -12.45 -5.4144
3 16 16.874 -12.45 -5.4144 20 -8 -6.252 20 -12.45 -6.252
3 16 20 -8 -6.252 23.126 -8 -5.4144 20 -12.45 -6.252
3 16 20 -12.45 -6.252 23.126 -8 -5.4144 23.126 -12.45 -5.4144
3 16 23.126 -8 -5.4144 25.4144 -8 -3.126 23.126 -12.45 -5.4144
3 16 23.126 -12.45 -5.4144 25.4144 -8 -3.126 25.4144 -12.45 -3.126
3 16 25.4144 -8 -3.126 26.252 -8 0 25.4144 -12.45 -3.126
3 16 25.4144 -12.45 -3.126 26.252 -8 0 26.252 -12.45 0
3 16 26.252 -8 0 25.4144 -8 3.126 26.252 -12.45 0
3 16 26.252 -12.45 0 25.4144 -8 3.126 25.4144 -12.45 3.126
3 16 0 -12.45 0 5.4144 -12.45 3.126 3.126 -12.45 5.4144
3 16 3.126 -12.45 5.4144 0 -12.45 6.252 0 -12.45 0
3 16 0 -12.45 6.252 -3.126 -12.45 5.4144 0 -12.45 0
3 16 -3.126 -12.45 5.4144 -5.4144 -12.45 3.126 0 -12.45 0
3 16 -5.4144 -12.45 3.126 -6.252 -12.45 0 0 -12.45 0
3 16 -6.252 -12.45 0 -5.4144 -12.45 -3.126 0 -12.45 0
3 16 -5.4144 -12.45 -3.126 -3.126 -12.45 -5.4144 0 -12.45 0
3 16 -3.126 -12.45 -5.4144 0 -12.45 -6.252 0 -12.45 0
3 16 0 -12.45 -6.252 3.126 -12.45 -5.4144 0 -12.45 0
3 16 3.126 -12.45 -5.4144 5.4144 -12.45 -3.126 0 -12.45 0
3 16 5.4144 -12.45 -3.126 6.252 -12.45 0 0 -12.45 0
3 16 6.252 -12.45 0 5.4144 -12.45 3.126 0 -12.45 0
3 16 5.4144 -8 3.126 3.126 -8 5.4144 5.4144 -12.45 3.126
3 16 5.4144 -12.45 3.126 3.126 -8 5.4144 3.126 -12.45 5.4144
3 16 3.126 -8 5.4144 0 -8 6.252 3.126 -12.45 5.4144
3 16 3.126 -12.45 5.4144 0 -8 6.252 0 -12.45 6.252
3 16 0 -8 6.252 -3.126 -8 5.4144 0 -12.45 6.252
3 16 0 -12.45 6.252 -3.126 -8 5.4144 -3.126 -12.45 5.4144
3 16 -3.126 -8 5.4144 -5.4144 -8 3.126 -3.126 -12.45 5.4144
3 16 -3.126 -12.45 5.4144 -5.4144 -8 3.126 -5.4144 -12.45 3.126
3 16 -5.4144 -8 3.126 -6.252 -8 0 -5.4144 -12.45 3.126
3 16 -5.4144 -12.45 3.126 -6.252 -8 0 -6.252 -12.45 0
3 16 -6.252 -8 0 -5.4144 -8 -3.126 -6.252 -12.45 0
3 16 -6.252 -12.45 0 -5.4144 -8 -3.126 -5.4144 -12.45 -3.126
3 16 -5.4144 -8 -3.126 -3.126 -8 -5.4144 -5.4144 -12.45 -3.126
3 16 -5.4144 -12.45 -3.126 -3.126 -8 -5.4144 -3.126 -12.45 -5.4144
3 16 -3.126 -8 -5.4144 0 -8 -6.252 -3.126 -12.45 -5.4144
3 16 -3.126 -12.45 -5.4144 0 -8 -6.252 0 -12.45 -6.252
3 16 0 -8 -6.252 3.126 -8 -5.4144 0 -12.45 -6.252
3 16 0 -12.45 -6.252 3.126 -8 -5.4144 3.126 -12.45 -5.4144
3 16 3.126 -8 -5.4144 5.4144 -8 -3.126 3.126 -12.45 -5.4144
3 16 3.126 -12.45 -5.4144 5.4144 -8 -3.126 5.4144 -12.45 -3.126
3 16 5.4144 -8 -3.126 6.252 -8 0 5.4144 -12.45 -3.126
3 16 5.4144 -12.45 -3.126 6.252 -8 0 6.252 -12.45 0
3 16 6.252 -8 0 5.4144 -8 3.126 6.252 -12.45 0
3 16 6.252 -12.45 0 5.4144 -8 3.126 5.4144 -12.45 3.126
3 16 8.4503 -17.49 -132.256 10 -17.49 -132.6746 8.3787 -17.49 -148.6055
3 16 10 -17.49 -132.6746 10 -17.49 -148.6055 8.3787 -17.49 -148.6055
3 16 10 -17.49 -149.459 8.8358 -17.49 -149.459 10 -17.49 -148.6055
3 16 10 -17.49 -148.6055 8.8358 -17.49 -149.459 8.3787 -17.49 -148.6055
3 16 10 -17.49 -126.4256 5.11 -17.49 -123.9184 10 -17.49 -123.9184
3 16 10 -17.49 -126.4256 8.4503 -17.49 -126.8442 5.11 -17.49 -123.9184
3 16 5.11 -17.49 -123.9184 8.4503 -17.49 -126.8442 7.3067 -17.49 -127.9878
3 16 10 -17.49 -123.9184 5.11 -17.49 -123.9184 10 -17.3565 -120.2676
3 16 10 -17.3565 -120.2676 5.11 -17.49 -123.9184 4.6266 -17.3565 -120.2676
3 16 10 -17.3565 -120.2676 4.6266 -17.3565 -120.2676 10 -17.0839 -116.6746
3 16 10 -17.49 -149.8 8.8358 -17.49 -149.459 10 -17.49 -149.459
3 16 10 -17.49 -149.8 9.7418 -17.49 -149.8 8.8358 -17.49 -149.459
3 16 10 -22.2898 -149.8 9.5915 -22.212 -149.7825 10 -17.49 -149.8
3 16 10 -17.49 -149.8 9.5915 -22.212 -149.7825 9.7418 -17.49 -149.8
3 16 9.5915 -22.212 -149.7825 8.7146 -21.812 -149.339 9.7418 -17.49 -149.8
3 16 8.7146 -21.812 -149.339 8.8358 -17.49 -149.459 9.7418 -17.49 -149.8
3 16 8.8358 -17.49 -149.459 8.7146 -21.812 -149.339 8.3787 -17.49 -148.6055
3 16 8.7146 -21.812 -149.339 8.3787 -21.6507 -148.6055 8.3787 -17.49 -148.6055
3 16 8.3787 -17.49 -148.6055 5.11 -17.49 -123.9184 6.8881 -17.49 -129.5501
3 16 6.8881 -17.49 -129.5501 7.3067 -17.49 -131.1123 8.3787 -17.49 -148.6055
3 16 8.4503 -17.49 -132.256 8.3787 -17.49 -148.6055 7.3067 -17.49 -131.1123
3 16 7.3067 -17.49 -127.9878 6.8881 -17.49 -129.5501 5.11 -17.49 -123.9184
3 16 8.3787 -21.6507 -148.6055 4.6266 -17.3565 -120.2676 5.11 -17.49 -123.9184
3 16 7.3067 -18.49 -131.1123 7.3067 -17.49 -131.1123 6.8881 -18.49 -129.5501
3 16 6.8881 -18.49 -129.5501 7.3067 -17.49 -131.1123 6.8881 -17.49 -129.5501
3 16 7.3067 -17.49 -131.1123 7.3067 -18.49 -131.1123 8.4503 -17.49 -132.256
3 16 8.4503 -17.49 -132.256 7.3067 -18.49 -131.1123 8.4503 -18.49 -132.256
3 16 7.3067 -17.49 -127.9878 7.3067 -18.49 -127.9878 6.8881 -17.49 -129.5501
3 16 6.8881 -17.49 -129.5501 7.3067 -18.49 -127.9878 6.8881 -18.49 -129.5501
3 16 8.4503 -17.49 -132.256 8.4503 -18.49 -132.256 10 -17.49 -132.6746
3 16 10 -17.49 -132.6746 8.4503 -18.49 -132.256 10 -18.49 -132.6746
3 16 10 -17.49 -126.4256 10 -18.49 -126.4256 8.4503 -17.49 -126.8442
3 16 8.4503 -17.49 -126.8442 10 -18.49 -126.4256 8.4503 -18.49 -126.8442
3 16 8.4503 -17.49 -126.8442 8.4503 -18.49 -126.8442 7.3067 -17.49 -127.9878
3 16 7.3067 -17.49 -127.9878 8.4503 -18.49 -126.8442 7.3067 -18.49 -127.9878
3 16 8.7146 -21.812 -149.339 9.5915 -22.212 -149.7825 8.3787 -21.6507 -148.6055
3 16 6.0539 -16.4523 -109.9316 5.4517 -16.5875 -112.1793 4.3807 -14.4007 -89.8429
3 16 4.6266 -17.3565 -120.2676 0.5982 -14.5266 -89.8429 5.4517 -16.5875 -112.1793
3 16 0.5982 -14.5266 -89.8429 4.3807 -14.4007 -89.8429 5.4517 -16.5875 -112.1793
3 16 6.0539 -16.7226 -114.4269 4.6266 -17.3565 -120.2676 5.4517 -16.5875 -112.1793
3 16 7.6993 -16.9795 -116.0723 4.6266 -17.3565 -120.2676 6.0539 -16.7226 -114.4269
3 16 10 -17.0839 -116.6746 4.6266 -17.3565 -120.2676 7.6993 -16.9795 -116.0723
3 16 6.0539 -16.4523 -109.9316 6.0539 -17.0925 -109.9316 5.4517 -16.5875 -112.1793
3 16 5.4517 -16.5875 -112.1793 6.0539 -17.0925 -109.9316 5.4517 -17.99 -112.1793
3 16 6.0539 -17.0925 -109.9316 6.0539 -17.99 -109.9316 5.4517 -17.99 -112.1793
3 16 5.4517 -16.5875 -112.1793 5.4517 -17.99 -112.1793 6.0539 -16.7226 -114.4269
3 16 5.4517 -17.99 -112.1793 6.0539 -17.99 -114.4269 6.0539 -16.7226 -114.4269
3 16 6.0539 -16.7226 -114.4269 6.0539 -17.99 -114.4269 7.6993 -16.9795 -116.0723
3 16 6.0539 -17.99 -114.4269 7.6993 -17.99 -116.0723 7.6993 -16.9795 -116.0723
3 16 7.6993 -16.9795 -116.0723 7.6993 -17.99 -116.0723 10 -17.0839 -116.6746
3 16 7.6993 -17.99 -116.0723 10 -17.99 -116.6746 10 -17.0839 -116.6746
3 16 6.9403 -17.0926 -109.1729 4.3809 -15.8523 -89.8429 7.6993 -17.99 -108.2862
3 16 7.6993 -17.99 -108.2862 4.3809 -15.8523 -89.8429 10 -18.5752 -107.6839
3 16 10 -18.5752 -89.8429 10 -18.5752 -107.6839 4.3809 -15.8523 -89.8429
3 16 7.6993 -17.99 -108.2862 6.0539 -17.99 -109.9316 6.9403 -17.0926 -109.1729
3 16 6.0539 -17.0925 -109.9316 6.9403 -16.4523 -109.1729 6.0539 -17.99 -109.9316
3 16 6.9403 -16.4523 -109.1729 6.9403 -17.0926 -109.1729 6.0539 -17.99 -109.9316
3 16 10 -18.5752 -107.6839 10 -17.99 -107.6839 7.6993 -17.99 -108.2862
3 16 6.0539 -17.99 -109.9316 7.6993 -17.99 -108.2862 10 -17.99 -109.9316
3 16 10 -17.99 -109.9316 7.6993 -17.99 -108.2862 10 -17.99 -108.2862
3 16 7.6993 -17.99 -108.2862 10 -17.99 -107.6839 10 -17.99 -108.2862
3 16 5.4517 -17.99 -112.1793 6.0539 -17.99 -109.9316 10 -17.99 -112.1793
3 16 10 -17.99 -112.1793 6.0539 -17.99 -109.9316 10 -17.99 -109.9316
3 16 5.4517 -17.99 -112.1793 10 -17.99 -112.1793 6.0539 -17.99 -114.4269
3 16 6.0539 -17.99 -114.4269 10 -17.99 -112.1793 10 -17.99 -114.4269
3 16 6.0539 -17.99 -114.4269 10 -17.99 -114.4269 7.6993 -17.99 -116.0723
3 16 7.6993 -17.99 -116.0723 10 -17.99 -114.4269 10 -17.99 -116.0723
3 16 10 -17.99 -116.6746 7.6993 -17.99 -116.0723 10 -17.99 -116.0723
3 16 10 -18.49 -132.256 8.4503 -18.49 -132.256 10 -18.49 -131.1123
3 16 10 -18.49 -131.1123 8.4503 -18.49 -132.256 7.3067 -18.49 -131.1123
3 16 10 -18.49 -131.1123 7.3067 -18.49 -131.1123 10 -18.49 -129.55
3 16 10 -18.49 -129.55 7.3067 -18.49 -131.1123 6.8881 -18.49 -129.5501
3 16 7.3067 -18.49 -127.9878 8.4503 -18.49 -126.8442 10 -18.49 -127.9878
3 16 10 -18.49 -127.9878 8.4503 -18.49 -126.8442 10 -18.49 -126.8442
3 16 8.4503 -18.49 -126.8442 10 -18.49 -126.4256 10 -18.49 -126.8442
3 16 10 -18.49 -132.6746 8.4503 -18.49 -132.256 10 -18.49 -132.256
3 16 6.8881 -18.49 -129.5501 7.3067 -18.49 -127.9878 10 -18.49 -129.55
3 16 10 -18.49 -129.55 7.3067 -18.49 -127.9878 10 -18.49 -127.9878
3 16 8.3787 -17.49 -148.6055 8.3787 -21.6507 -148.6055 5.11 -17.49 -123.9184
3 16 4.3807 -14.4007 -89.8429 6.9403 -16.4523 -109.1729 6.0539 -16.4523 -109.9316
3 16 6.0539 -16.4523 -109.9316 6.9403 -16.4523 -109.1729 6.0539 -17.0925 -109.9316
3 16 10 -22.2683 -89.8429 9.5355 -22.1725 -89.8429 10 -22.2898 -149.8
3 16 10 -22.2898 -149.8 9.5355 -22.1725 -89.8429 9.5915 -22.212 -149.7825
3 16 9.5915 -22.212 -149.7825 9.5355 -22.1725 -89.8429 8.3787 -21.6507 -148.6055
3 16 9.5355 -22.1725 -89.8429 0.5982 -17.8996 -89.8429 8.3787 -21.6507 -148.6055
3 16 8.3787 -21.6507 -148.6055 0.5982 -17.8996 -89.8429 4.6266 -17.3565 -120.2676
3 16 0.5982 -17.8996 -89.8429 0.5982 -14.5266 -89.8429 4.6266 -17.3565 -120.2676
3 16 4.3807 -14.4007 -89.8429 4.3809 -15.8523 -89.8429 6.9403 -16.4523 -109.1729
3 16 4.3809 -15.8523 -89.8429 6.9403 -17.0926 -109.1729 6.9403 -16.4523 -109.1729
3 16 11.5497 -17.49 -132.256 11.6213 -17.49 -148.6055 10 -17.49 -132.6746
3 16 10 -17.49 -132.6746 11.6213 -17.49 -148.6055 10 -17.49 -148.6055
3 16 10 -17.49 -149.459 10 -17.49 -148.6055 11.1642 -17.49 -149.459
3 16 11.1642 -17.49 -149.459 10 -17.49 -148.6055 11.6213 -17.49 -148.6055
3 16 10 -17.49 -126.4256 10 -17.49 -123.9184 14.89 -17.49 -123.9184
3 16 10 -17.49 -126.4256 14.89 -17.49 -123.9184 11.5497 -17.49 -126.8442
3 16 14.89 -17.49 -123.9184 12.6933 -17.49 -127.9878 11.5497 -17.49 -126.8442
3 16 10 -17.49 -123.9184 10 -17.3565 -120.2676 14.89 -17.49 -123.9184
3 16 14.89 -17.49 -123.9184 10 -17.3565 -120.2676 15.3734 -17.3565 -120.2676
3 16 10 -17.3565 -120.2676 10 -17.0839 -116.6746 15.3734 -17.3565 -120.2676
3 16 10 -17.49 -149.8 10 -17.49 -149.459 11.1642 -17.49 -149.459
3 16 10 -17.49 -149.8 11.1642 -17.49 -149.459 10.2582 -17.49 -149.8
3 16 10 -22.2898 -149.8 10 -17.49 -149.8 10.4085 -22.212 -149.7825
3 16 10.4085 -22.212 -149.7825 10 -17.49 -149.8 10.2582 -17.49 -149.8
3 16 10.4085 -22.212 -149.7825 10.2582 -17.49 -149.8 11.2854 -21.812 -149.339
3 16 11.2854 -21.812 -149.339 10.2582 -17.49 -149.8 11.1642 -17.49 -149.459
3 16 11.1642 -17.49 -149.459 11.6213 -17.49 -148.6055 11.2854 -21.812 -149.339
3 16 11.2854 -21.812 -149.339 11.6213 -17.49 -148.6055 11.6213 -21.6507 -148.6055
3 16 11.6213 -17.49 -148.6055 13.112 -17.49 -129.5501 14.89 -17.49 -123.9184
3 16 13.112 -17.49 -129.5501 11.6213 -17.49 -148.6055 12.6933 -17.49 -131.1123
3 16 11.5497 -17.49 -132.256 12.6933 -17.49 -131.1123 11.6213 -17.49 -148.6055
3 16 12.6933 -17.49 -127.9878 14.89 -17.49 -123.9184 13.112 -17.49 -129.5501
3 16 11.6213 -21.6507 -148.6055 14.89 -17.49 -123.9184 15.3734 -17.3565 -120.2676
3 16 12.6933 -18.49 -131.1123 13.112 -18.49 -129.5501 12.6933 -17.49 -131.1123
3 16 13.112 -18.49 -129.5501 13.112 -17.49 -129.5501 12.6933 -17.49 -131.1123
3 16 12.6933 -17.49 -131.1123 11.5497 -17.49 -132.256 12.6933 -18.49 -131.1123
3 16 11.5497 -17.49 -132.256 11.5497 -18.49 -132.256 12.6933 -18.49 -131.1123
3 16 12.6933 -17.49 -127.9878 13.112 -17.49 -129.5501 12.6933 -18.49 -127.9878
3 16 13.112 -17.49 -129.5501 13.112 -18.49 -129.5501 12.6933 -18.49 -127.9878
3 16 11.5497 -17.49 -132.256 10 -17.49 -132.6746 11.5497 -18.49 -132.256
3 16 10 -17.49 -132.6746 10 -18.49 -132.6746 11.5497 -18.49 -132.256
3 16 10 -17.49 -126.4256 11.5497 -17.49 -126.8442 10 -18.49 -126.4256
3 16 11.5497 -17.49 -126.8442 11.5497 -18.49 -126.8442 10 -18.49 -126.4256
3 16 11.5497 -17.49 -126.8442 12.6933 -17.49 -127.9878 11.5497 -18.49 -126.8442
3 16 12.6933 -17.49 -127.9878 12.6933 -18.49 -127.9878 11.5497 -18.49 -126.8442
3 16 11.2854 -21.812 -149.339 11.6213 -21.6507 -148.6055 10.4085 -22.212 -149.7825
3 16 13.9461 -16.4523 -109.9316 15.6194 -14.4007 -89.8429 14.5484 -16.5875 -112.1793
3 16 15.3734 -17.3565 -120.2676 14.5484 -16.5875 -112.1793 19.4018 -14.5266 -89.8429
3 16 19.4018 -14.5266 -89.8429 14.5484 -16.5875 -112.1793 15.6194 -14.4007 -89.8429
3 16 13.9461 -16.7226 -114.4269 14.5484 -16.5875 -112.1793 15.3734 -17.3565 -120.2676
3 16 12.3007 -16.9795 -116.0723 13.9461 -16.7226 -114.4269 15.3734 -17.3565 -120.2676
3 16 10 -17.0839 -116.6746 12.3007 -16.9795 -116.0723 15.3734 -17.3565 -120.2676
3 16 13.9461 -16.4523 -109.9316 14.5484 -16.5875 -112.1793 13.9461 -17.0925 -109.9316
3 16 14.5484 -16.5875 -112.1793 14.5484 -17.99 -112.1793 13.9461 -17.0925 -109.9316
3 16 13.9461 -17.0925 -109.9316 14.5484 -17.99 -112.1793 13.9461 -17.99 -109.9316
3 16 14.5484 -16.5875 -112.1793 13.9461 -16.7226 -114.4269 14.5484 -17.99 -112.1793
3 16 14.5484 -17.99 -112.1793 13.9461 -16.7226 -114.4269 13.9461 -17.99 -114.4269
3 16 13.9461 -16.7226 -114.4269 12.3007 -16.9795 -116.0723 13.9461 -17.99 -114.4269
3 16 13.9461 -17.99 -114.4269 12.3007 -16.9795 -116.0723 12.3007 -17.99 -116.0723
3 16 12.3007 -16.9795 -116.0723 10 -17.0839 -116.6746 12.3007 -17.99 -116.0723
3 16 12.3007 -17.99 -116.0723 10 -17.0839 -116.6746 10 -17.99 -116.6746
3 16 13.0597 -17.0926 -109.1729 12.3007 -17.99 -108.2862 15.6191 -15.8523 -89.8429
3 16 12.3007 -17.99 -108.2862 10 -18.5752 -107.6839 15.6191 -15.8523 -89.8429
3 16 10 -18.5752 -89.8429 15.6191 -15.8523 -89.8429 10 -18.5752 -107.6839
3 16 12.3007 -17.99 -108.2862 13.0597 -17.0926 -109.1729 13.9461 -17.99 -109.9316
3 16 13.9461 -17.0925 -109.9316 13.9461 -17.99 -109.9316 13.0597 -16.4523 -109.1729
3 16 13.0597 -16.4523 -109.1729 13.9461 -17.99 -109.9316 13.0597 -17.0926 -109.1729
3 16 10 -18.5752 -107.6839 12.3007 -17.99 -108.2862 10 -17.99 -107.6839
3 16 10 -17.99 -108.2862 12.3007 -17.99 -108.2862 10 -17.99 -109.9316
3 16 10 -17.99 -109.9316 12.3007 -17.99 -108.2862 13.9461 -17.99 -109.9316
3 16 12.3007 -17.99 -108.2862 10 -17.99 -108.2862 10 -17.99 -107.6839
3 16 14.5484 -17.99 -112.1793 10 -17.99 -112.1793 13.9461 -17.99 -109.9316
3 16 13.9461 -17.99 -109.9316 10 -17.99 -112.1793 10 -17.99 -109.9316
3 16 10 -17.99 -114.4269 10 -17.99 -112.1793 13.9461 -17.99 -114.4269
3 16 13.9461 -17.99 -114.4269 10 -17.99 -112.1793 14.5484 -17.99 -112.1793
3 16 10 -17.99 -116.0723 10 -17.99 -114.4269 12.3007 -17.99 -116.0723
3 16 12.3007 -17.99 -116.0723 10 -17.99 -114.4269 13.9461 -17.99 -114.4269
3 16 10 -17.99 -116.6746 10 -17.99 -116.0723 12.3007 -17.99 -116.0723
3 16 10 -18.49 -132.256 10 -18.49 -131.1123 11.5497 -18.49 -132.256
3 16 11.5497 -18.49 -132.256 10 -18.49 -131.1123 12.6933 -18.49 -131.1123
3 16 10 -18.49 -131.1123 10 -18.49 -129.55 12.6933 -18.49 -131.1123
3 16 12.6933 -18.49 -131.1123 10 -18.49 -129.55 13.112 -18.49 -129.5501
3 16 10 -18.49 -126.8442 11.5497 -18.49 -126.8442 10 -18.49 -127.9878
3 16 10 -18.49 -127.9878 11.5497 -18.49 -126.8442 12.6933 -18.49 -127.9878
3 16 11.5497 -18.49 -126.8442 10 -18.49 -126.8442 10 -18.49 -126.4256
3 16 10 -18.49 -132.6746 10 -18.49 -132.256 11.5497 -18.49 -132.256
3 16 10 -18.49 -127.9878 12.6933 -18.49 -127.9878 10 -18.49 -129.55
3 16 10 -18.49 -129.55 12.6933 -18.49 -127.9878 13.112 -18.49 -129.5501
3 16 11.6213 -17.49 -148.6055 14.89 -17.49 -123.9184 11.6213 -21.6507 -148.6055
3 16 15.6194 -14.4007 -89.8429 13.9461 -16.4523 -109.9316 13.0597 -16.4523 -109.1729
3 16 13.9461 -16.4523 -109.9316 13.9461 -17.0925 -109.9316 13.0597 -16.4523 -109.1729
3 16 10 -22.2683 -89.8429 10 -22.2898 -149.8 10.4645 -22.1725 -89.8429
3 16 10 -22.2898 -149.8 10.4085 -22.212 -149.7825 10.4645 -22.1725 -89.8429
3 16 10.4085 -22.212 -149.7825 11.6213 -21.6507 -148.6055 10.4645 -22.1725 -89.8429
3 16 10.4645 -22.1725 -89.8429 11.6213 -21.6507 -148.6055 19.4018 -17.8996 -89.8429
3 16 11.6213 -21.6507 -148.6055 15.3734 -17.3565 -120.2676 19.4018 -17.8996 -89.8429
3 16 19.4018 -17.8996 -89.8429 15.3734 -17.3565 -120.2676 19.4018 -14.5266 -89.8429
3 16 15.6194 -14.4007 -89.8429 13.0597 -16.4523 -109.1729 15.6191 -15.8523 -89.8429
3 16 15.6191 -15.8523 -89.8429 13.0597 -16.4523 -109.1729 13.0597 -17.0926 -109.1729
2 24 10 -4.24 -9.8 -6.2173 -4.24 -9.8
2 24 -6.2173 -4.24 -9.8 -6.2173 0.01 -9.8
2 24 10 0.01 -9.8 -6.2173 0.01 -9.8
2 24 -6.0713 -2.5274 -20.6093 -5.2998 -1.6382 -16.7295
2 24 -5.2998 -1.6382 -16.7295 -6.2173 0.01 -9.8
2 24 -10 0.01 -9.8 -6.2173 0.01 -9.8
2 24 -5.2998 -1.6382 -16.7295 -6.2173 0.01 -9.8
2 24 -5.6545 -4.24 -14.05 -6.2173 -4.24 -9.8
2 24 -6.2173 0.01 -9.8 -6.2173 -4.24 -9.8
2 24 -10 -7.99 -9.8 -10 -7.99 10.2
2 24 -10 -7.99 10.2 -10 0.01 10.2
2 24 -10 0.01 -9.8 -10 0.01 10.2
2 24 -10 0.01 -9.8 -2.7335 -10.9637 -64.6799
2 24 -10 -7.99 -9.8 -10 -12.79 -9.8
2 24 10 -22.2683 -89.8429 10 -22.2398 -9.8
2 24 10 -22.2398 -9.8 9.4607 -22.1199 -9.8
2 24 -10 -12.79 -9.8 0.5982 -17.8996 -89.8429
2 24 9.4607 -22.1199 -9.8 -10 -12.79 -9.8
2 24 -10 -12.79 -9.8 0.5982 -17.8996 -89.8429
2 24 -2.7335 -10.9637 -64.6799 0.5982 -14.5266 -89.8429
2 24 -1.5256 -7.6147 -45.2322 1.2832 -11.239 -66.4474
2 24 -10 0.01 -9.8 -2.7335 -10.9637 -64.6799
2 24 -1.5256 -7.6147 -45.2322 -4.318 -3.3166 -24.144
2 24 -6.0713 -2.5274 -20.6093 -4.318 -3.3166 -24.144
2 24 -2.7335 -10.9637 -64.6799 0.5982 -14.5266 -89.8429
2 24 1.2832 -11.239 -66.4474 4.3807 -14.4007 -89.8429
2 24 -6.0713 -2.5274 -20.6093 -5.2998 -1.6382 -16.7295
2 24 -6.125 -5.24 -19.8 -5.915 -5.24 -18.2103
2 24 -5.915 -5.24 -18.2103 -5.2998 -5.24 -16.7295
2 24 -5.2998 -1.6382 -16.7295 -5.2998 -5.24 -16.7295
2 24 -5.6545 -4.24 -14.05 -5.6545 -10.9895 -14.05
2 24 -5.2998 -1.6382 -16.7295 -5.2998 -5.24 -16.7295
2 24 -6.0713 -2.5274 -20.6093 -4.318 -3.3166 -24.144
2 24 -4.318 -3.3166 -24.144 -4.318 -5.24 -24.144
2 24 -5.6552 -5.24 -22.1524 -4.318 -5.24 -24.144
2 24 -6.125 -5.24 -19.8 -5.6552 -5.24 -22.1524
2 24 -1.5256 -7.6147 -45.2322 -4.318 -3.3166 -24.144
2 24 -4.318 -5.24 -24.144 -4.318 -3.3166 -24.144
2 24 -1.5256 -7.6147 -45.2322 1.2832 -11.239 -66.4474
2 24 -5.2998 -5.24 -16.7295 -4.318 -5.24 -24.144
2 24 -5.6545 -10.9895 -14.05 4.3809 -15.8523 -89.8429
2 24 1.2832 -11.239 -66.4474 4.3807 -14.4007 -89.8429
2 24 -4.318 -5.24 -24.144 -5.6552 -5.24 -22.1524
2 24 -4.318 -5.24 -24.144 -5.2998 -5.24 -16.7295
2 24 -5.6552 -5.24 -22.1524 -6.125 -5.24 -19.8
2 24 -5.2998 -5.24 -16.7295 -5.915 -5.24 -18.2103
2 24 -6.125 -5.24 -19.8 -5.915 -5.24 -18.2103
2 24 0 -4.24 -13.6755 -2.1102 -4.24 -14.05
2 24 -6.2173 -4.24 -9.8 -5.6545 -4.24 -14.05
2 24 -2.1102 -4.24 -14.05 -5.6545 -4.24 -14.05
2 24 10 -4.24 -14.05 2.1102 -4.24 -14.05
2 24 -6.2173 -4.24 -9.8 10 -4.24 -9.8
2 24 0 -4.24 -13.6755 2.1102 -4.24 -14.05
2 24 -2.1102 -4.24 -14.05 -5.6545 -4.24 -14.05
2 24 -5.6545 -4.24 -14.05 -5.6545 -10.9895 -14.05
2 24 -2.1102 -5.24 -14.05 0 -5.24 -13.6755
2 24 -2.1102 -4.24 -14.05 0 -4.24 -13.6755
2 24 -2.1102 -5.24 -14.05 0 -5.24 -13.6755
2 24 10 -4.24 -14.05 2.1102 -4.24 -14.05
2 24 0 -4.24 -13.6755 2.1102 -4.24 -14.05
2 24 0 -5.24 -13.6755 2.1102 -5.24 -14.05
2 24 -5.6545 -10.9895 -14.05 10 -18.5752 -14.05
2 24 0 -5.24 -13.6755 2.1102 -5.24 -14.05
2 24 -5.6545 -10.9895 -14.05 10 -18.5752 -14.05
2 24 -5.6545 -10.9895 -14.05 4.3809 -15.8523 -89.8429
2 24 10 -18.5752 -14.05 10 -18.5752 -89.8429
2 24 10 -22.2398 -9.8 9.4607 -22.1199 -9.8
2 24 9.4607 -22.1199 -9.8 -10 -12.79 -9.8
2 24 10 -7.99 -9.8 -10 -7.99 -9.8
2 24 -10 -12.79 -9.8 -10 -7.99 -9.8
2 24 10 -7.99 -9.8 -10 -7.99 -9.8
2 24 10 -7.99 10.2 -10 -7.99 10.2
2 24 -10 -7.99 -9.8 -10 -7.99 10.2
2 24 -10 -7.99 10.2 10 -7.99 10.2
2 24 -10 -7.99 10.2 -10 0.01 10.2
2 24 -10 0.01 10.2 10 0.01 10.2
2 24 10 -4.24 -9.8 26.2173 -4.24 -9.8
2 24 10 0.01 -9.8 26.2173 0.01 -9.8
2 24 26.2173 -4.24 -9.8 26.2173 0.01 -9.8
2 24 26.0713 -2.5274 -20.6093 25.2998 -1.6382 -16.7295
2 24 25.2998 -1.6382 -16.7295 26.2173 0.01 -9.8
2 24 30 0.01 -9.8 26.2173 0.01 -9.8
2 24 25.2998 -1.6382 -16.7295 26.2173 0.01 -9.8
2 24 25.6545 -4.24 -14.05 26.2173 -4.24 -9.8
2 24 26.2173 0.01 -9.8 26.2173 -4.24 -9.8
2 24 30 -7.99 -9.8 30 -7.99 10.2
2 24 30 -7.99 10.2 30 0.01 10.2
2 24 30 0.01 -9.8 30 0.01 10.2
2 24 30 0.01 -9.8 22.7336 -10.9637 -64.6799
2 24 30 -7.99 -9.8 30 -12.79 -9.8
2 24 10 -22.2683 -89.8429 10 -22.2398 -9.8
2 24 10 -22.2398 -9.8 10.5393 -22.1199 -9.8
2 24 10.5393 -22.1199 -9.8 30 -12.79 -9.8
2 24 30 -12.79 -9.8 19.4018 -17.8996 -89.8429
2 24 30 -12.79 -9.8 19.4018 -17.8996 -89.8429
2 24 22.7336 -10.9637 -64.6799 19.4018 -14.5266 -89.8429
2 24 21.5256 -7.6147 -45.2322 18.7168 -11.239 -66.4474
2 24 30 0.01 -9.8 22.7336 -10.9637 -64.6799
2 24 21.5256 -7.6147 -45.2322 24.318 -3.3166 -24.144
2 24 26.0713 -2.5274 -20.6093 24.318 -3.3166 -24.144
2 24 22.7336 -10.9637 -64.6799 19.4018 -14.5266 -89.8429
2 24 18.7168 -11.239 -66.4474 15.6194 -14.4007 -89.8429
2 24 26.0713 -2.5274 -20.6093 25.2998 -1.6382 -16.7295
2 24 26.125 -5.24 -19.8 25.915 -5.24 -18.2103
2 24 25.2998 -1.6382 -16.7295 25.2998 -5.24 -16.7295
2 24 25.915 -5.24 -18.2103 25.2998 -5.24 -16.7295
2 24 25.6545 -4.24 -14.05 25.6545 -10.9895 -14.05
2 24 25.2998 -1.6382 -16.7295 25.2998 -5.24 -16.7295
2 24 26.0713 -2.5274 -20.6093 24.318 -3.3166 -24.144
2 24 24.318 -3.3166 -24.144 24.318 -5.24 -24.144
2 24 25.6552 -5.24 -22.1524 24.318 -5.24 -24.144
2 24 26.125 -5.24 -19.8 25.6552 -5.24 -22.1524
2 24 24.318 -3.3166 -24.144 21.5256 -7.6147 -45.2322
2 24 24.318 -5.24 -24.144 24.318 -3.3166 -24.144
2 24 21.5256 -7.6147 -45.2322 18.7168 -11.239 -66.4474
2 24 25.2998 -5.24 -16.7295 24.318 -5.24 -24.144
2 24 25.6545 -10.9895 -14.05 15.6191 -15.8523 -89.8429
2 24 18.7168 -11.239 -66.4474 15.6194 -14.4007 -89.8429
2 24 24.318 -5.24 -24.144 25.2998 -5.24 -16.7295
2 24 24.318 -5.24 -24.144 25.6552 -5.24 -22.1524
2 24 25.6552 -5.24 -22.1524 26.125 -5.24 -19.8
2 24 25.2998 -5.24 -16.7295 25.915 -5.24 -18.2103
2 24 26.125 -5.24 -19.8 25.915 -5.24 -18.2103
2 24 20 -4.24 -13.6755 22.1102 -4.24 -14.05
2 24 26.2173 -4.24 -9.8 25.6545 -4.24 -14.05
2 24 22.1102 -4.24 -14.05 25.6545 -4.24 -14.05
2 24 10 -4.24 -14.05 17.8898 -4.24 -14.05
2 24 10 -4.24 -9.8 26.2173 -4.24 -9.8
2 24 20 -4.24 -13.6755 17.8898 -4.24 -14.05
2 24 22.1102 -4.24 -14.05 25.6545 -4.24 -14.05
2 24 25.6545 -4.24 -14.05 25.6545 -10.9895 -14.05
2 24 22.1102 -5.24 -14.05 20 -5.24 -13.6755
2 24 22.1102 -4.24 -14.05 20 -4.24 -13.6755
2 24 22.1102 -5.24 -14.05 20 -5.24 -13.6755
2 24 10 -4.24 -14.05 17.8898 -4.24 -14.05
2 24 20 -4.24 -13.6755 17.8898 -4.24 -14.05
2 24 20 -5.24 -13.6755 17.8898 -5.24 -14.05
2 24 10 -18.5752 -14.05 25.6545 -10.9895 -14.05
2 24 20 -5.24 -13.6755 17.8898 -5.24 -14.05
2 24 25.6545 -10.9895 -14.05 15.6191 -15.8523 -89.8429
2 24 25.6545 -10.9895 -14.05 10 -18.5752 -14.05
2 24 10 -18.5752 -14.05 10 -18.5752 -89.8429
2 24 10 -22.2398 -9.8 10.5393 -22.1199 -9.8
2 24 10.5393 -22.1199 -9.8 30 -12.79 -9.8
2 24 30 -12.79 -9.8 30 -7.99 -9.8
2 24 10 -7.99 -9.8 30 -7.99 -9.8
2 24 10 -7.99 -9.8 30 -7.99 -9.8
2 24 30 -7.99 -9.8 30 -7.99 10.2
2 24 10 -7.99 10.2 30 -7.99 10.2
2 24 30 -7.99 10.2 30 0.01 10.2
2 24 10 -7.99 10.2 30 -7.99 10.2
2 24 10 0.01 10.2 30 0.01 10.2
2 24 26.25 0.01 -6.05 10 0.01 -6.05
2 24 26.2173 0.01 -9.8 10 0.01 -9.8
2 24 26.25 0.01 -6.05 26.25 0.01 6.45
2 24 30 0.01 10.2 30 0.01 -9.8
2 24 26.25 0.01 6.45 10 0.01 6.45
2 24 30 0.01 10.2 10 0.01 10.2
2 24 26.25 0.01 -6.05 26.25 -5.24 -6.05
2 24 26.25 0.01 -6.05 26.25 0.01 6.45
2 24 26.25 -5.24 -6.05 26.25 -5.24 6.45
2 24 26.25 0.01 6.45 26.25 -5.24 6.45
2 24 26.25 0.01 6.45 26.25 -5.24 6.45
2 24 26.25 0.01 6.45 10 0.01 6.45
2 24 26.25 -5.24 6.45 10 -5.24 6.45
2 24 10 0.01 -6.05 26.25 0.01 -6.05
2 24 10 -5.24 -6.05 26.25 -5.24 -6.05
2 24 26.25 0.01 -6.05 26.25 -5.24 -6.05
2 24 26.25 -5.24 6.45 26.25 -5.24 -6.05
2 24 26.25 -5.24 6.45 10 -5.24 6.45
2 24 26.25 -5.24 -6.05 10 -5.24 -6.05
2 24 26.2173 0.01 -9.8 30 0.01 -9.8
2 24 10 0.01 -6.05 -6.25 0.01 -6.05
2 24 10 0.01 -9.8 -6.2173 0.01 -9.8
2 24 -6.25 0.01 -6.05 -6.25 0.01 6.45
2 24 -10 0.01 10.2 -10 0.01 -9.8
2 24 10 0.01 6.45 -6.25 0.01 6.45
2 24 10 0.01 10.2 -10 0.01 10.2
2 24 -6.25 0.01 -6.05 -6.25 0.01 6.45
2 24 -6.25 0.01 -6.05 -6.25 -5.24 -6.05
2 24 -6.25 0.01 6.45 -6.25 -5.24 6.45
2 24 -6.25 -5.24 -6.05 -6.25 -5.24 6.45
2 24 10 0.01 6.45 -6.25 0.01 6.45
2 24 -6.25 0.01 6.45 -6.25 -5.24 6.45
2 24 10 -5.24 6.45 -6.25 -5.24 6.45
2 24 10 0.01 -6.05 -6.25 0.01 -6.05
2 24 -6.25 0.01 -6.05 -6.25 -5.24 -6.05
2 24 10 -5.24 -6.05 -6.25 -5.24 -6.05
2 24 10 -5.24 6.45 -6.25 -5.24 6.45
2 24 -6.25 -5.24 6.45 -6.25 -5.24 -6.05
2 24 10 -5.24 -6.05 -6.25 -5.24 -6.05
2 24 -6.2173 0.01 -9.8 -10 0.01 -9.8
2 24 10 -5.25 3.9382 11.9691 -5.25 3.4106
2 24 10 0 3.9382 11.9691 0 3.4106
2 24 10 -5.25 3.9382 8.0309 -5.25 3.4106
2 24 10 0 3.9382 8.0309 0 3.4106
2 24 8.0309 -5.25 3.4106 6.5894 -5.25 1.9691
2 24 8.0309 0 3.4106 6.5894 0 1.9691
2 24 6.5894 -5.25 1.9691 6.0618 -5.25 0
2 24 6.5894 0 1.9691 6.0618 0 0
2 24 6.0618 -5.25 0 6.5894 -5.25 -1.9691
2 24 6.0618 0 0 6.5894 0 -1.9691
2 24 6.5894 -5.25 -1.9691 8.0309 -5.25 -3.4106
2 24 6.5894 0 -1.9691 8.0309 0 -3.4106
2 24 8.0309 -5.25 -3.4106 10 -5.25 -3.9382
2 24 8.0309 0 -3.4106 10 0 -3.9382
2 24 10 -5.25 -3.9382 11.9691 -5.25 -3.4106
2 24 10 0 -3.9382 11.9691 0 -3.4106
2 24 11.9691 -5.25 -3.4106 13.4106 -5.25 -1.9691
2 24 11.9691 0 -3.4106 13.4106 0 -1.9691
2 24 13.4106 -5.25 -1.9691 13.9382 -5.25 0
2 24 13.4106 0 -1.9691 13.9382 0 0
2 24 13.9382 -5.25 0 13.4106 -5.25 1.9691
2 24 13.9382 0 0 13.4106 0 1.9691
2 24 11.9691 0 3.4106 13.4106 0 1.9691
2 24 11.9691 -5.25 3.4106 13.4106 -5.25 1.9691
2 24 11.9691 0 3.4106 10 0 3.9382
2 24 11.9691 0 3.4106 13.4106 0 1.9691
2 24 13.4106 0 1.9691 13.9382 0 0
2 24 13.9382 0 0 13.4106 0 -1.9691
2 24 13.4106 0 -1.9691 11.9691 0 -3.4106
2 24 11.9691 0 -3.4106 10 0 -3.9382
2 24 10 0 -3.9382 8.0309 0 -3.4106
2 24 8.0309 0 -3.4106 6.5894 0 -1.9691
2 24 6.5894 0 -1.9691 6.0618 0 0
2 24 6.0618 0 0 6.5894 0 1.9691
2 24 6.5894 0 1.9691 8.0309 0 3.4106
2 24 10 0 3.9382 8.0309 0 3.4106
2 24 25.4144 -12.45 3.126 23.126 -12.45 5.4144
2 24 23.126 -12.45 5.4144 20 -12.45 6.252
2 24 20 -12.45 6.252 16.874 -12.45 5.4144
2 24 16.874 -12.45 5.4144 14.5856 -12.45 3.126
2 24 14.5856 -12.45 3.126 13.748 -12.45 0
2 24 13.748 -12.45 0 14.5856 -12.45 -3.126
2 24 14.5856 -12.45 -3.126 16.874 -12.45 -5.4144
2 24 16.874 -12.45 -5.4144 20 -12.45 -6.252
2 24 20 -12.45 -6.252 23.126 -12.45 -5.4144
2 24 23.126 -12.45 -5.4144 25.4144 -12.45 -3.126
2 24 25.4144 -12.45 -3.126 26.252 -12.45 0
2 24 25.4144 -12.45 3.126 26.252 -12.45 0
2 24 25.4144 -8 3.126 23.126 -8 5.4144
2 24 25.4144 -12.45 3.126 23.126 -12.45 5.4144
2 24 23.126 -8 5.4144 20 -8 6.252
2 24 23.126 -12.45 5.4144 20 -12.45 6.252
2 24 20 -8 6.252 16.874 -8 5.4144
2 24 20 -12.45 6.252 16.874 -12.45 5.4144
2 24 16.874 -8 5.4144 14.5856 -8 3.126
2 24 16.874 -12.45 5.4144 14.5856 -12.45 3.126
2 24 14.5856 -8 3.126 13.748 -8 0
2 24 14.5856 -12.45 3.126 13.748 -12.45 0
2 24 13.748 -8 0 14.5856 -8 -3.126
2 24 13.748 -12.45 0 14.5856 -12.45 -3.126
2 24 14.5856 -8 -3.126 16.874 -8 -5.4144
2 24 14.5856 -12.45 -3.126 16.874 -12.45 -5.4144
2 24 16.874 -8 -5.4144 20 -8 -6.252
2 24 16.874 -12.45 -5.4144 20 -12.45 -6.252
2 24 20 -8 -6.252 23.126 -8 -5.4144
2 24 20 -12.45 -6.252 23.126 -12.45 -5.4144
2 24 23.126 -8 -5.4144 25.4144 -8 -3.126
2 24 23.126 -12.45 -5.4144 25.4144 -12.45 -3.126
2 24 25.4144 -8 -3.126 26.252 -8 0
2 24 25.4144 -12.45 -3.126 26.252 -12.45 0
2 24 25.4144 -8 3.126 26.252 -8 0
2 24 25.4144 -12.45 3.126 26.252 -12.45 0
2 24 5.4144 -12.45 3.126 3.126 -12.45 5.4144
2 24 3.126 -12.45 5.4144 0 -12.45 6.252
2 24 0 -12.45 6.252 -3.126 -12.45 5.4144
2 24 -3.126 -12.45 5.4144 -5.4144 -12.45 3.126
2 24 -5.4144 -12.45 3.126 -6.252 -12.45 0
2 24 -6.252 -12.45 0 -5.4144 -12.45 -3.126
2 24 -5.4144 -12.45 -3.126 -3.126 -12.45 -5.4144
2 24 -3.126 -12.45 -5.4144 0 -12.45 -6.252
2 24 0 -12.45 -6.252 3.126 -12.45 -5.4144
2 24 3.126 -12.45 -5.4144 5.4144 -12.45 -3.126
2 24 5.4144 -12.45 -3.126 6.252 -12.45 0
2 24 5.4144 -12.45 3.126 6.252 -12.45 0
2 24 5.4144 -8 3.126 3.126 -8 5.4144
2 24 5.4144 -12.45 3.126 3.126 -12.45 5.4144
2 24 3.126 -8 5.4144 0 -8 6.252
2 24 3.126 -12.45 5.4144 0 -12.45 6.252
2 24 0 -8 6.252 -3.126 -8 5.4144
2 24 0 -12.45 6.252 -3.126 -12.45 5.4144
2 24 -3.126 -8 5.4144 -5.4144 -8 3.126
2 24 -3.126 -12.45 5.4144 -5.4144 -12.45 3.126
2 24 -5.4144 -8 3.126 -6.252 -8 0
2 24 -5.4144 -12.45 3.126 -6.252 -12.45 0
2 24 -6.252 -8 0 -5.4144 -8 -3.126
2 24 -6.252 -12.45 0 -5.4144 -12.45 -3.126
2 24 -5.4144 -8 -3.126 -3.126 -8 -5.4144
2 24 -5.4144 -12.45 -3.126 -3.126 -12.45 -5.4144
2 24 -3.126 -8 -5.4144 0 -8 -6.252
2 24 -3.126 -12.45 -5.4144 0 -12.45 -6.252
2 24 0 -8 -6.252 3.126 -8 -5.4144
2 24 0 -12.45 -6.252 3.126 -12.45 -5.4144
2 24 3.126 -8 -5.4144 5.4144 -8 -3.126
2 24 3.126 -12.45 -5.4144 5.4144 -12.45 -3.126
2 24 5.4144 -8 -3.126 6.252 -8 0
2 24 5.4144 -12.45 -3.126 6.252 -12.45 0
2 24 5.4144 -8 3.126 6.252 -8 0
2 24 5.4144 -12.45 3.126 6.252 -12.45 0
2 24 8.4503 -17.49 -132.256 10 -17.49 -132.6746
2 24 8.3787 -17.49 -148.6055 8.8358 -17.49 -149.459
2 24 10 -17.49 -126.4256 8.4503 -17.49 -126.8442
2 24 8.4503 -17.49 -126.8442 7.3067 -17.49 -127.9878
2 24 5.11 -17.49 -123.9184 4.6266 -17.3565 -120.2676
2 24 8.8358 -17.49 -149.459 9.7418 -17.49 -149.8
2 24 10 -17.49 -149.8 9.7418 -17.49 -149.8
2 24 10 -22.2898 -149.8 9.5915 -22.212 -149.7825
2 24 10 -17.49 -149.8 9.7418 -17.49 -149.8
2 24 9.5915 -22.212 -149.7825 8.7146 -21.812 -149.339
2 24 9.7418 -17.49 -149.8 8.8358 -17.49 -149.459
2 24 8.8358 -17.49 -149.459 8.3787 -17.49 -148.6055
2 24 8.7146 -21.812 -149.339 8.3787 -21.6507 -148.6055
2 24 8.3787 -17.49 -148.6055 5.11 -17.49 -123.9184
2 24 6.8881 -17.49 -129.5501 7.3067 -17.49 -131.1123
2 24 8.4503 -17.49 -132.256 7.3067 -17.49 -131.1123
2 24 7.3067 -17.49 -127.9878 6.8881 -17.49 -129.5501
2 24 4.6266 -17.3565 -120.2676 5.11 -17.49 -123.9184
2 24 7.3067 -18.49 -131.1123 6.8881 -18.49 -129.5501
2 24 7.3067 -17.49 -131.1123 6.8881 -17.49 -129.5501
2 24 7.3067 -17.49 -131.1123 8.4503 -17.49 -132.256
2 24 7.3067 -18.49 -131.1123 8.4503 -18.49 -132.256
2 24 6.8881 -17.49 -129.5501 7.3067 -17.49 -127.9878
2 24 6.8881 -18.49 -129.5501 7.3067 -18.49 -127.9878
2 24 8.4503 -17.49 -132.256 10 -17.49 -132.6746
2 24 8.4503 -18.49 -132.256 10 -18.49 -132.6746
2 24 10 -17.49 -132.6746 10 -18.49 -132.6746
2 24 10 -17.49 -126.4256 10 -18.49 -126.4256
2 24 10 -17.49 -126.4256 8.4503 -17.49 -126.8442
2 24 10 -18.49 -126.4256 8.4503 -18.49 -126.8442
2 24 7.3067 -17.49 -127.9878 8.4503 -17.49 -126.8442
2 24 7.3067 -18.49 -127.9878 8.4503 -18.49 -126.8442
2 24 8.7146 -21.812 -149.339 9.5915 -22.212 -149.7825
2 24 8.7146 -21.812 -149.339 8.3787 -21.6507 -148.6055
2 24 6.0539 -16.4523 -109.9316 5.4517 -16.5875 -112.1793
2 24 0.5982 -14.5266 -89.8429 4.6266 -17.3565 -120.2676
2 24 5.4517 -16.5875 -112.1793 6.0539 -16.7226 -114.4269
2 24 6.0539 -16.7226 -114.4269 7.6993 -16.9795 -116.0723
2 24 10 -17.0839 -116.6746 7.6993 -16.9795 -116.0723
2 24 6.0539 -16.4523 -109.9316 5.4517 -16.5875 -112.1793
2 24 5.4517 -17.99 -112.1793 6.0539 -17.99 -109.9316
2 24 5.4517 -16.5875 -112.1793 6.0539 -16.7226 -114.4269
2 24 5.4517 -17.99 -112.1793 6.0539 -17.99 -114.4269
2 24 6.0539 -16.7226 -114.4269 7.6993 -16.9795 -116.0723
2 24 6.0539 -17.99 -114.4269 7.6993 -17.99 -116.0723
2 24 7.6993 -16.9795 -116.0723 10 -17.0839 -116.6746
2 24 10 -17.0839 -116.6746 10 -17.99 -116.6746
2 24 7.6993 -17.99 -116.0723 10 -17.99 -116.6746
2 24 4.3809 -15.8523 -89.8429 6.9403 -17.0926 -109.1729
2 24 6.9403 -17.0926 -109.1729 7.6993 -17.99 -108.2862
2 24 7.6993 -17.99 -108.2862 10 -18.5752 -107.6839
2 24 10 -18.5752 -89.8429 10 -18.5752 -107.6839
2 24 6.0539 -17.99 -109.9316 7.6993 -17.99 -108.2862
2 24 7.6993 -17.99 -108.2862 6.9403 -17.0926 -109.1729
2 24 6.9403 -17.0926 -109.1729 6.9403 -16.4523 -109.1729
2 24 10 -17.99 -107.6839 7.6993 -17.99 -108.2862
2 24 10 -18.5752 -107.6839 10 -17.99 -107.6839
2 24 10 -18.5752 -107.6839 7.6993 -17.99 -108.2862
2 24 6.0539 -17.99 -109.9316 7.6993 -17.99 -108.2862
2 24 7.6993 -17.99 -108.2862 10 -17.99 -107.6839
2 24 6.0539 -17.99 -109.9316 5.4517 -17.99 -112.1793
2 24 5.4517 -17.99 -112.1793 6.0539 -17.99 -114.4269
2 24 6.0539 -17.99 -114.4269 7.6993 -17.99 -116.0723
2 24 7.6993 -17.99 -116.0723 10 -17.99 -116.6746
2 24 8.4503 -18.49 -132.256 7.3067 -18.49 -131.1123
2 24 7.3067 -18.49 -131.1123 6.8881 -18.49 -129.5501
2 24 7.3067 -18.49 -127.9878 8.4503 -18.49 -126.8442
2 24 8.4503 -18.49 -126.8442 10 -18.49 -126.4256
2 24 8.4503 -18.49 -132.256 10 -18.49 -132.6746
2 24 6.8881 -18.49 -129.5501 7.3067 -18.49 -127.9878
2 24 8.3787 -17.49 -148.6055 5.11 -17.49 -123.9184
2 24 6.0539 -16.4523 -109.9316 6.9403 -16.4523 -109.1729
2 24 4.3807 -14.4007 -89.8429 6.9403 -16.4523 -109.1729
2 24 6.0539 -16.4523 -109.9316 6.9403 -16.4523 -109.1729
2 24 10 -22.2683 -89.8429 10 -22.2898 -149.8
2 24 9.5915 -22.212 -149.7825 10 -22.2898 -149.8
2 24 0.5982 -17.8996 -89.8429 8.3787 -21.6507 -148.6055
2 24 0.5982 -17.8996 -89.8429 8.3787 -21.6507 -148.6055
2 24 0.5982 -14.5266 -89.8429 4.6266 -17.3565 -120.2676
2 24 4.3807 -14.4007 -89.8429 6.9403 -16.4523 -109.1729
2 24 6.9403 -16.4523 -109.1729 6.9403 -17.0926 -109.1729
2 24 4.3809 -15.8523 -89.8429 6.9403 -17.0926 -109.1729
2 24 10 -17.49 -132.6746 11.5497 -17.49 -132.256
2 24 11.6213 -17.49 -148.6055 11.1642 -17.49 -149.459
2 24 10 -17.49 -126.4256 11.5497 -17.49 -126.8442
2 24 11.5497 -17.49 -126.8442 12.6933 -17.49 -127.9878
2 24 14.89 -17.49 -123.9184 15.3734 -17.3565 -120.2676
2 24 11.1642 -17.49 -149.459 10.2582 -17.49 -149.8
2 24 10 -17.49 -149.8 10.2582 -17.49 -149.8
2 24 10 -22.2898 -149.8 10.4085 -22.212 -149.7825
2 24 10 -17.49 -149.8 10.2582 -17.49 -149.8
2 24 10.4085 -22.212 -149.7825 11.2854 -21.812 -149.339
2 24 10.2582 -17.49 -149.8 11.1642 -17.49 -149.459
2 24 11.1642 -17.49 -149.459 11.6213 -17.49 -148.6055
2 24 11.2854 -21.812 -149.339 11.6213 -21.6507 -148.6055
2 24 11.6213 -17.49 -148.6055 14.89 -17.49 -123.9184
2 24 13.112 -17.49 -129.5501 12.6933 -17.49 -131.1123
2 24 11.5497 -17.49 -132.256 12.6933 -17.49 -131.1123
2 24 12.6933 -17.49 -127.9878 13.112 -17.49 -129.5501
2 24 14.89 -17.49 -123.9184 15.3734 -17.3565 -120.2676
2 24 12.6933 -18.49 -131.1123 13.112 -18.49 -129.5501
2 24 12.6933 -17.49 -131.1123 13.112 -17.49 -129.5501
2 24 12.6933 -17.49 -131.1123 11.5497 -17.49 -132.256
2 24 12.6933 -18.49 -131.1123 11.5497 -18.49 -132.256
2 24 13.112 -17.49 -129.5501 12.6933 -17.49 -127.9878
2 24 13.112 -18.49 -129.5501 12.6933 -18.49 -127.9878
2 24 11.5497 -17.49 -132.256 10 -17.49 -132.6746
2 24 11.5497 -18.49 -132.256 10 -18.49 -132.6746
2 24 10 -17.49 -132.6746 10 -18.49 -132.6746
2 24 10 -17.49 -126.4256 11.5497 -17.49 -126.8442
2 24 10 -17.49 -126.4256 10 -18.49 -126.4256
2 24 10 -18.49 -126.4256 11.5497 -18.49 -126.8442
2 24 12.6933 -17.49 -127.9878 11.5497 -17.49 -126.8442
2 24 12.6933 -18.49 -127.9878 11.5497 -18.49 -126.8442
2 24 11.2854 -21.812 -149.339 11.6213 -21.6507 -148.6055
2 24 11.2854 -21.812 -149.339 10.4085 -22.212 -149.7825
2 24 13.9461 -16.4523 -109.9316 14.5484 -16.5875 -112.1793
2 24 19.4018 -14.5266 -89.8429 15.3734 -17.3565 -120.2676
2 24 14.5484 -16.5875 -112.1793 13.9461 -16.7226 -114.4269
2 24 13.9461 -16.7226 -114.4269 12.3007 -16.9795 -116.0723
2 24 10 -17.0839 -116.6746 12.3007 -16.9795 -116.0723
2 24 13.9461 -16.4523 -109.9316 14.5484 -16.5875 -112.1793
2 24 14.5484 -17.99 -112.1793 13.9461 -17.99 -109.9316
2 24 14.5484 -16.5875 -112.1793 13.9461 -16.7226 -114.4269
2 24 14.5484 -17.99 -112.1793 13.9461 -17.99 -114.4269
2 24 13.9461 -16.7226 -114.4269 12.3007 -16.9795 -116.0723
2 24 13.9461 -17.99 -114.4269 12.3007 -17.99 -116.0723
2 24 12.3007 -16.9795 -116.0723 10 -17.0839 -116.6746
2 24 10 -17.0839 -116.6746 10 -17.99 -116.6746
2 24 12.3007 -17.99 -116.0723 10 -17.99 -116.6746
2 24 13.0597 -17.0926 -109.1729 12.3007 -17.99 -108.2862
2 24 15.6191 -15.8523 -89.8429 13.0597 -17.0926 -109.1729
2 24 12.3007 -17.99 -108.2862 10 -18.5752 -107.6839
2 24 10 -18.5752 -89.8429 10 -18.5752 -107.6839
2 24 12.3007 -17.99 -108.2862 13.0597 -17.0926 -109.1729
2 24 13.9461 -17.99 -109.9316 12.3007 -17.99 -108.2862
2 24 13.0597 -17.0926 -109.1729 13.0597 -16.4523 -109.1729
2 24 12.3007 -17.99 -108.2862 10 -17.99 -107.6839
2 24 10 -18.5752 -107.6839 12.3007 -17.99 -108.2862
2 24 10 -18.5752 -107.6839 10 -17.99 -107.6839
2 24 12.3007 -17.99 -108.2862 13.9461 -17.99 -109.9316
2 24 10 -17.99 -107.6839 12.3007 -17.99 -108.2862
2 24 13.9461 -17.99 -109.9316 14.5484 -17.99 -112.1793
2 24 14.5484 -17.99 -112.1793 13.9461 -17.99 -114.4269
2 24 13.9461 -17.99 -114.4269 12.3007 -17.99 -116.0723
2 24 10 -17.99 -116.6746 12.3007 -17.99 -116.0723
2 24 11.5497 -18.49 -132.256 12.6933 -18.49 -131.1123
2 24 12.6933 -18.49 -131.1123 13.112 -18.49 -129.5501
2 24 11.5497 -18.49 -126.8442 12.6933 -18.49 -127.9878
2 24 10 -18.49 -126.4256 11.5497 -18.49 -126.8442
2 24 10 -18.49 -132.6746 11.5497 -18.49 -132.256
2 24 13.112 -18.49 -129.5501 12.6933 -18.49 -127.9878
2 24 11.6213 -17.49 -148.6055 14.89 -17.49 -123.9184
2 24 13.9461 -16.4523 -109.9316 13.0597 -16.4523 -109.1729
2 24 15.6194 -14.4007 -89.8429 13.0597 -16.4523 -109.1729
2 24 13.9461 -16.4523 -109.9316 13.0597 -16.4523 -109.1729
2 24 10 -22.2683 -89.8429 10 -22.2898 -149.8
2 24 10.4085 -22.212 -149.7825 10 -22.2898 -149.8
2 24 19.4018 -17.8996 -89.8429 11.6213 -21.6507 -148.6055
2 24 19.4018 -17.8996 -89.8429 11.6213 -21.6507 -148.6055
2 24 19.4018 -14.5266 -89.8429 15.3734 -17.3565 -120.2676
2 24 15.6194 -14.4007 -89.8429 13.0597 -16.4523 -109.1729
2 24 13.0597 -16.4523 -109.1729 13.0597 -17.0926 -109.1729
2 24 15.6191 -15.8523 -89.8429 13.0597 -17.0926 -109.1729
0 STEP
