0 Minifigure, Utensil Stein / Cup with Molded Dark Brown Drink Pattern
0 Name: bl_68495pb05.dat
0 Author: 
0 BL_Item_No 68495pb05
0 BFC CERTIFY CCW
3 16 -8.2195 -28.47 0 -9.3493 -28.47 2.2667 -9.6311 -28.47 0
3 16 8.3034 -14.5572 4.8219 9.5886 -14.5572 0 7.1376 -13.2775 4.1209
3 16 7.1376 -13.2775 4.1209 9.5886 -14.5572 0 8.2417 -13.2775 0
3 16 8.3034 -14.5572 4.8219 8.3408 -28.47 4.8156 9.5886 -14.5572 0
3 16 9.5886 -14.5572 0 8.3408 -28.47 4.8156 9.6311 -28.47 0
3 16 4.7922 -14.5572 8.3518 4.8156 -28.47 8.3408 8.3034 -14.5572 4.8219
3 16 8.3034 -14.5572 4.8219 4.8156 -28.47 8.3408 8.3408 -28.47 4.8156
3 16 7.1376 -13.2775 4.1209 4.1209 -13.2775 7.1376 8.3034 -14.5572 4.8219
3 16 8.3034 -14.5572 4.8219 4.1209 -13.2775 7.1376 4.7922 -14.5572 8.3518
3 16 -0.0042 -14.5572 9.6438 0 -28.47 9.6311 4.7922 -14.5572 8.3518
3 16 4.7922 -14.5572 8.3518 0 -28.47 9.6311 4.8156 -28.47 8.3408
3 16 4.1209 -13.2775 7.1376 0 -13.2775 8.2417 4.7922 -14.5572 8.3518
3 16 4.7922 -14.5572 8.3518 0 -13.2775 8.2417 -0.0042 -14.5572 9.6438
3 16 -0.0042 -14.5572 9.6438 -4.8005 -14.5572 8.3518 0 -28.47 9.6311
3 16 0 -28.47 9.6311 -4.8005 -14.5572 8.3518 -4.8156 -28.47 8.3408
3 16 -0.0042 -14.5572 9.6438 0 -13.2775 8.2417 -4.8005 -14.5572 8.3518
3 16 -4.8005 -14.5572 8.3518 0 -13.2775 8.2417 -4.1209 -13.2775 7.1376
3 16 -4.8005 -14.5572 8.3518 -8.3118 -14.5572 4.8219 -4.8156 -28.47 8.3408
3 16 -4.8156 -28.47 8.3408 -8.3118 -14.5572 4.8219 -8.3408 -28.47 4.8156
3 16 -4.8005 -14.5572 8.3518 -4.1209 -13.2775 7.1376 -8.3118 -14.5572 4.8219
3 16 -8.3118 -14.5572 4.8219 -4.1209 -13.2775 7.1376 -7.1376 -13.2775 4.1209
3 16 -4.8005 -14.5572 -8.3518 -4.8156 -28.47 -8.3408 -8.3118 -14.5572 -4.8219
3 16 -8.3118 -14.5572 -4.8219 -4.8156 -28.47 -8.3408 -8.3408 -28.47 -4.8156
3 16 -7.1376 -13.2775 -4.1209 -4.1209 -13.2775 -7.1376 -8.3118 -14.5572 -4.8219
3 16 -8.3118 -14.5572 -4.8219 -4.1209 -13.2775 -7.1376 -4.8005 -14.5572 -8.3518
3 16 -4.8005 -14.5572 -8.3518 -0.0042 -14.5572 -9.6438 -4.8156 -28.47 -8.3408
3 16 -4.8156 -28.47 -8.3408 -0.0042 -14.5572 -9.6438 0 -28.47 -9.6311
3 16 -4.1209 -13.2775 -7.1376 0 -13.2775 -8.2417 -4.8005 -14.5572 -8.3518
3 16 -4.8005 -14.5572 -8.3518 0 -13.2775 -8.2417 -0.0042 -14.5572 -9.6438
3 16 -0.0042 -14.5572 -9.6438 4.7922 -14.5572 -8.3518 0 -28.47 -9.6311
3 16 0 -28.47 -9.6311 4.7922 -14.5572 -8.3518 4.8156 -28.47 -8.3408
3 16 -0.0042 -14.5572 -9.6438 0 -13.2775 -8.2417 4.7922 -14.5572 -8.3518
3 16 4.7922 -14.5572 -8.3518 0 -13.2775 -8.2417 4.1209 -13.2775 -7.1376
3 16 4.7922 -14.5572 -8.3518 8.3034 -14.5572 -4.8219 4.8156 -28.47 -8.3408
3 16 4.8156 -28.47 -8.3408 8.3034 -14.5572 -4.8219 8.3408 -28.47 -4.8156
3 16 4.7922 -14.5572 -8.3518 4.1209 -13.2775 -7.1376 8.3034 -14.5572 -4.8219
3 16 8.3034 -14.5572 -4.8219 4.1209 -13.2775 -7.1376 7.1376 -13.2775 -4.1209
3 16 8.3034 -14.5572 -4.8219 9.5886 -14.5572 0 8.3408 -28.47 -4.8156
3 16 8.3408 -28.47 -4.8156 9.5886 -14.5572 0 9.6311 -28.47 0
3 16 8.3034 -14.5572 -4.8219 7.1376 -13.2775 -4.1209 9.5886 -14.5572 0
3 16 9.5886 -14.5572 0 7.1376 -13.2775 -4.1209 8.2417 -13.2775 0
3 16 5.6074 -11.7267 3.2375 6.0668 -12.5021 3.5027 6.4749 -11.7267 0
3 16 6.4749 -11.7267 0 6.0668 -12.5021 3.5027 7.0054 -12.5021 0
3 16 5.411 -10.0435 3.1241 5.4328 -10.8851 3.1366 6.2481 -10.0435 0
3 16 6.2481 -10.0435 0 5.4328 -10.8851 3.1366 6.2733 -10.8851 0
3 16 5.6694 -8.3482 3.2732 5.4638 -9.1958 3.1545 6.5464 -8.3482 0
3 16 6.5464 -8.3482 0 5.4638 -9.1958 3.1545 6.309 -9.1958 0
3 16 3.5027 -12.5021 6.0668 6.0668 -12.5021 3.5027 3.2375 -11.7267 5.6074
3 16 3.2375 -11.7267 5.6074 6.0668 -12.5021 3.5027 5.6074 -11.7267 3.2375
3 16 3.1366 -10.8851 5.4328 5.4328 -10.8851 3.1366 3.1241 -10.0435 5.411
3 16 3.1241 -10.0435 5.411 5.4328 -10.8851 3.1366 5.411 -10.0435 3.1241
3 16 3.1545 -9.1958 5.4638 5.4638 -9.1958 3.1545 3.2732 -8.3482 5.6694
3 16 3.2732 -8.3482 5.6694 5.4638 -9.1958 3.1545 5.6694 -8.3482 3.2732
3 16 -6.0668 -12.5021 3.5027 -3.5027 -12.5021 6.0668 -5.6074 -11.7267 3.2375
3 16 -5.6074 -11.7267 3.2375 -3.5027 -12.5021 6.0668 -3.2375 -11.7267 5.6074
3 16 -5.4328 -10.8851 3.1366 -3.1366 -10.8851 5.4328 -5.411 -10.0435 3.1241
3 16 -5.411 -10.0435 3.1241 -3.1366 -10.8851 5.4328 -3.1241 -10.0435 5.411
3 16 -5.4638 -9.1958 3.1545 -3.1545 -9.1958 5.4638 -5.6694 -8.3482 3.2732
3 16 -5.6694 -8.3482 3.2732 -3.1545 -9.1958 5.4638 -3.2732 -8.3482 5.6694
3 16 -7.0054 -12.5021 0 -6.0668 -12.5021 3.5027 -6.4749 -11.7267 0
3 16 -6.4749 -11.7267 0 -6.0668 -12.5021 3.5027 -5.6074 -11.7267 3.2375
3 16 -6.2733 -10.8851 0 -5.4328 -10.8851 3.1366 -6.2481 -10.0435 0
3 16 -6.2481 -10.0435 0 -5.4328 -10.8851 3.1366 -5.411 -10.0435 3.1241
3 16 -6.309 -9.1958 0 -5.4638 -9.1958 3.1545 -6.5464 -8.3482 0
3 16 -6.5464 -8.3482 0 -5.4638 -9.1958 3.1545 -5.6694 -8.3482 3.2732
3 16 -6.0668 -12.5021 -3.5027 -7.0054 -12.5021 0 -5.6074 -11.7267 -3.2375
3 16 -5.6074 -11.7267 -3.2375 -7.0054 -12.5021 0 -6.4749 -11.7267 0
3 16 -5.4328 -10.8851 -3.1366 -6.2733 -10.8851 0 -5.411 -10.0435 -3.1241
3 16 -5.411 -10.0435 -3.1241 -6.2733 -10.8851 0 -6.2481 -10.0435 0
3 16 -5.4638 -9.1958 -3.1545 -6.309 -9.1958 0 -5.6694 -8.3482 -3.2732
3 16 -5.6694 -8.3482 -3.2732 -6.309 -9.1958 0 -6.5464 -8.3482 0
3 16 -3.5027 -12.5021 -6.0668 -6.0668 -12.5021 -3.5027 -3.2375 -11.7267 -5.6074
3 16 -3.2375 -11.7267 -5.6074 -6.0668 -12.5021 -3.5027 -5.6074 -11.7267 -3.2375
3 16 -3.1366 -10.8851 -5.4328 -5.4328 -10.8851 -3.1366 -3.1241 -10.0435 -5.411
3 16 -3.1241 -10.0435 -5.411 -5.4328 -10.8851 -3.1366 -5.411 -10.0435 -3.1241
3 16 -3.1545 -9.1958 -5.4638 -5.4638 -9.1958 -3.1545 -3.2732 -8.3482 -5.6694
3 16 -3.2732 -8.3482 -5.6694 -5.4638 -9.1958 -3.1545 -5.6694 -8.3482 -3.2732
3 16 0 -12.5021 -7.0054 -3.5027 -12.5021 -6.0668 0 -11.7267 -6.4749
3 16 0 -11.7267 -6.4749 -3.5027 -12.5021 -6.0668 -3.2375 -11.7267 -5.6074
3 16 0 -10.8851 -6.2733 -3.1366 -10.8851 -5.4328 0 -10.0435 -6.2481
3 16 0 -10.0435 -6.2481 -3.1366 -10.8851 -5.4328 -3.1241 -10.0435 -5.411
3 16 0 -9.1958 -6.309 -3.1545 -9.1958 -5.4638 0 -8.3482 -6.5464
3 16 0 -8.3482 -6.5464 -3.1545 -9.1958 -5.4638 -3.2732 -8.3482 -5.6694
3 16 3.5027 -12.5021 -6.0668 0 -12.5021 -7.0054 3.2375 -11.7267 -5.6074
3 16 3.2375 -11.7267 -5.6074 0 -12.5021 -7.0054 0 -11.7267 -6.4749
3 16 3.1366 -10.8851 -5.4328 0 -10.8851 -6.2733 3.1241 -10.0435 -5.411
3 16 3.1241 -10.0435 -5.411 0 -10.8851 -6.2733 0 -10.0435 -6.2481
3 16 3.1545 -9.1958 -5.4638 0 -9.1958 -6.309 3.2732 -8.3482 -5.6694
3 16 3.2732 -8.3482 -5.6694 0 -9.1958 -6.309 0 -8.3482 -6.5464
3 16 6.0668 -12.5021 -3.5027 3.5027 -12.5021 -6.0668 5.6074 -11.7267 -3.2375
3 16 5.6074 -11.7267 -3.2375 3.5027 -12.5021 -6.0668 3.2375 -11.7267 -5.6074
3 16 5.4328 -10.8851 -3.1366 3.1366 -10.8851 -5.4328 5.411 -10.0435 -3.1241
3 16 5.411 -10.0435 -3.1241 3.1366 -10.8851 -5.4328 3.1241 -10.0435 -5.411
3 16 5.4638 -9.1958 -3.1545 3.1545 -9.1958 -5.4638 5.6694 -8.3482 -3.2732
3 16 5.6694 -8.3482 -3.2732 3.1545 -9.1958 -5.4638 3.2732 -8.3482 -5.6694
3 16 7.0054 -12.5021 0 6.0668 -12.5021 -3.5027 6.4749 -11.7267 0
3 16 6.4749 -11.7267 0 6.0668 -12.5021 -3.5027 5.6074 -11.7267 -3.2375
3 16 6.2733 -10.8851 0 5.4328 -10.8851 -3.1366 6.2481 -10.0435 0
3 16 6.2481 -10.0435 0 5.4328 -10.8851 -3.1366 5.411 -10.0435 -3.1241
3 16 6.309 -9.1958 0 5.4638 -9.1958 -3.1545 6.5464 -8.3482 0
3 16 6.5464 -8.3482 0 5.4638 -9.1958 -3.1545 5.6694 -8.3482 -3.2732
3 16 8.1161 -6.5603 0 7.0288 -6.5603 4.0581 6.9932 -7.7297 0
3 16 6.9932 -7.7297 0 7.0288 -6.5603 4.0581 6.0563 -7.7297 3.4966
3 16 4.0581 -6.5603 7.0288 3.4966 -7.7297 6.0563 7.0288 -6.5603 4.0581
3 16 7.0288 -6.5603 4.0581 3.4966 -7.7297 6.0563 6.0563 -7.7297 3.4966
3 16 -6.0563 -7.7297 3.4966 -3.4966 -7.7297 6.0563 -7.0288 -6.5603 4.0581
3 16 -7.0288 -6.5603 4.0581 -3.4966 -7.7297 6.0563 -4.0581 -6.5603 7.0288
3 16 -6.9932 -7.7297 0 -6.0563 -7.7297 3.4966 -8.1161 -6.5603 0
3 16 -8.1161 -6.5603 0 -6.0563 -7.7297 3.4966 -7.0288 -6.5603 4.0581
3 16 -6.0563 -7.7297 -3.4966 -6.9932 -7.7297 0 -7.0288 -6.5603 -4.0581
3 16 -7.0288 -6.5603 -4.0581 -6.9932 -7.7297 0 -8.1161 -6.5603 0
3 16 -3.4966 -7.7297 -6.0563 -6.0563 -7.7297 -3.4966 -4.0581 -6.5603 -7.0288
3 16 -4.0581 -6.5603 -7.0288 -6.0563 -7.7297 -3.4966 -7.0288 -6.5603 -4.0581
3 16 0 -7.7297 -6.9932 -3.4966 -7.7297 -6.0563 0 -6.5603 -8.1161
3 16 0 -6.5603 -8.1161 -3.4966 -7.7297 -6.0563 -4.0581 -6.5603 -7.0288
3 16 3.4966 -7.7297 -6.0563 0 -7.7297 -6.9932 4.0581 -6.5603 -7.0288
3 16 4.0581 -6.5603 -7.0288 0 -7.7297 -6.9932 0 -6.5603 -8.1161
3 16 6.0563 -7.7297 -3.4966 3.4966 -7.7297 -6.0563 7.0288 -6.5603 -4.0581
3 16 7.0288 -6.5603 -4.0581 3.4966 -7.7297 -6.0563 4.0581 -6.5603 -7.0288
3 16 8.1161 -6.5603 0 6.9932 -7.7297 0 7.0288 -6.5603 -4.0581
3 16 7.0288 -6.5603 -4.0581 6.9932 -7.7297 0 6.0563 -7.7297 -3.4966
3 16 7.0288 -6.5603 4.0581 7.0015 -3.2234 4.0423 4.0581 -6.5603 7.0288
3 16 4.0581 -6.5603 7.0288 7.0015 -3.2234 4.0423 4.0367 -3.2234 7.0079
3 16 -7.0288 -6.5603 4.0581 -4.0581 -6.5603 7.0288 -7.0015 -3.2234 4.0423
3 16 -7.0015 -3.2234 4.0423 -4.0581 -6.5603 7.0288 -4.0367 -3.2234 7.0079
3 16 -8.1161 -6.5603 0 -7.0288 -6.5603 4.0581 -8.0875 -3.2234 0
3 16 -8.0875 -3.2234 0 -7.0288 -6.5603 4.0581 -7.0015 -3.2234 4.0423
3 16 -7.0288 -6.5603 -4.0581 -8.1161 -6.5603 0 -7.0015 -3.2234 -4.0423
3 16 -7.0015 -3.2234 -4.0423 -8.1161 -6.5603 0 -8.0875 -3.2234 0
3 16 -4.0581 -6.5603 -7.0288 -7.0288 -6.5603 -4.0581 -4.0437 -3.2234 -7.004
3 16 -4.0437 -3.2234 -7.004 -7.0288 -6.5603 -4.0581 -7.0015 -3.2234 -4.0423
3 16 0 -6.5603 -8.1161 -4.0581 -6.5603 -7.0288 0 -3.2234 -8.0875
3 16 0 -3.2234 -8.0875 -4.0581 -6.5603 -7.0288 -4.0437 -3.2234 -7.004
3 16 4.0581 -6.5603 -7.0288 0 -6.5603 -8.1161 4.0437 -3.2234 -7.004
3 16 4.0437 -3.2234 -7.004 0 -6.5603 -8.1161 0 -3.2234 -8.0875
3 16 7.0288 -6.5603 -4.0581 4.0581 -6.5603 -7.0288 7.0015 -3.2234 -4.0423
3 16 7.0015 -3.2234 -4.0423 4.0581 -6.5603 -7.0288 4.0437 -3.2234 -7.004
3 16 8.1161 -6.5603 0 7.0288 -6.5603 -4.0581 8.0875 -3.2234 0
3 16 8.0875 -3.2234 0 7.0288 -6.5603 -4.0581 7.0015 -3.2234 -4.0423
3 16 7.0288 -6.5603 4.0581 8.1161 -6.5603 0 7.0015 -3.2234 4.0423
3 16 7.0015 -3.2234 4.0423 8.1161 -6.5603 0 8.0875 -3.2234 0
3 16 8.125 0 0 7.0365 0 4.0625 8.0875 -3.2234 0
3 16 8.0875 -3.2234 0 7.0365 0 4.0625 7.0015 -3.2234 4.0423
3 16 7.0365 0 4.0625 4.0625 0 7.0365 7.0015 -3.2234 4.0423
3 16 7.0015 -3.2234 4.0423 4.0625 0 7.0365 4.0367 -3.2234 7.0079
3 16 2.1642 -3.0123 7.8495 2.1301 0 7.8457 0.0847 -2.8518 8.1181
3 16 0.0847 -2.8518 8.1181 2.1301 0 7.8457 0 0 8.125
3 16 0 0 8.125 -2.119 0 7.9082 0.0847 -2.8518 8.1181
3 16 0.0847 -2.8518 8.1181 -2.119 0 7.9082 -2.0705 -3.0038 7.9291
3 16 -7.0365 0 4.0625 -7.0015 -3.2234 4.0423 -4.0625 0 7.0365
3 16 -4.0625 0 7.0365 -7.0015 -3.2234 4.0423 -4.0367 -3.2234 7.0079
3 16 -7.0365 0 4.0625 -8.125 0 0 -7.0015 -3.2234 4.0423
3 16 -7.0015 -3.2234 4.0423 -8.125 0 0 -8.0875 -3.2234 0
3 16 -8.125 0 0 -7.0365 0 -4.0625 -8.0875 -3.2234 0
3 16 -8.0875 -3.2234 0 -7.0365 0 -4.0625 -7.0015 -3.2234 -4.0423
3 16 -7.0365 0 -4.0625 -4.0625 0 -7.0365 -7.0015 -3.2234 -4.0423
3 16 -7.0015 -3.2234 -4.0423 -4.0625 0 -7.0365 -4.0437 -3.2234 -7.004
3 16 -4.0625 0 -7.0365 0 0 -8.125 -4.0437 -3.2234 -7.004
3 16 -4.0437 -3.2234 -7.004 0 0 -8.125 0 -3.2234 -8.0875
3 16 0 0 -8.125 4.0625 0 -7.0365 0 -3.2234 -8.0875
3 16 0 -3.2234 -8.0875 4.0625 0 -7.0365 4.0437 -3.2234 -7.004
3 16 4.0625 0 -7.0365 7.0365 0 -4.0625 4.0437 -3.2234 -7.004
3 16 4.0437 -3.2234 -7.004 7.0365 0 -4.0625 7.0015 -3.2234 -4.0423
3 16 7.0365 0 -4.0625 8.125 0 0 7.0015 -3.2234 -4.0423
3 16 7.0015 -3.2234 -4.0423 8.125 0 0 8.0875 -3.2234 0
3 16 7.1376 -13.2775 -4.1209 6.0668 -12.5021 -3.5027 8.2417 -13.2775 0
3 16 8.2417 -13.2775 0 6.0668 -12.5021 -3.5027 7.0054 -12.5021 0
3 16 4.1209 -13.2775 -7.1376 3.5027 -12.5021 -6.0668 7.1376 -13.2775 -4.1209
3 16 7.1376 -13.2775 -4.1209 3.5027 -12.5021 -6.0668 6.0668 -12.5021 -3.5027
3 16 0 -13.2775 -8.2417 0 -12.5021 -7.0054 4.1209 -13.2775 -7.1376
3 16 4.1209 -13.2775 -7.1376 0 -12.5021 -7.0054 3.5027 -12.5021 -6.0668
3 16 -4.1209 -13.2775 -7.1376 -3.5027 -12.5021 -6.0668 0 -13.2775 -8.2417
3 16 0 -13.2775 -8.2417 -3.5027 -12.5021 -6.0668 0 -12.5021 -7.0054
3 16 -7.1376 -13.2775 -4.1209 -6.0668 -12.5021 -3.5027 -4.1209 -13.2775 -7.1376
3 16 -4.1209 -13.2775 -7.1376 -6.0668 -12.5021 -3.5027 -3.5027 -12.5021 -6.0668
3 16 -4.1209 -13.2775 7.1376 -3.5027 -12.5021 6.0668 -7.1376 -13.2775 4.1209
3 16 -7.1376 -13.2775 4.1209 -3.5027 -12.5021 6.0668 -6.0668 -12.5021 3.5027
3 16 0 -13.2775 8.2417 0 -12.5021 7.0054 -4.1209 -13.2775 7.1376
3 16 -4.1209 -13.2775 7.1376 0 -12.5021 7.0054 -3.5027 -12.5021 6.0668
3 16 4.1209 -13.2775 7.1376 3.5027 -12.5021 6.0668 0 -13.2775 8.2417
3 16 0 -13.2775 8.2417 3.5027 -12.5021 6.0668 0 -12.5021 7.0054
3 16 7.1376 -13.2775 4.1209 6.0668 -12.5021 3.5027 4.1209 -13.2775 7.1376
3 16 4.1209 -13.2775 7.1376 6.0668 -12.5021 3.5027 3.5027 -12.5021 6.0668
3 16 7.0054 -12.5021 0 6.0668 -12.5021 3.5027 8.2417 -13.2775 0
3 16 8.2417 -13.2775 0 6.0668 -12.5021 3.5027 7.1376 -13.2775 4.1209
3 16 6.9932 -7.7297 0 6.0563 -7.7297 3.4966 6.5464 -8.3482 0
3 16 6.5464 -8.3482 0 6.0563 -7.7297 3.4966 5.6694 -8.3482 3.2732
3 16 5.6694 -8.3482 -3.2732 6.0563 -7.7297 -3.4966 6.5464 -8.3482 0
3 16 6.5464 -8.3482 0 6.0563 -7.7297 -3.4966 6.9932 -7.7297 0
3 16 3.2732 -8.3482 -5.6694 3.4966 -7.7297 -6.0563 5.6694 -8.3482 -3.2732
3 16 5.6694 -8.3482 -3.2732 3.4966 -7.7297 -6.0563 6.0563 -7.7297 -3.4966
3 16 0 -8.3482 -6.5464 0 -7.7297 -6.9932 3.2732 -8.3482 -5.6694
3 16 3.2732 -8.3482 -5.6694 0 -7.7297 -6.9932 3.4966 -7.7297 -6.0563
3 16 -3.2732 -8.3482 -5.6694 -3.4966 -7.7297 -6.0563 0 -8.3482 -6.5464
3 16 0 -8.3482 -6.5464 -3.4966 -7.7297 -6.0563 0 -7.7297 -6.9932
3 16 -5.6694 -8.3482 -3.2732 -6.0563 -7.7297 -3.4966 -3.2732 -8.3482 -5.6694
3 16 -3.2732 -8.3482 -5.6694 -6.0563 -7.7297 -3.4966 -3.4966 -7.7297 -6.0563
3 16 -6.5464 -8.3482 0 -6.9932 -7.7297 0 -5.6694 -8.3482 -3.2732
3 16 -5.6694 -8.3482 -3.2732 -6.9932 -7.7297 0 -6.0563 -7.7297 -3.4966
3 16 -5.6694 -8.3482 3.2732 -6.0563 -7.7297 3.4966 -6.5464 -8.3482 0
3 16 -6.5464 -8.3482 0 -6.0563 -7.7297 3.4966 -6.9932 -7.7297 0
3 16 -3.2732 -8.3482 5.6694 -3.4966 -7.7297 6.0563 -5.6694 -8.3482 3.2732
3 16 -5.6694 -8.3482 3.2732 -3.4966 -7.7297 6.0563 -6.0563 -7.7297 3.4966
3 16 5.6694 -8.3482 3.2732 6.0563 -7.7297 3.4966 3.2732 -8.3482 5.6694
3 16 3.2732 -8.3482 5.6694 6.0563 -7.7297 3.4966 3.4966 -7.7297 6.0563
3 16 5.411 -10.0435 -3.1241 5.4638 -9.1958 -3.1545 6.2481 -10.0435 0
3 16 6.2481 -10.0435 0 5.4638 -9.1958 -3.1545 6.309 -9.1958 0
3 16 3.1241 -10.0435 -5.411 3.1545 -9.1958 -5.4638 5.411 -10.0435 -3.1241
3 16 5.411 -10.0435 -3.1241 3.1545 -9.1958 -5.4638 5.4638 -9.1958 -3.1545
3 16 0 -10.0435 -6.2481 0 -9.1958 -6.309 3.1241 -10.0435 -5.411
3 16 3.1241 -10.0435 -5.411 0 -9.1958 -6.309 3.1545 -9.1958 -5.4638
3 16 -3.1241 -10.0435 -5.411 -3.1545 -9.1958 -5.4638 0 -10.0435 -6.2481
3 16 0 -10.0435 -6.2481 -3.1545 -9.1958 -5.4638 0 -9.1958 -6.309
3 16 -5.411 -10.0435 -3.1241 -5.4638 -9.1958 -3.1545 -3.1241 -10.0435 -5.411
3 16 -3.1241 -10.0435 -5.411 -5.4638 -9.1958 -3.1545 -3.1545 -9.1958 -5.4638
3 16 -6.2481 -10.0435 0 -6.309 -9.1958 0 -5.411 -10.0435 -3.1241
3 16 -5.411 -10.0435 -3.1241 -6.309 -9.1958 0 -5.4638 -9.1958 -3.1545
3 16 -5.411 -10.0435 3.1241 -5.4638 -9.1958 3.1545 -6.2481 -10.0435 0
3 16 -6.2481 -10.0435 0 -5.4638 -9.1958 3.1545 -6.309 -9.1958 0
3 16 -3.1241 -10.0435 5.411 -3.1545 -9.1958 5.4638 -5.411 -10.0435 3.1241
3 16 -5.411 -10.0435 3.1241 -3.1545 -9.1958 5.4638 -5.4638 -9.1958 3.1545
3 16 5.411 -10.0435 3.1241 5.4638 -9.1958 3.1545 3.1241 -10.0435 5.411
3 16 3.1241 -10.0435 5.411 5.4638 -9.1958 3.1545 3.1545 -9.1958 5.4638
3 16 6.309 -9.1958 0 5.4638 -9.1958 3.1545 6.2481 -10.0435 0
3 16 6.2481 -10.0435 0 5.4638 -9.1958 3.1545 5.411 -10.0435 3.1241
3 16 5.6074 -11.7267 -3.2375 5.4328 -10.8851 -3.1366 6.4749 -11.7267 0
3 16 6.4749 -11.7267 0 5.4328 -10.8851 -3.1366 6.2733 -10.8851 0
3 16 3.2375 -11.7267 -5.6074 3.1366 -10.8851 -5.4328 5.6074 -11.7267 -3.2375
3 16 5.6074 -11.7267 -3.2375 3.1366 -10.8851 -5.4328 5.4328 -10.8851 -3.1366
3 16 0 -11.7267 -6.4749 0 -10.8851 -6.2733 3.2375 -11.7267 -5.6074
3 16 3.2375 -11.7267 -5.6074 0 -10.8851 -6.2733 3.1366 -10.8851 -5.4328
3 16 -3.2375 -11.7267 -5.6074 -3.1366 -10.8851 -5.4328 0 -11.7267 -6.4749
3 16 0 -11.7267 -6.4749 -3.1366 -10.8851 -5.4328 0 -10.8851 -6.2733
3 16 -5.6074 -11.7267 -3.2375 -5.4328 -10.8851 -3.1366 -3.2375 -11.7267 -5.6074
3 16 -3.2375 -11.7267 -5.6074 -5.4328 -10.8851 -3.1366 -3.1366 -10.8851 -5.4328
3 16 -6.4749 -11.7267 0 -6.2733 -10.8851 0 -5.6074 -11.7267 -3.2375
3 16 -5.6074 -11.7267 -3.2375 -6.2733 -10.8851 0 -5.4328 -10.8851 -3.1366
3 16 -5.6074 -11.7267 3.2375 -5.4328 -10.8851 3.1366 -6.4749 -11.7267 0
3 16 -6.4749 -11.7267 0 -5.4328 -10.8851 3.1366 -6.2733 -10.8851 0
3 16 -3.2375 -11.7267 5.6074 -3.1366 -10.8851 5.4328 -5.6074 -11.7267 3.2375
3 16 -5.6074 -11.7267 3.2375 -3.1366 -10.8851 5.4328 -5.4328 -10.8851 3.1366
3 16 5.6074 -11.7267 3.2375 5.4328 -10.8851 3.1366 3.2375 -11.7267 5.6074
3 16 3.2375 -11.7267 5.6074 5.4328 -10.8851 3.1366 3.1366 -10.8851 5.4328
3 16 6.2733 -10.8851 0 5.4328 -10.8851 3.1366 6.4749 -11.7267 0
3 16 6.4749 -11.7267 0 5.4328 -10.8851 3.1366 5.6074 -11.7267 3.2375
3 16 0 0 8.125 2.1301 0 7.8457 0 0 6.25
3 16 0 0 6.25 -2.119 0 7.9082 0 0 8.125
3 16 6.2405 0 0 5.4127 0 3.125 8.125 0 0
3 16 8.125 0 0 5.4127 0 3.125 7.0365 0 4.0625
3 16 5.4127 0 3.125 3.125 0 5.4127 7.0365 0 4.0625
3 16 7.0365 0 4.0625 3.125 0 5.4127 4.0625 0 7.0365
3 16 0 0 6.25 2.1301 0 7.8457 3.125 0 5.4127
3 16 3.125 0 5.4127 2.1301 0 7.8457 4.0625 0 7.0365
3 16 0 0 6.25 -3.125 0 5.4127 -2.119 0 7.9082
3 16 -2.119 0 7.9082 -3.125 0 5.4127 -4.0625 0 7.0365
3 16 -3.125 0 5.4127 -5.4127 0 3.125 -4.0625 0 7.0365
3 16 -4.0625 0 7.0365 -5.4127 0 3.125 -7.0365 0 4.0625
3 16 -5.4127 0 3.125 -6.25 0 0 -7.0365 0 4.0625
3 16 -7.0365 0 4.0625 -6.25 0 0 -8.125 0 0
3 16 -6.25 0 0 -5.4127 0 -3.125 -8.125 0 0
3 16 -8.125 0 0 -5.4127 0 -3.125 -7.0365 0 -4.0625
3 16 -5.4127 0 -3.125 -3.125 0 -5.4127 -7.0365 0 -4.0625
3 16 -7.0365 0 -4.0625 -3.125 0 -5.4127 -4.0625 0 -7.0365
3 16 -3.125 0 -5.4127 0 0 -6.25 -4.0625 0 -7.0365
3 16 -4.0625 0 -7.0365 0 0 -6.25 0 0 -8.125
3 16 0 0 -6.25 3.125 0 -5.4127 0 0 -8.125
3 16 0 0 -8.125 3.125 0 -5.4127 4.0625 0 -7.0365
3 16 3.125 0 -5.4127 5.4127 0 -3.125 4.0625 0 -7.0365
3 16 4.0625 0 -7.0365 5.4127 0 -3.125 7.0365 0 -4.0625
3 16 5.4127 0 -3.125 6.2405 0 0 7.0365 0 -4.0625
3 16 7.0365 0 -4.0625 6.2405 0 0 8.125 0 0
3 16 4.1098 -28.47 7.1183 7.1183 -28.47 4.1098 4.8156 -28.47 8.3408
3 16 4.8156 -28.47 8.3408 7.1183 -28.47 4.1098 8.3408 -28.47 4.8156
3 16 0 -28.47 8.2195 4.1098 -28.47 7.1183 0 -28.47 9.6311
3 16 0 -28.47 9.6311 4.1098 -28.47 7.1183 4.8156 -28.47 8.3408
3 16 -4.1098 -28.47 7.1183 0 -28.47 8.2195 -4.8156 -28.47 8.3408
3 16 -4.8156 -28.47 8.3408 0 -28.47 8.2195 0 -28.47 9.6311
3 16 -7.1183 -28.47 4.1098 -4.1098 -28.47 7.1183 -8.3408 -28.47 4.8156
3 16 -8.3408 -28.47 4.8156 -4.1098 -28.47 7.1183 -4.8156 -28.47 8.3408
3 16 -8.2195 -28.47 0 -9.3364 -28.47 -2.2763 -7.1183 -28.47 -4.1098
3 16 -7.1183 -28.47 -4.1098 -9.3364 -28.47 -2.2763 -8.3408 -28.47 -4.8156
3 16 -4.1098 -28.47 -7.1183 -7.1183 -28.47 -4.1098 -4.8156 -28.47 -8.3408
3 16 -4.8156 -28.47 -8.3408 -7.1183 -28.47 -4.1098 -8.3408 -28.47 -4.8156
3 16 0 -28.47 -8.2195 -4.1098 -28.47 -7.1183 0 -28.47 -9.6311
3 16 0 -28.47 -9.6311 -4.1098 -28.47 -7.1183 -4.8156 -28.47 -8.3408
3 16 4.1098 -28.47 -7.1183 0 -28.47 -8.2195 4.8156 -28.47 -8.3408
3 16 4.8156 -28.47 -8.3408 0 -28.47 -8.2195 0 -28.47 -9.6311
3 16 7.1183 -28.47 -4.1098 4.1098 -28.47 -7.1183 8.3408 -28.47 -4.8156
3 16 8.3408 -28.47 -4.8156 4.1098 -28.47 -7.1183 4.8156 -28.47 -8.3408
3 16 8.2195 -28.47 0 7.1183 -28.47 -4.1098 9.6311 -28.47 0
3 16 9.6311 -28.47 0 7.1183 -28.47 -4.1098 8.3408 -28.47 -4.8156
3 16 7.1183 -28.47 4.1098 8.2195 -28.47 0 8.3408 -28.47 4.8156
3 16 8.3408 -28.47 4.8156 8.2195 -28.47 0 9.6311 -28.47 0
3 16 4.1098 -23.97 7.1183 7.1183 -23.97 4.1098 4.1098 -28.47 7.1183
3 16 4.1098 -28.47 7.1183 7.1183 -23.97 4.1098 7.1183 -28.47 4.1098
3 16 0 -23.97 8.2195 4.1098 -23.97 7.1183 0 -28.47 8.2195
3 16 0 -28.47 8.2195 4.1098 -23.97 7.1183 4.1098 -28.47 7.1183
3 16 -4.1098 -23.97 7.1183 0 -23.97 8.2195 -4.1098 -28.47 7.1183
3 16 -4.1098 -28.47 7.1183 0 -23.97 8.2195 0 -28.47 8.2195
3 16 -7.1183 -23.97 4.1098 -4.1098 -23.97 7.1183 -7.1183 -28.47 4.1098
3 16 -7.1183 -28.47 4.1098 -4.1098 -23.97 7.1183 -4.1098 -28.47 7.1183
3 16 -8.2195 -23.97 0 -7.1183 -23.97 4.1098 -8.2195 -28.47 0
3 16 -8.2195 -28.47 0 -7.1183 -23.97 4.1098 -7.1183 -28.47 4.1098
3 16 -7.1183 -23.97 -4.1098 -8.2195 -23.97 0 -7.1183 -28.47 -4.1098
3 16 -7.1183 -28.47 -4.1098 -8.2195 -23.97 0 -8.2195 -28.47 0
3 16 -4.1098 -23.97 -7.1183 -7.1183 -23.97 -4.1098 -4.1098 -28.47 -7.1183
3 16 -4.1098 -28.47 -7.1183 -7.1183 -23.97 -4.1098 -7.1183 -28.47 -4.1098
3 16 0 -23.97 -8.2195 -4.1098 -23.97 -7.1183 0 -28.47 -8.2195
3 16 0 -28.47 -8.2195 -4.1098 -23.97 -7.1183 -4.1098 -28.47 -7.1183
3 16 4.1098 -23.97 -7.1183 0 -23.97 -8.2195 4.1098 -28.47 -7.1183
3 16 4.1098 -28.47 -7.1183 0 -23.97 -8.2195 0 -28.47 -8.2195
3 16 7.1183 -23.97 -4.1098 4.1098 -23.97 -7.1183 7.1183 -28.47 -4.1098
3 16 7.1183 -28.47 -4.1098 4.1098 -23.97 -7.1183 4.1098 -28.47 -7.1183
3 16 8.2195 -23.97 0 7.1183 -23.97 -4.1098 8.2195 -28.47 0
3 16 8.2195 -28.47 0 7.1183 -23.97 -4.1098 7.1183 -28.47 -4.1098
3 16 7.1183 -23.97 4.1098 8.2195 -23.97 0 7.1183 -28.47 4.1098
3 16 7.1183 -28.47 4.1098 8.2195 -23.97 0 8.2195 -28.47 0
3 16 6.927 -23.97 3.9993 7.9986 -23.97 0 7.1183 -23.97 4.1098
3 16 7.1183 -23.97 4.1098 7.9986 -23.97 0 8.2195 -23.97 0
3 16 7.9986 -23.97 0 6.927 -23.97 3.9993 7.8682 -16.7932 0
3 16 7.8682 -16.7932 0 6.927 -23.97 3.9993 6.814 -16.7932 3.9341
3 16 6.927 -23.97 3.9993 3.9993 -23.97 6.927 6.814 -16.7932 3.9341
3 16 6.814 -16.7932 3.9341 3.9993 -23.97 6.927 3.9341 -16.7932 6.814
3 16 3.9993 -23.97 6.927 6.927 -23.97 3.9993 4.1098 -23.97 7.1183
3 16 4.1098 -23.97 7.1183 6.927 -23.97 3.9993 7.1183 -23.97 4.1098
3 16 3.9993 -23.97 6.927 0 -23.97 7.9986 3.9341 -16.7932 6.814
3 16 3.9341 -16.7932 6.814 0 -23.97 7.9986 0 -16.7932 7.8682
3 16 0 -23.97 7.9986 3.9993 -23.97 6.927 0 -23.97 8.2195
3 16 0 -23.97 8.2195 3.9993 -23.97 6.927 4.1098 -23.97 7.1183
3 16 0 -23.97 7.9986 -3.9993 -23.97 6.927 0 -16.7932 7.8682
3 16 0 -16.7932 7.8682 -3.9993 -23.97 6.927 -3.9341 -16.7932 6.814
3 16 -3.9993 -23.97 6.927 0 -23.97 7.9986 -4.1098 -23.97 7.1183
3 16 -4.1098 -23.97 7.1183 0 -23.97 7.9986 0 -23.97 8.2195
3 16 -3.9993 -23.97 6.927 -6.927 -23.97 3.9993 -3.9341 -16.7932 6.814
3 16 -3.9341 -16.7932 6.814 -6.927 -23.97 3.9993 -6.814 -16.7932 3.9341
3 16 -6.927 -23.97 3.9993 -3.9993 -23.97 6.927 -7.1183 -23.97 4.1098
3 16 -7.1183 -23.97 4.1098 -3.9993 -23.97 6.927 -4.1098 -23.97 7.1183
3 16 -6.927 -23.97 3.9993 -7.9986 -23.97 0 -6.814 -16.7932 3.9341
3 16 -6.814 -16.7932 3.9341 -7.9986 -23.97 0 -7.8682 -16.7932 0
3 16 -7.9986 -23.97 0 -6.927 -23.97 3.9993 -8.2195 -23.97 0
3 16 -8.2195 -23.97 0 -6.927 -23.97 3.9993 -7.1183 -23.97 4.1098
3 16 -7.9986 -23.97 0 -6.927 -23.97 -3.9993 -7.8682 -16.7932 0
3 16 -7.8682 -16.7932 0 -6.927 -23.97 -3.9993 -6.814 -16.7932 -3.9341
3 16 -6.927 -23.97 -3.9993 -7.9986 -23.97 0 -7.1183 -23.97 -4.1098
3 16 -7.1183 -23.97 -4.1098 -7.9986 -23.97 0 -8.2195 -23.97 0
3 16 -6.927 -23.97 -3.9993 -3.9993 -23.97 -6.927 -6.814 -16.7932 -3.9341
3 16 -6.814 -16.7932 -3.9341 -3.9993 -23.97 -6.927 -3.9341 -16.7932 -6.814
3 16 -3.9993 -23.97 -6.927 -6.927 -23.97 -3.9993 -4.1098 -23.97 -7.1183
3 16 -4.1098 -23.97 -7.1183 -6.927 -23.97 -3.9993 -7.1183 -23.97 -4.1098
3 16 -3.9993 -23.97 -6.927 0 -23.97 -7.9986 -3.9341 -16.7932 -6.814
3 16 -3.9341 -16.7932 -6.814 0 -23.97 -7.9986 0 -16.7932 -7.8682
3 16 0 -23.97 -7.9986 -3.9993 -23.97 -6.927 0 -23.97 -8.2195
3 16 0 -23.97 -8.2195 -3.9993 -23.97 -6.927 -4.1098 -23.97 -7.1183
3 16 0 -23.97 -7.9986 3.9993 -23.97 -6.927 0 -16.7932 -7.8682
3 16 0 -16.7932 -7.8682 3.9993 -23.97 -6.927 3.9341 -16.7932 -6.814
3 16 3.9993 -23.97 -6.927 0 -23.97 -7.9986 4.1098 -23.97 -7.1183
3 16 4.1098 -23.97 -7.1183 0 -23.97 -7.9986 0 -23.97 -8.2195
3 16 3.9993 -23.97 -6.927 6.927 -23.97 -3.9993 3.9341 -16.7932 -6.814
3 16 3.9341 -16.7932 -6.814 6.927 -23.97 -3.9993 6.814 -16.7932 -3.9341
3 16 6.927 -23.97 -3.9993 3.9993 -23.97 -6.927 7.1183 -23.97 -4.1098
3 16 7.1183 -23.97 -4.1098 3.9993 -23.97 -6.927 4.1098 -23.97 -7.1183
3 16 6.927 -23.97 -3.9993 7.9986 -23.97 0 6.814 -16.7932 -3.9341
3 16 6.814 -16.7932 -3.9341 7.9986 -23.97 0 7.8682 -16.7932 0
3 16 7.9986 -23.97 0 6.927 -23.97 -3.9993 8.2195 -23.97 0
3 16 8.2195 -23.97 0 6.927 -23.97 -3.9993 7.1183 -23.97 -4.1098
3 16 3.938 -13.9358 2.2736 2.2736 -13.9358 3.938 2.9352 -13.5108 1.6946
3 16 2.9352 -13.5108 1.6946 2.2736 -13.9358 3.938 1.6946 -13.5108 2.9352
3 16 3.9341 -16.7932 6.814 2.2736 -13.9358 3.938 6.814 -16.7932 3.9341
3 16 6.814 -16.7932 3.9341 2.2736 -13.9358 3.938 3.938 -13.9358 2.2736
3 16 0 -16.7932 7.8682 0 -13.9358 4.5472 3.9341 -16.7932 6.814
3 16 3.9341 -16.7932 6.814 0 -13.9358 4.5472 2.2736 -13.9358 3.938
3 16 -3.9341 -16.7932 6.814 -2.2736 -13.9358 3.938 0 -16.7932 7.8682
3 16 0 -16.7932 7.8682 -2.2736 -13.9358 3.938 0 -13.9358 4.5472
3 16 -6.814 -16.7932 3.9341 -3.938 -13.9358 2.2736 -3.9341 -16.7932 6.814
3 16 -3.9341 -16.7932 6.814 -3.938 -13.9358 2.2736 -2.2736 -13.9358 3.938
3 16 -7.8682 -16.7932 0 -4.5472 -13.9358 0 -6.814 -16.7932 3.9341
3 16 -6.814 -16.7932 3.9341 -4.5472 -13.9358 0 -3.938 -13.9358 2.2736
3 16 -6.814 -16.7932 -3.9341 -3.938 -13.9358 -2.2736 -7.8682 -16.7932 0
3 16 -7.8682 -16.7932 0 -3.938 -13.9358 -2.2736 -4.5472 -13.9358 0
3 16 -3.9341 -16.7932 -6.814 -2.2736 -13.9358 -3.938 -6.814 -16.7932 -3.9341
3 16 -6.814 -16.7932 -3.9341 -2.2736 -13.9358 -3.938 -3.938 -13.9358 -2.2736
3 16 0 -16.7932 -7.8682 0 -13.9358 -4.5472 -3.9341 -16.7932 -6.814
3 16 -3.9341 -16.7932 -6.814 0 -13.9358 -4.5472 -2.2736 -13.9358 -3.938
3 16 3.9341 -16.7932 -6.814 2.2736 -13.9358 -3.938 0 -16.7932 -7.8682
3 16 0 -16.7932 -7.8682 2.2736 -13.9358 -3.938 0 -13.9358 -4.5472
3 16 6.814 -16.7932 -3.9341 3.938 -13.9358 -2.2736 3.9341 -16.7932 -6.814
3 16 3.9341 -16.7932 -6.814 3.938 -13.9358 -2.2736 2.2736 -13.9358 -3.938
3 16 7.8682 -16.7932 0 4.5472 -13.9358 0 6.814 -16.7932 -3.9341
3 16 6.814 -16.7932 -3.9341 4.5472 -13.9358 0 3.938 -13.9358 -2.2736
3 16 6.814 -16.7932 3.9341 3.938 -13.9358 2.2736 7.8682 -16.7932 0
3 16 7.8682 -16.7932 0 3.938 -13.9358 2.2736 4.5472 -13.9358 0
3 16 0 -13.5108 3.3893 1.6946 -13.5108 2.9352 0 -13.9358 4.5472
3 16 0 -13.9358 4.5472 1.6946 -13.5108 2.9352 2.2736 -13.9358 3.938
3 16 -1.6946 -13.5108 2.9352 0 -13.5108 3.3893 -2.2736 -13.9358 3.938
3 16 -2.2736 -13.9358 3.938 0 -13.5108 3.3893 0 -13.9358 4.5472
3 16 -2.9352 -13.5108 1.6946 -1.6946 -13.5108 2.9352 -3.938 -13.9358 2.2736
3 16 -3.938 -13.9358 2.2736 -1.6946 -13.5108 2.9352 -2.2736 -13.9358 3.938
3 16 -3.3893 -13.5108 0 -2.9352 -13.5108 1.6946 -4.5472 -13.9358 0
3 16 -4.5472 -13.9358 0 -2.9352 -13.5108 1.6946 -3.938 -13.9358 2.2736
3 16 -2.9352 -13.5108 -1.6946 -3.3893 -13.5108 0 -3.938 -13.9358 -2.2736
3 16 -3.938 -13.9358 -2.2736 -3.3893 -13.5108 0 -4.5472 -13.9358 0
3 16 -1.6946 -13.5108 -2.9352 -2.9352 -13.5108 -1.6946 -2.2736 -13.9358 -3.938
3 16 -2.2736 -13.9358 -3.938 -2.9352 -13.5108 -1.6946 -3.938 -13.9358 -2.2736
3 16 0 -13.5108 -3.3893 -1.6946 -13.5108 -2.9352 0 -13.9358 -4.5472
3 16 0 -13.9358 -4.5472 -1.6946 -13.5108 -2.9352 -2.2736 -13.9358 -3.938
3 16 1.6946 -13.5108 -2.9352 0 -13.5108 -3.3893 2.2736 -13.9358 -3.938
3 16 2.2736 -13.9358 -3.938 0 -13.5108 -3.3893 0 -13.9358 -4.5472
3 16 2.9352 -13.5108 -1.6946 1.6946 -13.5108 -2.9352 3.938 -13.9358 -2.2736
3 16 3.938 -13.9358 -2.2736 1.6946 -13.5108 -2.9352 2.2736 -13.9358 -3.938
3 16 3.3893 -13.5108 0 2.9352 -13.5108 -1.6946 4.5472 -13.9358 0
3 16 4.5472 -13.9358 0 2.9352 -13.5108 -1.6946 3.938 -13.9358 -2.2736
3 16 3.3893 -13.5108 0 4.5472 -13.9358 0 2.9352 -13.5108 1.6946
3 16 2.9352 -13.5108 1.6946 4.5472 -13.9358 0 3.938 -13.9358 2.2736
3 16 2.9352 -13.5108 1.6946 1.6946 -13.5108 2.9352 3.054 -5.2453 1.7632
3 16 3.054 -5.2453 1.7632 1.6946 -13.5108 2.9352 1.7632 -5.2453 3.054
3 16 1.7632 -5.2453 3.054 1.6946 -13.5108 2.9352 0 -5.2453 3.5265
3 16 0 -5.2453 3.5265 1.6946 -13.5108 2.9352 0 -13.5108 3.3893
3 16 0 -13.5108 3.3893 -1.6946 -13.5108 2.9352 0 -5.2453 3.5265
3 16 0 -5.2453 3.5265 -1.6946 -13.5108 2.9352 -1.7632 -5.2453 3.054
3 16 -1.6946 -13.5108 2.9352 -2.9352 -13.5108 1.6946 -1.7632 -5.2453 3.054
3 16 -1.7632 -5.2453 3.054 -2.9352 -13.5108 1.6946 -3.054 -5.2453 1.7632
3 16 -2.9352 -13.5108 1.6946 -3.3893 -13.5108 0 -3.054 -5.2453 1.7632
3 16 -3.054 -5.2453 1.7632 -3.3893 -13.5108 0 -3.5265 -5.2453 0
3 16 -3.3893 -13.5108 0 -2.9352 -13.5108 -1.6946 -3.5265 -5.2453 0
3 16 -3.5265 -5.2453 0 -2.9352 -13.5108 -1.6946 -3.054 -5.2453 -1.7632
3 16 -2.9352 -13.5108 -1.6946 -1.6946 -13.5108 -2.9352 -3.054 -5.2453 -1.7632
3 16 -3.054 -5.2453 -1.7632 -1.6946 -13.5108 -2.9352 -1.7632 -5.2453 -3.054
3 16 -1.6946 -13.5108 -2.9352 0 -13.5108 -3.3893 -1.7632 -5.2453 -3.054
3 16 -1.7632 -5.2453 -3.054 0 -13.5108 -3.3893 0 -5.2453 -3.5265
3 16 0 -13.5108 -3.3893 1.6946 -13.5108 -2.9352 0 -5.2453 -3.5265
3 16 0 -5.2453 -3.5265 1.6946 -13.5108 -2.9352 1.7632 -5.2453 -3.054
3 16 1.6946 -13.5108 -2.9352 2.9352 -13.5108 -1.6946 1.7632 -5.2453 -3.054
3 16 1.7632 -5.2453 -3.054 2.9352 -13.5108 -1.6946 3.054 -5.2453 -1.7632
3 16 2.9352 -13.5108 -1.6946 3.3893 -13.5108 0 3.054 -5.2453 -1.7632
3 16 3.054 -5.2453 -1.7632 3.3893 -13.5108 0 3.5265 -5.2453 0
3 16 3.3893 -13.5108 0 2.9352 -13.5108 1.6946 3.5265 -5.2453 0
3 16 3.5265 -5.2453 0 2.9352 -13.5108 1.6946 3.054 -5.2453 1.7632
3 16 5.2548 -5.2453 3.0339 3.0339 -5.2453 5.2548 5.4127 0 3.125
3 16 5.4127 0 3.125 3.0339 -5.2453 5.2548 3.125 0 5.4127
3 16 3.0339 -5.2453 5.2548 5.2548 -5.2453 3.0339 1.7632 -5.2453 3.054
3 16 1.7632 -5.2453 3.054 5.2548 -5.2453 3.0339 3.054 -5.2453 1.7632
3 16 3.0339 -5.2453 5.2548 0 -5.2453 6.0678 3.125 0 5.4127
3 16 3.125 0 5.4127 0 -5.2453 6.0678 0 0 6.25
3 16 0 -5.2453 6.0678 3.0339 -5.2453 5.2548 0 -5.2453 3.5265
3 16 0 -5.2453 3.5265 3.0339 -5.2453 5.2548 1.7632 -5.2453 3.054
3 16 0 -5.2453 6.0678 -3.0339 -5.2453 5.2548 0 0 6.25
3 16 0 0 6.25 -3.0339 -5.2453 5.2548 -3.125 0 5.4127
3 16 -3.0339 -5.2453 5.2548 0 -5.2453 6.0678 -1.7632 -5.2453 3.054
3 16 -1.7632 -5.2453 3.054 0 -5.2453 6.0678 0 -5.2453 3.5265
3 16 -3.0339 -5.2453 5.2548 -5.2548 -5.2453 3.0339 -3.125 0 5.4127
3 16 -3.125 0 5.4127 -5.2548 -5.2453 3.0339 -5.4127 0 3.125
3 16 -5.2548 -5.2453 3.0339 -3.0339 -5.2453 5.2548 -3.054 -5.2453 1.7632
3 16 -3.054 -5.2453 1.7632 -3.0339 -5.2453 5.2548 -1.7632 -5.2453 3.054
3 16 -5.2548 -5.2453 3.0339 -6.0678 -5.2453 0 -5.4127 0 3.125
3 16 -5.4127 0 3.125 -6.0678 -5.2453 0 -6.25 0 0
3 16 -6.0678 -5.2453 0 -5.2548 -5.2453 3.0339 -3.5265 -5.2453 0
3 16 -3.5265 -5.2453 0 -5.2548 -5.2453 3.0339 -3.054 -5.2453 1.7632
3 16 -6.0678 -5.2453 0 -5.2548 -5.2453 -3.0339 -6.25 0 0
3 16 -6.25 0 0 -5.2548 -5.2453 -3.0339 -5.4127 0 -3.125
3 16 -5.2548 -5.2453 -3.0339 -6.0678 -5.2453 0 -3.054 -5.2453 -1.7632
3 16 -3.054 -5.2453 -1.7632 -6.0678 -5.2453 0 -3.5265 -5.2453 0
3 16 -5.2548 -5.2453 -3.0339 -3.0339 -5.2453 -5.2548 -5.4127 0 -3.125
3 16 -5.4127 0 -3.125 -3.0339 -5.2453 -5.2548 -3.125 0 -5.4127
3 16 -3.0339 -5.2453 -5.2548 -5.2548 -5.2453 -3.0339 -1.7632 -5.2453 -3.054
3 16 -1.7632 -5.2453 -3.054 -5.2548 -5.2453 -3.0339 -3.054 -5.2453 -1.7632
3 16 -3.0339 -5.2453 -5.2548 0 -5.2453 -6.0678 -3.125 0 -5.4127
3 16 -3.125 0 -5.4127 0 -5.2453 -6.0678 0 0 -6.25
3 16 0 -5.2453 -6.0678 -3.0339 -5.2453 -5.2548 0 -5.2453 -3.5265
3 16 0 -5.2453 -3.5265 -3.0339 -5.2453 -5.2548 -1.7632 -5.2453 -3.054
3 16 0 -5.2453 -6.0678 3.0339 -5.2453 -5.2548 0 0 -6.25
3 16 0 0 -6.25 3.0339 -5.2453 -5.2548 3.125 0 -5.4127
3 16 3.0339 -5.2453 -5.2548 0 -5.2453 -6.0678 1.7632 -5.2453 -3.054
3 16 1.7632 -5.2453 -3.054 0 -5.2453 -6.0678 0 -5.2453 -3.5265
3 16 3.0339 -5.2453 -5.2548 5.2548 -5.2453 -3.0339 3.125 0 -5.4127
3 16 3.125 0 -5.4127 5.2548 -5.2453 -3.0339 5.4127 0 -3.125
3 16 5.2548 -5.2453 -3.0339 3.0339 -5.2453 -5.2548 3.054 -5.2453 -1.7632
3 16 3.054 -5.2453 -1.7632 3.0339 -5.2453 -5.2548 1.7632 -5.2453 -3.054
3 16 5.2548 -5.2453 -3.0339 6.0678 -5.2453 0 5.4127 0 -3.125
3 16 5.4127 0 -3.125 6.0678 -5.2453 0 6.2405 0 0
3 16 6.0678 -5.2453 0 5.2548 -5.2453 -3.0339 3.5265 -5.2453 0
3 16 3.5265 -5.2453 0 5.2548 -5.2453 -3.0339 3.054 -5.2453 -1.7632
3 16 5.2548 -5.2453 3.0339 6.0678 -5.2453 0 3.054 -5.2453 1.7632
3 16 3.054 -5.2453 1.7632 6.0678 -5.2453 0 3.5265 -5.2453 0
3 16 6.0678 -5.2453 0 5.2548 -5.2453 3.0339 6.2405 0 0
3 16 6.2405 0 0 5.2548 -5.2453 3.0339 5.4127 0 3.125
3 16 -2.5988 -5.8171 7.5209 -4.0581 -6.5603 7.0288 -3.1139 -6.6558 7.2474
3 16 -2.5988 -5.8171 7.5209 -3.1139 -6.6558 7.2474 -1.6087 -6.4956 6.7859
3 16 -1.6087 -6.4956 6.7859 -3.1139 -6.6558 7.2474 -2.4277 -7.3201 6.7059
3 16 -2.8053 -7.5684 6.5086 -4.0581 -6.5603 7.0288 -3.4966 -7.7297 6.0563
3 16 2.6297 -5.8115 7.5211 3.1525 -6.7139 7.2156 4.0581 -6.5603 7.0288
3 16 2.4937 -7.3182 6.7089 3.1525 -6.7139 7.2156 1.7736 -6.5425 6.8144
3 16 1.7736 -6.5425 6.8144 3.1525 -6.7139 7.2156 2.6297 -5.8115 7.5211
3 16 2.4937 -7.3182 6.7089 2.8586 -7.5906 6.47 3.1525 -6.7139 7.2156
3 16 3.1525 -6.7139 7.2156 2.8586 -7.5906 6.47 4.0581 -6.5603 7.0288
3 16 -2.4277 -7.3201 6.7059 -1.8783 -7.6322 6.6697 -1.6087 -6.4956 6.7859
3 16 -1.6087 -6.4956 6.7859 -1.8783 -7.6322 6.6697 0.0028 -8.4459 6.7495
3 16 -2.4277 -7.3201 6.7059 -2.8053 -7.5684 6.5086 -1.8783 -7.6322 6.6697
3 16 -1.8783 -7.6322 6.6697 -2.8053 -7.5684 6.5086 -2.325 -8.507 6.0706
3 16 2.4937 -7.3182 6.7089 1.958 -7.7037 6.6307 2.8586 -7.5906 6.47
3 16 2.8586 -7.5906 6.47 1.958 -7.7037 6.6307 2.308 -8.4303 6.1194
3 16 0.0028 -8.4459 6.7495 1.958 -7.7037 6.6307 1.7736 -6.5425 6.8144
3 16 1.7736 -6.5425 6.8144 1.958 -7.7037 6.6307 2.4937 -7.3182 6.7089
3 16 -3.4966 -7.7297 6.0563 -3.2732 -8.3482 5.6694 -2.8053 -7.5684 6.5086
3 16 -2.8053 -7.5684 6.5086 -3.2732 -8.3482 5.6694 -2.325 -8.507 6.0706
3 16 3.2375 -11.7267 5.6074 0.0457 -11.8113 6.5254 3.5027 -12.5021 6.0668
3 16 3.5027 -12.5021 6.0668 0.0457 -11.8113 6.5254 0 -12.5021 7.0054
3 16 -3.5027 -12.5021 6.0668 0 -12.5021 7.0054 -3.2375 -11.7267 5.6074
3 16 -3.2375 -11.7267 5.6074 0 -12.5021 7.0054 0.0457 -11.8113 6.5254
3 16 0.0028 -8.4459 6.7495 0.8864 -6.1438 6.792 -0.0067 -6.0125 6.7914
3 16 -0.0067 -6.0125 6.7914 -0.8378 -6.1565 6.7827 0.0028 -8.4459 6.7495
3 16 -1.6087 -6.4956 6.7859 0.0028 -8.4459 6.7495 -0.8378 -6.1565 6.7827
3 16 0.0028 -8.4459 6.7495 1.7736 -6.5425 6.8144 0.8864 -6.1438 6.792
3 16 0.8864 -6.1438 6.792 1.7736 -6.5425 6.8144 1.5903 -4.9351 7.8447
3 16 1.5903 -4.9351 7.8447 1.7736 -6.5425 6.8144 2.6297 -5.8115 7.5211
3 16 0.8864 -6.1438 6.792 1.5903 -4.9351 7.8447 -0.0067 -6.0125 6.7914
3 16 -0.0067 -6.0125 6.7914 1.5903 -4.9351 7.8447 -0.0009 -4.5281 8.0157
3 16 -0.8378 -6.1565 6.7827 -0.0067 -6.0125 6.7914 -1.5831 -4.9406 7.8437
3 16 -1.5831 -4.9406 7.8437 -0.0067 -6.0125 6.7914 -0.0009 -4.5281 8.0157
3 16 -2.5988 -5.8171 7.5209 -1.6087 -6.4956 6.7859 -1.5831 -4.9406 7.8437
3 16 -1.5831 -4.9406 7.8437 -1.6087 -6.4956 6.7859 -0.8378 -6.1565 6.7827
3 16 -4.0581 -6.5603 7.0288 -2.5988 -5.8171 7.5209 -2.0705 -3.0038 7.9291
3 16 -2.0705 -3.0038 7.9291 -2.5988 -5.8171 7.5209 -1.5831 -4.9406 7.8437
3 16 -1.5831 -4.9406 7.8437 -0.0009 -4.5281 8.0157 -2.0705 -3.0038 7.9291
3 16 -2.0705 -3.0038 7.9291 -0.0009 -4.5281 8.0157 0.0847 -2.8518 8.1181
3 16 -0.0009 -4.5281 8.0157 1.5903 -4.9351 7.8447 0.0847 -2.8518 8.1181
3 16 0.0847 -2.8518 8.1181 1.5903 -4.9351 7.8447 2.1642 -3.0123 7.8495
3 16 1.5903 -4.9351 7.8447 2.6297 -5.8115 7.5211 2.1642 -3.0123 7.8495
3 16 2.1642 -3.0123 7.8495 2.6297 -5.8115 7.5211 4.0581 -6.5603 7.0288
3 16 -2.0918 -10.0635 5.9127 -2.3194 -9.299 5.8589 -3.1241 -10.0435 5.411
3 16 -3.1241 -10.0435 5.411 -2.3194 -9.299 5.8589 -3.1545 -9.1958 5.4638
3 16 -3.2732 -8.3482 5.6694 -3.1545 -9.1958 5.4638 -2.325 -8.507 6.0706
3 16 -2.325 -8.507 6.0706 -3.1545 -9.1958 5.4638 -2.3194 -9.299 5.8589
3 16 3.2732 -8.3482 5.6694 2.308 -8.4303 6.1194 3.1545 -9.1958 5.4638
3 16 3.1545 -9.1958 5.4638 2.308 -8.4303 6.1194 2.2699 -9.2403 5.9291
3 16 3.1545 -9.1958 5.4638 2.2699 -9.2403 5.9291 3.1241 -10.0435 5.411
3 16 3.1241 -10.0435 5.411 2.2699 -9.2403 5.9291 2.1204 -10.0401 5.896
3 16 0.0028 -8.4459 6.7495 1.8645 -8.2599 6.643 1.958 -7.7037 6.6307
3 16 2.308 -8.4303 6.1194 1.958 -7.7037 6.6307 1.8645 -8.2599 6.643
3 16 0.0028 -8.4459 6.7495 1.8218 -9.0057 6.6292 1.8645 -8.2599 6.643
3 16 1.8218 -9.0057 6.6292 0.0028 -8.4459 6.7495 1.6549 -9.7841 6.6172
3 16 -1.7565 -8.9898 6.6651 -1.5944 -9.7361 6.661 0.0028 -8.4459 6.7495
3 16 -1.7565 -8.9898 6.6651 -2.3194 -9.299 5.8589 -1.5944 -9.7361 6.661
3 16 -1.5944 -9.7361 6.661 -2.3194 -9.299 5.8589 -2.0918 -10.0635 5.9127
3 16 1.8218 -9.0057 6.6292 1.6549 -9.7841 6.6172 2.2699 -9.2403 5.9291
3 16 2.2699 -9.2403 5.9291 1.6549 -9.7841 6.6172 2.1204 -10.0401 5.896
3 16 1.8645 -8.2599 6.643 1.8218 -9.0057 6.6292 2.308 -8.4303 6.1194
3 16 2.308 -8.4303 6.1194 1.8218 -9.0057 6.6292 2.2699 -9.2403 5.9291
3 16 -1.7873 -8.2626 6.6805 -2.325 -8.507 6.0706 -1.7565 -8.9898 6.6651
3 16 -1.7565 -8.9898 6.6651 -2.325 -8.507 6.0706 -2.3194 -9.299 5.8589
3 16 -2.325 -8.507 6.0706 -1.7873 -8.2626 6.6805 -1.8783 -7.6322 6.6697
3 16 -1.8783 -7.6322 6.6697 -1.7873 -8.2626 6.6805 0.0028 -8.4459 6.7495
3 16 0.0028 -8.4459 6.7495 -1.7873 -8.2626 6.6805 -1.7565 -8.9898 6.6651
3 16 2.1204 -10.0401 5.896 1.6549 -9.7841 6.6172 1.4415 -10.7893 6.1334
3 16 1.4415 -10.7893 6.1334 1.6549 -9.7841 6.6172 1.0264 -10.4888 6.631
3 16 1.0264 -10.4888 6.631 1.6549 -9.7841 6.6172 0.0028 -8.4459 6.7495
3 16 0.0028 -8.4459 6.7495 0.0381 -10.7422 6.6666 1.0264 -10.4888 6.631
3 16 0.0381 -10.7422 6.6666 0.0618 -11.2323 6.3547 1.0264 -10.4888 6.631
3 16 1.0264 -10.4888 6.631 0.0618 -11.2323 6.3547 1.4415 -10.7893 6.1334
3 16 0.0028 -8.4459 6.7495 -1.0117 -10.3371 6.6936 0.0381 -10.7422 6.6666
3 16 0.0381 -10.7422 6.6666 -1.0117 -10.3371 6.6936 0.0618 -11.2323 6.3547
3 16 0.0618 -11.2323 6.3547 -1.0117 -10.3371 6.6936 -1.4641 -10.7544 6.1323
3 16 -1.0117 -10.3371 6.6936 -1.5944 -9.7361 6.661 -1.4641 -10.7544 6.1323
3 16 -1.4641 -10.7544 6.1323 -1.5944 -9.7361 6.661 -2.0918 -10.0635 5.9127
3 16 0.0028 -8.4459 6.7495 -1.5944 -9.7361 6.661 -1.0117 -10.3371 6.6936
3 16 0.0457 -11.8113 6.5254 1.4415 -10.7893 6.1334 0.0618 -11.2323 6.3547
3 16 -3.1241 -10.0435 5.411 -3.1366 -10.8851 5.4328 -2.0918 -10.0635 5.9127
3 16 -2.0918 -10.0635 5.9127 -3.1366 -10.8851 5.4328 -1.4641 -10.7544 6.1323
3 16 3.1241 -10.0435 5.411 2.1204 -10.0401 5.896 3.1366 -10.8851 5.4328
3 16 3.1366 -10.8851 5.4328 2.1204 -10.0401 5.896 1.4415 -10.7893 6.1334
3 16 -1.4641 -10.7544 6.1323 0.0457 -11.8113 6.5254 0.0618 -11.2323 6.3547
3 16 4.0367 -3.2234 7.0079 4.0625 0 7.0365 2.1642 -3.0123 7.8495
3 16 2.1642 -3.0123 7.8495 4.0625 0 7.0365 2.1301 0 7.8457
3 16 -2.119 0 7.9082 -4.0625 0 7.0365 -2.0705 -3.0038 7.9291
3 16 -2.0705 -3.0038 7.9291 -4.0625 0 7.0365 -4.0367 -3.2234 7.0079
3 16 2.1642 -3.0123 7.8495 4.0581 -6.5603 7.0288 4.0367 -3.2234 7.0079
3 16 -4.0367 -3.2234 7.0079 -4.0581 -6.5603 7.0288 -2.0705 -3.0038 7.9291
3 16 -13.7946 -15.6949 3.4641 -15.7447 -16.2604 4 -13.7946 -28.1148 3.4641
3 16 -13.7946 -28.1148 3.4641 -15.7447 -16.2604 4 -15.7447 -28.1148 4
3 16 -15.7447 -16.2604 4 -13.7946 -15.6949 3.4641 -15.9712 -15.7651 0
3 16 -15.7447 -16.2604 4 -17.7946 -16.8224 3.4641 -15.7447 -28.1148 4
3 16 -15.7447 -28.1148 4 -17.7946 -16.8224 3.4641 -17.7946 -28.1148 3.4641
3 16 -17.7946 -16.8224 3.4641 -15.7447 -16.2604 4 -15.9712 -15.7651 0
3 16 -17.7946 -16.8224 3.4641 -19.2457 -17.2396 2 -17.7946 -28.1148 3.4641
3 16 -17.7946 -28.1148 3.4641 -19.2457 -17.2396 2 -19.2457 -28.1148 2
3 16 -19.2457 -17.2396 2 -17.7946 -16.8224 3.4641 -15.9712 -15.7651 0
3 16 -19.2457 -17.2396 2 -19.7946 -17.3921 0 -19.2457 -28.1148 2
3 16 -19.2457 -28.1148 2 -19.7946 -17.3921 0 -19.7946 -28.1148 0
3 16 -19.7946 -17.3921 0 -19.2457 -17.2396 2 -15.9712 -15.7651 0
3 16 -19.2587 -17.2363 -2 -19.2587 -28.1148 -1.9679 -19.7946 -17.3921 0
3 16 -19.7946 -17.3921 0 -19.2587 -28.1148 -1.9679 -19.7946 -28.1148 0
3 16 -19.2587 -17.2363 -2 -19.7946 -17.3921 0 -15.9712 -15.7651 0
3 16 -17.7946 -16.8188 -3.4641 -17.7946 -28.1148 -3.4641 -19.2587 -17.2363 -2
3 16 -19.2587 -17.2363 -2 -17.7946 -28.1148 -3.4641 -19.2587 -28.1148 -1.9679
3 16 -17.7946 -16.8188 -3.4641 -19.2587 -17.2363 -2 -15.9712 -15.7651 0
3 16 -15.7946 -16.2604 -4 -15.7946 -28.1148 -4 -17.7946 -16.8188 -3.4641
3 16 -17.7946 -16.8188 -3.4641 -15.7946 -28.1148 -4 -17.7946 -28.1148 -3.4641
3 16 -15.7946 -16.2604 -4 -17.7946 -16.8188 -3.4641 -15.9712 -15.7651 0
3 16 -13.7946 -15.697 -3.4641 -13.7946 -28.1148 -3.4641 -15.7946 -16.2604 -4
3 16 -15.7946 -16.2604 -4 -13.7946 -28.1148 -3.4641 -15.7946 -28.1148 -4
3 16 -13.7946 -15.697 -3.4641 -15.7946 -16.2604 -4 -15.9712 -15.7651 0
3 16 -12.7356 -15.2058 2.4057 -13.7946 -15.6949 3.4641 -12.7267 -28.1148 2.4146
3 16 -12.7267 -28.1148 2.4146 -13.7946 -15.6949 3.4641 -13.7946 -28.1148 3.4641
3 16 -7.9932 -13.1902 -0.009 -9.4017 -13.9322 -2.3811 -12.9404 -14.7869 0
3 16 -12.7585 -15.2071 -2.4255 -12.9404 -14.7869 0 -12.6678 -15.1167 -2.4211
3 16 -9.4017 -13.9322 -2.3811 -12.6678 -15.1167 -2.4211 -12.9404 -14.7869 0
3 16 -12.7585 -15.2071 -2.4255 -13.7946 -15.697 -3.4641 -12.9404 -14.7869 0
3 16 -12.9404 -14.7869 0 -13.7946 -15.697 -3.4641 -15.9712 -15.7651 0
3 16 -15.9712 -15.7651 0 -13.7946 -15.6949 3.4641 -12.9404 -14.7869 0
3 16 -12.9404 -14.7869 0 -13.7946 -15.6949 3.4641 -12.7356 -15.2058 2.4057
3 16 -12.7356 -15.2058 2.4057 -9.2219 -13.8766 2.2702 -12.9404 -14.7869 0
3 16 -12.9404 -14.7869 0 -9.2219 -13.8766 2.2702 -7.9932 -13.1902 -0.009
3 16 -12.7585 -15.2071 -2.4255 -12.7252 -28.1148 -2.414 -13.7946 -15.697 -3.4641
3 16 -13.7946 -15.697 -3.4641 -12.7252 -28.1148 -2.414 -13.7946 -28.1148 -3.4641
3 16 -9.5062 -28.1148 2.3259 -12.7267 -28.1148 2.4146 -9.722 -28.125 -0.0096
3 16 -9.722 -28.125 -0.0096 -12.7267 -28.1148 2.4146 -12.9064 -28.1148 0
3 16 -12.9064 -28.1148 0 -12.7252 -28.1148 -2.414 -9.722 -28.125 -0.0096
3 16 -9.722 -28.125 -0.0096 -12.7252 -28.1148 -2.414 -9.4997 -28.1148 -2.358
3 16 -15.7946 -28.1148 2 -15.0816 -28.1148 1.8778 -15.7447 -28.1148 4
3 16 -15.7447 -28.1148 4 -15.0816 -28.1148 1.8778 -13.7946 -28.1148 3.4641
3 16 -15.7946 -28.1148 2 -15.7447 -28.1148 4 -16.485 -28.1148 1.8577
3 16 -16.485 -28.1148 1.8577 -15.7447 -28.1148 4 -17.7946 -28.1148 3.4641
3 16 -17.6505 -28.1148 0.6992 -16.485 -28.1148 1.8577 -19.2457 -28.1148 2
3 16 -19.2457 -28.1148 2 -16.485 -28.1148 1.8577 -17.7946 -28.1148 3.4641
3 16 -17.7946 -28.1148 0 -17.6505 -28.1148 0.6992 -19.7946 -28.1148 0
3 16 -19.7946 -28.1148 0 -17.6505 -28.1148 0.6992 -19.2457 -28.1148 2
3 16 -17.7946 -28.1148 0 -19.7946 -28.1148 0 -17.6635 -28.1148 -0.7042
3 16 -17.6635 -28.1148 -0.7042 -19.7946 -28.1148 0 -19.2587 -28.1148 -1.9679
3 16 -16.4899 -28.1148 -1.8778 -17.6635 -28.1148 -0.7042 -17.7946 -28.1148 -3.4641
3 16 -17.7946 -28.1148 -3.4641 -17.6635 -28.1148 -0.7042 -19.2587 -28.1148 -1.9679
3 16 -15.7946 -28.1148 -2 -16.4899 -28.1148 -1.8778 -15.7946 -28.1148 -4
3 16 -15.7946 -28.1148 -4 -16.4899 -28.1148 -1.8778 -17.7946 -28.1148 -3.4641
3 16 -15.7946 -28.1148 -2 -15.7946 -28.1148 -4 -15.0816 -28.1148 -1.8778
3 16 -15.0816 -28.1148 -1.8778 -15.7946 -28.1148 -4 -13.7946 -28.1148 -3.4641
3 16 -12.7252 -28.1148 -2.414 -12.9064 -28.1148 0 -13.9212 -28.1148 -0.6909
3 16 -13.9212 -28.1148 -0.6909 -12.9064 -28.1148 0 -13.7946 -28.1148 0
3 16 -14.0088 -20.6322 0.6441 -15.1373 -20.6322 1.7814 -15.7946 -20.6322 0
3 16 -15.1373 -20.6322 1.7814 -14.0088 -20.6322 0.6441 -15.0816 -28.1148 1.8778
3 16 -15.0816 -28.1148 1.8778 -14.0088 -20.6322 0.6441 -13.9124 -28.1148 0.6997
3 16 -15.1373 -20.6322 1.7814 -15.7946 -20.6322 1.8887 -15.7946 -20.6322 0
3 16 -15.7946 -20.6322 1.8887 -15.1373 -20.6322 1.7814 -15.7946 -28.1148 2
3 16 -15.7946 -28.1148 2 -15.1373 -20.6322 1.7814 -15.0816 -28.1148 1.8778
3 16 -15.7946 -20.6322 1.8887 -16.4293 -20.6322 1.7613 -15.7946 -20.6322 0
3 16 -16.4293 -20.6322 1.7613 -15.7946 -20.6322 1.8887 -16.485 -28.1148 1.8577
3 16 -16.485 -28.1148 1.8577 -15.7946 -20.6322 1.8887 -15.7946 -28.1148 2
3 16 -16.4293 -20.6322 1.7613 -17.5541 -20.6322 0.6436 -15.7946 -20.6322 0
3 16 -17.5541 -20.6322 0.6436 -16.4293 -20.6322 1.7613 -17.6505 -28.1148 0.6992
3 16 -17.6505 -28.1148 0.6992 -16.4293 -20.6322 1.7613 -16.485 -28.1148 1.8577
3 16 -17.5541 -20.6322 0.6436 -17.6833 -20.6322 0 -15.7946 -20.6322 0
3 16 -17.6833 -20.6322 0 -17.5541 -20.6322 0.6436 -17.7946 -28.1148 0
3 16 -17.7946 -28.1148 0 -17.5541 -20.6322 0.6436 -17.6505 -28.1148 0.6992
3 16 -17.6833 -20.6322 0 -17.5672 -20.6322 -0.6485 -15.7946 -20.6322 0
3 16 -17.5672 -20.6322 -0.6485 -17.6833 -20.6322 0 -17.6635 -28.1148 -0.7042
3 16 -17.6635 -28.1148 -0.7042 -17.6833 -20.6322 0 -17.7946 -28.1148 0
3 16 -17.5672 -20.6322 -0.6485 -16.4343 -20.6322 -1.7814 -15.7946 -20.6322 0
3 16 -16.4343 -20.6322 -1.7814 -17.5672 -20.6322 -0.6485 -16.4899 -28.1148 -1.8778
3 16 -16.4899 -28.1148 -1.8778 -17.5672 -20.6322 -0.6485 -17.6635 -28.1148 -0.7042
3 16 -16.4343 -20.6322 -1.7814 -15.7946 -20.6322 -1.8887 -15.7946 -20.6322 0
3 16 -15.7946 -20.6322 -1.8887 -16.4343 -20.6322 -1.7814 -15.7946 -28.1148 -2
3 16 -15.7946 -28.1148 -2 -16.4343 -20.6322 -1.7814 -16.4899 -28.1148 -1.8778
3 16 -15.7946 -20.6322 -1.8887 -15.1373 -20.6322 -1.7814 -15.7946 -20.6322 0
3 16 -15.1373 -20.6322 -1.7814 -15.7946 -20.6322 -1.8887 -15.0816 -28.1148 -1.8778
3 16 -15.0816 -28.1148 -1.8778 -15.7946 -20.6322 -1.8887 -15.7946 -28.1148 -2
3 16 -15.1373 -20.6322 -1.7814 -14.0176 -20.6322 -0.6353 -15.7946 -20.6322 0
3 16 -14.0176 -20.6322 -0.6353 -15.1373 -20.6322 -1.7814 -13.9212 -28.1148 -0.6909
3 16 -13.9212 -28.1148 -0.6909 -15.1373 -20.6322 -1.7814 -15.0816 -28.1148 -1.8778
3 16 -14.0176 -20.6322 -0.6353 -13.9059 -20.6322 0 -15.7946 -20.6322 0
3 16 -13.9059 -20.6322 0 -14.0176 -20.6322 -0.6353 -13.7946 -28.1148 0
3 16 -13.7946 -28.1148 0 -14.0176 -20.6322 -0.6353 -13.9212 -28.1148 -0.6909
3 16 -14.0088 -20.6322 0.6441 -13.9059 -20.6322 0 -13.9124 -28.1148 0.6997
3 16 -13.9124 -28.1148 0.6997 -13.9059 -20.6322 0 -13.7946 -28.1148 0
3 16 -13.9059 -20.6322 0 -14.0088 -20.6322 0.6441 -15.7946 -20.6322 0
3 16 -12.7267 -28.1148 2.4146 -13.9124 -28.1148 0.6997 -12.9064 -28.1148 0
3 16 -12.9064 -28.1148 0 -13.9124 -28.1148 0.6997 -13.7946 -28.1148 0
3 16 -8.2195 -28.47 0 -9.6311 -28.47 0 -9.3364 -28.47 -2.2763
3 16 -8.3408 -28.47 4.8156 -9.3493 -28.47 2.2667 -7.1183 -28.47 4.1098
3 16 -7.1183 -28.47 4.1098 -9.3493 -28.47 2.2667 -8.2195 -28.47 0
3 16 -9.4017 -13.9322 -2.3811 -7.9932 -13.1902 -0.009 -7.0054 -12.5021 0
3 16 -9.4997 -28.1148 -2.358 -8.3408 -28.47 -4.8156 -9.3364 -28.47 -2.2763
3 16 -8.3408 -28.47 4.8156 -8.3118 -14.5572 4.8219 -9.5062 -28.1148 2.3259
3 16 -9.5062 -28.1148 2.3259 -8.3118 -14.5572 4.8219 -9.2219 -13.8766 2.2702
3 16 -7.1376 -13.2775 4.1209 -6.0668 -12.5021 3.5027 -7.0054 -12.5021 0
3 16 -7.0054 -12.5021 0 -6.0668 -12.5021 -3.5027 -7.1376 -13.2775 -4.1209
3 16 -9.5062 -28.1148 2.3259 -9.722 -28.125 -0.0096 -9.3493 -28.47 2.2667
3 16 -9.3493 -28.47 2.2667 -9.722 -28.125 -0.0096 -9.6311 -28.47 0
3 16 -9.2219 -13.8766 2.2702 -12.7356 -15.2058 2.4057 -9.5062 -28.1148 2.3259
3 16 -9.5062 -28.1148 2.3259 -12.7356 -15.2058 2.4057 -12.7267 -28.1148 2.4146
3 16 -9.2219 -13.8766 2.2702 -7.0054 -12.5021 0 -7.9932 -13.1902 -0.009
3 16 -9.4017 -13.9322 -2.3811 -8.3118 -14.5572 -4.8219 -9.4997 -28.1148 -2.358
3 16 -9.4997 -28.1148 -2.358 -8.3118 -14.5572 -4.8219 -8.3408 -28.47 -4.8156
3 16 -9.4017 -13.9322 -2.3811 -9.4997 -28.1148 -2.358 -12.6678 -15.1167 -2.4211
3 16 -12.6678 -15.1167 -2.4211 -9.4997 -28.1148 -2.358 -12.7585 -15.2071 -2.4255
3 16 -12.7252 -28.1148 -2.414 -12.7585 -15.2071 -2.4255 -9.4997 -28.1148 -2.358
3 16 -9.6311 -28.47 0 -9.722 -28.125 -0.0096 -9.3364 -28.47 -2.2763
3 16 -9.3364 -28.47 -2.2763 -9.722 -28.125 -0.0096 -9.4997 -28.1148 -2.358
3 16 -8.3408 -28.47 4.8156 -9.5062 -28.1148 2.3259 -9.3493 -28.47 2.2667
3 16 2.308 -8.4303 6.1194 3.2732 -8.3482 5.6694 2.8586 -7.5906 6.47
3 16 2.8586 -7.5906 6.47 3.2732 -8.3482 5.6694 3.4966 -7.7297 6.0563
3 16 4.0581 -6.5603 7.0288 2.8586 -7.5906 6.47 3.4966 -7.7297 6.0563
3 16 -2.4277 -7.3201 6.7059 -3.1139 -6.6558 7.2474 -2.8053 -7.5684 6.5086
3 16 -2.8053 -7.5684 6.5086 -3.1139 -6.6558 7.2474 -4.0581 -6.5603 7.0288
3 16 -13.9124 -28.1148 0.6997 -12.7267 -28.1148 2.4146 -15.0816 -28.1148 1.8778
3 16 -15.0816 -28.1148 1.8778 -12.7267 -28.1148 2.4146 -13.7946 -28.1148 3.4641
3 16 -13.9212 -28.1148 -0.6909 -15.0816 -28.1148 -1.8778 -12.7252 -28.1148 -2.414
3 16 -12.7252 -28.1148 -2.414 -15.0816 -28.1148 -1.8778 -13.7946 -28.1148 -3.4641
3 16 -7.0054 -12.5021 0 -9.2219 -13.8766 2.2702 -7.1376 -13.2775 4.1209
3 16 -7.1376 -13.2775 4.1209 -9.2219 -13.8766 2.2702 -8.3118 -14.5572 4.8219
3 16 -7.0054 -12.5021 0 -7.1376 -13.2775 -4.1209 -9.4017 -13.9322 -2.3811
3 16 -9.4017 -13.9322 -2.3811 -7.1376 -13.2775 -4.1209 -8.3118 -14.5572 -4.8219
3 16 -3.1366 -10.8851 5.4328 -3.2375 -11.7267 5.6074 -1.4641 -10.7544 6.1323
3 16 -1.4641 -10.7544 6.1323 -3.2375 -11.7267 5.6074 0.0457 -11.8113 6.5254
3 16 0.0457 -11.8113 6.5254 3.2375 -11.7267 5.6074 1.4415 -10.7893 6.1334
3 16 1.4415 -10.7893 6.1334 3.2375 -11.7267 5.6074 3.1366 -10.8851 5.4328
3 308 7.9646 -23.9441 0 6.8975 -23.9441 3.9823 0 -23.9441 0
3 308 6.8975 -23.9441 3.9823 3.9823 -23.9441 6.8975 0 -23.9441 0
3 308 3.9823 -23.9441 6.8975 0 -23.9441 7.9646 0 -23.9441 0
3 308 0 -23.9441 7.9646 -3.9823 -23.9441 6.8975 0 -23.9441 0
3 308 -3.9823 -23.9441 6.8975 -6.8975 -23.9441 3.9823 0 -23.9441 0
3 308 -6.8975 -23.9441 3.9823 -7.9646 -23.9441 0 0 -23.9441 0
3 308 -7.9646 -23.9441 0 -6.8975 -23.9441 -3.9823 0 -23.9441 0
3 308 -6.8975 -23.9441 -3.9823 -3.9823 -23.9441 -6.8975 0 -23.9441 0
3 308 -3.9823 -23.9441 -6.8975 0 -23.9441 -7.9646 0 -23.9441 0
3 308 0 -23.9441 -7.9646 3.9823 -23.9441 -6.8975 0 -23.9441 0
3 308 3.9823 -23.9441 -6.8975 6.8975 -23.9441 -3.9823 0 -23.9441 0
3 308 6.8975 -23.9441 -3.9823 7.9646 -23.9441 0 0 -23.9441 0
3 308 6.7821 -16.8212 3.9157 7.8313 -16.8212 0 4.7005 -14.9466 2.7138
3 308 4.7005 -14.9466 2.7138 7.8313 -16.8212 0 5.4277 -14.9466 0
3 308 7.8313 -16.8212 0 6.7821 -16.8212 3.9157 7.9646 -23.9441 0
3 308 7.9646 -23.9441 0 6.7821 -16.8212 3.9157 6.8975 -23.9441 3.9823
3 308 6.7821 -16.8212 3.9157 3.9157 -16.8212 6.7821 6.8975 -23.9441 3.9823
3 308 6.8975 -23.9441 3.9823 3.9157 -16.8212 6.7821 3.9823 -23.9441 6.8975
3 308 3.9157 -16.8212 6.7821 6.7821 -16.8212 3.9157 2.7138 -14.9466 4.7005
3 308 2.7138 -14.9466 4.7005 6.7821 -16.8212 3.9157 4.7005 -14.9466 2.7138
3 308 3.9157 -16.8212 6.7821 0 -16.8212 7.8313 3.9823 -23.9441 6.8975
3 308 3.9823 -23.9441 6.8975 0 -16.8212 7.8313 0 -23.9441 7.9646
3 308 0 -16.8212 7.8313 3.9157 -16.8212 6.7821 0 -14.9466 5.4277
3 308 0 -14.9466 5.4277 3.9157 -16.8212 6.7821 2.7138 -14.9466 4.7005
3 308 0 -16.8212 7.8313 -3.9157 -16.8212 6.7821 0 -23.9441 7.9646
3 308 0 -23.9441 7.9646 -3.9157 -16.8212 6.7821 -3.9823 -23.9441 6.8975
3 308 -3.9157 -16.8212 6.7821 0 -16.8212 7.8313 -2.7138 -14.9466 4.7005
3 308 -2.7138 -14.9466 4.7005 0 -16.8212 7.8313 0 -14.9466 5.4277
3 308 -3.9157 -16.8212 6.7821 -6.7821 -16.8212 3.9157 -3.9823 -23.9441 6.8975
3 308 -3.9823 -23.9441 6.8975 -6.7821 -16.8212 3.9157 -6.8975 -23.9441 3.9823
3 308 -6.7821 -16.8212 3.9157 -3.9157 -16.8212 6.7821 -4.7005 -14.9466 2.7138
3 308 -4.7005 -14.9466 2.7138 -3.9157 -16.8212 6.7821 -2.7138 -14.9466 4.7005
3 308 -6.7821 -16.8212 3.9157 -7.8313 -16.8212 0 -6.8975 -23.9441 3.9823
3 308 -6.8975 -23.9441 3.9823 -7.8313 -16.8212 0 -7.9646 -23.9441 0
3 308 -7.8313 -16.8212 0 -6.7821 -16.8212 3.9157 -5.4277 -14.9466 0
3 308 -5.4277 -14.9466 0 -6.7821 -16.8212 3.9157 -4.7005 -14.9466 2.7138
3 308 -7.8313 -16.8212 0 -6.7821 -16.8212 -3.9157 -7.9646 -23.9441 0
3 308 -7.9646 -23.9441 0 -6.7821 -16.8212 -3.9157 -6.8975 -23.9441 -3.9823
3 308 -6.7821 -16.8212 -3.9157 -7.8313 -16.8212 0 -4.7005 -14.9466 -2.7138
3 308 -4.7005 -14.9466 -2.7138 -7.8313 -16.8212 0 -5.4277 -14.9466 0
3 308 -6.7821 -16.8212 -3.9157 -3.9157 -16.8212 -6.7821 -6.8975 -23.9441 -3.9823
3 308 -6.8975 -23.9441 -3.9823 -3.9157 -16.8212 -6.7821 -3.9823 -23.9441 -6.8975
3 308 -3.9157 -16.8212 -6.7821 -6.7821 -16.8212 -3.9157 -2.7138 -14.9466 -4.7005
3 308 -2.7138 -14.9466 -4.7005 -6.7821 -16.8212 -3.9157 -4.7005 -14.9466 -2.7138
3 308 -3.9157 -16.8212 -6.7821 0 -16.8212 -7.8313 -3.9823 -23.9441 -6.8975
3 308 -3.9823 -23.9441 -6.8975 0 -16.8212 -7.8313 0 -23.9441 -7.9646
3 308 0 -16.8212 -7.8313 -3.9157 -16.8212 -6.7821 0 -14.9466 -5.4277
3 308 0 -14.9466 -5.4277 -3.9157 -16.8212 -6.7821 -2.7138 -14.9466 -4.7005
3 308 0 -16.8212 -7.8313 3.9157 -16.8212 -6.7821 0 -23.9441 -7.9646
3 308 0 -23.9441 -7.9646 3.9157 -16.8212 -6.7821 3.9823 -23.9441 -6.8975
3 308 3.9157 -16.8212 -6.7821 0 -16.8212 -7.8313 2.7138 -14.9466 -4.7005
3 308 2.7138 -14.9466 -4.7005 0 -16.8212 -7.8313 0 -14.9466 -5.4277
3 308 3.9157 -16.8212 -6.7821 6.7821 -16.8212 -3.9157 3.9823 -23.9441 -6.8975
3 308 3.9823 -23.9441 -6.8975 6.7821 -16.8212 -3.9157 6.8975 -23.9441 -3.9823
3 308 6.7821 -16.8212 -3.9157 3.9157 -16.8212 -6.7821 4.7005 -14.9466 -2.7138
3 308 4.7005 -14.9466 -2.7138 3.9157 -16.8212 -6.7821 2.7138 -14.9466 -4.7005
3 308 6.7821 -16.8212 -3.9157 7.8313 -16.8212 0 6.8975 -23.9441 -3.9823
3 308 6.8975 -23.9441 -3.9823 7.8313 -16.8212 0 7.9646 -23.9441 0
3 308 7.8313 -16.8212 0 6.7821 -16.8212 -3.9157 5.4277 -14.9466 0
3 308 5.4277 -14.9466 0 6.7821 -16.8212 -3.9157 4.7005 -14.9466 -2.7138
3 308 3.4934 -13.6051 2.0169 2.0169 -13.6051 3.4934 4.7005 -14.9466 2.7138
3 308 4.7005 -14.9466 2.7138 2.0169 -13.6051 3.4934 2.7138 -14.9466 4.7005
3 308 4.0338 -13.6051 0 3.4934 -13.6051 2.0169 5.4277 -14.9466 0
3 308 5.4277 -14.9466 0 3.4934 -13.6051 2.0169 4.7005 -14.9466 2.7138
3 308 2.0169 -13.6051 3.4934 0 -13.6051 4.0338 2.7138 -14.9466 4.7005
3 308 2.7138 -14.9466 4.7005 0 -13.6051 4.0338 0 -14.9466 5.4277
3 308 0 -13.6051 4.0338 -2.0169 -13.6051 3.4934 0 -14.9466 5.4277
3 308 0 -14.9466 5.4277 -2.0169 -13.6051 3.4934 -2.7138 -14.9466 4.7005
3 308 -2.0169 -13.6051 3.4934 -3.4934 -13.6051 2.0169 -2.7138 -14.9466 4.7005
3 308 -2.7138 -14.9466 4.7005 -3.4934 -13.6051 2.0169 -4.7005 -14.9466 2.7138
3 308 -3.4934 -13.6051 2.0169 -4.0338 -13.6051 0 -4.7005 -14.9466 2.7138
3 308 -4.7005 -14.9466 2.7138 -4.0338 -13.6051 0 -5.4277 -14.9466 0
3 308 -4.0338 -13.6051 0 -3.4934 -13.6051 -2.0169 -5.4277 -14.9466 0
3 308 -5.4277 -14.9466 0 -3.4934 -13.6051 -2.0169 -4.7005 -14.9466 -2.7138
3 308 -3.4934 -13.6051 -2.0169 -2.0169 -13.6051 -3.4934 -4.7005 -14.9466 -2.7138
3 308 -4.7005 -14.9466 -2.7138 -2.0169 -13.6051 -3.4934 -2.7138 -14.9466 -4.7005
3 308 -2.0169 -13.6051 -3.4934 0 -13.6051 -4.0338 -2.7138 -14.9466 -4.7005
3 308 -2.7138 -14.9466 -4.7005 0 -13.6051 -4.0338 0 -14.9466 -5.4277
3 308 0 -13.6051 -4.0338 2.0169 -13.6051 -3.4934 0 -14.9466 -5.4277
3 308 0 -14.9466 -5.4277 2.0169 -13.6051 -3.4934 2.7138 -14.9466 -4.7005
3 308 2.0169 -13.6051 -3.4934 3.4934 -13.6051 -2.0169 2.7138 -14.9466 -4.7005
3 308 2.7138 -14.9466 -4.7005 3.4934 -13.6051 -2.0169 4.7005 -14.9466 -2.7138
3 308 3.4934 -13.6051 -2.0169 4.0338 -13.6051 0 4.7005 -14.9466 -2.7138
3 308 4.7005 -14.9466 -2.7138 4.0338 -13.6051 0 5.4277 -14.9466 0
3 308 3.3758 -13.5061 0 3.3279 -14.9759 -0.0008 2.9235 -13.5061 1.6929
3 308 2.9235 -13.5061 1.6929 3.3279 -14.9759 -0.0008 2.8478 -15.2504 1.6917
3 308 2.9235 -13.5061 1.6929 3.4934 -13.6051 2.0169 3.3758 -13.5061 0
3 308 3.3758 -13.5061 0 3.4934 -13.6051 2.0169 4.0338 -13.6051 0
3 308 1.6879 -13.5061 2.9323 2.0169 -13.6051 3.4934 2.9235 -13.5061 1.6929
3 308 2.9235 -13.5061 1.6929 2.0169 -13.6051 3.4934 3.4934 -13.6051 2.0169
3 308 1.6879 -13.5061 2.9323 2.9235 -13.5061 1.6929 1.682 -15.0869 2.8604
3 308 1.682 -15.0869 2.8604 2.9235 -13.5061 1.6929 2.8478 -15.2504 1.6917
3 308 0 -13.5061 3.3859 0 -13.6051 4.0338 1.6879 -13.5061 2.9323
3 308 1.6879 -13.5061 2.9323 0 -13.6051 4.0338 2.0169 -13.6051 3.4934
3 308 0 -13.5061 3.3859 1.6879 -13.5061 2.9323 0.0006 -15.0876 3.3239
3 308 0.0006 -15.0876 3.3239 1.6879 -13.5061 2.9323 1.682 -15.0869 2.8604
3 308 0 -13.5061 3.3859 -1.6879 -13.5061 2.9323 0 -13.6051 4.0338
3 308 0 -13.6051 4.0338 -1.6879 -13.5061 2.9323 -2.0169 -13.6051 3.4934
3 308 0 -13.5061 3.3859 0.0006 -15.0876 3.3239 -1.6879 -13.5061 2.9323
3 308 -1.6879 -13.5061 2.9323 0.0006 -15.0876 3.3239 -1.6717 -15.0879 2.8672
3 308 -1.6879 -13.5061 2.9323 -2.9235 -13.5061 1.6929 -2.0169 -13.6051 3.4934
3 308 -2.0169 -13.6051 3.4934 -2.9235 -13.5061 1.6929 -3.4934 -13.6051 2.0169
3 308 -1.6879 -13.5061 2.9323 -1.6717 -15.0879 2.8672 -2.9235 -13.5061 1.6929
3 308 -2.9235 -13.5061 1.6929 -1.6717 -15.0879 2.8672 -2.8577 -15.3478 1.6687
3 308 -2.9235 -13.5061 1.6929 -3.3758 -13.5061 0 -3.4934 -13.6051 2.0169
3 308 -3.4934 -13.6051 2.0169 -3.3758 -13.5061 0 -4.0338 -13.6051 0
3 308 -3.3758 -13.5061 0 -2.9235 -13.5061 1.6929 -3.3264 -15.0131 0.004
3 308 -3.3264 -15.0131 0.004 -2.9235 -13.5061 1.6929 -2.8577 -15.3478 1.6687
3 308 -2.9235 -13.5061 -1.6929 -3.4934 -13.6051 -2.0169 -3.3758 -13.5061 0
3 308 -3.3758 -13.5061 0 -3.4934 -13.6051 -2.0169 -4.0338 -13.6051 0
3 308 -3.3758 -13.5061 0 -3.3264 -15.0131 0.004 -2.9235 -13.5061 -1.6929
3 308 -2.9235 -13.5061 -1.6929 -3.3264 -15.0131 0.004 -2.8556 -15.3035 -1.6751
3 308 -1.6879 -13.5061 -2.9323 -2.0169 -13.6051 -3.4934 -2.9235 -13.5061 -1.6929
3 308 -2.9235 -13.5061 -1.6929 -2.0169 -13.6051 -3.4934 -3.4934 -13.6051 -2.0169
3 308 -1.6879 -13.5061 -2.9323 -2.9235 -13.5061 -1.6929 -1.6819 -15.0868 -2.8604
3 308 -1.6819 -15.0868 -2.8604 -2.9235 -13.5061 -1.6929 -2.8556 -15.3035 -1.6751
3 308 0 -13.5061 -3.3859 0 -13.6051 -4.0338 -1.6879 -13.5061 -2.9323
3 308 -1.6879 -13.5061 -2.9323 0 -13.6051 -4.0338 -2.0169 -13.6051 -3.4934
3 308 0 -13.5061 -3.3859 -1.6879 -13.5061 -2.9323 0 -15.0879 -3.3239
3 308 0 -15.0879 -3.3239 -1.6879 -13.5061 -2.9323 -1.6819 -15.0868 -2.8604
3 308 0 -13.5061 -3.3859 1.6879 -13.5061 -2.9323 0 -13.6051 -4.0338
3 308 0 -13.6051 -4.0338 1.6879 -13.5061 -2.9323 2.0169 -13.6051 -3.4934
3 308 0 -13.5061 -3.3859 0 -15.0879 -3.3239 1.6879 -13.5061 -2.9323
3 308 1.6879 -13.5061 -2.9323 0 -15.0879 -3.3239 1.6821 -15.0869 -2.8609
3 308 1.6879 -13.5061 -2.9323 2.9235 -13.5061 -1.6929 2.0169 -13.6051 -3.4934
3 308 2.0169 -13.6051 -3.4934 2.9235 -13.5061 -1.6929 3.4934 -13.6051 -2.0169
3 308 1.6879 -13.5061 -2.9323 1.6821 -15.0869 -2.8609 2.9235 -13.5061 -1.6929
3 308 2.9235 -13.5061 -1.6929 1.6821 -15.0869 -2.8609 2.8635 -15.2443 -1.666
3 308 2.9235 -13.5061 -1.6929 3.3758 -13.5061 0 3.4934 -13.6051 -2.0169
3 308 3.4934 -13.6051 -2.0169 3.3758 -13.5061 0 4.0338 -13.6051 0
3 308 3.3758 -13.5061 0 2.9235 -13.5061 -1.6929 3.3279 -14.9759 -0.0008
3 308 3.3279 -14.9759 -0.0008 2.9235 -13.5061 -1.6929 2.8635 -15.2443 -1.666
3 308 1.5778 -20.6619 2.5985 1.6581 -18.0711 2.7571 2.4895 -20.6363 1.5821
3 308 2.4895 -20.6363 1.5821 1.6581 -18.0711 2.7571 2.791 -18.0711 1.5872
3 308 1.5778 -20.6619 2.5985 2.4895 -20.6363 1.5821 0 -20.8609 0
3 308 1.5778 -20.6619 2.5985 0 -20.6619 2.9994 1.6581 -18.0711 2.7571
3 308 1.6581 -18.0711 2.7571 0 -20.6619 2.9994 0.0006 -18.0711 3.2219
3 308 0 -20.6619 2.9994 1.5778 -20.6619 2.5985 0 -20.8609 0
3 308 -1.5778 -20.662 2.5986 -1.6329 -18.0711 2.774 0 -20.6619 2.9994
3 308 0 -20.6619 2.9994 -1.6329 -18.0711 2.774 0.0006 -18.0711 3.2219
3 308 -1.5778 -20.662 2.5986 0 -20.6619 2.9994 0 -20.8609 0
3 308 -1.5778 -20.662 2.5986 -2.5064 -20.6364 1.5522 -1.6329 -18.0711 2.774
3 308 -1.6329 -18.0711 2.774 -2.5064 -20.6364 1.5522 -2.7712 -18.0711 1.6389
3 308 -2.5064 -20.6364 1.5522 -1.5778 -20.662 2.5986 0 -20.8609 0
3 308 -1.5778 -20.6619 -2.5985 -1.6585 -18.0711 -2.7569 -2.4939 -20.657 -1.5329
3 308 -2.4939 -20.657 -1.5329 -1.6585 -18.0711 -2.7569 -2.7507 -18.0711 -1.6755
3 308 -1.5778 -20.6619 -2.5985 -2.4939 -20.657 -1.5329 0 -20.8609 0
3 308 -1.5778 -20.6619 -2.5985 0 -20.6619 -2.9994 -1.6585 -18.0711 -2.7569
3 308 -1.6585 -18.0711 -2.7569 0 -20.6619 -2.9994 0 -18.0711 -3.222
3 308 0 -20.6619 -2.9994 -1.5778 -20.6619 -2.5985 0 -20.8609 0
3 308 1.5778 -20.662 -2.5986 1.6589 -18.0711 -2.7585 0 -20.6619 -2.9994
3 308 0 -20.6619 -2.9994 1.6589 -18.0711 -2.7585 0 -18.0711 -3.222
3 308 1.5778 -20.662 -2.5986 0 -20.6619 -2.9994 0 -20.8609 0
3 308 1.5778 -20.662 -2.5986 2.5092 -20.6413 -1.5366 1.6589 -18.0711 -2.7585
3 308 1.6589 -18.0711 -2.7585 2.5092 -20.6413 -1.5366 2.786 -18.0711 -1.5996
3 308 2.5092 -20.6413 -1.5366 1.5778 -20.662 -2.5986 0 -20.8609 0
3 308 -2.7712 -18.0711 1.6389 -2.8577 -15.3478 1.6687 -1.6329 -18.0711 2.774
3 308 -1.6329 -18.0711 2.774 -2.8577 -15.3478 1.6687 -1.6717 -15.0879 2.8672
3 308 0.0006 -15.0876 3.3239 0.0006 -18.0711 3.2219 -1.6717 -15.0879 2.8672
3 308 -1.6717 -15.0879 2.8672 0.0006 -18.0711 3.2219 -1.6329 -18.0711 2.774
3 308 0.0006 -15.0876 3.3239 1.682 -15.0869 2.8604 0.0006 -18.0711 3.2219
3 308 0.0006 -18.0711 3.2219 1.682 -15.0869 2.8604 1.6581 -18.0711 2.7571
3 308 1.682 -15.0869 2.8604 2.8478 -15.2504 1.6917 1.6581 -18.0711 2.7571
3 308 1.6581 -18.0711 2.7571 2.8478 -15.2504 1.6917 2.791 -18.0711 1.5872
3 308 2.8478 -15.2504 1.6917 3.0981 -17.4925 0.9109 2.791 -18.0711 1.5872
3 308 2.8635 -15.2443 -1.666 3.0176 -17.4019 -0.8236 3.3279 -14.9759 -0.0008
3 308 3.3279 -14.9759 -0.0008 3.0176 -17.4019 -0.8236 3.2361 -17.343 -0.0187
3 308 2.786 -18.0711 -1.5996 2.8635 -15.2443 -1.666 1.6589 -18.0711 -2.7585
3 308 1.6589 -18.0711 -2.7585 2.8635 -15.2443 -1.666 1.6821 -15.0869 -2.8609
3 308 0 -15.0879 -3.3239 0 -18.0711 -3.222 1.6821 -15.0869 -2.8609
3 308 1.6821 -15.0869 -2.8609 0 -18.0711 -3.222 1.6589 -18.0711 -2.7585
3 308 0 -15.0879 -3.3239 -1.6819 -15.0868 -2.8604 0 -18.0711 -3.222
3 308 0 -18.0711 -3.222 -1.6819 -15.0868 -2.8604 -1.6585 -18.0711 -2.7569
3 308 -1.6819 -15.0868 -2.8604 -2.8556 -15.3035 -1.6751 -1.6585 -18.0711 -2.7569
3 308 -1.6585 -18.0711 -2.7569 -2.8556 -15.3035 -1.6751 -2.7507 -18.0711 -1.6755
3 308 -2.8556 -15.3035 -1.6751 -3.1013 -17.4595 -0.9228 -2.7507 -18.0711 -1.6755
3 308 -3.3264 -15.0131 0.004 -2.8577 -15.3478 1.6687 -3.2394 -17.3208 0.0203
3 308 -3.2394 -17.3208 0.0203 -2.8577 -15.3478 1.6687 -3.109 -17.4467 0.9004
3 308 2.5228 -20.6695 -0.0054 2.4895 -20.6363 1.5821 2.7904 -18.0711 -0.0054
3 308 2.7904 -18.0711 -0.0054 2.4895 -20.6363 1.5821 2.791 -18.0711 1.5872
3 308 2.8478 -15.2504 1.6917 3.3279 -14.9759 -0.0008 3.0981 -17.4925 0.9109
3 308 3.0981 -17.4925 0.9109 3.3279 -14.9759 -0.0008 3.2361 -17.343 -0.0187
3 308 3.0176 -17.4019 -0.8236 2.8635 -15.2443 -1.666 2.786 -18.0711 -1.5996
3 308 -2.8556 -15.3035 -1.6751 -3.3264 -15.0131 0.004 -3.1013 -17.4595 -0.9228
3 308 -3.1013 -17.4595 -0.9228 -3.3264 -15.0131 0.004 -3.2394 -17.3208 0.0203
3 308 -3.109 -17.4467 0.9004 -2.8577 -15.3478 1.6687 -2.7712 -18.0711 1.6389
3 308 0 -20.8609 0 2.4895 -20.6363 1.5821 2.5228 -20.6695 -0.0054
3 308 0 -20.8609 0 2.5228 -20.6695 -0.0054 2.5092 -20.6413 -1.5366
3 308 0 -20.8609 0 -2.4939 -20.657 -1.5329 -2.5414 -20.6506 0.0207
3 308 0 -20.8609 0 -2.5414 -20.6506 0.0207 -2.5064 -20.6364 1.5522
3 308 -3.2394 -17.3208 0.0203 -2.7996 -18.1445 0.0207 -3.1013 -17.4595 -0.9228
3 308 -3.1013 -17.4595 -0.9228 -2.7996 -18.1445 0.0207 -2.7507 -18.0711 -1.6755
3 308 -3.2394 -17.3208 0.0203 -3.109 -17.4467 0.9004 -2.7996 -18.1445 0.0207
3 308 -2.7996 -18.1445 0.0207 -3.109 -17.4467 0.9004 -2.7712 -18.0711 1.6389
3 308 -2.7507 -18.0711 -1.6755 -2.7996 -18.1445 0.0207 -2.4939 -20.657 -1.5329
3 308 -2.4939 -20.657 -1.5329 -2.7996 -18.1445 0.0207 -2.5414 -20.6506 0.0207
3 308 -2.7712 -18.0711 1.6389 -2.5064 -20.6364 1.5522 -2.7996 -18.1445 0.0207
3 308 -2.7996 -18.1445 0.0207 -2.5064 -20.6364 1.5522 -2.5414 -20.6506 0.0207
3 308 3.2361 -17.343 -0.0187 3.0176 -17.4019 -0.8236 2.7904 -18.0711 -0.0054
3 308 2.7904 -18.0711 -0.0054 3.0176 -17.4019 -0.8236 2.786 -18.0711 -1.5996
3 308 3.2361 -17.343 -0.0187 2.7904 -18.0711 -0.0054 3.0981 -17.4925 0.9109
3 308 3.0981 -17.4925 0.9109 2.7904 -18.0711 -0.0054 2.791 -18.0711 1.5872
3 308 2.5228 -20.6695 -0.0054 2.7904 -18.0711 -0.0054 2.5092 -20.6413 -1.5366
3 308 2.5092 -20.6413 -1.5366 2.7904 -18.0711 -0.0054 2.786 -18.0711 -1.5996
2 24 -9.3493 -28.47 2.2667 -9.6311 -28.47 0
2 24 8.3034 -14.5572 4.8219 9.5886 -14.5572 0
2 24 8.3408 -28.47 4.8156 9.6311 -28.47 0
2 24 8.3034 -14.5572 4.8219 4.7922 -14.5572 8.3518
2 24 8.3408 -28.47 4.8156 4.8156 -28.47 8.3408
2 24 4.7922 -14.5572 8.3518 -0.0042 -14.5572 9.6438
2 24 4.8156 -28.47 8.3408 0 -28.47 9.6311
2 24 -0.0042 -14.5572 9.6438 -4.8005 -14.5572 8.3518
2 24 0 -28.47 9.6311 -4.8156 -28.47 8.3408
2 24 -4.8005 -14.5572 8.3518 -8.3118 -14.5572 4.8219
2 24 -4.8156 -28.47 8.3408 -8.3408 -28.47 4.8156
2 24 -4.8005 -14.5572 -8.3518 -8.3118 -14.5572 -4.8219
2 24 -4.8156 -28.47 -8.3408 -8.3408 -28.47 -4.8156
2 24 -4.8005 -14.5572 -8.3518 -0.0042 -14.5572 -9.6438
2 24 -4.8156 -28.47 -8.3408 0 -28.47 -9.6311
2 24 -0.0042 -14.5572 -9.6438 4.7922 -14.5572 -8.3518
2 24 0 -28.47 -9.6311 4.8156 -28.47 -8.3408
2 24 4.7922 -14.5572 -8.3518 8.3034 -14.5572 -4.8219
2 24 4.8156 -28.47 -8.3408 8.3408 -28.47 -4.8156
2 24 9.5886 -14.5572 0 8.3034 -14.5572 -4.8219
2 24 9.6311 -28.47 0 8.3408 -28.47 -4.8156
2 24 8.1161 -6.5603 0 7.0288 -6.5603 4.0581
2 24 7.0288 -6.5603 4.0581 4.0581 -6.5603 7.0288
2 24 -7.0288 -6.5603 4.0581 -4.0581 -6.5603 7.0288
2 24 -7.0288 -6.5603 4.0581 -8.1161 -6.5603 0
2 24 -8.1161 -6.5603 0 -7.0288 -6.5603 -4.0581
2 24 -7.0288 -6.5603 -4.0581 -4.0581 -6.5603 -7.0288
2 24 -4.0581 -6.5603 -7.0288 0 -6.5603 -8.1161
2 24 0 -6.5603 -8.1161 4.0581 -6.5603 -7.0288
2 24 4.0581 -6.5603 -7.0288 7.0288 -6.5603 -4.0581
2 24 8.1161 -6.5603 0 7.0288 -6.5603 -4.0581
2 24 7.0288 -6.5603 4.0581 4.0581 -6.5603 7.0288
2 24 -7.0288 -6.5603 4.0581 -4.0581 -6.5603 7.0288
2 24 -7.0288 -6.5603 4.0581 -8.1161 -6.5603 0
2 24 -8.1161 -6.5603 0 -7.0288 -6.5603 -4.0581
2 24 -7.0288 -6.5603 -4.0581 -4.0581 -6.5603 -7.0288
2 24 -4.0581 -6.5603 -7.0288 0 -6.5603 -8.1161
2 24 0 -6.5603 -8.1161 4.0581 -6.5603 -7.0288
2 24 4.0581 -6.5603 -7.0288 7.0288 -6.5603 -4.0581
2 24 7.0288 -6.5603 -4.0581 8.1161 -6.5603 0
2 24 7.0288 -6.5603 4.0581 8.1161 -6.5603 0
2 24 8.125 0 0 7.0365 0 4.0625
2 24 7.0365 0 4.0625 4.0625 0 7.0365
2 24 2.1301 0 7.8457 0 0 8.125
2 24 0 0 8.125 -2.119 0 7.9082
2 24 -7.0365 0 4.0625 -4.0625 0 7.0365
2 24 -7.0365 0 4.0625 -8.125 0 0
2 24 -8.125 0 0 -7.0365 0 -4.0625
2 24 -7.0365 0 -4.0625 -4.0625 0 -7.0365
2 24 -4.0625 0 -7.0365 0 0 -8.125
2 24 0 0 -8.125 4.0625 0 -7.0365
2 24 4.0625 0 -7.0365 7.0365 0 -4.0625
2 24 8.125 0 0 7.0365 0 -4.0625
2 24 0 0 8.125 2.1301 0 7.8457
2 24 0 0 8.125 -2.119 0 7.9082
2 24 6.2405 0 0 5.4127 0 3.125
2 24 8.125 0 0 7.0365 0 4.0625
2 24 5.4127 0 3.125 3.125 0 5.4127
2 24 7.0365 0 4.0625 4.0625 0 7.0365
2 24 0 0 6.25 3.125 0 5.4127
2 24 2.1301 0 7.8457 4.0625 0 7.0365
2 24 0 0 6.25 -3.125 0 5.4127
2 24 -2.119 0 7.9082 -4.0625 0 7.0365
2 24 -3.125 0 5.4127 -5.4127 0 3.125
2 24 -4.0625 0 7.0365 -7.0365 0 4.0625
2 24 -5.4127 0 3.125 -6.25 0 0
2 24 -7.0365 0 4.0625 -8.125 0 0
2 24 -6.25 0 0 -5.4127 0 -3.125
2 24 -8.125 0 0 -7.0365 0 -4.0625
2 24 -5.4127 0 -3.125 -3.125 0 -5.4127
2 24 -7.0365 0 -4.0625 -4.0625 0 -7.0365
2 24 -3.125 0 -5.4127 0 0 -6.25
2 24 -4.0625 0 -7.0365 0 0 -8.125
2 24 0 0 -6.25 3.125 0 -5.4127
2 24 0 0 -8.125 4.0625 0 -7.0365
2 24 3.125 0 -5.4127 5.4127 0 -3.125
2 24 4.0625 0 -7.0365 7.0365 0 -4.0625
2 24 6.2405 0 0 5.4127 0 -3.125
2 24 8.125 0 0 7.0365 0 -4.0625
2 24 4.1098 -28.47 7.1183 7.1183 -28.47 4.1098
2 24 4.8156 -28.47 8.3408 8.3408 -28.47 4.8156
2 24 4.1098 -28.47 7.1183 0 -28.47 8.2195
2 24 4.8156 -28.47 8.3408 0 -28.47 9.6311
2 24 0 -28.47 8.2195 -4.1098 -28.47 7.1183
2 24 0 -28.47 9.6311 -4.8156 -28.47 8.3408
2 24 -4.1098 -28.47 7.1183 -7.1183 -28.47 4.1098
2 24 -4.8156 -28.47 8.3408 -8.3408 -28.47 4.8156
2 24 -8.2195 -28.47 0 -7.1183 -28.47 -4.1098
2 24 -9.3364 -28.47 -2.2763 -8.3408 -28.47 -4.8156
2 24 -7.1183 -28.47 -4.1098 -4.1098 -28.47 -7.1183
2 24 -8.3408 -28.47 -4.8156 -4.8156 -28.47 -8.3408
2 24 -4.1098 -28.47 -7.1183 0 -28.47 -8.2195
2 24 -4.8156 -28.47 -8.3408 0 -28.47 -9.6311
2 24 0 -28.47 -8.2195 4.1098 -28.47 -7.1183
2 24 0 -28.47 -9.6311 4.8156 -28.47 -8.3408
2 24 4.1098 -28.47 -7.1183 7.1183 -28.47 -4.1098
2 24 4.8156 -28.47 -8.3408 8.3408 -28.47 -4.8156
2 24 7.1183 -28.47 -4.1098 8.2195 -28.47 0
2 24 8.3408 -28.47 -4.8156 9.6311 -28.47 0
2 24 7.1183 -28.47 4.1098 8.2195 -28.47 0
2 24 8.3408 -28.47 4.8156 9.6311 -28.47 0
2 24 4.1098 -23.97 7.1183 7.1183 -23.97 4.1098
2 24 4.1098 -28.47 7.1183 7.1183 -28.47 4.1098
2 24 4.1098 -23.97 7.1183 0 -23.97 8.2195
2 24 4.1098 -28.47 7.1183 0 -28.47 8.2195
2 24 0 -23.97 8.2195 -4.1098 -23.97 7.1183
2 24 0 -28.47 8.2195 -4.1098 -28.47 7.1183
2 24 -4.1098 -23.97 7.1183 -7.1183 -23.97 4.1098
2 24 -4.1098 -28.47 7.1183 -7.1183 -28.47 4.1098
2 24 -7.1183 -23.97 4.1098 -8.2195 -23.97 0
2 24 -7.1183 -28.47 4.1098 -8.2195 -28.47 0
2 24 -8.2195 -23.97 0 -7.1183 -23.97 -4.1098
2 24 -8.2195 -28.47 0 -7.1183 -28.47 -4.1098
2 24 -7.1183 -23.97 -4.1098 -4.1098 -23.97 -7.1183
2 24 -7.1183 -28.47 -4.1098 -4.1098 -28.47 -7.1183
2 24 -4.1098 -23.97 -7.1183 0 -23.97 -8.2195
2 24 -4.1098 -28.47 -7.1183 0 -28.47 -8.2195
2 24 0 -23.97 -8.2195 4.1098 -23.97 -7.1183
2 24 0 -28.47 -8.2195 4.1098 -28.47 -7.1183
2 24 4.1098 -23.97 -7.1183 7.1183 -23.97 -4.1098
2 24 4.1098 -28.47 -7.1183 7.1183 -28.47 -4.1098
2 24 7.1183 -23.97 -4.1098 8.2195 -23.97 0
2 24 7.1183 -28.47 -4.1098 8.2195 -28.47 0
2 24 7.1183 -23.97 4.1098 8.2195 -23.97 0
2 24 7.1183 -28.47 4.1098 8.2195 -28.47 0
2 24 6.927 -23.97 3.9993 7.9986 -23.97 0
2 24 7.1183 -23.97 4.1098 8.2195 -23.97 0
2 24 7.9986 -23.97 0 6.927 -23.97 3.9993
2 24 7.8682 -16.7932 0 6.814 -16.7932 3.9341
2 24 6.927 -23.97 3.9993 3.9993 -23.97 6.927
2 24 6.814 -16.7932 3.9341 3.9341 -16.7932 6.814
2 24 6.927 -23.97 3.9993 3.9993 -23.97 6.927
2 24 7.1183 -23.97 4.1098 4.1098 -23.97 7.1183
2 24 3.9993 -23.97 6.927 0 -23.97 7.9986
2 24 3.9341 -16.7932 6.814 0 -16.7932 7.8682
2 24 3.9993 -23.97 6.927 0 -23.97 7.9986
2 24 4.1098 -23.97 7.1183 0 -23.97 8.2195
2 24 0 -23.97 7.9986 -3.9993 -23.97 6.927
2 24 0 -16.7932 7.8682 -3.9341 -16.7932 6.814
2 24 0 -23.97 7.9986 -3.9993 -23.97 6.927
2 24 0 -23.97 8.2195 -4.1098 -23.97 7.1183
2 24 -3.9993 -23.97 6.927 -6.927 -23.97 3.9993
2 24 -3.9341 -16.7932 6.814 -6.814 -16.7932 3.9341
2 24 -3.9993 -23.97 6.927 -6.927 -23.97 3.9993
2 24 -4.1098 -23.97 7.1183 -7.1183 -23.97 4.1098
2 24 -6.927 -23.97 3.9993 -7.9986 -23.97 0
2 24 -6.814 -16.7932 3.9341 -7.8682 -16.7932 0
2 24 -6.927 -23.97 3.9993 -7.9986 -23.97 0
2 24 -7.1183 -23.97 4.1098 -8.2195 -23.97 0
2 24 -7.9986 -23.97 0 -6.927 -23.97 -3.9993
2 24 -7.8682 -16.7932 0 -6.814 -16.7932 -3.9341
2 24 -7.9986 -23.97 0 -6.927 -23.97 -3.9993
2 24 -8.2195 -23.97 0 -7.1183 -23.97 -4.1098
2 24 -6.927 -23.97 -3.9993 -3.9993 -23.97 -6.927
2 24 -6.814 -16.7932 -3.9341 -3.9341 -16.7932 -6.814
2 24 -6.927 -23.97 -3.9993 -3.9993 -23.97 -6.927
2 24 -7.1183 -23.97 -4.1098 -4.1098 -23.97 -7.1183
2 24 -3.9993 -23.97 -6.927 0 -23.97 -7.9986
2 24 -3.9341 -16.7932 -6.814 0 -16.7932 -7.8682
2 24 -3.9993 -23.97 -6.927 0 -23.97 -7.9986
2 24 -4.1098 -23.97 -7.1183 0 -23.97 -8.2195
2 24 0 -23.97 -7.9986 3.9993 -23.97 -6.927
2 24 0 -16.7932 -7.8682 3.9341 -16.7932 -6.814
2 24 0 -23.97 -7.9986 3.9993 -23.97 -6.927
2 24 0 -23.97 -8.2195 4.1098 -23.97 -7.1183
2 24 3.9993 -23.97 -6.927 6.927 -23.97 -3.9993
2 24 3.9341 -16.7932 -6.814 6.814 -16.7932 -3.9341
2 24 3.9993 -23.97 -6.927 6.927 -23.97 -3.9993
2 24 4.1098 -23.97 -7.1183 7.1183 -23.97 -4.1098
2 24 7.9986 -23.97 0 6.927 -23.97 -3.9993
2 24 7.8682 -16.7932 0 6.814 -16.7932 -3.9341
2 24 7.9986 -23.97 0 6.927 -23.97 -3.9993
2 24 8.2195 -23.97 0 7.1183 -23.97 -4.1098
2 24 2.9352 -13.5108 1.6946 1.6946 -13.5108 2.9352
2 24 3.9341 -16.7932 6.814 6.814 -16.7932 3.9341
2 24 3.9341 -16.7932 6.814 0 -16.7932 7.8682
2 24 0 -16.7932 7.8682 -3.9341 -16.7932 6.814
2 24 -3.9341 -16.7932 6.814 -6.814 -16.7932 3.9341
2 24 -6.814 -16.7932 3.9341 -7.8682 -16.7932 0
2 24 -7.8682 -16.7932 0 -6.814 -16.7932 -3.9341
2 24 -6.814 -16.7932 -3.9341 -3.9341 -16.7932 -6.814
2 24 -3.9341 -16.7932 -6.814 0 -16.7932 -7.8682
2 24 0 -16.7932 -7.8682 3.9341 -16.7932 -6.814
2 24 3.9341 -16.7932 -6.814 6.814 -16.7932 -3.9341
2 24 6.814 -16.7932 -3.9341 7.8682 -16.7932 0
2 24 6.814 -16.7932 3.9341 7.8682 -16.7932 0
2 24 1.6946 -13.5108 2.9352 0 -13.5108 3.3893
2 24 0 -13.5108 3.3893 -1.6946 -13.5108 2.9352
2 24 -1.6946 -13.5108 2.9352 -2.9352 -13.5108 1.6946
2 24 -2.9352 -13.5108 1.6946 -3.3893 -13.5108 0
2 24 -3.3893 -13.5108 0 -2.9352 -13.5108 -1.6946
2 24 -2.9352 -13.5108 -1.6946 -1.6946 -13.5108 -2.9352
2 24 -1.6946 -13.5108 -2.9352 0 -13.5108 -3.3893
2 24 0 -13.5108 -3.3893 1.6946 -13.5108 -2.9352
2 24 1.6946 -13.5108 -2.9352 2.9352 -13.5108 -1.6946
2 24 2.9352 -13.5108 -1.6946 3.3893 -13.5108 0
2 24 2.9352 -13.5108 1.6946 3.3893 -13.5108 0
2 24 2.9352 -13.5108 1.6946 1.6946 -13.5108 2.9352
2 24 3.054 -5.2453 1.7632 1.7632 -5.2453 3.054
2 24 1.7632 -5.2453 3.054 0 -5.2453 3.5265
2 24 1.6946 -13.5108 2.9352 0 -13.5108 3.3893
2 24 0 -13.5108 3.3893 -1.6946 -13.5108 2.9352
2 24 0 -5.2453 3.5265 -1.7632 -5.2453 3.054
2 24 -1.6946 -13.5108 2.9352 -2.9352 -13.5108 1.6946
2 24 -1.7632 -5.2453 3.054 -3.054 -5.2453 1.7632
2 24 -2.9352 -13.5108 1.6946 -3.3893 -13.5108 0
2 24 -3.054 -5.2453 1.7632 -3.5265 -5.2453 0
2 24 -3.3893 -13.5108 0 -2.9352 -13.5108 -1.6946
2 24 -3.5265 -5.2453 0 -3.054 -5.2453 -1.7632
2 24 -2.9352 -13.5108 -1.6946 -1.6946 -13.5108 -2.9352
2 24 -3.054 -5.2453 -1.7632 -1.7632 -5.2453 -3.054
2 24 -1.6946 -13.5108 -2.9352 0 -13.5108 -3.3893
2 24 -1.7632 -5.2453 -3.054 0 -5.2453 -3.5265
2 24 0 -13.5108 -3.3893 1.6946 -13.5108 -2.9352
2 24 0 -5.2453 -3.5265 1.7632 -5.2453 -3.054
2 24 1.6946 -13.5108 -2.9352 2.9352 -13.5108 -1.6946
2 24 1.7632 -5.2453 -3.054 3.054 -5.2453 -1.7632
2 24 2.9352 -13.5108 -1.6946 3.3893 -13.5108 0
2 24 3.054 -5.2453 -1.7632 3.5265 -5.2453 0
2 24 2.9352 -13.5108 1.6946 3.3893 -13.5108 0
2 24 3.054 -5.2453 1.7632 3.5265 -5.2453 0
2 24 5.2548 -5.2453 3.0339 3.0339 -5.2453 5.2548
2 24 5.4127 0 3.125 3.125 0 5.4127
2 24 3.0339 -5.2453 5.2548 5.2548 -5.2453 3.0339
2 24 1.7632 -5.2453 3.054 3.054 -5.2453 1.7632
2 24 3.0339 -5.2453 5.2548 0 -5.2453 6.0678
2 24 3.125 0 5.4127 0 0 6.25
2 24 3.0339 -5.2453 5.2548 0 -5.2453 6.0678
2 24 1.7632 -5.2453 3.054 0 -5.2453 3.5265
2 24 0 -5.2453 6.0678 -3.0339 -5.2453 5.2548
2 24 0 0 6.25 -3.125 0 5.4127
2 24 0 -5.2453 6.0678 -3.0339 -5.2453 5.2548
2 24 0 -5.2453 3.5265 -1.7632 -5.2453 3.054
2 24 -3.0339 -5.2453 5.2548 -5.2548 -5.2453 3.0339
2 24 -3.125 0 5.4127 -5.4127 0 3.125
2 24 -3.0339 -5.2453 5.2548 -5.2548 -5.2453 3.0339
2 24 -1.7632 -5.2453 3.054 -3.054 -5.2453 1.7632
2 24 -5.2548 -5.2453 3.0339 -6.0678 -5.2453 0
2 24 -5.4127 0 3.125 -6.25 0 0
2 24 -5.2548 -5.2453 3.0339 -6.0678 -5.2453 0
2 24 -3.054 -5.2453 1.7632 -3.5265 -5.2453 0
2 24 -6.0678 -5.2453 0 -5.2548 -5.2453 -3.0339
2 24 -6.25 0 0 -5.4127 0 -3.125
2 24 -6.0678 -5.2453 0 -5.2548 -5.2453 -3.0339
2 24 -3.5265 -5.2453 0 -3.054 -5.2453 -1.7632
2 24 -5.2548 -5.2453 -3.0339 -3.0339 -5.2453 -5.2548
2 24 -5.4127 0 -3.125 -3.125 0 -5.4127
2 24 -5.2548 -5.2453 -3.0339 -3.0339 -5.2453 -5.2548
2 24 -3.054 -5.2453 -1.7632 -1.7632 -5.2453 -3.054
2 24 -3.0339 -5.2453 -5.2548 0 -5.2453 -6.0678
2 24 -3.125 0 -5.4127 0 0 -6.25
2 24 -3.0339 -5.2453 -5.2548 0 -5.2453 -6.0678
2 24 -1.7632 -5.2453 -3.054 0 -5.2453 -3.5265
2 24 0 -5.2453 -6.0678 3.0339 -5.2453 -5.2548
2 24 0 0 -6.25 3.125 0 -5.4127
2 24 0 -5.2453 -6.0678 3.0339 -5.2453 -5.2548
2 24 0 -5.2453 -3.5265 1.7632 -5.2453 -3.054
2 24 3.0339 -5.2453 -5.2548 5.2548 -5.2453 -3.0339
2 24 3.125 0 -5.4127 5.4127 0 -3.125
2 24 3.0339 -5.2453 -5.2548 5.2548 -5.2453 -3.0339
2 24 1.7632 -5.2453 -3.054 3.054 -5.2453 -1.7632
2 24 5.2548 -5.2453 -3.0339 6.0678 -5.2453 0
2 24 5.4127 0 -3.125 6.2405 0 0
2 24 5.2548 -5.2453 -3.0339 6.0678 -5.2453 0
2 24 3.054 -5.2453 -1.7632 3.5265 -5.2453 0
2 24 5.2548 -5.2453 3.0339 6.0678 -5.2453 0
2 24 3.054 -5.2453 1.7632 3.5265 -5.2453 0
2 24 5.2548 -5.2453 3.0339 6.0678 -5.2453 0
2 24 5.4127 0 3.125 6.2405 0 0
2 24 -4.0581 -6.5603 7.0288 -3.1139 -6.6558 7.2474
2 24 -2.5988 -5.8171 7.5209 -3.1139 -6.6558 7.2474
2 24 -2.5988 -5.8171 7.5209 -3.1139 -6.6558 7.2474
2 24 -3.1139 -6.6558 7.2474 -2.4277 -7.3201 6.7059
2 24 -1.6087 -6.4956 6.7859 -2.4277 -7.3201 6.7059
2 24 4.0581 -6.5603 7.0288 3.1525 -6.7139 7.2156
2 24 2.6297 -5.8115 7.5211 3.1525 -6.7139 7.2156
2 24 2.4937 -7.3182 6.7089 3.1525 -6.7139 7.2156
2 24 2.4937 -7.3182 6.7089 1.7736 -6.5425 6.8144
2 24 3.1525 -6.7139 7.2156 2.6297 -5.8115 7.5211
2 24 2.4937 -7.3182 6.7089 3.1525 -6.7139 7.2156
2 24 4.0581 -6.5603 7.0288 3.1525 -6.7139 7.2156
2 24 -2.4277 -7.3201 6.7059 -1.8783 -7.6322 6.6697
2 24 -2.4277 -7.3201 6.7059 -1.6087 -6.4956 6.7859
2 24 -2.4277 -7.3201 6.7059 -1.8783 -7.6322 6.6697
2 24 -1.8783 -7.6322 6.6697 -2.325 -8.507 6.0706
2 24 2.4937 -7.3182 6.7089 1.958 -7.7037 6.6307
2 24 1.958 -7.7037 6.6307 2.308 -8.4303 6.1194
2 24 1.958 -7.7037 6.6307 2.4937 -7.3182 6.7089
2 24 1.7736 -6.5425 6.8144 2.4937 -7.3182 6.7089
2 24 0.8864 -6.1438 6.792 -0.0067 -6.0125 6.7914
2 24 -0.0067 -6.0125 6.7914 -0.8378 -6.1565 6.7827
2 24 -1.6087 -6.4956 6.7859 -0.8378 -6.1565 6.7827
2 24 1.7736 -6.5425 6.8144 0.8864 -6.1438 6.792
2 24 1.7736 -6.5425 6.8144 0.8864 -6.1438 6.792
2 24 2.6297 -5.8115 7.5211 1.5903 -4.9351 7.8447
2 24 0.8864 -6.1438 6.792 -0.0067 -6.0125 6.7914
2 24 1.5903 -4.9351 7.8447 -0.0009 -4.5281 8.0157
2 24 -0.0067 -6.0125 6.7914 -0.8378 -6.1565 6.7827
2 24 -0.0009 -4.5281 8.0157 -1.5831 -4.9406 7.8437
2 24 -2.5988 -5.8171 7.5209 -1.5831 -4.9406 7.8437
2 24 -1.6087 -6.4956 6.7859 -0.8378 -6.1565 6.7827
2 24 -2.5988 -5.8171 7.5209 -1.5831 -4.9406 7.8437
2 24 -1.5831 -4.9406 7.8437 -0.0009 -4.5281 8.0157
2 24 -0.0009 -4.5281 8.0157 1.5903 -4.9351 7.8447
2 24 2.6297 -5.8115 7.5211 1.5903 -4.9351 7.8447
2 24 -2.0918 -10.0635 5.9127 -2.3194 -9.299 5.8589
2 24 -2.325 -8.507 6.0706 -2.3194 -9.299 5.8589
2 24 2.308 -8.4303 6.1194 2.2699 -9.2403 5.9291
2 24 2.2699 -9.2403 5.9291 2.1204 -10.0401 5.896
2 24 1.958 -7.7037 6.6307 1.8645 -8.2599 6.643
2 24 1.958 -7.7037 6.6307 1.8645 -8.2599 6.643
2 24 2.308 -8.4303 6.1194 1.958 -7.7037 6.6307
2 24 1.8645 -8.2599 6.643 1.8218 -9.0057 6.6292
2 24 1.8218 -9.0057 6.6292 1.6549 -9.7841 6.6172
2 24 -1.7565 -8.9898 6.6651 -1.5944 -9.7361 6.661
2 24 -1.7565 -8.9898 6.6651 -1.5944 -9.7361 6.661
2 24 -2.3194 -9.299 5.8589 -2.0918 -10.0635 5.9127
2 24 1.8218 -9.0057 6.6292 1.6549 -9.7841 6.6172
2 24 2.2699 -9.2403 5.9291 2.1204 -10.0401 5.896
2 24 1.8645 -8.2599 6.643 1.8218 -9.0057 6.6292
2 24 2.308 -8.4303 6.1194 2.2699 -9.2403 5.9291
2 24 -1.7565 -8.9898 6.6651 -1.7873 -8.2626 6.6805
2 24 -2.3194 -9.299 5.8589 -2.325 -8.507 6.0706
2 24 -1.7873 -8.2626 6.6805 -1.8783 -7.6322 6.6697
2 24 -2.325 -8.507 6.0706 -1.8783 -7.6322 6.6697
2 24 -1.8783 -7.6322 6.6697 -1.7873 -8.2626 6.6805
2 24 -1.7565 -8.9898 6.6651 -1.7873 -8.2626 6.6805
2 24 2.1204 -10.0401 5.896 1.4415 -10.7893 6.1334
2 24 1.6549 -9.7841 6.6172 1.0264 -10.4888 6.631
2 24 1.6549 -9.7841 6.6172 1.0264 -10.4888 6.631
2 24 1.0264 -10.4888 6.631 0.0381 -10.7422 6.6666
2 24 1.0264 -10.4888 6.631 0.0381 -10.7422 6.6666
2 24 1.4415 -10.7893 6.1334 0.0618 -11.2323 6.3547
2 24 0.0381 -10.7422 6.6666 -1.0117 -10.3371 6.6936
2 24 0.0381 -10.7422 6.6666 -1.0117 -10.3371 6.6936
2 24 0.0618 -11.2323 6.3547 -1.4641 -10.7544 6.1323
2 24 -1.5944 -9.7361 6.661 -1.0117 -10.3371 6.6936
2 24 -2.0918 -10.0635 5.9127 -1.4641 -10.7544 6.1323
2 24 -1.5944 -9.7361 6.661 -1.0117 -10.3371 6.6936
2 24 1.4415 -10.7893 6.1334 0.0618 -11.2323 6.3547
2 24 -2.0918 -10.0635 5.9127 -1.4641 -10.7544 6.1323
2 24 2.1204 -10.0401 5.896 1.4415 -10.7893 6.1334
2 24 0.0618 -11.2323 6.3547 -1.4641 -10.7544 6.1323
2 24 4.0625 0 7.0365 2.1301 0 7.8457
2 24 -2.119 0 7.9082 -4.0625 0 7.0365
2 24 -13.7946 -15.6949 3.4641 -15.7447 -16.2604 4
2 24 -13.7946 -28.1148 3.4641 -15.7447 -28.1148 4
2 24 -15.7447 -16.2604 4 -13.7946 -15.6949 3.4641
2 24 -15.7447 -16.2604 4 -17.7946 -16.8224 3.4641
2 24 -15.7447 -28.1148 4 -17.7946 -28.1148 3.4641
2 24 -15.7447 -16.2604 4 -17.7946 -16.8224 3.4641
2 24 -17.7946 -16.8224 3.4641 -19.2457 -17.2396 2
2 24 -17.7946 -28.1148 3.4641 -19.2457 -28.1148 2
2 24 -17.7946 -16.8224 3.4641 -19.2457 -17.2396 2
2 24 -19.2457 -17.2396 2 -19.7946 -17.3921 0
2 24 -19.2457 -28.1148 2 -19.7946 -28.1148 0
2 24 -19.2457 -17.2396 2 -19.7946 -17.3921 0
2 24 -19.7946 -17.3921 0 -19.2587 -17.2363 -2
2 24 -19.7946 -28.1148 0 -19.2587 -28.1148 -1.9679
2 24 -19.7946 -17.3921 0 -19.2587 -17.2363 -2
2 24 -19.2587 -17.2363 -2 -17.7946 -16.8188 -3.4641
2 24 -19.2587 -28.1148 -1.9679 -17.7946 -28.1148 -3.4641
2 24 -19.2587 -17.2363 -2 -17.7946 -16.8188 -3.4641
2 24 -17.7946 -16.8188 -3.4641 -15.7946 -16.2604 -4
2 24 -17.7946 -28.1148 -3.4641 -15.7946 -28.1148 -4
2 24 -17.7946 -16.8188 -3.4641 -15.7946 -16.2604 -4
2 24 -15.7946 -16.2604 -4 -13.7946 -15.697 -3.4641
2 24 -15.7946 -28.1148 -4 -13.7946 -28.1148 -3.4641
2 24 -15.7946 -16.2604 -4 -13.7946 -15.697 -3.4641
2 24 -13.7946 -15.6949 3.4641 -12.7356 -15.2058 2.4057
2 24 -13.7946 -28.1148 3.4641 -12.7267 -28.1148 2.4146
2 24 -7.9932 -13.1902 -0.009 -9.4017 -13.9322 -2.3811
2 24 -12.7585 -15.2071 -2.4255 -12.6678 -15.1167 -2.4211
2 24 -9.4017 -13.9322 -2.3811 -12.6678 -15.1167 -2.4211
2 24 -13.7946 -15.697 -3.4641 -12.7585 -15.2071 -2.4255
2 24 -13.7946 -15.6949 3.4641 -12.7356 -15.2058 2.4057
2 24 -12.7356 -15.2058 2.4057 -9.2219 -13.8766 2.2702
2 24 -7.9932 -13.1902 -0.009 -9.2219 -13.8766 2.2702
2 24 -13.7946 -15.697 -3.4641 -12.7585 -15.2071 -2.4255
2 24 -13.7946 -28.1148 -3.4641 -12.7252 -28.1148 -2.414
2 24 -9.5062 -28.1148 2.3259 -12.7267 -28.1148 2.4146
2 24 -9.5062 -28.1148 2.3259 -9.722 -28.125 -0.0096
2 24 -12.7252 -28.1148 -2.414 -9.4997 -28.1148 -2.358
2 24 -9.722 -28.125 -0.0096 -9.4997 -28.1148 -2.358
2 24 -15.7946 -28.1148 2 -15.0816 -28.1148 1.8778
2 24 -15.7447 -28.1148 4 -13.7946 -28.1148 3.4641
2 24 -15.7946 -28.1148 2 -16.485 -28.1148 1.8577
2 24 -15.7447 -28.1148 4 -17.7946 -28.1148 3.4641
2 24 -16.485 -28.1148 1.8577 -17.6505 -28.1148 0.6992
2 24 -17.7946 -28.1148 3.4641 -19.2457 -28.1148 2
2 24 -17.6505 -28.1148 0.6992 -17.7946 -28.1148 0
2 24 -19.2457 -28.1148 2 -19.7946 -28.1148 0
2 24 -17.7946 -28.1148 0 -17.6635 -28.1148 -0.7042
2 24 -19.7946 -28.1148 0 -19.2587 -28.1148 -1.9679
2 24 -17.6635 -28.1148 -0.7042 -16.4899 -28.1148 -1.8778
2 24 -19.2587 -28.1148 -1.9679 -17.7946 -28.1148 -3.4641
2 24 -16.4899 -28.1148 -1.8778 -15.7946 -28.1148 -2
2 24 -17.7946 -28.1148 -3.4641 -15.7946 -28.1148 -4
2 24 -15.7946 -28.1148 -2 -15.0816 -28.1148 -1.8778
2 24 -15.7946 -28.1148 -4 -13.7946 -28.1148 -3.4641
2 24 -13.9212 -28.1148 -0.6909 -13.7946 -28.1148 0
2 24 -14.0088 -20.6322 0.6441 -15.1373 -20.6322 1.7814
2 24 -15.1373 -20.6322 1.7814 -14.0088 -20.6322 0.6441
2 24 -15.0816 -28.1148 1.8778 -13.9124 -28.1148 0.6997
2 24 -15.1373 -20.6322 1.7814 -15.7946 -20.6322 1.8887
2 24 -15.1373 -20.6322 1.7814 -15.7946 -20.6322 1.8887
2 24 -15.0816 -28.1148 1.8778 -15.7946 -28.1148 2
2 24 -15.7946 -20.6322 1.8887 -16.4293 -20.6322 1.7613
2 24 -15.7946 -20.6322 1.8887 -16.4293 -20.6322 1.7613
2 24 -15.7946 -28.1148 2 -16.485 -28.1148 1.8577
2 24 -16.4293 -20.6322 1.7613 -17.5541 -20.6322 0.6436
2 24 -16.4293 -20.6322 1.7613 -17.5541 -20.6322 0.6436
2 24 -16.485 -28.1148 1.8577 -17.6505 -28.1148 0.6992
2 24 -17.5541 -20.6322 0.6436 -17.6833 -20.6322 0
2 24 -17.5541 -20.6322 0.6436 -17.6833 -20.6322 0
2 24 -17.6505 -28.1148 0.6992 -17.7946 -28.1148 0
2 24 -17.6833 -20.6322 0 -17.5672 -20.6322 -0.6485
2 24 -17.6833 -20.6322 0 -17.5672 -20.6322 -0.6485
2 24 -17.7946 -28.1148 0 -17.6635 -28.1148 -0.7042
2 24 -17.5672 -20.6322 -0.6485 -16.4343 -20.6322 -1.7814
2 24 -17.5672 -20.6322 -0.6485 -16.4343 -20.6322 -1.7814
2 24 -17.6635 -28.1148 -0.7042 -16.4899 -28.1148 -1.8778
2 24 -16.4343 -20.6322 -1.7814 -15.7946 -20.6322 -1.8887
2 24 -16.4343 -20.6322 -1.7814 -15.7946 -20.6322 -1.8887
2 24 -16.4899 -28.1148 -1.8778 -15.7946 -28.1148 -2
2 24 -15.7946 -20.6322 -1.8887 -15.1373 -20.6322 -1.7814
2 24 -15.7946 -20.6322 -1.8887 -15.1373 -20.6322 -1.7814
2 24 -15.7946 -28.1148 -2 -15.0816 -28.1148 -1.8778
2 24 -15.1373 -20.6322 -1.7814 -14.0176 -20.6322 -0.6353
2 24 -15.1373 -20.6322 -1.7814 -14.0176 -20.6322 -0.6353
2 24 -15.0816 -28.1148 -1.8778 -13.9212 -28.1148 -0.6909
2 24 -14.0176 -20.6322 -0.6353 -13.9059 -20.6322 0
2 24 -14.0176 -20.6322 -0.6353 -13.9059 -20.6322 0
2 24 -13.9212 -28.1148 -0.6909 -13.7946 -28.1148 0
2 24 -14.0088 -20.6322 0.6441 -13.9059 -20.6322 0
2 24 -13.9124 -28.1148 0.6997 -13.7946 -28.1148 0
2 24 -14.0088 -20.6322 0.6441 -13.9059 -20.6322 0
2 24 -13.7946 -28.1148 0 -13.9124 -28.1148 0.6997
2 24 -9.6311 -28.47 0 -9.3364 -28.47 -2.2763
2 24 -9.3493 -28.47 2.2667 -8.3408 -28.47 4.8156
2 24 -8.2195 -28.47 0 -7.1183 -28.47 4.1098
2 24 -9.4017 -13.9322 -2.3811 -7.9932 -13.1902 -0.009
2 24 -8.3408 -28.47 -4.8156 -9.3364 -28.47 -2.2763
2 24 -8.3118 -14.5572 4.8219 -9.2219 -13.8766 2.2702
2 24 -9.5062 -28.1148 2.3259 -9.2219 -13.8766 2.2702
2 24 -9.5062 -28.1148 2.3259 -9.722 -28.125 -0.0096
2 24 -9.3493 -28.47 2.2667 -9.6311 -28.47 0
2 24 -12.7356 -15.2058 2.4057 -9.2219 -13.8766 2.2702
2 24 -9.2219 -13.8766 2.2702 -9.5062 -28.1148 2.3259
2 24 -12.7267 -28.1148 2.4146 -9.5062 -28.1148 2.3259
2 24 -7.9932 -13.1902 -0.009 -9.2219 -13.8766 2.2702
2 24 -8.3118 -14.5572 -4.8219 -9.4017 -13.9322 -2.3811
2 24 -9.4017 -13.9322 -2.3811 -9.4997 -28.1148 -2.358
2 24 -9.4017 -13.9322 -2.3811 -9.4997 -28.1148 -2.358
2 24 -9.4017 -13.9322 -2.3811 -12.6678 -15.1167 -2.4211
2 24 -12.7585 -15.2071 -2.4255 -12.6678 -15.1167 -2.4211
2 24 -12.7252 -28.1148 -2.414 -9.4997 -28.1148 -2.358
2 24 -9.3364 -28.47 -2.2763 -9.6311 -28.47 0
2 24 -9.4997 -28.1148 -2.358 -9.722 -28.125 -0.0096
2 24 -8.3408 -28.47 4.8156 -9.3493 -28.47 2.2667
2 24 -2.4277 -7.3201 6.7059 -3.1139 -6.6558 7.2474
2 24 -4.0581 -6.5603 7.0288 -3.1139 -6.6558 7.2474
2 24 -15.0816 -28.1148 1.8778 -13.9124 -28.1148 0.6997
2 24 -12.7267 -28.1148 2.4146 -13.7946 -28.1148 3.4641
2 24 -15.0816 -28.1148 -1.8778 -13.9212 -28.1148 -0.6909
2 24 -12.7252 -28.1148 -2.414 -13.7946 -28.1148 -3.4641
2 24 7.9646 -23.9441 0 6.8975 -23.9441 3.9823
2 24 6.8975 -23.9441 3.9823 3.9823 -23.9441 6.8975
2 24 3.9823 -23.9441 6.8975 0 -23.9441 7.9646
2 24 0 -23.9441 7.9646 -3.9823 -23.9441 6.8975
2 24 -3.9823 -23.9441 6.8975 -6.8975 -23.9441 3.9823
2 24 -6.8975 -23.9441 3.9823 -7.9646 -23.9441 0
2 24 -7.9646 -23.9441 0 -6.8975 -23.9441 -3.9823
2 24 -6.8975 -23.9441 -3.9823 -3.9823 -23.9441 -6.8975
2 24 -3.9823 -23.9441 -6.8975 0 -23.9441 -7.9646
2 24 0 -23.9441 -7.9646 3.9823 -23.9441 -6.8975
2 24 3.9823 -23.9441 -6.8975 6.8975 -23.9441 -3.9823
2 24 7.9646 -23.9441 0 6.8975 -23.9441 -3.9823
2 24 6.7821 -16.8212 3.9157 7.8313 -16.8212 0
2 24 7.8313 -16.8212 0 6.7821 -16.8212 3.9157
2 24 7.9646 -23.9441 0 6.8975 -23.9441 3.9823
2 24 6.7821 -16.8212 3.9157 3.9157 -16.8212 6.7821
2 24 6.8975 -23.9441 3.9823 3.9823 -23.9441 6.8975
2 24 6.7821 -16.8212 3.9157 3.9157 -16.8212 6.7821
2 24 3.9157 -16.8212 6.7821 0 -16.8212 7.8313
2 24 3.9823 -23.9441 6.8975 0 -23.9441 7.9646
2 24 3.9157 -16.8212 6.7821 0 -16.8212 7.8313
2 24 0 -16.8212 7.8313 -3.9157 -16.8212 6.7821
2 24 0 -23.9441 7.9646 -3.9823 -23.9441 6.8975
2 24 0 -16.8212 7.8313 -3.9157 -16.8212 6.7821
2 24 -3.9157 -16.8212 6.7821 -6.7821 -16.8212 3.9157
2 24 -3.9823 -23.9441 6.8975 -6.8975 -23.9441 3.9823
2 24 -3.9157 -16.8212 6.7821 -6.7821 -16.8212 3.9157
2 24 -6.7821 -16.8212 3.9157 -7.8313 -16.8212 0
2 24 -6.8975 -23.9441 3.9823 -7.9646 -23.9441 0
2 24 -6.7821 -16.8212 3.9157 -7.8313 -16.8212 0
2 24 -7.8313 -16.8212 0 -6.7821 -16.8212 -3.9157
2 24 -7.9646 -23.9441 0 -6.8975 -23.9441 -3.9823
2 24 -7.8313 -16.8212 0 -6.7821 -16.8212 -3.9157
2 24 -6.7821 -16.8212 -3.9157 -3.9157 -16.8212 -6.7821
2 24 -6.8975 -23.9441 -3.9823 -3.9823 -23.9441 -6.8975
2 24 -6.7821 -16.8212 -3.9157 -3.9157 -16.8212 -6.7821
2 24 -3.9157 -16.8212 -6.7821 0 -16.8212 -7.8313
2 24 -3.9823 -23.9441 -6.8975 0 -23.9441 -7.9646
2 24 -3.9157 -16.8212 -6.7821 0 -16.8212 -7.8313
2 24 0 -16.8212 -7.8313 3.9157 -16.8212 -6.7821
2 24 0 -23.9441 -7.9646 3.9823 -23.9441 -6.8975
2 24 0 -16.8212 -7.8313 3.9157 -16.8212 -6.7821
2 24 3.9157 -16.8212 -6.7821 6.7821 -16.8212 -3.9157
2 24 3.9823 -23.9441 -6.8975 6.8975 -23.9441 -3.9823
2 24 3.9157 -16.8212 -6.7821 6.7821 -16.8212 -3.9157
2 24 7.8313 -16.8212 0 6.7821 -16.8212 -3.9157
2 24 7.9646 -23.9441 0 6.8975 -23.9441 -3.9823
2 24 7.8313 -16.8212 0 6.7821 -16.8212 -3.9157
2 24 3.4934 -13.6051 2.0169 2.0169 -13.6051 3.4934
2 24 3.4934 -13.6051 2.0169 4.0338 -13.6051 0
2 24 2.0169 -13.6051 3.4934 0 -13.6051 4.0338
2 24 0 -13.6051 4.0338 -2.0169 -13.6051 3.4934
2 24 -2.0169 -13.6051 3.4934 -3.4934 -13.6051 2.0169
2 24 -3.4934 -13.6051 2.0169 -4.0338 -13.6051 0
2 24 -4.0338 -13.6051 0 -3.4934 -13.6051 -2.0169
2 24 -3.4934 -13.6051 -2.0169 -2.0169 -13.6051 -3.4934
2 24 -2.0169 -13.6051 -3.4934 0 -13.6051 -4.0338
2 24 0 -13.6051 -4.0338 2.0169 -13.6051 -3.4934
2 24 2.0169 -13.6051 -3.4934 3.4934 -13.6051 -2.0169
2 24 4.0338 -13.6051 0 3.4934 -13.6051 -2.0169
2 24 3.3758 -13.5061 0 2.9235 -13.5061 1.6929
2 24 2.9235 -13.5061 1.6929 3.3758 -13.5061 0
2 24 3.4934 -13.6051 2.0169 4.0338 -13.6051 0
2 24 2.9235 -13.5061 1.6929 1.6879 -13.5061 2.9323
2 24 3.4934 -13.6051 2.0169 2.0169 -13.6051 3.4934
2 24 2.9235 -13.5061 1.6929 1.6879 -13.5061 2.9323
2 24 1.6879 -13.5061 2.9323 0 -13.5061 3.3859
2 24 2.0169 -13.6051 3.4934 0 -13.6051 4.0338
2 24 1.6879 -13.5061 2.9323 0 -13.5061 3.3859
2 24 0 -13.5061 3.3859 -1.6879 -13.5061 2.9323
2 24 0 -13.6051 4.0338 -2.0169 -13.6051 3.4934
2 24 0 -13.5061 3.3859 -1.6879 -13.5061 2.9323
2 24 -1.6879 -13.5061 2.9323 -2.9235 -13.5061 1.6929
2 24 -2.0169 -13.6051 3.4934 -3.4934 -13.6051 2.0169
2 24 -1.6879 -13.5061 2.9323 -2.9235 -13.5061 1.6929
2 24 -2.9235 -13.5061 1.6929 -3.3758 -13.5061 0
2 24 -3.4934 -13.6051 2.0169 -4.0338 -13.6051 0
2 24 -2.9235 -13.5061 1.6929 -3.3758 -13.5061 0
2 24 -3.3758 -13.5061 0 -2.9235 -13.5061 -1.6929
2 24 -4.0338 -13.6051 0 -3.4934 -13.6051 -2.0169
2 24 -3.3758 -13.5061 0 -2.9235 -13.5061 -1.6929
2 24 -2.9235 -13.5061 -1.6929 -1.6879 -13.5061 -2.9323
2 24 -3.4934 -13.6051 -2.0169 -2.0169 -13.6051 -3.4934
2 24 -2.9235 -13.5061 -1.6929 -1.6879 -13.5061 -2.9323
2 24 -1.6879 -13.5061 -2.9323 0 -13.5061 -3.3859
2 24 -2.0169 -13.6051 -3.4934 0 -13.6051 -4.0338
2 24 -1.6879 -13.5061 -2.9323 0 -13.5061 -3.3859
2 24 0 -13.5061 -3.3859 1.6879 -13.5061 -2.9323
2 24 0 -13.6051 -4.0338 2.0169 -13.6051 -3.4934
2 24 0 -13.5061 -3.3859 1.6879 -13.5061 -2.9323
2 24 1.6879 -13.5061 -2.9323 2.9235 -13.5061 -1.6929
2 24 2.0169 -13.6051 -3.4934 3.4934 -13.6051 -2.0169
2 24 1.6879 -13.5061 -2.9323 2.9235 -13.5061 -1.6929
2 24 3.3758 -13.5061 0 2.9235 -13.5061 -1.6929
2 24 4.0338 -13.6051 0 3.4934 -13.6051 -2.0169
2 24 3.3758 -13.5061 0 2.9235 -13.5061 -1.6929
2 24 1.5778 -20.6619 2.5985 2.4895 -20.6363 1.5821
2 24 2.4895 -20.6363 1.5821 2.791 -18.0711 1.5872
2 24 1.5778 -20.6619 2.5985 2.4895 -20.6363 1.5821
2 24 1.5778 -20.6619 2.5985 0 -20.6619 2.9994
2 24 1.5778 -20.6619 2.5985 0 -20.6619 2.9994
2 24 0 -20.6619 2.9994 -1.5778 -20.662 2.5986
2 24 0 -20.6619 2.9994 -1.5778 -20.662 2.5986
2 24 -1.5778 -20.662 2.5986 -2.5064 -20.6364 1.5522
2 24 -2.5064 -20.6364 1.5522 -2.7712 -18.0711 1.6389
2 24 -1.5778 -20.662 2.5986 -2.5064 -20.6364 1.5522
2 24 -1.5778 -20.6619 -2.5985 -2.4939 -20.657 -1.5329
2 24 -2.4939 -20.657 -1.5329 -2.7507 -18.0711 -1.6755
2 24 -1.5778 -20.6619 -2.5985 -2.4939 -20.657 -1.5329
2 24 -1.5778 -20.6619 -2.5985 0 -20.6619 -2.9994
2 24 -1.5778 -20.6619 -2.5985 0 -20.6619 -2.9994
2 24 0 -20.6619 -2.9994 1.5778 -20.662 -2.5986
2 24 0 -20.6619 -2.9994 1.5778 -20.662 -2.5986
2 24 1.5778 -20.662 -2.5986 2.5092 -20.6413 -1.5366
2 24 2.5092 -20.6413 -1.5366 2.786 -18.0711 -1.5996
2 24 1.5778 -20.662 -2.5986 2.5092 -20.6413 -1.5366
2 24 2.791 -18.0711 1.5872 3.0981 -17.4925 0.9109
2 24 3.0176 -17.4019 -0.8236 3.2361 -17.343 -0.0187
2 24 -2.7507 -18.0711 -1.6755 -3.1013 -17.4595 -0.9228
2 24 -3.2394 -17.3208 0.0203 -3.109 -17.4467 0.9004
2 24 2.5228 -20.6695 -0.0054 2.4895 -20.6363 1.5821
2 24 2.4895 -20.6363 1.5821 2.791 -18.0711 1.5872
2 24 3.0981 -17.4925 0.9109 3.2361 -17.343 -0.0187
2 24 2.786 -18.0711 -1.5996 3.0176 -17.4019 -0.8236
2 24 -3.1013 -17.4595 -0.9228 -3.2394 -17.3208 0.0203
2 24 -2.7712 -18.0711 1.6389 -3.109 -17.4467 0.9004
2 24 2.4895 -20.6363 1.5821 2.5228 -20.6695 -0.0054
2 24 2.5092 -20.6413 -1.5366 2.5228 -20.6695 -0.0054
2 24 -2.4939 -20.657 -1.5329 -2.5414 -20.6506 0.0207
2 24 -2.5064 -20.6364 1.5522 -2.5414 -20.6506 0.0207
2 24 -3.2394 -17.3208 0.0203 -3.1013 -17.4595 -0.9228
2 24 -3.1013 -17.4595 -0.9228 -2.7507 -18.0711 -1.6755
2 24 -3.2394 -17.3208 0.0203 -3.109 -17.4467 0.9004
2 24 -3.109 -17.4467 0.9004 -2.7712 -18.0711 1.6389
2 24 -2.7507 -18.0711 -1.6755 -2.4939 -20.657 -1.5329
2 24 -2.4939 -20.657 -1.5329 -2.5414 -20.6506 0.0207
2 24 -2.7712 -18.0711 1.6389 -2.5064 -20.6364 1.5522
2 24 -2.5414 -20.6506 0.0207 -2.5064 -20.6364 1.5522
2 24 3.2361 -17.343 -0.0187 3.0176 -17.4019 -0.8236
2 24 3.0176 -17.4019 -0.8236 2.786 -18.0711 -1.5996
2 24 3.2361 -17.343 -0.0187 3.0981 -17.4925 0.9109
2 24 2.791 -18.0711 1.5872 3.0981 -17.4925 0.9109
2 24 2.5228 -20.6695 -0.0054 2.5092 -20.6413 -1.5366
2 24 2.786 -18.0711 -1.5996 2.5092 -20.6413 -1.5366
0 STEP
