0 Fish Tail / Fin with Bar Handle
0 Name: bl_7511.dat
0 Author: 
0 BL_Item_No 7511
0 BFC CERTIFY CCW
3 16 13.4222 6.2448 3.25 19.6448 6.6316 2.4356 13.5744 -8.595 3.0879
3 16 13.5744 -8.595 3.0879 19.6448 6.6316 2.4356 19.6908 -10.2137 2.3823
3 16 29.1654 8.0327 1.2665 19.6448 6.6316 2.4356 29.1593 8.0226 4.7512
3 16 29.1593 8.0226 4.7512 19.6448 6.6316 2.4356 19.6448 6.6316 5.9018
3 16 29.1654 8.0327 1.2665 28.4849 -11.5628 1.3079 19.6448 6.6316 2.4356
3 16 19.6448 6.6316 2.4356 28.4849 -11.5628 1.3079 19.6908 -10.2137 2.3823
3 16 13.4222 6.2448 3.25 10 6.1755 4.1256 13.5642 6.2456 6.7307
3 16 33.962 9.0058 0.7185 33.0142 -11.8601 0.7956 29.1654 8.0327 1.2665
3 16 29.1654 8.0327 1.2665 33.0142 -11.8601 0.7956 28.4849 -11.5628 1.3079
3 16 29.1654 8.0327 1.2665 29.1593 8.0226 4.7512 33.962 9.0058 0.7185
3 16 33.962 9.0058 0.7185 29.1593 8.0226 4.7512 37.1133 9.8128 3.9286
3 16 34.3302 9.0962 0.4469 34.5042 9.137 0 33.9877 -11.8748 0.6942
3 16 33.9877 -11.8748 0.6942 34.5042 9.137 0 34.327 -11.9288 0
3 16 34.3302 9.0962 0.4469 33.962 9.0058 0.7185 37.1133 9.8128 3.9286
3 16 34.3302 9.0962 0.4469 33.9877 -11.8748 0.6942 33.962 9.0058 0.7185
3 16 33.962 9.0058 0.7185 33.9877 -11.8748 0.6942 33.0142 -11.8601 0.7956
3 16 19.6908 -10.2137 -2.3823 19.6908 -10.2137 2.3823 28.4849 -11.5628 -1.3079
3 16 28.4849 -11.5628 -1.3079 19.6908 -10.2137 2.3823 28.4849 -11.5628 1.3079
3 16 13.5744 -8.595 3.0879 19.6908 -10.2137 2.3823 13.5744 -8.602 -3.0752
3 16 13.5744 -8.602 -3.0752 19.6908 -10.2137 2.3823 19.6908 -10.2137 -2.3823
3 16 28.4849 -11.5628 -1.3079 28.4849 -11.5628 1.3079 33.0142 -11.8601 -0.7956
3 16 33.0142 -11.8601 -0.7956 28.4849 -11.5628 1.3079 33.0142 -11.8601 0.7956
3 16 2 -3.4641 -4.1256 2 -3.4641 4.1256 0 -4 -4.1256
3 16 0 -4 -4.1256 2 -3.4641 4.1256 0 -4 4.1256
3 16 0 -4 4.1256 2 -3.4641 4.1256 0 -6.9879 4.1256
3 16 0 -6.9879 4.1256 2 -3.4641 4.1256 4.2796 -8.9764 4.1256
3 16 2 -3.4641 4.1256 3.4641 -2 4.1256 4.2796 -8.9764 4.1256
3 16 4.2796 -8.9764 4.1256 3.4641 -2 4.1256 10 -11.1447 4.1256
3 16 3.4641 -2 -4.1256 3.4641 -2 4.1256 2 -3.4641 -4.1256
3 16 2 -3.4641 -4.1256 3.4641 -2 4.1256 2 -3.4641 4.1256
3 16 3.4641 -2 4.1256 4 0 4.1256 10 -11.1447 4.1256
3 16 4 0 -4.1256 4 0 4.1256 3.4641 -2 -4.1256
3 16 3.4641 -2 -4.1256 4 0 4.1256 3.4641 -2 4.1256
3 16 4 0 4.1256 10 6.1755 4.1256 10 -11.1447 4.1256
3 16 3.4641 2 -4.1256 3.4641 2 4.1256 4 0 -4.1256
3 16 4 0 -4.1256 3.4641 2 4.1256 4 0 4.1256
3 16 2 3.4641 4.1256 3.1165 6.18 4.1256 3.4641 2 4.1256
3 16 3.4641 2 4.1256 3.1165 6.18 4.1256 10 6.1755 4.1256
3 16 2 3.4641 -4.1256 2 3.4641 4.1256 3.4641 2 -4.1256
3 16 3.4641 2 -4.1256 2 3.4641 4.1256 3.4641 2 4.1256
3 16 3.1165 6.18 4.1256 2 3.4641 4.1256 1.5398 6.1876 4.1256
3 16 1.5398 6.1876 4.1256 2 3.4641 4.1256 0 4 4.1256
3 16 0 4 -4.1256 0 4 4.1256 2 3.4641 -4.1256
3 16 2 3.4641 -4.1256 0 4 4.1256 2 3.4641 4.1256
3 16 -0.0296 6.1253 4.1256 0 4 4.1256 -1.6711 5.9161 4.1256
3 16 -2 3.4641 -4.1256 -2 3.4641 4.1256 0 4 -4.1256
3 16 0 4 -4.1256 -2 3.4641 4.1256 0 4 4.1256
3 16 -2 3.4641 4.1256 -3.4641 2 4.1256 -3.0906 5.353 4.1256
3 16 -3.0906 5.353 4.1256 -3.4641 2 4.1256 -5.353 3.0906 4.1256
3 16 -3.4641 2 -4.1256 -3.4641 2 4.1256 -2 3.4641 -4.1256
3 16 -2 3.4641 -4.1256 -3.4641 2 4.1256 -2 3.4641 4.1256
3 16 -3.4641 2 4.1256 -4 0 4.1256 -5.353 3.0906 4.1256
3 16 -5.353 3.0906 4.1256 -4 0 4.1256 -6.1812 0 4.1256
3 16 -4 0 -4.1256 -4 0 4.1256 -3.4641 2 -4.1256
3 16 -3.4641 2 -4.1256 -4 0 4.1256 -3.4641 2 4.1256
3 16 -4 0 4.1256 -3.4641 -2 4.1256 -6.1812 0 4.1256
3 16 -6.1812 0 4.1256 -3.4641 -2 4.1256 -5.353 -3.0906 4.1256
3 16 -3.4641 -2 -4.1256 -3.4641 -2 4.1256 -4 0 -4.1256
3 16 -4 0 -4.1256 -3.4641 -2 4.1256 -4 0 4.1256
3 16 -3.4641 -2 4.1256 -2 -3.4641 4.1256 -5.353 -3.0906 4.1256
3 16 -5.353 -3.0906 4.1256 -2 -3.4641 4.1256 -3.0906 -5.353 4.1256
3 16 -2 -3.4641 -4.1256 -2 -3.4641 4.1256 -3.4641 -2 -4.1256
3 16 -3.4641 -2 -4.1256 -2 -3.4641 4.1256 -3.4641 -2 4.1256
3 16 -2 -3.4641 4.1256 0 -4 4.1256 -3.0906 -5.353 4.1256
3 16 -3.0906 -5.353 4.1256 0 -4 4.1256 0 -6.9879 4.1256
3 16 0 -4 -4.1256 0 -4 4.1256 -2 -3.4641 -4.1256
3 16 -2 -3.4641 -4.1256 0 -4 4.1256 -2 -3.4641 4.1256
3 16 -3.0906 5.353 4.1256 -5.353 3.0906 4.1256 -3.0906 5.353 9.4199
3 16 -3.0906 5.353 9.4199 -5.353 3.0906 4.1256 -5.353 3.0906 9.8531
3 16 -5.353 3.0906 4.1256 -6.1812 0 4.1256 -5.353 3.0906 9.8531
3 16 -5.353 3.0906 9.8531 -6.1812 0 4.1256 -6.1812 0 10
3 16 -5.353 -3.0906 4.1256 -5.353 -3.0906 9.8558 -6.1812 0 4.1256
3 16 -6.1812 0 4.1256 -5.353 -3.0906 9.8558 -6.1812 0 10
3 16 -3.0906 -5.353 4.1256 -3.0906 -5.353 9.439 -5.353 -3.0906 4.1256
3 16 -5.353 -3.0906 4.1256 -3.0906 -5.353 9.439 -5.353 -3.0906 9.8558
3 16 0 -6.9879 4.1256 0 -6.9879 8.8856 -3.0906 -5.353 4.1256
3 16 -3.0906 -5.353 4.1256 0 -6.9879 8.8856 -3.0906 -5.353 9.439
3 16 4.2796 -8.9764 4.1256 4.2931 -8.9799 8.1732 0 -6.9879 4.1256
3 16 0 -6.9879 4.1256 4.2931 -8.9799 8.1732 0 -6.9879 8.8856
3 16 4.2796 -8.9764 4.1256 10 -11.1447 4.1256 4.2931 -8.9799 8.1732
3 16 4.2931 -8.9799 8.1732 10 -11.1447 4.1256 13.3433 -12.2192 6.7905
3 16 13.5642 6.2456 6.7307 10 6.1755 4.1256 3.1165 6.18 8.3629
3 16 3.1165 6.18 8.3629 10 6.1755 4.1256 3.1165 6.18 4.1256
3 16 29.7699 -15.1723 4.7084 38.0905 -15.4118 3.8485 29.1593 8.0226 4.7512
3 16 29.1593 8.0226 4.7512 38.0905 -15.4118 3.8485 37.1133 9.8128 3.9286
3 16 38.0905 -15.4118 3.8485 46.9256 -14.6115 3.1052 37.1133 9.8128 3.9286
3 16 37.1133 9.8128 3.9286 46.9256 -14.6115 3.1052 42.5508 11.4594 3.4479
3 16 46.9256 -14.6115 3.1052 52.9426 -13.5661 2.6691 42.5508 11.4594 3.4479
3 16 42.5508 11.4594 3.4479 52.9426 -13.5661 2.6691 51.2583 14.7993 2.7534
3 16 67.32 -8.5303 1.9414 66.3408 6.9739 2.0096 65.5004 -9.6683 2.0261
3 16 52.9426 -13.5661 2.6691 59.8099 -11.7169 2.2745 51.2583 14.7993 2.7534
3 16 51.2583 14.7993 2.7534 59.8099 -11.7169 2.2745 58.3877 18.2506 2.3243
3 16 19.7054 -13.8111 5.9214 19.6448 6.6316 5.9018 13.3433 -12.2192 6.7905
3 16 13.3433 -12.2192 6.7905 19.6448 6.6316 5.9018 13.5642 6.2456 6.7307
3 16 29.7699 -15.1723 4.7084 29.1593 8.0226 4.7512 19.7054 -13.8111 5.9214
3 16 19.7054 -13.8111 5.9214 29.1593 8.0226 4.7512 19.6448 6.6316 5.9018
3 16 4.2931 -8.9799 8.1732 0.5256 -0.6139 8.8198 0 -6.9879 8.8856
3 16 13.3433 -12.2192 6.7905 13.5642 6.2456 6.7307 4.2931 -8.9799 8.1732
3 16 4.2931 -8.9799 8.1732 13.5642 6.2456 6.7307 3.1165 6.18 8.3629
3 16 -5.353 -3.0906 9.8558 0.5256 -0.6139 8.8198 -6.1812 0 10
3 16 -5.353 3.0906 9.8531 0.5256 -0.6139 8.8198 -3.0906 5.353 9.4199
3 16 -6.1812 0 10 0.5256 -0.6139 8.8198 -5.353 3.0906 9.8531
3 16 -3.0906 -5.353 9.439 0.5256 -0.6139 8.8198 -5.353 -3.0906 9.8558
3 16 0 -6.9879 8.8856 0.5256 -0.6139 8.8198 -3.0906 -5.353 9.439
3 16 66.3408 6.9739 2.0096 69.9781 -1.7284 1.8624 69.9165 18.6909 1.8403
3 16 69.7796 -4.5114 1.8777 66.3408 6.9739 2.0096 68.8709 -6.7236 1.8955
3 16 59.8099 -11.7169 2.2745 66.3408 6.9739 2.0096 58.3877 18.2506 2.3243
3 16 69.4168 20.2858 1.8695 66.3408 6.9739 2.0096 69.9165 18.6909 1.8403
3 16 58.3877 18.2506 2.3243 66.3408 6.9739 2.0096 64.5235 21.7601 2.0408
3 16 66.4178 22.1375 1.9374 66.3408 6.9739 2.0096 68.2559 21.5171 1.914
3 16 -1.6695 5.9177 9.1763 0.5256 -0.6139 8.8198 -0.0296 6.1253 8.9036
3 16 19.7054 -13.8111 -5.9214 19.7054 -13.8111 5.9214 10 -11.1447 -4.1256
3 16 10 -11.1447 -4.1256 19.7054 -13.8111 5.9214 10 -11.1447 4.1256
3 16 4.2796 -8.9764 -4.1256 4.2931 -8.9799 -8.1732 10 -11.1447 -4.1256
3 16 10 -11.1447 -4.1256 4.2931 -8.9799 -8.1732 13.3433 -12.2192 -6.7905
3 16 0 -6.9879 -8.8856 4.2931 -8.9799 -8.1732 0 -6.9879 -4.1256
3 16 0 -6.9879 -4.1256 4.2931 -8.9799 -8.1732 4.2796 -8.9764 -4.1256
3 16 -3.0906 -5.353 -9.439 0 -6.9879 -8.8856 -3.0906 -5.353 -4.1256
3 16 -3.0906 -5.353 -4.1256 0 -6.9879 -8.8856 0 -6.9879 -4.1256
3 16 -5.353 -3.0906 -9.8558 -3.0906 -5.353 -9.439 -5.353 -3.0906 -4.1256
3 16 -5.353 -3.0906 -4.1256 -3.0906 -5.353 -9.439 -3.0906 -5.353 -4.1256
3 16 -6.1812 0 -10 -5.353 -3.0906 -9.8558 -6.1812 0 -4.1256
3 16 -6.1812 0 -4.1256 -5.353 -3.0906 -9.8558 -5.353 -3.0906 -4.1256
3 16 -5.353 3.0906 -4.1256 -5.353 3.0906 -9.8531 -6.1812 0 -4.1256
3 16 -6.1812 0 -4.1256 -5.353 3.0906 -9.8531 -6.1812 0 -10
3 16 -3.0906 5.353 -4.1256 -3.0906 5.353 -9.4199 -5.353 3.0906 -4.1256
3 16 -5.353 3.0906 -4.1256 -3.0906 5.353 -9.4199 -5.353 3.0906 -9.8531
3 16 13.5642 6.2456 -6.7398 3.1165 6.18 -8.3629 10 6.1755 -4.1256
3 16 10 6.1755 -4.1256 3.1165 6.18 -8.3629 3.1165 6.18 -4.1256
3 16 29.1654 8.0327 -1.2665 29.1593 8.0226 -4.7512 19.6448 6.6316 -2.4357
3 16 19.6448 6.6316 -2.4357 29.1593 8.0226 -4.7512 19.6448 6.6316 -5.9018
3 16 37.1133 9.8128 -3.9286 29.1593 8.0226 -4.7512 33.962 9.0058 -0.7185
3 16 33.962 9.0058 -0.7185 29.1593 8.0226 -4.7512 29.1654 8.0327 -1.2665
3 16 34.5042 9.137 0 37.1133 9.8128 -3.9286 34.3302 9.0962 -0.4469
3 16 19.6448 6.6316 -2.4357 19.6448 6.6316 -5.9018 13.4223 6.2379 -3.2373
3 16 13.4223 6.2379 -3.2373 19.6448 6.6316 -5.9018 13.5642 6.2456 -6.7398
3 16 10 6.1755 4.1256 10 6.1755 -4.1256 10 -11.1447 4.1256
3 16 10 -11.1447 4.1256 10 6.1755 -4.1256 10 -11.1447 -4.1256
3 16 19.7054 -13.8111 5.9214 19.7054 -13.8111 -5.9214 29.7699 -15.1723 4.7084
3 16 29.7699 -15.1723 4.7084 19.7054 -13.8111 -5.9214 29.7699 -15.1723 -4.7084
3 16 29.7699 -15.1723 4.7084 29.7699 -15.1723 -4.7084 38.0905 -15.4118 3.8485
3 16 38.0905 -15.4118 3.8485 29.7699 -15.1723 -4.7084 38.0905 -15.4118 -3.8485
3 16 38.0905 -15.4118 3.8485 38.0905 -15.4118 -3.8485 46.9256 -14.6115 3.1052
3 16 46.9256 -14.6115 3.1052 38.0905 -15.4118 -3.8485 46.9256 -14.6115 -3.1052
3 16 46.9256 -14.6115 3.1052 46.9256 -14.6115 -3.1052 52.9426 -13.5661 2.6691
3 16 52.9426 -13.5661 2.6691 46.9256 -14.6115 -3.1052 52.9426 -13.5661 -2.6691
3 16 52.9426 -13.5661 2.6691 52.9426 -13.5661 -2.6691 59.8099 -11.7169 2.2745
3 16 59.8099 -11.7169 2.2745 52.9426 -13.5661 -2.6691 59.8099 -11.7169 -2.2745
3 16 59.8099 -11.7169 -2.2745 65.5004 -9.6683 -2.0073 59.8099 -11.7169 2.2745
3 16 59.8099 -11.7169 2.2745 65.5004 -9.6683 -2.0073 65.5004 -9.6683 2.0261
3 16 65.5004 -9.6683 2.0261 65.5004 -9.6683 -2.0073 67.32 -8.5303 1.9414
3 16 67.32 -8.5303 1.9414 65.5004 -9.6683 -2.0073 67.32 -8.5303 -1.9227
3 16 67.32 -8.5303 1.9414 67.32 -8.5303 -1.9227 68.8709 -6.7236 1.8955
3 16 68.8709 -6.7236 1.8955 67.32 -8.5303 -1.9227 68.8735 -6.7202 -1.8727
3 16 68.8709 -6.7236 1.8955 68.8735 -6.7202 -1.8727 69.7796 -4.5114 1.8777
3 16 69.7796 -4.5114 1.8777 68.8735 -6.7202 -1.8727 69.7792 -4.5141 -1.8518
3 16 69.7796 -4.5114 1.8777 69.7792 -4.5141 -1.8518 69.9781 -1.7284 1.8624
3 16 69.9781 -1.7284 1.8624 69.7792 -4.5141 -1.8518 69.9781 -1.7284 -1.8624
3 16 69.9165 18.6909 1.8403 69.9781 -1.7284 1.8624 69.9165 18.6909 -1.8403
3 16 69.9165 18.6909 -1.8403 69.9781 -1.7284 1.8624 69.9781 -1.7284 -1.8624
3 16 69.9165 18.6909 1.8403 69.9165 18.6909 -1.8403 69.4168 20.2858 1.8695
3 16 69.4168 20.2858 1.8695 69.9165 18.6909 -1.8403 69.4168 20.2858 -1.8695
3 16 69.4168 20.2858 1.8695 69.4168 20.2858 -1.8695 68.2559 21.5171 1.914
3 16 68.2559 21.5171 1.914 69.4168 20.2858 -1.8695 68.2559 21.5171 -1.914
3 16 68.2559 21.5171 1.914 68.2559 21.5171 -1.914 66.4178 22.1375 1.9374
3 16 66.4178 22.1375 1.9374 68.2559 21.5171 -1.914 66.4178 22.1375 -1.9374
3 16 66.4178 22.1375 1.9374 66.4178 22.1375 -1.9374 64.5235 21.7601 2.0408
3 16 64.5235 21.7601 2.0408 66.4178 22.1375 -1.9374 64.5235 21.7601 -2.0408
3 16 64.5235 21.7601 2.0408 64.5235 21.7601 -2.0408 58.3877 18.2506 2.3243
3 16 58.3877 18.2506 2.3243 64.5235 21.7601 -2.0408 58.3864 18.2508 -2.3245
3 16 52.9426 -13.5661 -2.6691 51.2583 14.7993 -2.7534 59.8099 -11.7169 -2.2745
3 16 59.8099 -11.7169 -2.2745 51.2583 14.7993 -2.7534 58.3864 18.2508 -2.3245
3 16 51.2583 14.7993 -2.7534 52.9426 -13.5661 -2.6691 42.5508 11.4594 -3.4479
3 16 42.5508 11.4594 -3.4479 52.9426 -13.5661 -2.6691 46.9256 -14.6115 -3.1052
3 16 42.5508 11.4594 -3.4479 46.9256 -14.6115 -3.1052 37.1133 9.8128 -3.9286
3 16 37.1133 9.8128 -3.9286 46.9256 -14.6115 -3.1052 38.0905 -15.4118 -3.8485
3 16 29.7699 -15.1723 -4.7084 29.1593 8.0226 -4.7512 38.0905 -15.4118 -3.8485
3 16 38.0905 -15.4118 -3.8485 29.1593 8.0226 -4.7512 37.1133 9.8128 -3.9286
3 16 19.6448 6.6316 -5.9018 29.1593 8.0226 -4.7512 19.7054 -13.8111 -5.9214
3 16 19.7054 -13.8111 -5.9214 29.1593 8.0226 -4.7512 29.7699 -15.1723 -4.7084
3 16 13.5642 6.2456 -6.7398 19.6448 6.6316 -5.9018 13.3433 -12.2192 -6.7905
3 16 13.3433 -12.2192 -6.7905 19.6448 6.6316 -5.9018 19.7054 -13.8111 -5.9214
3 16 3.1165 6.18 -8.3629 13.5642 6.2456 -6.7398 4.2931 -8.9799 -8.1732
3 16 4.2931 -8.9799 -8.1732 13.5642 6.2456 -6.7398 13.3433 -12.2192 -6.7905
3 16 -5.353 3.0906 -9.8531 -3.0906 5.353 -9.4199 0.5256 -0.6139 -8.8198
3 16 -6.1812 0 -10 -5.353 3.0906 -9.8531 0.5256 -0.6139 -8.8198
3 16 -5.353 -3.0906 -9.8558 -6.1812 0 -10 0.5256 -0.6139 -8.8198
3 16 -3.0906 -5.353 -9.439 -5.353 -3.0906 -9.8558 0.5256 -0.6139 -8.8198
3 16 0 -6.9879 -8.8856 -3.0906 -5.353 -9.439 0.5256 -0.6139 -8.8198
3 16 65.5004 -9.6683 -2.0073 59.8099 -11.7169 -2.2745 66.3408 6.9739 -2.0096
3 16 68.8735 -6.7202 -1.8727 67.32 -8.5303 -1.9227 66.3408 6.9739 -2.0096
3 16 69.9781 -1.7284 -1.8624 69.7792 -4.5141 -1.8518 66.3408 6.9739 -2.0096
3 16 66.3408 6.9739 -2.0096 69.9165 18.6909 -1.8403 69.9781 -1.7284 -1.8624
3 16 68.2559 21.5171 -1.914 69.4168 20.2858 -1.8695 66.3408 6.9739 -2.0096
3 16 66.4178 22.1375 -1.9374 66.3408 6.9739 -2.0096 64.5235 21.7601 -2.0408
3 16 58.3864 18.2508 -2.3245 64.5235 21.7601 -2.0408 66.3408 6.9739 -2.0096
3 16 29.1654 8.0327 -1.2665 19.6448 6.6316 -2.4357 28.4849 -11.5628 -1.3079
3 16 28.4849 -11.5628 -1.3079 19.6448 6.6316 -2.4357 19.6908 -10.2137 -2.3823
3 16 13.4223 6.2379 -3.2373 13.5744 -8.602 -3.0752 19.6448 6.6316 -2.4357
3 16 19.6448 6.6316 -2.4357 13.5744 -8.602 -3.0752 19.6908 -10.2137 -2.3823
3 16 13.5744 -8.602 -3.0752 13.4223 6.2379 -3.2373 13.5744 -8.595 3.0879
3 16 13.5744 -8.595 3.0879 13.4223 6.2379 -3.2373 13.4222 6.2448 3.25
3 16 34.5042 9.137 0 34.3302 9.0962 -0.4469 34.327 -11.9288 0
3 16 34.327 -11.9288 0 34.3302 9.0962 -0.4469 33.9877 -11.8748 -0.6942
3 16 34.3302 9.0962 -0.4469 33.962 9.0058 -0.7185 33.9877 -11.8748 -0.6942
3 16 33.9877 -11.8748 -0.6942 33.962 9.0058 -0.7185 33.0142 -11.8601 -0.7956
3 16 33.962 9.0058 -0.7185 29.1654 8.0327 -1.2665 33.0142 -11.8601 -0.7956
3 16 33.0142 -11.8601 -0.7956 29.1654 8.0327 -1.2665 28.4849 -11.5628 -1.3079
3 16 0.5256 -0.6139 -8.8198 -3.0906 5.353 -9.4199 -1.6714 5.911 -9.1768
3 16 3.1165 6.18 -8.3629 0.5256 -0.6139 -8.8198 1.4519 6.1819 -8.6504
3 16 10 -11.1447 -4.1256 4 0 -4.1256 3.4641 -2 -4.1256
3 16 10 -11.1447 -4.1256 3.4641 -2 -4.1256 4.2796 -8.9764 -4.1256
3 16 4.2796 -8.9764 -4.1256 3.4641 -2 -4.1256 2 -3.4641 -4.1256
3 16 4.2796 -8.9764 -4.1256 2 -3.4641 -4.1256 0 -6.9879 -4.1256
3 16 0 -6.9879 -4.1256 2 -3.4641 -4.1256 0 -4 -4.1256
3 16 0 -6.9879 -4.1256 0 -4 -4.1256 -3.0906 -5.353 -4.1256
3 16 -3.0906 -5.353 -4.1256 0 -4 -4.1256 -2 -3.4641 -4.1256
3 16 -5.353 -3.0906 -4.1256 -3.0906 -5.353 -4.1256 -3.4641 -2 -4.1256
3 16 -3.4641 -2 -4.1256 -3.0906 -5.353 -4.1256 -2 -3.4641 -4.1256
3 16 -6.1812 0 -4.1256 -5.353 -3.0906 -4.1256 -4 0 -4.1256
3 16 -4 0 -4.1256 -5.353 -3.0906 -4.1256 -3.4641 -2 -4.1256
3 16 -5.353 3.0906 -4.1256 -6.1812 0 -4.1256 -3.4641 2 -4.1256
3 16 -3.4641 2 -4.1256 -6.1812 0 -4.1256 -4 0 -4.1256
3 16 -3.0906 5.353 -4.1256 -5.353 3.0906 -4.1256 -2 3.4641 -4.1256
3 16 -2 3.4641 -4.1256 -5.353 3.0906 -4.1256 -3.4641 2 -4.1256
3 16 10 6.1755 -4.1256 3.1165 6.18 -4.1256 3.4641 2 -4.1256
3 16 3.4641 2 -4.1256 3.1165 6.18 -4.1256 2 3.4641 -4.1256
3 16 4 0 -4.1256 10 6.1755 -4.1256 3.4641 2 -4.1256
3 16 33.0142 -11.8601 -0.7956 33.0142 -11.8601 0.7956 33.9877 -11.8748 -0.6942
3 16 33.9877 -11.8748 -0.6942 33.0142 -11.8601 0.7956 33.9877 -11.8748 0.6942
3 16 34.327 -11.9288 0 33.9877 -11.8748 -0.6942 33.9877 -11.8748 0.6942
3 16 -1.6732 5.9095 -4.1256 0 4 -4.1256 -0.0296 6.1253 -4.1256
3 16 -0.0296 6.1253 -4.1256 0 4 -4.1256 1.534 6.1879 -4.1256
3 16 58.3877 18.2506 2.3243 58.3864 18.2508 -2.3245 51.2583 14.7993 2.7534
3 16 51.2583 14.7993 2.7534 58.3864 18.2508 -2.3245 51.2583 14.7993 -2.7534
3 16 13.3433 -12.2192 6.7905 10 -11.1447 4.1256 19.7054 -13.8111 5.9214
3 16 19.7054 -13.8111 -5.9214 10 -11.1447 -4.1256 13.3433 -12.2192 -6.7905
3 16 10 6.1755 -4.1256 10 6.1755 4.1256 13.4223 6.2379 -3.2373
3 16 13.4223 6.2379 -3.2373 10 6.1755 4.1256 13.4222 6.2448 3.25
3 16 13.5642 6.2456 6.7307 19.6448 6.6316 5.9018 13.4222 6.2448 3.25
3 16 13.4222 6.2448 3.25 19.6448 6.6316 5.9018 19.6448 6.6316 2.4356
3 16 13.4223 6.2379 -3.2373 13.5642 6.2456 -6.7398 10 6.1755 -4.1256
3 16 66.4178 22.1375 1.9374 64.5235 21.7601 2.0408 66.3408 6.9739 2.0096
3 16 66.4178 22.1375 -1.9374 68.2559 21.5171 -1.914 66.3408 6.9739 -2.0096
3 16 68.2559 21.5171 1.914 66.3408 6.9739 2.0096 69.4168 20.2858 1.8695
3 16 66.3408 6.9739 -2.0096 69.4168 20.2858 -1.8695 69.9165 18.6909 -1.8403
3 16 68.8709 -6.7236 1.8955 66.3408 6.9739 2.0096 67.32 -8.5303 1.9414
3 16 66.3408 6.9739 -2.0096 67.32 -8.5303 -1.9227 65.5004 -9.6683 -2.0073
3 16 69.9781 -1.7284 1.8624 66.3408 6.9739 2.0096 69.7796 -4.5114 1.8777
3 16 66.3408 6.9739 -2.0096 69.7792 -4.5141 -1.8518 68.8735 -6.7202 -1.8727
3 16 65.5004 -9.6683 2.0261 66.3408 6.9739 2.0096 59.8099 -11.7169 2.2745
3 16 66.3408 6.9739 -2.0096 59.8099 -11.7169 -2.2745 58.3864 18.2508 -2.3245
3 16 0.5256 -0.6139 8.8198 1.4578 6.1795 8.6494 -0.0296 6.1253 8.9036
3 16 0.5256 -0.6139 -8.8198 3.1165 6.18 -8.3629 4.2931 -8.9799 -8.1732
3 16 0.5256 -0.6139 8.8198 4.2931 -8.9799 8.1732 3.1165 6.18 8.3629
3 16 4.2931 -8.9799 -8.1732 0 -6.9879 -8.8856 0.5256 -0.6139 -8.8198
3 16 34.3302 9.0962 -0.4469 37.1133 9.8128 -3.9286 33.962 9.0058 -0.7185
3 16 37.1133 9.8128 3.9286 37.1133 9.8128 -3.9286 34.5042 9.137 0
3 16 37.1133 9.8128 3.9286 34.5042 9.137 0 34.3302 9.0962 0.4469
3 16 4 0 4.1256 3.4641 2 4.1256 10 6.1755 4.1256
3 16 10 -11.1447 -4.1256 10 6.1755 -4.1256 4 0 -4.1256
3 16 42.5508 11.4594 3.4479 51.2583 14.7993 2.7534 42.5508 11.4594 -3.4479
3 16 42.5508 11.4594 -3.4479 51.2583 14.7993 2.7534 51.2583 14.7993 -2.7534
3 16 42.5508 11.4594 -3.4479 37.1133 9.8128 -3.9286 42.5508 11.4594 3.4479
3 16 42.5508 11.4594 3.4479 37.1133 9.8128 -3.9286 37.1133 9.8128 3.9286
3 16 -1.6732 5.9095 -4.1256 -1.6714 5.911 -9.1768 -3.0906 5.353 -4.1256
3 16 -3.0906 5.353 -4.1256 -1.6714 5.911 -9.1768 -3.0906 5.353 -9.4199
3 16 1.534 6.1879 -4.1256 1.4519 6.1819 -8.6504 -0.0296 6.1253 -4.1256
3 16 -0.0296 6.1253 -4.1256 1.4519 6.1819 -8.6504 -0.0296 6.1253 -8.9036
3 16 1.5398 6.1876 4.1256 -0.0296 6.1253 4.1256 1.4578 6.1795 8.6494
3 16 1.4578 6.1795 8.6494 -0.0296 6.1253 4.1256 -0.0296 6.1253 8.9036
3 16 -1.6711 5.9161 4.1256 -3.0906 5.353 4.1256 -1.6695 5.9177 9.1763
3 16 -1.6695 5.9177 9.1763 -3.0906 5.353 4.1256 -3.0906 5.353 9.4199
3 16 -0.0296 6.1253 4.1256 -1.6711 5.9161 4.1256 -0.0296 6.1253 8.9036
3 16 -0.0296 6.1253 8.9036 -1.6711 5.9161 4.1256 -1.6695 5.9177 9.1763
3 16 3.1165 6.18 4.1256 1.5398 6.1876 4.1256 3.1165 6.18 8.3629
3 16 3.1165 6.18 8.3629 1.5398 6.1876 4.1256 1.4578 6.1795 8.6494
3 16 0.5256 -0.6139 8.8198 3.1165 6.18 8.3629 1.4578 6.1795 8.6494
3 16 -3.0906 5.353 9.4199 0.5256 -0.6139 8.8198 -1.6695 5.9177 9.1763
3 16 0 4 4.1256 -2 3.4641 4.1256 -1.6711 5.9161 4.1256
3 16 -1.6711 5.9161 4.1256 -2 3.4641 4.1256 -3.0906 5.353 4.1256
3 16 1.5398 6.1876 4.1256 0 4 4.1256 -0.0296 6.1253 4.1256
3 16 1.4519 6.1819 -8.6504 1.534 6.1879 -4.1256 3.1165 6.18 -8.3629
3 16 3.1165 6.18 -8.3629 1.534 6.1879 -4.1256 3.1165 6.18 -4.1256
3 16 -1.6714 5.911 -9.1768 -1.6732 5.9095 -4.1256 -0.0296 6.1253 -8.9036
3 16 -0.0296 6.1253 -8.9036 -1.6732 5.9095 -4.1256 -0.0296 6.1253 -4.1256
3 16 -3.0906 5.353 -4.1256 -2 3.4641 -4.1256 -1.6732 5.9095 -4.1256
3 16 -1.6732 5.9095 -4.1256 -2 3.4641 -4.1256 0 4 -4.1256
3 16 0 4 -4.1256 2 3.4641 -4.1256 1.534 6.1879 -4.1256
3 16 1.534 6.1879 -4.1256 2 3.4641 -4.1256 3.1165 6.18 -4.1256
3 16 0.5256 -0.6139 -8.8198 -1.6714 5.911 -9.1768 -0.0296 6.1253 -8.9036
3 16 1.4519 6.1819 -8.6504 0.5256 -0.6139 -8.8198 -0.0296 6.1253 -8.9036
2 24 13.4222 6.2448 3.25 19.6448 6.6316 2.4356
2 24 13.4222 6.2448 3.25 13.5744 -8.595 3.0879
2 24 13.5744 -8.595 3.0879 19.6908 -10.2137 2.3823
2 24 29.1654 8.0327 1.2665 19.6448 6.6316 2.4356
2 24 29.1593 8.0226 4.7512 19.6448 6.6316 5.9018
2 24 19.6448 6.6316 2.4356 29.1654 8.0327 1.2665
2 24 19.6908 -10.2137 2.3823 28.4849 -11.5628 1.3079
2 24 29.1654 8.0327 1.2665 33.962 9.0058 0.7185
2 24 28.4849 -11.5628 1.3079 33.0142 -11.8601 0.7956
2 24 29.1654 8.0327 1.2665 33.962 9.0058 0.7185
2 24 29.1593 8.0226 4.7512 37.1133 9.8128 3.9286
2 24 34.3302 9.0962 0.4469 34.5042 9.137 0
2 24 34.5042 9.137 0 34.327 -11.9288 0
2 24 33.9877 -11.8748 0.6942 34.327 -11.9288 0
2 24 33.962 9.0058 0.7185 34.3302 9.0962 0.4469
2 24 33.962 9.0058 0.7185 34.3302 9.0962 0.4469
2 24 33.0142 -11.8601 0.7956 33.9877 -11.8748 0.6942
2 24 19.6908 -10.2137 -2.3823 28.4849 -11.5628 -1.3079
2 24 19.6908 -10.2137 2.3823 28.4849 -11.5628 1.3079
2 24 19.6908 -10.2137 2.3823 13.5744 -8.595 3.0879
2 24 13.5744 -8.595 3.0879 13.5744 -8.602 -3.0752
2 24 19.6908 -10.2137 -2.3823 13.5744 -8.602 -3.0752
2 24 28.4849 -11.5628 -1.3079 33.0142 -11.8601 -0.7956
2 24 28.4849 -11.5628 1.3079 33.0142 -11.8601 0.7956
2 24 2 -3.4641 -4.1256 0 -4 -4.1256
2 24 2 -3.4641 4.1256 0 -4 4.1256
2 24 0 -4 4.1256 2 -3.4641 4.1256
2 24 0 -6.9879 4.1256 4.2796 -8.9764 4.1256
2 24 2 -3.4641 4.1256 3.4641 -2 4.1256
2 24 4.2796 -8.9764 4.1256 10 -11.1447 4.1256
2 24 2 -3.4641 -4.1256 3.4641 -2 -4.1256
2 24 2 -3.4641 4.1256 3.4641 -2 4.1256
2 24 3.4641 -2 4.1256 4 0 4.1256
2 24 3.4641 -2 -4.1256 4 0 -4.1256
2 24 3.4641 -2 4.1256 4 0 4.1256
2 24 10 -11.1447 4.1256 10 6.1755 4.1256
2 24 4 0 -4.1256 3.4641 2 -4.1256
2 24 4 0 4.1256 3.4641 2 4.1256
2 24 2 3.4641 4.1256 3.4641 2 4.1256
2 24 10 6.1755 4.1256 3.1165 6.18 4.1256
2 24 3.4641 2 -4.1256 2 3.4641 -4.1256
2 24 3.4641 2 4.1256 2 3.4641 4.1256
2 24 3.1165 6.18 4.1256 1.5398 6.1876 4.1256
2 24 2 3.4641 4.1256 0 4 4.1256
2 24 2 3.4641 -4.1256 0 4 -4.1256
2 24 2 3.4641 4.1256 0 4 4.1256
2 24 -0.0296 6.1253 4.1256 -1.6711 5.9161 4.1256
2 24 0 4 -4.1256 -2 3.4641 -4.1256
2 24 0 4 4.1256 -2 3.4641 4.1256
2 24 -2 3.4641 4.1256 -3.4641 2 4.1256
2 24 -3.0906 5.353 4.1256 -5.353 3.0906 4.1256
2 24 -2 3.4641 -4.1256 -3.4641 2 -4.1256
2 24 -2 3.4641 4.1256 -3.4641 2 4.1256
2 24 -3.4641 2 4.1256 -4 0 4.1256
2 24 -5.353 3.0906 4.1256 -6.1812 0 4.1256
2 24 -3.4641 2 -4.1256 -4 0 -4.1256
2 24 -3.4641 2 4.1256 -4 0 4.1256
2 24 -4 0 4.1256 -3.4641 -2 4.1256
2 24 -6.1812 0 4.1256 -5.353 -3.0906 4.1256
2 24 -4 0 -4.1256 -3.4641 -2 -4.1256
2 24 -4 0 4.1256 -3.4641 -2 4.1256
2 24 -3.4641 -2 4.1256 -2 -3.4641 4.1256
2 24 -5.353 -3.0906 4.1256 -3.0906 -5.353 4.1256
2 24 -3.4641 -2 -4.1256 -2 -3.4641 -4.1256
2 24 -3.4641 -2 4.1256 -2 -3.4641 4.1256
2 24 0 -4 4.1256 -2 -3.4641 4.1256
2 24 0 -6.9879 4.1256 -3.0906 -5.353 4.1256
2 24 0 -4 -4.1256 -2 -3.4641 -4.1256
2 24 0 -4 4.1256 -2 -3.4641 4.1256
2 24 -3.0906 5.353 4.1256 -5.353 3.0906 4.1256
2 24 -3.0906 5.353 9.4199 -5.353 3.0906 9.8531
2 24 -5.353 3.0906 4.1256 -6.1812 0 4.1256
2 24 -5.353 3.0906 9.8531 -6.1812 0 10
2 24 -6.1812 0 4.1256 -5.353 -3.0906 4.1256
2 24 -6.1812 0 10 -5.353 -3.0906 9.8558
2 24 -5.353 -3.0906 4.1256 -3.0906 -5.353 4.1256
2 24 -5.353 -3.0906 9.8558 -3.0906 -5.353 9.439
2 24 -3.0906 -5.353 4.1256 0 -6.9879 4.1256
2 24 -3.0906 -5.353 9.439 0 -6.9879 8.8856
2 24 0 -6.9879 4.1256 4.2796 -8.9764 4.1256
2 24 0 -6.9879 8.8856 4.2931 -8.9799 8.1732
2 24 4.2796 -8.9764 4.1256 10 -11.1447 4.1256
2 24 4.2931 -8.9799 8.1732 13.3433 -12.2192 6.7905
2 24 13.5642 6.2456 6.7307 3.1165 6.18 8.3629
2 24 10 6.1755 4.1256 3.1165 6.18 4.1256
2 24 29.7699 -15.1723 4.7084 38.0905 -15.4118 3.8485
2 24 29.1593 8.0226 4.7512 37.1133 9.8128 3.9286
2 24 38.0905 -15.4118 3.8485 46.9256 -14.6115 3.1052
2 24 37.1133 9.8128 3.9286 42.5508 11.4594 3.4479
2 24 46.9256 -14.6115 3.1052 52.9426 -13.5661 2.6691
2 24 42.5508 11.4594 3.4479 51.2583 14.7993 2.7534
2 24 67.32 -8.5303 1.9414 65.5004 -9.6683 2.0261
2 24 52.9426 -13.5661 2.6691 59.8099 -11.7169 2.2745
2 24 51.2583 14.7993 2.7534 58.3877 18.2506 2.3243
2 24 19.7054 -13.8111 5.9214 13.3433 -12.2192 6.7905
2 24 19.6448 6.6316 5.9018 13.5642 6.2456 6.7307
2 24 29.7699 -15.1723 4.7084 19.7054 -13.8111 5.9214
2 24 29.1593 8.0226 4.7512 19.6448 6.6316 5.9018
2 24 4.2931 -8.9799 8.1732 0 -6.9879 8.8856
2 24 13.3433 -12.2192 6.7905 4.2931 -8.9799 8.1732
2 24 13.5642 6.2456 6.7307 3.1165 6.18 8.3629
2 24 -5.353 -3.0906 9.8558 -6.1812 0 10
2 24 -5.353 3.0906 9.8531 -3.0906 5.353 9.4199
2 24 -6.1812 0 10 -5.353 3.0906 9.8531
2 24 -5.353 -3.0906 9.8558 -3.0906 -5.353 9.439
2 24 0 -6.9879 8.8856 -3.0906 -5.353 9.439
2 24 69.9781 -1.7284 1.8624 69.9165 18.6909 1.8403
2 24 69.7796 -4.5114 1.8777 68.8709 -6.7236 1.8955
2 24 69.9165 18.6909 1.8403 69.4168 20.2858 1.8695
2 24 58.3877 18.2506 2.3243 64.5235 21.7601 2.0408
2 24 66.4178 22.1375 1.9374 68.2559 21.5171 1.914
2 24 -1.6695 5.9177 9.1763 -0.0296 6.1253 8.9036
2 24 10 -11.1447 4.1256 10 -11.1447 -4.1256
2 24 10 -11.1447 -4.1256 4.2796 -8.9764 -4.1256
2 24 4.2931 -8.9799 -8.1732 13.3433 -12.2192 -6.7905
2 24 4.2931 -8.9799 -8.1732 0 -6.9879 -8.8856
2 24 4.2796 -8.9764 -4.1256 0 -6.9879 -4.1256
2 24 0 -6.9879 -8.8856 -3.0906 -5.353 -9.439
2 24 0 -6.9879 -4.1256 -3.0906 -5.353 -4.1256
2 24 -3.0906 -5.353 -9.439 -5.353 -3.0906 -9.8558
2 24 -3.0906 -5.353 -4.1256 -5.353 -3.0906 -4.1256
2 24 -5.353 -3.0906 -9.8558 -6.1812 0 -10
2 24 -5.353 -3.0906 -4.1256 -6.1812 0 -4.1256
2 24 -6.1812 0 -4.1256 -5.353 3.0906 -4.1256
2 24 -6.1812 0 -10 -5.353 3.0906 -9.8531
2 24 -5.353 3.0906 -4.1256 -3.0906 5.353 -4.1256
2 24 -5.353 3.0906 -9.8531 -3.0906 5.353 -9.4199
2 24 13.5642 6.2456 -6.7398 3.1165 6.18 -8.3629
2 24 10 6.1755 -4.1256 3.1165 6.18 -4.1256
2 24 29.1654 8.0327 -1.2665 19.6448 6.6316 -2.4357
2 24 29.1593 8.0226 -4.7512 19.6448 6.6316 -5.9018
2 24 29.1593 8.0226 -4.7512 37.1133 9.8128 -3.9286
2 24 29.1654 8.0327 -1.2665 33.962 9.0058 -0.7185
2 24 34.5042 9.137 0 34.3302 9.0962 -0.4469
2 24 19.6448 6.6316 -2.4357 13.4223 6.2379 -3.2373
2 24 13.5642 6.2456 -6.7398 19.6448 6.6316 -5.9018
2 24 10 6.1755 4.1256 10 6.1755 -4.1256
2 24 10 6.1755 4.1256 10 -11.1447 4.1256
2 24 10 6.1755 -4.1256 10 -11.1447 -4.1256
2 24 10 -11.1447 4.1256 10 -11.1447 -4.1256
2 24 19.7054 -13.8111 5.9214 29.7699 -15.1723 4.7084
2 24 19.7054 -13.8111 -5.9214 29.7699 -15.1723 -4.7084
2 24 29.7699 -15.1723 4.7084 38.0905 -15.4118 3.8485
2 24 29.7699 -15.1723 -4.7084 38.0905 -15.4118 -3.8485
2 24 38.0905 -15.4118 3.8485 46.9256 -14.6115 3.1052
2 24 38.0905 -15.4118 -3.8485 46.9256 -14.6115 -3.1052
2 24 46.9256 -14.6115 3.1052 52.9426 -13.5661 2.6691
2 24 46.9256 -14.6115 -3.1052 52.9426 -13.5661 -2.6691
2 24 52.9426 -13.5661 2.6691 59.8099 -11.7169 2.2745
2 24 52.9426 -13.5661 -2.6691 59.8099 -11.7169 -2.2745
2 24 59.8099 -11.7169 -2.2745 65.5004 -9.6683 -2.0073
2 24 59.8099 -11.7169 2.2745 65.5004 -9.6683 2.0261
2 24 65.5004 -9.6683 2.0261 67.32 -8.5303 1.9414
2 24 65.5004 -9.6683 -2.0073 67.32 -8.5303 -1.9227
2 24 67.32 -8.5303 1.9414 68.8709 -6.7236 1.8955
2 24 67.32 -8.5303 -1.9227 68.8735 -6.7202 -1.8727
2 24 68.8709 -6.7236 1.8955 69.7796 -4.5114 1.8777
2 24 68.8735 -6.7202 -1.8727 69.7792 -4.5141 -1.8518
2 24 69.7796 -4.5114 1.8777 69.9781 -1.7284 1.8624
2 24 69.7792 -4.5141 -1.8518 69.9781 -1.7284 -1.8624
2 24 69.9781 -1.7284 1.8624 69.9165 18.6909 1.8403
2 24 69.9781 -1.7284 -1.8624 69.9165 18.6909 -1.8403
2 24 69.9165 18.6909 1.8403 69.4168 20.2858 1.8695
2 24 69.9165 18.6909 -1.8403 69.4168 20.2858 -1.8695
2 24 69.4168 20.2858 1.8695 68.2559 21.5171 1.914
2 24 69.4168 20.2858 -1.8695 68.2559 21.5171 -1.914
2 24 68.2559 21.5171 1.914 66.4178 22.1375 1.9374
2 24 68.2559 21.5171 -1.914 66.4178 22.1375 -1.9374
2 24 66.4178 22.1375 1.9374 64.5235 21.7601 2.0408
2 24 66.4178 22.1375 -1.9374 64.5235 21.7601 -2.0408
2 24 64.5235 21.7601 2.0408 58.3877 18.2506 2.3243
2 24 64.5235 21.7601 -2.0408 58.3864 18.2508 -2.3245
2 24 52.9426 -13.5661 -2.6691 59.8099 -11.7169 -2.2745
2 24 51.2583 14.7993 -2.7534 58.3864 18.2508 -2.3245
2 24 51.2583 14.7993 -2.7534 42.5508 11.4594 -3.4479
2 24 52.9426 -13.5661 -2.6691 46.9256 -14.6115 -3.1052
2 24 42.5508 11.4594 -3.4479 37.1133 9.8128 -3.9286
2 24 46.9256 -14.6115 -3.1052 38.0905 -15.4118 -3.8485
2 24 38.0905 -15.4118 -3.8485 29.7699 -15.1723 -4.7084
2 24 37.1133 9.8128 -3.9286 29.1593 8.0226 -4.7512
2 24 29.1593 8.0226 -4.7512 19.6448 6.6316 -5.9018
2 24 29.7699 -15.1723 -4.7084 19.7054 -13.8111 -5.9214
2 24 19.6448 6.6316 -5.9018 13.5642 6.2456 -6.7398
2 24 19.7054 -13.8111 -5.9214 13.3433 -12.2192 -6.7905
2 24 13.5642 6.2456 -6.7398 3.1165 6.18 -8.3629
2 24 13.3433 -12.2192 -6.7905 4.2931 -8.9799 -8.1732
2 24 -5.353 3.0906 -9.8531 -3.0906 5.353 -9.4199
2 24 -5.353 3.0906 -9.8531 -6.1812 0 -10
2 24 -6.1812 0 -10 -5.353 -3.0906 -9.8558
2 24 -5.353 -3.0906 -9.8558 -3.0906 -5.353 -9.439
2 24 -3.0906 -5.353 -9.439 0 -6.9879 -8.8856
2 24 59.8099 -11.7169 -2.2745 65.5004 -9.6683 -2.0073
2 24 68.8735 -6.7202 -1.8727 67.32 -8.5303 -1.9227
2 24 69.9781 -1.7284 -1.8624 69.7792 -4.5141 -1.8518
2 24 69.9781 -1.7284 -1.8624 69.9165 18.6909 -1.8403
2 24 68.2559 21.5171 -1.914 69.4168 20.2858 -1.8695
2 24 66.4178 22.1375 -1.9374 64.5235 21.7601 -2.0408
2 24 58.3864 18.2508 -2.3245 64.5235 21.7601 -2.0408
2 24 29.1654 8.0327 -1.2665 19.6448 6.6316 -2.4357
2 24 28.4849 -11.5628 -1.3079 19.6908 -10.2137 -2.3823
2 24 13.4223 6.2379 -3.2373 13.5744 -8.602 -3.0752
2 24 19.6448 6.6316 -2.4357 13.4223 6.2379 -3.2373
2 24 19.6908 -10.2137 -2.3823 13.5744 -8.602 -3.0752
2 24 13.5744 -8.602 -3.0752 13.4223 6.2379 -3.2373
2 24 13.5744 -8.602 -3.0752 13.5744 -8.595 3.0879
2 24 13.4223 6.2379 -3.2373 13.4222 6.2448 3.25
2 24 13.5744 -8.595 3.0879 13.4222 6.2448 3.25
2 24 34.5042 9.137 0 34.3302 9.0962 -0.4469
2 24 34.327 -11.9288 0 33.9877 -11.8748 -0.6942
2 24 34.3302 9.0962 -0.4469 33.962 9.0058 -0.7185
2 24 33.9877 -11.8748 -0.6942 33.0142 -11.8601 -0.7956
2 24 29.1654 8.0327 -1.2665 33.962 9.0058 -0.7185
2 24 28.4849 -11.5628 -1.3079 33.0142 -11.8601 -0.7956
2 24 -3.0906 5.353 -9.4199 -1.6714 5.911 -9.1768
2 24 3.1165 6.18 -8.3629 1.4519 6.1819 -8.6504
2 24 4 0 -4.1256 3.4641 -2 -4.1256
2 24 10 -11.1447 -4.1256 4.2796 -8.9764 -4.1256
2 24 3.4641 -2 -4.1256 2 -3.4641 -4.1256
2 24 4.2796 -8.9764 -4.1256 0 -6.9879 -4.1256
2 24 2 -3.4641 -4.1256 0 -4 -4.1256
2 24 0 -6.9879 -4.1256 -3.0906 -5.353 -4.1256
2 24 0 -4 -4.1256 -2 -3.4641 -4.1256
2 24 -3.0906 -5.353 -4.1256 -5.353 -3.0906 -4.1256
2 24 -2 -3.4641 -4.1256 -3.4641 -2 -4.1256
2 24 -5.353 -3.0906 -4.1256 -6.1812 0 -4.1256
2 24 -3.4641 -2 -4.1256 -4 0 -4.1256
2 24 -6.1812 0 -4.1256 -5.353 3.0906 -4.1256
2 24 -4 0 -4.1256 -3.4641 2 -4.1256
2 24 -5.353 3.0906 -4.1256 -3.0906 5.353 -4.1256
2 24 -3.4641 2 -4.1256 -2 3.4641 -4.1256
2 24 10 6.1755 -4.1256 3.1165 6.18 -4.1256
2 24 3.4641 2 -4.1256 2 3.4641 -4.1256
2 24 4 0 -4.1256 3.4641 2 -4.1256
2 24 33.0142 -11.8601 -0.7956 33.9877 -11.8748 -0.6942
2 24 33.0142 -11.8601 0.7956 33.9877 -11.8748 0.6942
2 24 33.9877 -11.8748 -0.6942 34.327 -11.9288 0
2 24 33.9877 -11.8748 0.6942 34.327 -11.9288 0
2 24 -1.6732 5.9095 -4.1256 -0.0296 6.1253 -4.1256
2 24 -0.0296 6.1253 -4.1256 1.534 6.1879 -4.1256
2 24 58.3877 18.2506 2.3243 51.2583 14.7993 2.7534
2 24 58.3864 18.2508 -2.3245 51.2583 14.7993 -2.7534
2 24 13.3433 -12.2192 6.7905 19.7054 -13.8111 5.9214
2 24 19.7054 -13.8111 -5.9214 13.3433 -12.2192 -6.7905
2 24 10 6.1755 4.1256 10 6.1755 -4.1256
2 24 13.4222 6.2448 3.25 13.4223 6.2379 -3.2373
2 24 19.6448 6.6316 5.9018 13.5642 6.2456 6.7307
2 24 19.6448 6.6316 2.4356 13.4222 6.2448 3.25
2 24 64.5235 21.7601 2.0408 66.4178 22.1375 1.9374
2 24 68.2559 21.5171 -1.914 66.4178 22.1375 -1.9374
2 24 69.4168 20.2858 1.8695 68.2559 21.5171 1.914
2 24 69.9165 18.6909 -1.8403 69.4168 20.2858 -1.8695
2 24 67.32 -8.5303 1.9414 68.8709 -6.7236 1.8955
2 24 65.5004 -9.6683 -2.0073 67.32 -8.5303 -1.9227
2 24 69.9781 -1.7284 1.8624 69.7796 -4.5114 1.8777
2 24 68.8735 -6.7202 -1.8727 69.7792 -4.5141 -1.8518
2 24 65.5004 -9.6683 2.0261 59.8099 -11.7169 2.2745
2 24 -0.0296 6.1253 8.9036 1.4578 6.1795 8.6494
2 24 4.2931 -8.9799 -8.1732 0 -6.9879 -8.8856
2 24 33.962 9.0058 -0.7185 34.3302 9.0962 -0.4469
2 24 34.3302 9.0962 0.4469 34.5042 9.137 0
2 24 4 0 4.1256 3.4641 2 4.1256
2 24 10 -11.1447 -4.1256 10 6.1755 -4.1256
2 24 51.2583 14.7993 2.7534 42.5508 11.4594 3.4479
2 24 51.2583 14.7993 -2.7534 42.5508 11.4594 -3.4479
2 24 37.1133 9.8128 -3.9286 42.5508 11.4594 -3.4479
2 24 37.1133 9.8128 3.9286 42.5508 11.4594 3.4479
2 24 -3.0906 5.353 -4.1256 -1.6732 5.9095 -4.1256
2 24 -3.0906 5.353 -9.4199 -1.6714 5.911 -9.1768
2 24 1.534 6.1879 -4.1256 -0.0296 6.1253 -4.1256
2 24 1.4519 6.1819 -8.6504 -0.0296 6.1253 -8.9036
2 24 1.5398 6.1876 4.1256 -0.0296 6.1253 4.1256
2 24 1.4578 6.1795 8.6494 -0.0296 6.1253 8.9036
2 24 -3.0906 5.353 4.1256 -1.6711 5.9161 4.1256
2 24 -3.0906 5.353 9.4199 -1.6695 5.9177 9.1763
2 24 -0.0296 6.1253 4.1256 -1.6711 5.9161 4.1256
2 24 -0.0296 6.1253 8.9036 -1.6695 5.9177 9.1763
2 24 3.1165 6.18 4.1256 1.5398 6.1876 4.1256
2 24 3.1165 6.18 8.3629 1.4578 6.1795 8.6494
2 24 3.1165 6.18 8.3629 1.4578 6.1795 8.6494
2 24 -3.0906 5.353 9.4199 -1.6695 5.9177 9.1763
2 24 0 4 4.1256 -2 3.4641 4.1256
2 24 -1.6711 5.9161 4.1256 -3.0906 5.353 4.1256
2 24 1.5398 6.1876 4.1256 -0.0296 6.1253 4.1256
2 24 3.1165 6.18 -8.3629 1.4519 6.1819 -8.6504
2 24 3.1165 6.18 -4.1256 1.534 6.1879 -4.1256
2 24 -1.6714 5.911 -9.1768 -0.0296 6.1253 -8.9036
2 24 -1.6732 5.9095 -4.1256 -0.0296 6.1253 -4.1256
2 24 -3.0906 5.353 -4.1256 -1.6732 5.9095 -4.1256
2 24 -2 3.4641 -4.1256 0 4 -4.1256
2 24 2 3.4641 -4.1256 0 4 -4.1256
2 24 3.1165 6.18 -4.1256 1.534 6.1879 -4.1256
2 24 -1.6714 5.911 -9.1768 -0.0296 6.1253 -8.9036
2 24 1.4519 6.1819 -8.6504 -0.0296 6.1253 -8.9036
0 STEP
