0 Slope, Curved 4 x 6 x 1 2/3
0 Name: bl_7652.dat
0 Author: 
0 BL_Item_No 7652
0 BFC CERTIFY CCW
3 16 66.3961 -36.0543 61.7355 66.3961 -24 61.7355 65.9999 -35.8838 60
3 16 65.9999 -35.8838 60 66.3961 -24 61.7355 65.9999 -24 60
3 16 66.3961 -24 61.7355 66.3961 -36.0543 61.7355 67.506 -24 63.1273
3 16 67.506 -24 63.1273 66.3961 -36.0543 61.7355 67.506 -36.191 63.1273
3 16 67.506 -24 63.1273 67.506 -36.191 63.1273 69.1249 -28.8687 63.8997
3 16 69.1249 -28.8687 63.8997 67.506 -36.191 63.1273 69.1249 -36.2668 63.8997
3 16 70.8749 -36.2668 63.8997 72.4939 -36.191 63.1273 70.8749 -28.8687 63.8997
3 16 70.8749 -28.8687 63.8997 72.4939 -36.191 63.1273 72.4939 -24 63.1273
3 16 73.6038 -24 61.7355 72.4939 -24 63.1273 73.6038 -36.0543 61.7355
3 16 73.6038 -36.0543 61.7355 72.4939 -24 63.1273 72.4939 -36.191 63.1273
3 16 73.9999 -24 60 73.6038 -24 61.7355 73.9999 -35.8838 60
3 16 73.9999 -35.8838 60 73.6038 -24 61.7355 73.6038 -36.0543 61.7355
3 16 73.6038 -24 58.2645 73.9999 -24 60 73.6038 -35.7134 58.2645
3 16 73.6038 -35.7134 58.2645 73.9999 -24 60 73.9999 -35.8838 60
3 16 72.4939 -24 56.8727 73.6038 -24 58.2645 72.4939 -35.5767 56.8727
3 16 72.4939 -35.5767 56.8727 73.6038 -24 58.2645 73.6038 -35.7134 58.2645
3 16 72.4939 -24 56.8727 72.4939 -35.5767 56.8727 70.8749 -28.8687 56.1003
3 16 70.8749 -28.8687 56.1003 72.4939 -35.5767 56.8727 70.8749 -35.5009 56.1003
3 16 69.1249 -35.5009 56.1003 67.506 -35.5767 56.8727 69.1249 -28.8687 56.1003
3 16 69.1249 -28.8687 56.1003 67.506 -35.5767 56.8727 67.506 -24 56.8727
3 16 66.3961 -35.7134 58.2645 66.3961 -24 58.2645 67.506 -35.5767 56.8727
3 16 67.506 -35.5767 56.8727 66.3961 -24 58.2645 67.506 -24 56.8727
3 16 65.9999 -35.8838 60 65.9999 -24 60 66.3961 -35.7134 58.2645
3 16 66.3961 -35.7134 58.2645 65.9999 -24 60 66.3961 -24 58.2645
3 16 69.9999 -24 60 65.9999 -24 60 66.3961 -24 61.7355
3 16 69.9999 -24 60 66.3961 -24 61.7355 67.506 -24 63.1273
3 16 69.9999 -24 60 67.506 -24 63.1273 69.1099 -24 63.8997
3 16 69.9999 -24 60 69.1099 -24 63.8997 70.89 -24 63.8997
3 16 69.9999 -24 60 70.89 -24 63.8997 72.4939 -24 63.1273
3 16 69.9999 -24 60 72.4939 -24 63.1273 73.6038 -24 61.7355
3 16 69.9999 -24 60 73.6038 -24 61.7355 73.9999 -24 60
3 16 69.9999 -24 60 73.9999 -24 60 73.6038 -24 58.2645
3 16 69.9999 -24 60 73.6038 -24 58.2645 72.4939 -24 56.8727
3 16 69.9999 -24 60 72.4939 -24 56.8727 70.89 -24 56.1003
3 16 69.9999 -24 60 70.89 -24 56.1003 69.1099 -24 56.1003
3 16 69.9999 -24 60 69.1099 -24 56.1003 67.506 -24 56.8727
3 16 69.9999 -24 60 67.506 -24 56.8727 66.3961 -24 58.2645
3 16 69.9999 -24 60 66.3961 -24 58.2645 65.9999 -24 60
3 16 72.4939 -24 56.8727 70.8749 -28.8687 56.1003 70.89 -24 56.1003
3 16 70.89 -24 56.1003 70.8749 -28.8687 56.1003 69.1099 -24 56.1003
3 16 69.1099 -24 56.1003 70.8749 -28.8687 56.1003 69.1249 -28.8687 56.1003
3 16 69.1099 -24 56.1003 69.1249 -28.8687 56.1003 67.506 -24 56.8727
3 16 67.506 -24 63.1273 69.1249 -28.8687 63.8997 69.1099 -24 63.8997
3 16 69.1099 -24 63.8997 69.1249 -28.8687 63.8997 70.89 -24 63.8997
3 16 70.89 -24 63.8997 69.1249 -28.8687 63.8997 70.8749 -28.8687 63.8997
3 16 70.89 -24 63.8997 70.8749 -28.8687 63.8997 72.4939 -24 63.1273
3 16 69.1249 -28.8687 63.8997 69.1249 -36.2668 63.8997 69.1249 -28.8687 66.25
3 16 69.1249 -28.8687 66.25 69.1249 -36.2668 63.8997 69.1249 -36.5 66.25
3 16 70.8749 -36.5 66.25 70.8749 -36.2668 63.8997 70.8749 -28.8687 66.25
3 16 70.8749 -28.8687 66.25 70.8749 -36.2668 63.8997 70.8749 -28.8687 63.8997
3 16 69.1249 -28.8687 66.25 70.8749 -28.8687 66.25 69.1249 -28.8687 63.8997
3 16 69.1249 -28.8687 63.8997 70.8749 -28.8687 66.25 70.8749 -28.8687 63.8997
3 16 69.1249 -28.8687 53.75 69.1249 -35.25 53.75 69.1249 -28.8687 56.1003
3 16 69.1249 -28.8687 56.1003 69.1249 -35.25 53.75 69.1249 -35.5009 56.1003
3 16 70.8749 -28.8687 53.75 70.8749 -28.8687 56.1003 70.8749 -35.25 53.75
3 16 70.8749 -35.25 53.75 70.8749 -28.8687 56.1003 70.8749 -35.5009 56.1003
3 16 70.8749 -28.8687 53.75 69.1249 -28.8687 53.75 70.8749 -28.8687 56.1003
3 16 70.8749 -28.8687 56.1003 69.1249 -28.8687 53.75 69.1249 -28.8687 56.1003
3 16 86.25 -24 53.75 86.25 -35.25 53.75 86.25 -24 66.25
3 16 86.25 -24 66.25 86.25 -35.25 53.75 86.25 -36.5 66.25
3 16 69.1249 -35.25 53.75 50.875 -35.25 53.75 69.1249 -35.5009 56.1003
3 16 69.1249 -35.5009 56.1003 50.875 -35.25 53.75 50.875 -35.5009 56.1003
3 16 70.8749 -35.25 53.75 86.25 -35.25 53.75 70.8749 -28.8687 53.75
3 16 70.8749 -28.8687 53.75 86.25 -35.25 53.75 86.25 -24 53.75
3 16 53.9999 -35.8776 60 65.9999 -35.8838 60 53.6038 -35.7134 58.2645
3 16 53.6038 -35.7134 58.2645 65.9999 -35.8838 60 66.3961 -35.7134 58.2645
3 16 53.9999 -35.8776 60 53.6038 -36.0543 61.7355 65.9999 -35.8838 60
3 16 65.9999 -35.8838 60 53.6038 -36.0543 61.7355 66.3961 -36.0543 61.7355
3 16 52.4939 -35.5767 56.8727 53.6038 -35.7134 58.2645 67.506 -35.5767 56.8727
3 16 67.506 -35.5767 56.8727 53.6038 -35.7134 58.2645 66.3961 -35.7134 58.2645
3 16 53.6038 -36.0543 61.7355 52.4939 -36.191 63.1273 66.3961 -36.0543 61.7355
3 16 66.3961 -36.0543 61.7355 52.4939 -36.191 63.1273 67.506 -36.191 63.1273
3 16 73.6038 -36.0543 61.7355 86.25 -36.5 66.25 73.9999 -35.8838 60
3 16 86.25 -36.5 66.25 86.25 -35.25 53.75 73.9999 -35.8838 60
3 16 73.9999 -35.8838 60 86.25 -35.25 53.75 73.6038 -35.7134 58.2645
3 16 72.4939 -36.191 63.1273 86.25 -36.5 66.25 73.6038 -36.0543 61.7355
3 16 73.6038 -35.7134 58.2645 86.25 -35.25 53.75 72.4939 -35.5767 56.8727
3 16 70.8749 -35.25 53.75 70.8749 -35.5009 56.1003 86.25 -35.25 53.75
3 16 86.25 -35.25 53.75 70.8749 -35.5009 56.1003 72.4939 -35.5767 56.8727
3 16 70.8749 -36.5 66.25 86.25 -36.5 66.25 70.8749 -36.2668 63.8997
3 16 86.25 -36.5 66.25 72.4939 -36.191 63.1273 70.8749 -36.2668 63.8997
3 16 86.25 -24 66.25 86.25 -36.5 66.25 70.8749 -28.8687 66.25
3 16 70.8749 -28.8687 66.25 86.25 -36.5 66.25 70.8749 -36.5 66.25
3 16 69.1249 -28.8687 53.75 50.875 -28.8687 53.75 69.1249 -35.25 53.75
3 16 69.1249 -35.25 53.75 50.875 -28.8687 53.75 50.875 -35.25 53.75
3 16 69.1249 -36.2668 63.8997 67.506 -36.191 63.1273 50.875 -36.2668 63.8997
3 16 50.875 -36.2668 63.8997 67.506 -36.191 63.1273 52.4939 -36.191 63.1273
3 16 50.875 -36.5 66.25 50.875 -28.8687 66.25 69.1249 -36.5 66.25
3 16 69.1249 -36.5 66.25 50.875 -28.8687 66.25 69.1249 -28.8687 66.25
3 16 50 -24 66.25 86.25 -24 66.25 69.1249 -28.8687 66.25
3 16 86.25 -24 66.25 70.8749 -28.8687 66.25 69.1249 -28.8687 66.25
3 16 69.1249 -28.8687 66.25 50.875 -28.8687 66.25 50 -24 66.25
3 16 50.875 -36.2668 63.8997 52.4939 -36.191 63.1273 50.875 -28.8687 63.8997
3 16 50.875 -28.8687 63.8997 52.4939 -36.191 63.1273 52.4939 -24 63.1273
3 16 53.6038 -24 61.7355 52.4939 -24 63.1273 53.6038 -36.0543 61.7355
3 16 53.6038 -36.0543 61.7355 52.4939 -24 63.1273 52.4939 -36.191 63.1273
3 16 53.9999 -24 60 53.6038 -24 61.7355 53.9999 -35.8776 60
3 16 53.9999 -35.8776 60 53.6038 -24 61.7355 53.6038 -36.0543 61.7355
3 16 53.6038 -24 58.2645 53.9999 -24 60 53.6038 -35.7134 58.2645
3 16 53.6038 -35.7134 58.2645 53.9999 -24 60 53.9999 -35.8776 60
3 16 52.4939 -24 56.8727 53.6038 -24 58.2645 52.4939 -35.5767 56.8727
3 16 52.4939 -35.5767 56.8727 53.6038 -24 58.2645 53.6038 -35.7134 58.2645
3 16 52.4939 -24 56.8727 52.4939 -35.5767 56.8727 50.875 -28.8687 56.1003
3 16 50.875 -28.8687 56.1003 52.4939 -35.5767 56.8727 50.875 -35.5009 56.1003
3 16 50 -24 60 50.89 -24 63.8997 52.4939 -24 63.1273
3 16 50 -24 60 52.4939 -24 63.1273 53.6038 -24 61.7355
3 16 50 -24 60 53.6038 -24 61.7355 53.9999 -24 60
3 16 50 -24 60 53.9999 -24 60 53.6038 -24 58.2645
3 16 50 -24 60 53.6038 -24 58.2645 52.4939 -24 56.8727
3 16 50 -24 60 52.4939 -24 56.8727 50.89 -24 56.1003
3 16 52.4939 -24 56.8727 50.875 -28.8687 56.1003 50.89 -24 56.1003
3 16 50.89 -24 63.8997 50.875 -28.8687 63.8997 52.4939 -24 63.1273
3 16 50.875 -36.5 66.25 50.875 -36.2668 63.8997 50.875 -28.8687 66.25
3 16 50.875 -28.8687 66.25 50.875 -36.2668 63.8997 50.875 -28.8687 63.8997
3 16 50.875 -28.8687 53.75 50.875 -28.8687 56.1003 50.875 -35.25 53.75
3 16 50.875 -35.25 53.75 50.875 -28.8687 56.1003 50.875 -35.5009 56.1003
3 16 69.1249 -36.5 66.25 69.1249 -36.2668 63.8997 50.875 -36.5 66.25
3 16 50.875 -36.5 66.25 69.1249 -36.2668 63.8997 50.875 -36.2668 63.8997
3 16 50.875 -35.5009 56.1003 52.4939 -35.5767 56.8727 69.1249 -35.5009 56.1003
3 16 69.1249 -35.5009 56.1003 52.4939 -35.5767 56.8727 67.506 -35.5767 56.8727
3 16 50.89 -24 63.8997 50 -24 60 49.1099 -24 63.8997
3 16 50.875 -28.8687 63.8997 50.89 -24 63.8997 49.125 -28.8687 63.8997
3 16 49.125 -28.8687 63.8997 50.89 -24 63.8997 49.1099 -24 63.8997
3 16 50.875 -28.8687 66.25 50.875 -28.8687 63.8997 49.125 -28.8687 66.25
3 16 49.125 -28.8687 66.25 50.875 -28.8687 63.8997 49.125 -28.8687 63.8997
3 16 50 -24 66.25 50.875 -28.8687 66.25 49.125 -28.8687 66.25
3 16 69.1249 -28.8687 53.75 50 -24 53.75 50.875 -28.8687 53.75
3 16 50 -24 53.75 69.1249 -28.8687 53.75 86.25 -24 53.75
3 16 69.1249 -28.8687 53.75 70.8749 -28.8687 53.75 86.25 -24 53.75
3 16 89.9996 -17.5 10 106.25 -17.5 10 89.9996 0 10
3 16 89.9996 0 10 106.25 -17.5 10 106.2499 0 10
3 16 93.7499 0 6.25 106.2499 0 6.25 93.7499 -14.3065 6.25
3 16 93.7499 -14.3065 6.25 106.2499 0 6.25 106.2499 -14.3065 6.25
3 16 89.9996 0 10 93.7499 0 6.25 89.9998 0 -6.25
3 16 89.9998 0 -6.25 93.7499 0 6.25 93.7499 0 -6.25
3 16 93.7499 0 -6.25 93.7499 0 6.25 93.7499 -3.5 -6.25
3 16 93.7499 -3.5 -6.25 93.7499 0 6.25 93.7499 -14.3065 6.25
3 16 106.2499 0 -6.25 93.7499 0 -6.25 106.2499 -3.5 -6.25
3 16 106.2499 -3.5 -6.25 93.7499 0 -6.25 93.7499 -3.5 -6.25
3 16 106.2499 -3.5 -6.25 93.7499 -3.5 -6.25 106.2499 -14.3065 6.25
3 16 106.2499 -14.3065 6.25 93.7499 -3.5 -6.25 93.7499 -14.3065 6.25
3 16 89.9998 0 -6.25 89.9996 -3.5 -6.25 89.9996 0 10
3 16 89.9996 0 10 89.9996 -3.5 -6.25 89.9996 -17.5 10
3 16 89.9998 0 -6.25 93.7499 0 -6.25 110 0 -10
3 16 110 0 -10 93.7499 0 -6.25 106.2499 0 -6.25
3 16 106.2499 -14.3065 6.25 106.2499 0 6.25 106.2499 -3.5 -6.25
3 16 106.2499 -3.5 -6.25 106.2499 0 6.25 106.2499 0 -6.25
3 16 106.2499 0 6.25 110 0 -10 106.2499 0 -6.25
3 16 110 -4.75 -10 110 0 -10 110 0 70
3 16 106.2499 0 6.25 93.7499 0 6.25 106.2499 0 10
3 16 106.2499 0 10 93.7499 0 6.25 89.9996 0 10
3 16 90 -36.2093 66.25 106.25 -36.2093 66.25 90 -34.3816 50
3 16 90 -34.3816 50 106.25 -36.2093 66.25 106.2499 -34.0001 48.2774
3 16 110 0 70 110 0 -10 106.2499 0 10
3 16 106.2499 0 6.25 106.2499 0 10 110 0 -10
3 16 90 -24 66.25 90 -2.4972 66.25 106.25 -36.2093 66.25
3 16 110 -12.6717 -1.978 110 -4.75 -10 110 0 70
3 16 110 0 70 110 -20.9724 8.6468 110 -12.6717 -1.978
3 16 106.25 -17.5 10 106.2499 -28.7297 30.9534 106.2499 0 66.25
3 16 110 0 70 110 -27.8914 20.2191 110 -20.9724 8.6468
3 16 106.2499 0 66.25 106.2499 0 10 106.25 -17.5 10
3 16 110 0 70 110 -33.3283 32.5579 110 -27.8914 20.2191
3 16 110 0 70 110 -37.1788 45.4795 110 -33.3283 32.5579
3 16 106.2499 -28.7297 30.9534 106.2499 -34.0001 48.2774 106.2499 0 66.25
3 16 110 0 70 110 -39.4008 58.7775 110 -37.1788 45.4795
3 16 106.2499 -34.0001 48.2774 106.25 -36.2093 66.25 106.2499 0 66.25
3 16 110 0 70 110 -40 70 110 -39.4008 58.7775
3 16 90 -2.4972 70 90 -2.4972 66.25 90 -24 70
3 16 90 -24 70 90 -2.4972 66.25 90 -24 66.25
3 16 106.2499 0 10 106.2499 0 66.25 110 0 70
3 16 92.4972 0 66.25 92.4972 0 70 106.2499 0 66.25
3 16 106.2499 0 66.25 92.4972 0 70 110 0 70
3 16 90 -36.2093 66.25 90 -34.3816 50 90 -24 66.25
3 16 90 -24 66.25 90 -34.3816 50 90 -24 50
3 16 86.25 -24 66.25 90 -24 66.25 86.25 -24 53.75
3 16 86.25 -24 53.75 90 -24 66.25 90 -24 50
3 16 90 -24 50 50 -24 53.75 86.25 -24 53.75
3 16 50 -24 66.25 90 -24 70 86.25 -24 66.25
3 16 92.4972 0 70 92.4972 0 66.25 90.7314 -0.7314 70
3 16 90.7314 -0.7314 70 92.4972 0 66.25 90.7314 -0.7314 66.25
3 16 90.7314 -0.7314 70 90.7314 -0.7314 66.25 90 -2.4972 70
3 16 90 -2.4972 70 90.7314 -0.7314 66.25 90 -2.4972 66.25
3 16 106.25 -36.2093 66.25 92.4972 0 66.25 106.2499 0 66.25
3 16 92.4972 0 70 110 -40 70 110 0 70
3 16 110 -40 70 92.4972 0 70 90.7314 -0.7314 70
3 16 90.7314 -0.7314 70 90 -2.4972 70 110 -40 70
3 16 106.25 -36.2093 66.25 90.7314 -0.7314 66.25 92.4972 0 66.25
3 16 106.25 -36.2093 66.25 90 -2.4972 66.25 90.7314 -0.7314 66.25
3 16 90 -24 70 90 -24 66.25 86.25 -24 66.25
3 16 90 -24 66.25 106.25 -36.2093 66.25 90 -36.2093 66.25
3 16 110 -40 70 90 -2.4972 70 90 -24 70
3 16 50.89 -24 56.1003 49.1099 -24 56.1003 50 -24 60
3 16 50.875 -28.8687 56.1003 49.125 -28.8687 56.1003 50.89 -24 56.1003
3 16 50.89 -24 56.1003 49.125 -28.8687 56.1003 49.1099 -24 56.1003
3 16 33.6039 -36.0543 61.7355 34 -35.8838 60 33.6039 -24 61.7355
3 16 33.6039 -24 61.7355 34 -35.8838 60 34 -24 60
3 16 32.494 -36.191 63.1273 33.6039 -36.0543 61.7355 32.494 -24 63.1273
3 16 32.494 -24 63.1273 33.6039 -36.0543 61.7355 33.6039 -24 61.7355
3 16 32.494 -24 63.1273 30.875 -28.8687 63.8997 32.494 -36.191 63.1273
3 16 32.494 -36.191 63.1273 30.875 -28.8687 63.8997 30.875 -36.2668 63.8997
3 16 27.506 -24 63.1273 27.506 -36.191 63.1273 29.125 -28.8687 63.8997
3 16 29.125 -28.8687 63.8997 27.506 -36.191 63.1273 29.125 -36.2668 63.8997
3 16 27.506 -36.191 63.1273 27.506 -24 63.1273 26.3961 -36.0543 61.7355
3 16 26.3961 -36.0543 61.7355 27.506 -24 63.1273 26.3961 -24 61.7355
3 16 26.3961 -36.0543 61.7355 26.3961 -24 61.7355 26 -35.8838 60
3 16 26 -35.8838 60 26.3961 -24 61.7355 26 -24 60
3 16 26 -35.8838 60 26 -24 60 26.3961 -35.7134 58.2645
3 16 26.3961 -35.7134 58.2645 26 -24 60 26.3961 -24 58.2645
3 16 27.506 -24 56.8727 27.506 -35.5767 56.8727 26.3961 -24 58.2645
3 16 26.3961 -24 58.2645 27.506 -35.5767 56.8727 26.3961 -35.7134 58.2645
3 16 29.125 -35.5009 56.1003 27.506 -35.5767 56.8727 29.125 -28.8687 56.1003
3 16 29.125 -28.8687 56.1003 27.506 -35.5767 56.8727 27.506 -24 56.8727
3 16 32.494 -24 56.8727 32.494 -35.5767 56.8727 30.875 -28.8687 56.1003
3 16 30.875 -28.8687 56.1003 32.494 -35.5767 56.8727 30.875 -35.5009 56.1003
3 16 33.6039 -35.7134 58.2645 32.494 -35.5767 56.8727 33.6039 -24 58.2645
3 16 33.6039 -24 58.2645 32.494 -35.5767 56.8727 32.494 -24 56.8727
3 16 34 -35.8838 60 33.6039 -35.7134 58.2645 34 -24 60
3 16 34 -24 60 33.6039 -35.7134 58.2645 33.6039 -24 58.2645
3 16 30 -24 60 33.6039 -24 61.7355 34 -24 60
3 16 30 -24 60 32.494 -24 63.1273 33.6039 -24 61.7355
3 16 30 -24 60 30.8901 -24 63.8997 32.494 -24 63.1273
3 16 30 -24 60 29.1099 -24 63.8997 30.8901 -24 63.8997
3 16 30 -24 60 27.506 -24 63.1273 29.1099 -24 63.8997
3 16 30 -24 60 26.3961 -24 61.7355 27.506 -24 63.1273
3 16 30 -24 60 26 -24 60 26.3961 -24 61.7355
3 16 30 -24 60 26.3961 -24 58.2645 26 -24 60
3 16 30 -24 60 27.506 -24 56.8727 26.3961 -24 58.2645
3 16 30 -24 60 29.1099 -24 56.1003 27.506 -24 56.8727
3 16 30 -24 60 30.8901 -24 56.1003 29.1099 -24 56.1003
3 16 30 -24 60 32.494 -24 56.8727 30.8901 -24 56.1003
3 16 30 -24 60 33.6039 -24 58.2645 32.494 -24 56.8727
3 16 30 -24 60 34 -24 60 33.6039 -24 58.2645
3 16 27.506 -24 56.8727 29.1099 -24 56.1003 29.125 -28.8687 56.1003
3 16 29.1099 -24 56.1003 30.8901 -24 56.1003 29.125 -28.8687 56.1003
3 16 29.125 -28.8687 56.1003 30.8901 -24 56.1003 30.875 -28.8687 56.1003
3 16 30.8901 -24 56.1003 32.494 -24 56.8727 30.875 -28.8687 56.1003
3 16 32.494 -24 63.1273 30.8901 -24 63.8997 30.875 -28.8687 63.8997
3 16 30.8901 -24 63.8997 29.1099 -24 63.8997 30.875 -28.8687 63.8997
3 16 30.875 -28.8687 63.8997 29.1099 -24 63.8997 29.125 -28.8687 63.8997
3 16 29.1099 -24 63.8997 27.506 -24 63.1273 29.125 -28.8687 63.8997
3 16 30.875 -28.8687 63.8997 30.875 -28.8687 66.25 30.875 -36.2668 63.8997
3 16 30.875 -36.2668 63.8997 30.875 -28.8687 66.25 30.875 -36.5 66.25
3 16 29.125 -36.5 66.25 29.125 -28.8687 66.25 29.125 -36.2668 63.8997
3 16 29.125 -36.2668 63.8997 29.125 -28.8687 66.25 29.125 -28.8687 63.8997
3 16 30.875 -28.8687 66.25 30.875 -28.8687 63.8997 29.125 -28.8687 66.25
3 16 29.125 -28.8687 66.25 30.875 -28.8687 63.8997 29.125 -28.8687 63.8997
3 16 30.875 -35.5009 56.1003 30.875 -35.25 53.75 30.875 -28.8687 56.1003
3 16 30.875 -28.8687 56.1003 30.875 -35.25 53.75 30.875 -28.8687 53.75
3 16 29.125 -35.5009 56.1003 29.125 -28.8687 56.1003 29.125 -35.25 53.75
3 16 29.125 -35.25 53.75 29.125 -28.8687 56.1003 29.125 -28.8687 53.75
3 16 29.125 -28.8687 53.75 29.125 -28.8687 56.1003 30.875 -28.8687 53.75
3 16 30.875 -28.8687 53.75 29.125 -28.8687 56.1003 30.875 -28.8687 56.1003
3 16 13.75 -24 53.75 13.75 -24 66.25 13.75 -35.25 53.75
3 16 13.75 -35.25 53.75 13.75 -24 66.25 13.75 -36.5 66.25
3 16 30.875 -35.25 53.75 30.875 -35.5009 56.1003 49.125 -35.25 53.75
3 16 49.125 -35.25 53.75 30.875 -35.5009 56.1003 49.125 -35.5009 56.1003
3 16 13.75 -24 53.75 13.75 -35.25 53.75 29.125 -28.8687 53.75
3 16 29.125 -28.8687 53.75 13.75 -35.25 53.75 29.125 -35.25 53.75
3 16 46 -35.8776 60 46.3961 -35.7134 58.2645 34 -35.8838 60
3 16 34 -35.8838 60 46.3961 -35.7134 58.2645 33.6039 -35.7134 58.2645
3 16 46 -35.8776 60 34 -35.8838 60 46.3961 -36.0543 61.7355
3 16 46.3961 -36.0543 61.7355 34 -35.8838 60 33.6039 -36.0543 61.7355
3 16 47.506 -35.5767 56.8727 32.494 -35.5767 56.8727 46.3961 -35.7134 58.2645
3 16 46.3961 -35.7134 58.2645 32.494 -35.5767 56.8727 33.6039 -35.7134 58.2645
3 16 46.3961 -36.0543 61.7355 33.6039 -36.0543 61.7355 47.506 -36.191 63.1273
3 16 47.506 -36.191 63.1273 33.6039 -36.0543 61.7355 32.494 -36.191 63.1273
3 16 26.3961 -36.0543 61.7355 26 -35.8838 60 13.75 -36.5 66.25
3 16 26.3961 -35.7134 58.2645 13.75 -35.25 53.75 26 -35.8838 60
3 16 26 -35.8838 60 13.75 -35.25 53.75 13.75 -36.5 66.25
3 16 27.506 -36.191 63.1273 26.3961 -36.0543 61.7355 13.75 -36.5 66.25
3 16 26.3961 -35.7134 58.2645 27.506 -35.5767 56.8727 13.75 -35.25 53.75
3 16 29.125 -35.25 53.75 13.75 -35.25 53.75 29.125 -35.5009 56.1003
3 16 13.75 -35.25 53.75 27.506 -35.5767 56.8727 29.125 -35.5009 56.1003
3 16 29.125 -36.5 66.25 29.125 -36.2668 63.8997 13.75 -36.5 66.25
3 16 13.75 -36.5 66.25 29.125 -36.2668 63.8997 27.506 -36.191 63.1273
3 16 29.125 -36.5 66.25 13.75 -36.5 66.25 29.125 -28.8687 66.25
3 16 29.125 -28.8687 66.25 13.75 -36.5 66.25 13.75 -24 66.25
3 16 30.875 -28.8687 53.75 30.875 -35.25 53.75 49.125 -28.8687 53.75
3 16 49.125 -28.8687 53.75 30.875 -35.25 53.75 49.125 -35.25 53.75
3 16 30.875 -36.2668 63.8997 49.125 -36.2668 63.8997 32.494 -36.191 63.1273
3 16 32.494 -36.191 63.1273 49.125 -36.2668 63.8997 47.506 -36.191 63.1273
3 16 49.125 -36.5 66.25 30.875 -36.5 66.25 49.125 -28.8687 66.25
3 16 49.125 -28.8687 66.25 30.875 -36.5 66.25 30.875 -28.8687 66.25
3 16 50 -24 53.75 49.125 -28.8687 53.75 50.875 -28.8687 53.75
3 16 50 -24 66.25 30.875 -28.8687 66.25 13.75 -24 66.25
3 16 13.75 -24 66.25 30.875 -28.8687 66.25 29.125 -28.8687 66.25
3 16 30.875 -28.8687 66.25 50 -24 66.25 49.125 -28.8687 66.25
3 16 47.506 -24 63.1273 47.506 -36.191 63.1273 49.125 -28.8687 63.8997
3 16 49.125 -28.8687 63.8997 47.506 -36.191 63.1273 49.125 -36.2668 63.8997
3 16 47.506 -36.191 63.1273 47.506 -24 63.1273 46.3961 -36.0543 61.7355
3 16 46.3961 -36.0543 61.7355 47.506 -24 63.1273 46.3961 -24 61.7355
3 16 46.3961 -36.0543 61.7355 46.3961 -24 61.7355 46 -35.8776 60
3 16 46 -35.8776 60 46.3961 -24 61.7355 46 -24 60
3 16 46 -35.8776 60 46 -24 60 46.3961 -35.7134 58.2645
3 16 46.3961 -35.7134 58.2645 46 -24 60 46.3961 -24 58.2645
3 16 47.506 -24 56.8727 47.506 -35.5767 56.8727 46.3961 -24 58.2645
3 16 46.3961 -24 58.2645 47.506 -35.5767 56.8727 46.3961 -35.7134 58.2645
3 16 49.125 -35.5009 56.1003 47.506 -35.5767 56.8727 49.125 -28.8687 56.1003
3 16 49.125 -28.8687 56.1003 47.506 -35.5767 56.8727 47.506 -24 56.8727
3 16 50 -24 60 47.506 -24 63.1273 49.1099 -24 63.8997
3 16 50 -24 60 46.3961 -24 61.7355 47.506 -24 63.1273
3 16 50 -24 60 46 -24 60 46.3961 -24 61.7355
3 16 50 -24 60 46.3961 -24 58.2645 46 -24 60
3 16 50 -24 60 47.506 -24 56.8727 46.3961 -24 58.2645
3 16 50 -24 60 49.1099 -24 56.1003 47.506 -24 56.8727
3 16 47.506 -24 56.8727 49.1099 -24 56.1003 49.125 -28.8687 56.1003
3 16 49.1099 -24 63.8997 47.506 -24 63.1273 49.125 -28.8687 63.8997
3 16 49.125 -36.5 66.25 49.125 -28.8687 66.25 49.125 -36.2668 63.8997
3 16 49.125 -36.2668 63.8997 49.125 -28.8687 66.25 49.125 -28.8687 63.8997
3 16 49.125 -35.5009 56.1003 49.125 -28.8687 56.1003 49.125 -35.25 53.75
3 16 49.125 -35.25 53.75 49.125 -28.8687 56.1003 49.125 -28.8687 53.75
3 16 50.875 -28.8687 53.75 49.125 -28.8687 53.75 50.875 -28.8687 56.1003
3 16 50.875 -28.8687 56.1003 49.125 -28.8687 53.75 49.125 -28.8687 56.1003
3 16 30.875 -36.5 66.25 49.125 -36.5 66.25 30.875 -36.2668 63.8997
3 16 30.875 -36.2668 63.8997 49.125 -36.5 66.25 49.125 -36.2668 63.8997
3 16 49.125 -35.5009 56.1003 30.875 -35.5009 56.1003 47.506 -35.5767 56.8727
3 16 47.506 -35.5767 56.8727 30.875 -35.5009 56.1003 32.494 -35.5767 56.8727
3 16 30.875 -28.8687 53.75 49.125 -28.8687 53.75 50 -24 53.75
3 16 50 -24 53.75 13.75 -24 53.75 30.875 -28.8687 53.75
3 16 13.75 -24 53.75 29.125 -28.8687 53.75 30.875 -28.8687 53.75
3 16 10.0003 -17.5 10 10.0003 0 10 -6.25 -17.5 10
3 16 -6.25 -17.5 10 10.0003 0 10 -6.25 0 10
3 16 6.25 0 6.25 6.25 -14.3065 6.25 -6.25 0 6.25
3 16 -6.25 0 6.25 6.25 -14.3065 6.25 -6.25 -14.3065 6.25
3 16 6.25 -14.3065 6.25 6.25 0 6.25 6.25 -3.5 -6.25
3 16 6.25 -3.5 -6.25 6.25 0 6.25 6.25 0 -6.25
3 16 10.0003 -17.5 10 10.0003 -3.5 -6.25 10.0003 0 10
3 16 10.0003 0 10 10.0003 -3.5 -6.25 10.0001 0 -6.25
3 16 6.25 0 -6.25 6.25 0 6.25 10.0001 0 -6.25
3 16 10.0001 0 -6.25 6.25 0 6.25 10.0003 0 10
3 16 -6.25 -14.3065 6.25 6.25 -14.3065 6.25 -6.25 -3.5 -6.25
3 16 -6.25 -3.5 -6.25 6.25 -14.3065 6.25 6.25 -3.5 -6.25
3 16 -6.25 0 -6.25 -6.25 -3.5 -6.25 6.25 0 -6.25
3 16 6.25 0 -6.25 -6.25 -3.5 -6.25 6.25 -3.5 -6.25
3 16 10.0001 0 -6.25 -10 0 -10 6.25 0 -6.25
3 16 -10 0 -10 -6.25 0 -6.25 6.25 0 -6.25
3 16 -6.25 -14.3065 6.25 -6.25 -3.5 -6.25 -6.25 0 6.25
3 16 -6.25 0 6.25 -6.25 -3.5 -6.25 -6.25 0 -6.25
3 16 -6.25 0 6.25 -6.25 0 -6.25 -10 0 -10
3 16 -10 -4.75 -10 -10 0 70 -10 0 -10
3 16 10 -24 50 10 -34.3816 50 10 -24 66.25
3 16 10 -24 66.25 10 -34.3816 50 10 -36.2093 66.25
3 16 10.0003 0 10 6.25 0 6.25 -6.25 0 10
3 16 -6.25 0 10 6.25 0 6.25 -6.25 0 6.25
3 16 -6.25 -34.0001 48.2774 -6.25 -36.2093 66.25 10 -34.3816 50
3 16 10 -34.3816 50 -6.25 -36.2093 66.25 10 -36.2093 66.25
3 16 -10 0 -10 -10 0 70 -6.25 0 6.25
3 16 -6.25 0 6.25 -10 0 70 -6.25 0 10
3 16 10 -24 66.25 -6.25 -36.2093 66.25 9.9999 -2.4972 66.25
3 16 -10 -12.6717 -1.978 -10 0 70 -10 -4.75 -10
3 16 -10 0 70 -10 -12.6717 -1.978 -10 -20.9724 8.6468
3 16 -6.25 -17.5 10 -6.25 0 66.25 -6.25 -28.7297 30.9534
3 16 -10 0 70 -10 -20.9724 8.6468 -10 -27.8914 20.2191
3 16 -6.25 0 66.25 -6.25 -17.5 10 -6.25 0 10
3 16 -10 0 70 -10 -27.8914 20.2191 -10 -33.3283 32.5579
3 16 -6.25 -34.0001 48.2774 -6.25 -28.7297 30.9534 -6.25 0 66.25
3 16 -10 0 70 -10 -33.3283 32.5579 -10 -37.1788 45.4795
3 16 -6.25 -34.0001 48.2774 -6.25 0 66.25 -6.25 -36.2093 66.25
3 16 10 -24 70 13.75 -24 66.25 10 -24 66.25
3 16 -10 0 70 -10 -37.1788 45.4795 -10 -39.4008 58.7775
3 16 -10 0 70 -10 -39.4008 58.7775 -10 -40 70
3 16 9.9999 -2.4972 70 10 -24 70 9.9999 -2.4972 66.25
3 16 9.9999 -2.4972 66.25 10 -24 70 10 -24 66.25
3 16 -6.25 0 10 -10 0 70 -6.25 0 66.25
3 16 7.5028 0 66.25 -6.25 0 66.25 7.5028 0 70
3 16 7.5028 0 70 -6.25 0 66.25 -10 0 70
3 16 13.75 -24 66.25 13.75 -24 53.75 10 -24 66.25
3 16 10 -24 66.25 13.75 -24 53.75 10 -24 50
3 16 90 -24 50 10 -24 50 50 -24 53.75
3 16 50 -24 53.75 10 -24 50 13.75 -24 53.75
3 16 90 -34.3816 50 10 -34.3816 50 90 -24 50
3 16 90 -24 50 10 -34.3816 50 10 -24 50
3 16 106.2499 -34.0001 48.2774 -6.25 -34.0001 48.2774 90 -34.3816 50
3 16 90 -34.3816 50 -6.25 -34.0001 48.2774 10 -34.3816 50
3 16 106.2499 -28.7297 30.9534 -6.25 -28.7297 30.9534 106.2499 -34.0001 48.2774
3 16 106.2499 -34.0001 48.2774 -6.25 -28.7297 30.9534 -6.25 -34.0001 48.2774
3 16 -6.25 -28.7297 30.9534 106.2499 -28.7297 30.9534 10.0003 -17.5 10
3 16 10.0003 -17.5 10 106.2499 -28.7297 30.9534 89.9996 -17.5 10
3 16 89.9996 -17.5 10 106.2499 -28.7297 30.9534 106.25 -17.5 10
3 16 10.0003 -17.5 10 89.9996 -17.5 10 10.0003 -3.5 -6.25
3 16 10.0003 -3.5 -6.25 89.9996 -17.5 10 89.9996 -3.5 -6.25
3 16 89.9998 0 -6.25 10.0001 0 -6.25 89.9996 -3.5 -6.25
3 16 89.9996 -3.5 -6.25 10.0001 0 -6.25 10.0003 -3.5 -6.25
3 16 110 0 -10 -10 0 -10 89.9998 0 -6.25
3 16 89.9998 0 -6.25 -10 0 -10 10.0001 0 -6.25
3 16 110 -4.75 -10 -10 -4.75 -10 110 0 -10
3 16 110 0 -10 -10 -4.75 -10 -10 0 -10
3 16 110 -12.6717 -1.978 -10 -12.6717 -1.978 110 -4.75 -10
3 16 110 -4.75 -10 -10 -12.6717 -1.978 -10 -4.75 -10
3 16 110 -20.9724 8.6468 -10 -20.9724 8.6468 110 -12.6717 -1.978
3 16 110 -12.6717 -1.978 -10 -20.9724 8.6468 -10 -12.6717 -1.978
3 16 110 -27.8914 20.2191 -10 -27.8914 20.2191 110 -20.9724 8.6468
3 16 110 -20.9724 8.6468 -10 -27.8914 20.2191 -10 -20.9724 8.6468
3 16 110 -33.3283 32.5579 -10 -33.3283 32.5579 110 -27.8914 20.2191
3 16 110 -27.8914 20.2191 -10 -33.3283 32.5579 -10 -27.8914 20.2191
3 16 110 -37.1788 45.4795 -10 -37.1788 45.4795 110 -33.3283 32.5579
3 16 110 -33.3283 32.5579 -10 -37.1788 45.4795 -10 -33.3283 32.5579
3 16 110 -39.4008 58.7775 -10 -39.4008 58.7775 110 -37.1788 45.4795
3 16 110 -37.1788 45.4795 -10 -39.4008 58.7775 -10 -37.1788 45.4795
3 16 110 -40 70 -10 -40 70 110 -39.4008 58.7775
3 16 110 -39.4008 58.7775 -10 -40 70 -10 -39.4008 58.7775
3 16 90 -24 70 10 -24 70 110 -40 70
3 16 110 -40 70 10 -24 70 -10 -40 70
3 16 13.75 -24 66.25 10 -24 70 50 -24 66.25
3 16 50 -24 66.25 10 -24 70 90 -24 70
3 16 9.2685 -0.7314 70 9.2685 -0.7314 66.25 7.5028 0 70
3 16 7.5028 0 70 9.2685 -0.7314 66.25 7.5028 0 66.25
3 16 9.9999 -2.4972 70 9.9999 -2.4972 66.25 9.2685 -0.7314 70
3 16 9.2685 -0.7314 70 9.9999 -2.4972 66.25 9.2685 -0.7314 66.25
3 16 -6.25 -36.2093 66.25 -6.25 0 66.25 7.5028 0 66.25
3 16 7.5028 0 70 -10 0 70 -10 -40 70
3 16 -10 -40 70 9.2685 -0.7314 70 7.5028 0 70
3 16 9.9999 -2.4972 70 9.2685 -0.7314 70 -10 -40 70
3 16 -6.25 -36.2093 66.25 7.5028 0 66.25 9.2685 -0.7314 66.25
3 16 -6.25 -36.2093 66.25 9.2685 -0.7314 66.25 9.9999 -2.4972 66.25
3 16 10 -24 66.25 10 -36.2093 66.25 -6.25 -36.2093 66.25
3 16 -10 -40 70 10 -24 70 9.9999 -2.4972 70
3 16 -6.25 -28.7297 30.9534 10.0003 -17.5 10 -6.25 -17.5 10
2 24 66.3961 -36.0543 61.7355 65.9999 -35.8838 60
2 24 66.3961 -24 61.7355 65.9999 -24 60
2 24 66.3961 -24 61.7355 67.506 -24 63.1273
2 24 66.3961 -36.0543 61.7355 67.506 -36.191 63.1273
2 24 67.506 -36.191 63.1273 69.1249 -36.2668 63.8997
2 24 69.1249 -28.8687 63.8997 69.1249 -36.2668 63.8997
2 24 70.8749 -36.2668 63.8997 72.4939 -36.191 63.1273
2 24 70.8749 -36.2668 63.8997 70.8749 -28.8687 63.8997
2 24 72.4939 -24 63.1273 73.6038 -24 61.7355
2 24 72.4939 -36.191 63.1273 73.6038 -36.0543 61.7355
2 24 73.6038 -24 61.7355 73.9999 -24 60
2 24 73.6038 -36.0543 61.7355 73.9999 -35.8838 60
2 24 73.9999 -24 60 73.6038 -24 58.2645
2 24 73.9999 -35.8838 60 73.6038 -35.7134 58.2645
2 24 73.6038 -24 58.2645 72.4939 -24 56.8727
2 24 73.6038 -35.7134 58.2645 72.4939 -35.5767 56.8727
2 24 72.4939 -35.5767 56.8727 70.8749 -35.5009 56.1003
2 24 70.8749 -28.8687 56.1003 70.8749 -35.5009 56.1003
2 24 69.1249 -35.5009 56.1003 67.506 -35.5767 56.8727
2 24 69.1249 -35.5009 56.1003 69.1249 -28.8687 56.1003
2 24 67.506 -35.5767 56.8727 66.3961 -35.7134 58.2645
2 24 67.506 -24 56.8727 66.3961 -24 58.2645
2 24 65.9999 -35.8838 60 66.3961 -35.7134 58.2645
2 24 65.9999 -24 60 66.3961 -24 58.2645
2 24 65.9999 -24 60 66.3961 -24 61.7355
2 24 66.3961 -24 61.7355 67.506 -24 63.1273
2 24 67.506 -24 63.1273 69.1099 -24 63.8997
2 24 69.1099 -24 63.8997 70.89 -24 63.8997
2 24 70.89 -24 63.8997 72.4939 -24 63.1273
2 24 72.4939 -24 63.1273 73.6038 -24 61.7355
2 24 73.6038 -24 61.7355 73.9999 -24 60
2 24 73.9999 -24 60 73.6038 -24 58.2645
2 24 73.6038 -24 58.2645 72.4939 -24 56.8727
2 24 72.4939 -24 56.8727 70.89 -24 56.1003
2 24 70.89 -24 56.1003 69.1099 -24 56.1003
2 24 69.1099 -24 56.1003 67.506 -24 56.8727
2 24 67.506 -24 56.8727 66.3961 -24 58.2645
2 24 65.9999 -24 60 66.3961 -24 58.2645
2 24 72.4939 -24 56.8727 70.89 -24 56.1003
2 24 70.89 -24 56.1003 69.1099 -24 56.1003
2 24 70.8749 -28.8687 56.1003 69.1249 -28.8687 56.1003
2 24 67.506 -24 56.8727 69.1099 -24 56.1003
2 24 67.506 -24 63.1273 69.1099 -24 63.8997
2 24 69.1099 -24 63.8997 70.89 -24 63.8997
2 24 69.1249 -28.8687 63.8997 70.8749 -28.8687 63.8997
2 24 72.4939 -24 63.1273 70.89 -24 63.8997
2 24 69.1249 -28.8687 63.8997 69.1249 -36.2668 63.8997
2 24 69.1249 -28.8687 63.8997 69.1249 -28.8687 66.25
2 24 69.1249 -36.2668 63.8997 69.1249 -36.5 66.25
2 24 69.1249 -28.8687 66.25 69.1249 -36.5 66.25
2 24 70.8749 -36.5 66.25 70.8749 -36.2668 63.8997
2 24 70.8749 -36.5 66.25 70.8749 -28.8687 66.25
2 24 70.8749 -36.2668 63.8997 70.8749 -28.8687 63.8997
2 24 70.8749 -28.8687 66.25 70.8749 -28.8687 63.8997
2 24 69.1249 -28.8687 66.25 70.8749 -28.8687 66.25
2 24 69.1249 -28.8687 66.25 69.1249 -28.8687 63.8997
2 24 70.8749 -28.8687 66.25 70.8749 -28.8687 63.8997
2 24 69.1249 -28.8687 63.8997 70.8749 -28.8687 63.8997
2 24 69.1249 -28.8687 53.75 69.1249 -35.25 53.75
2 24 69.1249 -28.8687 53.75 69.1249 -28.8687 56.1003
2 24 69.1249 -35.25 53.75 69.1249 -35.5009 56.1003
2 24 69.1249 -28.8687 56.1003 69.1249 -35.5009 56.1003
2 24 70.8749 -28.8687 53.75 70.8749 -28.8687 56.1003
2 24 70.8749 -28.8687 53.75 70.8749 -35.25 53.75
2 24 70.8749 -28.8687 56.1003 70.8749 -35.5009 56.1003
2 24 70.8749 -35.25 53.75 70.8749 -35.5009 56.1003
2 24 70.8749 -28.8687 53.75 69.1249 -28.8687 53.75
2 24 70.8749 -28.8687 53.75 70.8749 -28.8687 56.1003
2 24 69.1249 -28.8687 53.75 69.1249 -28.8687 56.1003
2 24 70.8749 -28.8687 56.1003 69.1249 -28.8687 56.1003
2 24 86.25 -24 53.75 86.25 -35.25 53.75
2 24 86.25 -24 53.75 86.25 -24 66.25
2 24 86.25 -35.25 53.75 86.25 -36.5 66.25
2 24 86.25 -24 66.25 86.25 -36.5 66.25
2 24 69.1249 -35.25 53.75 50.875 -35.25 53.75
2 24 69.1249 -35.25 53.75 69.1249 -35.5009 56.1003
2 24 50.875 -35.25 53.75 50.875 -35.5009 56.1003
2 24 70.8749 -35.25 53.75 86.25 -35.25 53.75
2 24 70.8749 -35.25 53.75 70.8749 -28.8687 53.75
2 24 86.25 -35.25 53.75 86.25 -24 53.75
2 24 53.9999 -35.8776 60 53.6038 -35.7134 58.2645
2 24 65.9999 -35.8838 60 66.3961 -35.7134 58.2645
2 24 53.9999 -35.8776 60 53.6038 -36.0543 61.7355
2 24 65.9999 -35.8838 60 66.3961 -36.0543 61.7355
2 24 53.6038 -35.7134 58.2645 52.4939 -35.5767 56.8727
2 24 66.3961 -35.7134 58.2645 67.506 -35.5767 56.8727
2 24 53.6038 -36.0543 61.7355 52.4939 -36.191 63.1273
2 24 66.3961 -36.0543 61.7355 67.506 -36.191 63.1273
2 24 73.6038 -36.0543 61.7355 73.9999 -35.8838 60
2 24 86.25 -36.5 66.25 86.25 -35.25 53.75
2 24 73.9999 -35.8838 60 73.6038 -35.7134 58.2645
2 24 73.6038 -36.0543 61.7355 72.4939 -36.191 63.1273
2 24 73.6038 -35.7134 58.2645 72.4939 -35.5767 56.8727
2 24 70.8749 -35.25 53.75 70.8749 -35.5009 56.1003
2 24 86.25 -35.25 53.75 70.8749 -35.25 53.75
2 24 72.4939 -35.5767 56.8727 70.8749 -35.5009 56.1003
2 24 86.25 -36.5 66.25 70.8749 -36.5 66.25
2 24 70.8749 -36.5 66.25 70.8749 -36.2668 63.8997
2 24 72.4939 -36.191 63.1273 70.8749 -36.2668 63.8997
2 24 86.25 -24 66.25 86.25 -36.5 66.25
2 24 86.25 -36.5 66.25 70.8749 -36.5 66.25
2 24 70.8749 -28.8687 66.25 70.8749 -36.5 66.25
2 24 69.1249 -28.8687 53.75 69.1249 -35.25 53.75
2 24 50.875 -28.8687 53.75 50.875 -35.25 53.75
2 24 69.1249 -35.25 53.75 50.875 -35.25 53.75
2 24 67.506 -36.191 63.1273 69.1249 -36.2668 63.8997
2 24 52.4939 -36.191 63.1273 50.875 -36.2668 63.8997
2 24 50.875 -36.5 66.25 50.875 -28.8687 66.25
2 24 50.875 -36.5 66.25 69.1249 -36.5 66.25
2 24 69.1249 -36.5 66.25 69.1249 -28.8687 66.25
2 24 86.25 -24 66.25 50 -24 66.25
2 24 70.8749 -28.8687 66.25 69.1249 -28.8687 66.25
2 24 50.875 -36.2668 63.8997 52.4939 -36.191 63.1273
2 24 50.875 -36.2668 63.8997 50.875 -28.8687 63.8997
2 24 52.4939 -24 63.1273 53.6038 -24 61.7355
2 24 52.4939 -36.191 63.1273 53.6038 -36.0543 61.7355
2 24 53.6038 -24 61.7355 53.9999 -24 60
2 24 53.6038 -36.0543 61.7355 53.9999 -35.8776 60
2 24 53.9999 -24 60 53.6038 -24 58.2645
2 24 53.9999 -35.8776 60 53.6038 -35.7134 58.2645
2 24 53.6038 -24 58.2645 52.4939 -24 56.8727
2 24 53.6038 -35.7134 58.2645 52.4939 -35.5767 56.8727
2 24 52.4939 -35.5767 56.8727 50.875 -35.5009 56.1003
2 24 50.875 -28.8687 56.1003 50.875 -35.5009 56.1003
2 24 50.89 -24 63.8997 52.4939 -24 63.1273
2 24 52.4939 -24 63.1273 53.6038 -24 61.7355
2 24 53.6038 -24 61.7355 53.9999 -24 60
2 24 53.9999 -24 60 53.6038 -24 58.2645
2 24 53.6038 -24 58.2645 52.4939 -24 56.8727
2 24 52.4939 -24 56.8727 50.89 -24 56.1003
2 24 52.4939 -24 56.8727 50.89 -24 56.1003
2 24 52.4939 -24 63.1273 50.89 -24 63.8997
2 24 50.875 -36.5 66.25 50.875 -36.2668 63.8997
2 24 50.875 -36.5 66.25 50.875 -28.8687 66.25
2 24 50.875 -36.2668 63.8997 50.875 -28.8687 63.8997
2 24 50.875 -28.8687 66.25 50.875 -28.8687 63.8997
2 24 50.875 -28.8687 53.75 50.875 -28.8687 56.1003
2 24 50.875 -28.8687 53.75 50.875 -35.25 53.75
2 24 50.875 -28.8687 56.1003 50.875 -35.5009 56.1003
2 24 50.875 -35.25 53.75 50.875 -35.5009 56.1003
2 24 69.1249 -36.2668 63.8997 69.1249 -36.5 66.25
2 24 69.1249 -36.5 66.25 50.875 -36.5 66.25
2 24 50.875 -36.2668 63.8997 50.875 -36.5 66.25
2 24 50.875 -35.5009 56.1003 52.4939 -35.5767 56.8727
2 24 69.1249 -35.5009 56.1003 67.506 -35.5767 56.8727
2 24 50.89 -24 63.8997 49.1099 -24 63.8997
2 24 50.875 -28.8687 63.8997 49.125 -28.8687 63.8997
2 24 50.89 -24 63.8997 49.1099 -24 63.8997
2 24 50.875 -28.8687 66.25 50.875 -28.8687 63.8997
2 24 50.875 -28.8687 66.25 49.125 -28.8687 66.25
2 24 50.875 -28.8687 63.8997 49.125 -28.8687 63.8997
2 24 49.125 -28.8687 66.25 49.125 -28.8687 63.8997
2 24 50.875 -28.8687 66.25 49.125 -28.8687 66.25
2 24 86.25 -24 53.75 50 -24 53.75
2 24 70.8749 -28.8687 53.75 69.1249 -28.8687 53.75
2 24 89.9996 -17.5 10 106.25 -17.5 10
2 24 89.9996 -17.5 10 89.9996 0 10
2 24 106.25 -17.5 10 106.2499 0 10
2 24 89.9996 0 10 106.2499 0 10
2 24 93.7499 0 6.25 106.2499 0 6.25
2 24 93.7499 0 6.25 93.7499 -14.3065 6.25
2 24 106.2499 0 6.25 106.2499 -14.3065 6.25
2 24 93.7499 -14.3065 6.25 106.2499 -14.3065 6.25
2 24 89.9996 0 10 89.9998 0 -6.25
2 24 93.7499 0 6.25 93.7499 0 -6.25
2 24 93.7499 0 -6.25 93.7499 0 6.25
2 24 93.7499 0 -6.25 93.7499 -3.5 -6.25
2 24 93.7499 0 6.25 93.7499 -14.3065 6.25
2 24 93.7499 -3.5 -6.25 93.7499 -14.3065 6.25
2 24 106.2499 0 -6.25 93.7499 0 -6.25
2 24 106.2499 0 -6.25 106.2499 -3.5 -6.25
2 24 93.7499 0 -6.25 93.7499 -3.5 -6.25
2 24 106.2499 -3.5 -6.25 93.7499 -3.5 -6.25
2 24 106.2499 -3.5 -6.25 93.7499 -3.5 -6.25
2 24 106.2499 -3.5 -6.25 106.2499 -14.3065 6.25
2 24 93.7499 -3.5 -6.25 93.7499 -14.3065 6.25
2 24 106.2499 -14.3065 6.25 93.7499 -14.3065 6.25
2 24 89.9998 0 -6.25 89.9996 -3.5 -6.25
2 24 89.9998 0 -6.25 89.9996 0 10
2 24 89.9996 -3.5 -6.25 89.9996 -17.5 10
2 24 89.9996 0 10 89.9996 -17.5 10
2 24 93.7499 0 -6.25 106.2499 0 -6.25
2 24 106.2499 -14.3065 6.25 106.2499 0 6.25
2 24 106.2499 -14.3065 6.25 106.2499 -3.5 -6.25
2 24 106.2499 0 6.25 106.2499 0 -6.25
2 24 106.2499 -3.5 -6.25 106.2499 0 -6.25
2 24 106.2499 0 -6.25 106.2499 0 6.25
2 24 110 0 -10 110 0 70
2 24 110 -4.75 -10 110 0 -10
2 24 93.7499 0 6.25 106.2499 0 6.25
2 24 89.9996 0 10 106.2499 0 10
2 24 90 -36.2093 66.25 106.25 -36.2093 66.25
2 24 90 -36.2093 66.25 90 -34.3816 50
2 24 106.25 -36.2093 66.25 106.2499 -34.0001 48.2774
2 24 110 0 -10 110 0 70
2 24 90 -24 66.25 90 -2.4972 66.25
2 24 110 -4.75 -10 110 -12.6717 -1.978
2 24 110 -12.6717 -1.978 110 -20.9724 8.6468
2 24 106.25 -17.5 10 106.2499 -28.7297 30.9534
2 24 110 -20.9724 8.6468 110 -27.8914 20.2191
2 24 106.25 -17.5 10 106.2499 0 10
2 24 106.2499 0 66.25 106.2499 0 10
2 24 110 -27.8914 20.2191 110 -33.3283 32.5579
2 24 110 -33.3283 32.5579 110 -37.1788 45.4795
2 24 106.2499 -28.7297 30.9534 106.2499 -34.0001 48.2774
2 24 110 -37.1788 45.4795 110 -39.4008 58.7775
2 24 106.2499 0 66.25 106.25 -36.2093 66.25
2 24 106.2499 -34.0001 48.2774 106.25 -36.2093 66.25
2 24 110 -39.4008 58.7775 110 -40 70
2 24 110 0 70 110 -40 70
2 24 90 -2.4972 70 90 -24 70
2 24 90 -2.4972 66.25 90 -24 66.25
2 24 90 -24 70 90 -24 66.25
2 24 106.2499 0 10 106.2499 0 66.25
2 24 106.2499 0 66.25 92.4972 0 66.25
2 24 110 0 70 92.4972 0 70
2 24 90 -36.2093 66.25 90 -34.3816 50
2 24 90 -36.2093 66.25 90 -24 66.25
2 24 90 -34.3816 50 90 -24 50
2 24 90 -24 66.25 90 -24 50
2 24 86.25 -24 66.25 86.25 -24 53.75
2 24 90 -24 66.25 90 -24 50
2 24 86.25 -24 53.75 50 -24 53.75
2 24 86.25 -24 66.25 50 -24 66.25
2 24 92.4972 0 70 90.7314 -0.7314 70
2 24 92.4972 0 66.25 90.7314 -0.7314 66.25
2 24 90.7314 -0.7314 70 90.7314 -0.7314 66.25
2 24 90 -2.4972 70 90.7314 -0.7314 70
2 24 90 -2.4972 66.25 90.7314 -0.7314 66.25
2 24 92.4972 0 66.25 106.2499 0 66.25
2 24 106.25 -36.2093 66.25 106.2499 0 66.25
2 24 110 -40 70 110 0 70
2 24 92.4972 0 70 110 0 70
2 24 92.4972 0 70 90.7314 -0.7314 70
2 24 90.7314 -0.7314 70 90 -2.4972 70
2 24 92.4972 0 66.25 90.7314 -0.7314 66.25
2 24 90 -2.4972 66.25 90.7314 -0.7314 66.25
2 24 90 -24 66.25 90 -24 70
2 24 106.25 -36.2093 66.25 90 -36.2093 66.25
2 24 90 -24 66.25 90 -36.2093 66.25
2 24 90 -2.4972 70 90 -24 70
2 24 50.89 -24 56.1003 49.1099 -24 56.1003
2 24 50.875 -28.8687 56.1003 49.125 -28.8687 56.1003
2 24 50.89 -24 56.1003 49.1099 -24 56.1003
2 24 33.6039 -36.0543 61.7355 34 -35.8838 60
2 24 33.6039 -24 61.7355 34 -24 60
2 24 33.6039 -36.0543 61.7355 32.494 -36.191 63.1273
2 24 33.6039 -24 61.7355 32.494 -24 63.1273
2 24 30.875 -28.8687 63.8997 30.875 -36.2668 63.8997
2 24 32.494 -36.191 63.1273 30.875 -36.2668 63.8997
2 24 27.506 -36.191 63.1273 29.125 -36.2668 63.8997
2 24 29.125 -28.8687 63.8997 29.125 -36.2668 63.8997
2 24 27.506 -36.191 63.1273 26.3961 -36.0543 61.7355
2 24 27.506 -24 63.1273 26.3961 -24 61.7355
2 24 26.3961 -36.0543 61.7355 26 -35.8838 60
2 24 26.3961 -24 61.7355 26 -24 60
2 24 26 -35.8838 60 26.3961 -35.7134 58.2645
2 24 26 -24 60 26.3961 -24 58.2645
2 24 26.3961 -24 58.2645 27.506 -24 56.8727
2 24 26.3961 -35.7134 58.2645 27.506 -35.5767 56.8727
2 24 27.506 -35.5767 56.8727 29.125 -35.5009 56.1003
2 24 29.125 -35.5009 56.1003 29.125 -28.8687 56.1003
2 24 32.494 -35.5767 56.8727 30.875 -35.5009 56.1003
2 24 30.875 -28.8687 56.1003 30.875 -35.5009 56.1003
2 24 32.494 -35.5767 56.8727 33.6039 -35.7134 58.2645
2 24 32.494 -24 56.8727 33.6039 -24 58.2645
2 24 34 -35.8838 60 33.6039 -35.7134 58.2645
2 24 34 -24 60 33.6039 -24 58.2645
2 24 33.6039 -24 61.7355 34 -24 60
2 24 33.6039 -24 61.7355 32.494 -24 63.1273
2 24 32.494 -24 63.1273 30.8901 -24 63.8997
2 24 30.8901 -24 63.8997 29.1099 -24 63.8997
2 24 29.1099 -24 63.8997 27.506 -24 63.1273
2 24 27.506 -24 63.1273 26.3961 -24 61.7355
2 24 26.3961 -24 61.7355 26 -24 60
2 24 26 -24 60 26.3961 -24 58.2645
2 24 26.3961 -24 58.2645 27.506 -24 56.8727
2 24 27.506 -24 56.8727 29.1099 -24 56.1003
2 24 29.1099 -24 56.1003 30.8901 -24 56.1003
2 24 30.8901 -24 56.1003 32.494 -24 56.8727
2 24 32.494 -24 56.8727 33.6039 -24 58.2645
2 24 34 -24 60 33.6039 -24 58.2645
2 24 27.506 -24 56.8727 29.1099 -24 56.1003
2 24 29.1099 -24 56.1003 30.8901 -24 56.1003
2 24 29.125 -28.8687 56.1003 30.875 -28.8687 56.1003
2 24 32.494 -24 56.8727 30.8901 -24 56.1003
2 24 32.494 -24 63.1273 30.8901 -24 63.8997
2 24 30.8901 -24 63.8997 29.1099 -24 63.8997
2 24 30.875 -28.8687 63.8997 29.125 -28.8687 63.8997
2 24 27.506 -24 63.1273 29.1099 -24 63.8997
2 24 30.875 -28.8687 63.8997 30.875 -28.8687 66.25
2 24 30.875 -28.8687 63.8997 30.875 -36.2668 63.8997
2 24 30.875 -28.8687 66.25 30.875 -36.5 66.25
2 24 30.875 -36.2668 63.8997 30.875 -36.5 66.25
2 24 29.125 -36.5 66.25 29.125 -28.8687 66.25
2 24 29.125 -36.5 66.25 29.125 -36.2668 63.8997
2 24 29.125 -28.8687 66.25 29.125 -28.8687 63.8997
2 24 29.125 -36.2668 63.8997 29.125 -28.8687 63.8997
2 24 30.875 -28.8687 66.25 30.875 -28.8687 63.8997
2 24 30.875 -28.8687 66.25 29.125 -28.8687 66.25
2 24 30.875 -28.8687 63.8997 29.125 -28.8687 63.8997
2 24 29.125 -28.8687 66.25 29.125 -28.8687 63.8997
2 24 30.875 -35.5009 56.1003 30.875 -35.25 53.75
2 24 30.875 -35.5009 56.1003 30.875 -28.8687 56.1003
2 24 30.875 -35.25 53.75 30.875 -28.8687 53.75
2 24 30.875 -28.8687 56.1003 30.875 -28.8687 53.75
2 24 29.125 -35.5009 56.1003 29.125 -28.8687 56.1003
2 24 29.125 -35.5009 56.1003 29.125 -35.25 53.75
2 24 29.125 -28.8687 56.1003 29.125 -28.8687 53.75
2 24 29.125 -35.25 53.75 29.125 -28.8687 53.75
2 24 29.125 -28.8687 53.75 29.125 -28.8687 56.1003
2 24 29.125 -28.8687 53.75 30.875 -28.8687 53.75
2 24 29.125 -28.8687 56.1003 30.875 -28.8687 56.1003
2 24 30.875 -28.8687 53.75 30.875 -28.8687 56.1003
2 24 13.75 -24 53.75 13.75 -24 66.25
2 24 13.75 -24 53.75 13.75 -35.25 53.75
2 24 13.75 -24 66.25 13.75 -36.5 66.25
2 24 13.75 -35.25 53.75 13.75 -36.5 66.25
2 24 30.875 -35.25 53.75 30.875 -35.5009 56.1003
2 24 30.875 -35.25 53.75 49.125 -35.25 53.75
2 24 49.125 -35.25 53.75 49.125 -35.5009 56.1003
2 24 13.75 -24 53.75 13.75 -35.25 53.75
2 24 13.75 -35.25 53.75 29.125 -35.25 53.75
2 24 29.125 -28.8687 53.75 29.125 -35.25 53.75
2 24 46 -35.8776 60 46.3961 -35.7134 58.2645
2 24 34 -35.8838 60 33.6039 -35.7134 58.2645
2 24 46 -35.8776 60 46.3961 -36.0543 61.7355
2 24 34 -35.8838 60 33.6039 -36.0543 61.7355
2 24 46.3961 -35.7134 58.2645 47.506 -35.5767 56.8727
2 24 33.6039 -35.7134 58.2645 32.494 -35.5767 56.8727
2 24 46.3961 -36.0543 61.7355 47.506 -36.191 63.1273
2 24 33.6039 -36.0543 61.7355 32.494 -36.191 63.1273
2 24 26.3961 -36.0543 61.7355 26 -35.8838 60
2 24 26 -35.8838 60 26.3961 -35.7134 58.2645
2 24 13.75 -36.5 66.25 13.75 -35.25 53.75
2 24 26.3961 -36.0543 61.7355 27.506 -36.191 63.1273
2 24 26.3961 -35.7134 58.2645 27.506 -35.5767 56.8727
2 24 13.75 -35.25 53.75 29.125 -35.25 53.75
2 24 29.125 -35.25 53.75 29.125 -35.5009 56.1003
2 24 27.506 -35.5767 56.8727 29.125 -35.5009 56.1003
2 24 29.125 -36.5 66.25 29.125 -36.2668 63.8997
2 24 13.75 -36.5 66.25 29.125 -36.5 66.25
2 24 27.506 -36.191 63.1273 29.125 -36.2668 63.8997
2 24 29.125 -36.5 66.25 13.75 -36.5 66.25
2 24 29.125 -36.5 66.25 29.125 -28.8687 66.25
2 24 13.75 -36.5 66.25 13.75 -24 66.25
2 24 30.875 -28.8687 53.75 30.875 -35.25 53.75
2 24 30.875 -35.25 53.75 49.125 -35.25 53.75
2 24 49.125 -28.8687 53.75 49.125 -35.25 53.75
2 24 32.494 -36.191 63.1273 30.875 -36.2668 63.8997
2 24 47.506 -36.191 63.1273 49.125 -36.2668 63.8997
2 24 49.125 -36.5 66.25 30.875 -36.5 66.25
2 24 49.125 -28.8687 66.25 49.125 -36.5 66.25
2 24 30.875 -36.5 66.25 30.875 -28.8687 66.25
2 24 50.875 -28.8687 53.75 49.125 -28.8687 53.75
2 24 50 -24 66.25 13.75 -24 66.25
2 24 29.125 -28.8687 66.25 30.875 -28.8687 66.25
2 24 47.506 -36.191 63.1273 49.125 -36.2668 63.8997
2 24 49.125 -28.8687 63.8997 49.125 -36.2668 63.8997
2 24 47.506 -36.191 63.1273 46.3961 -36.0543 61.7355
2 24 47.506 -24 63.1273 46.3961 -24 61.7355
2 24 46.3961 -36.0543 61.7355 46 -35.8776 60
2 24 46.3961 -24 61.7355 46 -24 60
2 24 46 -35.8776 60 46.3961 -35.7134 58.2645
2 24 46 -24 60 46.3961 -24 58.2645
2 24 46.3961 -24 58.2645 47.506 -24 56.8727
2 24 46.3961 -35.7134 58.2645 47.506 -35.5767 56.8727
2 24 47.506 -35.5767 56.8727 49.125 -35.5009 56.1003
2 24 49.125 -28.8687 56.1003 49.125 -35.5009 56.1003
2 24 49.1099 -24 63.8997 47.506 -24 63.1273
2 24 47.506 -24 63.1273 46.3961 -24 61.7355
2 24 46.3961 -24 61.7355 46 -24 60
2 24 46 -24 60 46.3961 -24 58.2645
2 24 46.3961 -24 58.2645 47.506 -24 56.8727
2 24 49.1099 -24 56.1003 47.506 -24 56.8727
2 24 49.1099 -24 56.1003 47.506 -24 56.8727
2 24 49.1099 -24 63.8997 47.506 -24 63.1273
2 24 49.125 -36.5 66.25 49.125 -28.8687 66.25
2 24 49.125 -36.5 66.25 49.125 -36.2668 63.8997
2 24 49.125 -28.8687 66.25 49.125 -28.8687 63.8997
2 24 49.125 -36.2668 63.8997 49.125 -28.8687 63.8997
2 24 49.125 -35.5009 56.1003 49.125 -28.8687 56.1003
2 24 49.125 -35.5009 56.1003 49.125 -35.25 53.75
2 24 49.125 -28.8687 56.1003 49.125 -28.8687 53.75
2 24 49.125 -35.25 53.75 49.125 -28.8687 53.75
2 24 50.875 -28.8687 53.75 49.125 -28.8687 53.75
2 24 50.875 -28.8687 53.75 50.875 -28.8687 56.1003
2 24 49.125 -28.8687 53.75 49.125 -28.8687 56.1003
2 24 50.875 -28.8687 56.1003 49.125 -28.8687 56.1003
2 24 30.875 -36.5 66.25 49.125 -36.5 66.25
2 24 30.875 -36.2668 63.8997 30.875 -36.5 66.25
2 24 49.125 -36.2668 63.8997 49.125 -36.5 66.25
2 24 49.125 -35.5009 56.1003 47.506 -35.5767 56.8727
2 24 30.875 -35.5009 56.1003 32.494 -35.5767 56.8727
2 24 50 -24 53.75 13.75 -24 53.75
2 24 29.125 -28.8687 53.75 30.875 -28.8687 53.75
2 24 10.0003 -17.5 10 10.0003 0 10
2 24 10.0003 -17.5 10 -6.25 -17.5 10
2 24 10.0003 0 10 -6.25 0 10
2 24 -6.25 -17.5 10 -6.25 0 10
2 24 6.25 0 6.25 6.25 -14.3065 6.25
2 24 6.25 0 6.25 -6.25 0 6.25
2 24 6.25 -14.3065 6.25 -6.25 -14.3065 6.25
2 24 -6.25 0 6.25 -6.25 -14.3065 6.25
2 24 6.25 -14.3065 6.25 6.25 0 6.25
2 24 6.25 -14.3065 6.25 6.25 -3.5 -6.25
2 24 6.25 0 6.25 6.25 0 -6.25
2 24 6.25 -3.5 -6.25 6.25 0 -6.25
2 24 10.0003 -17.5 10 10.0003 -3.5 -6.25
2 24 10.0003 -17.5 10 10.0003 0 10
2 24 10.0003 -3.5 -6.25 10.0001 0 -6.25
2 24 10.0003 0 10 10.0001 0 -6.25
2 24 6.25 0 -6.25 6.25 0 6.25
2 24 10.0001 0 -6.25 10.0003 0 10
2 24 -6.25 -14.3065 6.25 6.25 -14.3065 6.25
2 24 -6.25 -14.3065 6.25 -6.25 -3.5 -6.25
2 24 6.25 -14.3065 6.25 6.25 -3.5 -6.25
2 24 -6.25 -3.5 -6.25 6.25 -3.5 -6.25
2 24 -6.25 0 -6.25 -6.25 -3.5 -6.25
2 24 -6.25 0 -6.25 6.25 0 -6.25
2 24 -6.25 -3.5 -6.25 6.25 -3.5 -6.25
2 24 6.25 0 -6.25 6.25 -3.5 -6.25
2 24 6.25 0 -6.25 -6.25 0 -6.25
2 24 -6.25 -14.3065 6.25 -6.25 -3.5 -6.25
2 24 -6.25 -14.3065 6.25 -6.25 0 6.25
2 24 -6.25 -3.5 -6.25 -6.25 0 -6.25
2 24 -6.25 0 6.25 -6.25 0 -6.25
2 24 -6.25 0 -6.25 -6.25 0 6.25
2 24 -10 0 70 -10 0 -10
2 24 -10 -4.75 -10 -10 0 -10
2 24 10 -24 50 10 -34.3816 50
2 24 10 -24 50 10 -24 66.25
2 24 10 -34.3816 50 10 -36.2093 66.25
2 24 10 -24 66.25 10 -36.2093 66.25
2 24 10.0003 0 10 -6.25 0 10
2 24 6.25 0 6.25 -6.25 0 6.25
2 24 -6.25 -34.0001 48.2774 -6.25 -36.2093 66.25
2 24 -6.25 -36.2093 66.25 10 -36.2093 66.25
2 24 10 -34.3816 50 10 -36.2093 66.25
2 24 -10 0 -10 -10 0 70
2 24 10 -24 66.25 9.9999 -2.4972 66.25
2 24 -10 -4.75 -10 -10 -12.6717 -1.978
2 24 -10 -12.6717 -1.978 -10 -20.9724 8.6468
2 24 -6.25 -17.5 10 -6.25 -28.7297 30.9534
2 24 -10 -20.9724 8.6468 -10 -27.8914 20.2191
2 24 -6.25 -17.5 10 -6.25 0 10
2 24 -6.25 0 66.25 -6.25 0 10
2 24 -10 -27.8914 20.2191 -10 -33.3283 32.5579
2 24 -6.25 -28.7297 30.9534 -6.25 -34.0001 48.2774
2 24 -10 -33.3283 32.5579 -10 -37.1788 45.4795
2 24 -6.25 0 66.25 -6.25 -36.2093 66.25
2 24 -6.25 -34.0001 48.2774 -6.25 -36.2093 66.25
2 24 10 -24 70 10 -24 66.25
2 24 -10 -37.1788 45.4795 -10 -39.4008 58.7775
2 24 -10 -39.4008 58.7775 -10 -40 70
2 24 -10 0 70 -10 -40 70
2 24 9.9999 -2.4972 70 10 -24 70
2 24 10 -24 70 10 -24 66.25
2 24 9.9999 -2.4972 66.25 10 -24 66.25
2 24 -6.25 0 10 -6.25 0 66.25
2 24 -6.25 0 66.25 7.5028 0 66.25
2 24 -10 0 70 7.5028 0 70
2 24 13.75 -24 66.25 13.75 -24 53.75
2 24 10 -24 66.25 10 -24 50
2 24 90 -24 50 10 -24 50
2 24 50 -24 53.75 13.75 -24 53.75
2 24 90 -34.3816 50 10 -34.3816 50
2 24 90 -34.3816 50 90 -24 50
2 24 10 -34.3816 50 10 -24 50
2 24 90 -24 50 10 -24 50
2 24 90 -34.3816 50 10 -34.3816 50
2 24 106.2499 -34.0001 48.2774 106.2499 -28.7297 30.9534
2 24 -6.25 -34.0001 48.2774 -6.25 -28.7297 30.9534
2 24 106.2499 -28.7297 30.9534 106.25 -17.5 10
2 24 89.9996 -17.5 10 106.25 -17.5 10
2 24 10.0003 -17.5 10 10.0003 -3.5 -6.25
2 24 89.9996 -17.5 10 89.9996 -3.5 -6.25
2 24 10.0003 -3.5 -6.25 89.9996 -3.5 -6.25
2 24 89.9998 0 -6.25 10.0001 0 -6.25
2 24 89.9998 0 -6.25 89.9996 -3.5 -6.25
2 24 10.0001 0 -6.25 10.0003 -3.5 -6.25
2 24 89.9996 -3.5 -6.25 10.0003 -3.5 -6.25
2 24 110 0 -10 -10 0 -10
2 24 89.9998 0 -6.25 10.0001 0 -6.25
2 24 110 -4.75 -10 -10 -4.75 -10
2 24 110 -4.75 -10 110 0 -10
2 24 -10 -4.75 -10 -10 0 -10
2 24 110 0 -10 -10 0 -10
2 24 110 -12.6717 -1.978 110 -4.75 -10
2 24 -10 -12.6717 -1.978 -10 -4.75 -10
2 24 110 -4.75 -10 -10 -4.75 -10
2 24 110 -12.6717 -1.978 110 -20.9724 8.6468
2 24 -10 -12.6717 -1.978 -10 -20.9724 8.6468
2 24 110 -20.9724 8.6468 110 -27.8914 20.2191
2 24 -10 -20.9724 8.6468 -10 -27.8914 20.2191
2 24 110 -27.8914 20.2191 110 -33.3283 32.5579
2 24 -10 -27.8914 20.2191 -10 -33.3283 32.5579
2 24 110 -33.3283 32.5579 110 -37.1788 45.4795
2 24 -10 -33.3283 32.5579 -10 -37.1788 45.4795
2 24 110 -37.1788 45.4795 110 -39.4008 58.7775
2 24 -10 -37.1788 45.4795 -10 -39.4008 58.7775
2 24 110 -40 70 -10 -40 70
2 24 110 -39.4008 58.7775 110 -40 70
2 24 -10 -39.4008 58.7775 -10 -40 70
2 24 90 -24 70 10 -24 70
2 24 110 -40 70 -10 -40 70
2 24 50 -24 66.25 13.75 -24 66.25
2 24 90 -24 70 10 -24 70
2 24 9.2685 -0.7314 70 9.2685 -0.7314 66.25
2 24 7.5028 0 70 9.2685 -0.7314 70
2 24 7.5028 0 66.25 9.2685 -0.7314 66.25
2 24 9.9999 -2.4972 70 9.2685 -0.7314 70
2 24 9.9999 -2.4972 66.25 9.2685 -0.7314 66.25
2 24 -6.25 0 66.25 7.5028 0 66.25
2 24 -6.25 -36.2093 66.25 -6.25 0 66.25
2 24 -10 -40 70 -10 0 70
2 24 7.5028 0 70 -10 0 70
2 24 7.5028 0 70 9.2685 -0.7314 70
2 24 9.2685 -0.7314 70 9.9999 -2.4972 70
2 24 7.5028 0 66.25 9.2685 -0.7314 66.25
2 24 9.9999 -2.4972 66.25 9.2685 -0.7314 66.25
2 24 -6.25 -36.2093 66.25 10 -36.2093 66.25
2 24 10 -24 66.25 10 -36.2093 66.25
2 24 10 -24 70 9.9999 -2.4972 70
2 24 10.0003 -17.5 10 -6.25 -17.5 10
2 24 -6.25 -28.7297 30.9534 -6.25 -17.5 10
0 STEP
