0 Container, Box 2 x 2 x 1 1/3 Lid with Stud
0 Name: bl_7712.dat
0 Author: 
0 BL_Item_No 7712
0 BFC CERTIFY CCW
3 16 3.75 -4.625 -4 3.75 -1.262 -3.0475 3.75 -2.3264 -2.3302
3 16 0 3.6893 -1.5301 3.75 3.6893 -1.5301 0 2.8222 -2.8272
3 16 0 2.8222 -2.8272 3.75 3.6893 -1.5301 3.75 2.8222 -2.8272
3 16 3.75 2.8222 2.8272 0 2.8222 2.8272 3.75 1.5306 3.6956
3 16 3.75 1.5306 3.6956 0 2.8222 2.8272 0 1.5306 3.6956
3 16 10 -26.4027 8.5972 10 -27.375 9 10 -31.9375 8.7513
3 16 10 -31.9375 8.7513 10 -27.375 9 10 -31.1488 9
3 16 7.5 -26.4027 8.5972 10 -26.4027 8.5972 7.5 -26 7.625
3 16 7.5 -26 7.625 10 -26.4027 8.5972 10 -26 7.625
3 16 3.75 3.6893 1.5301 0 3.6893 1.5301 3.75 2.8222 2.8272
3 16 3.75 2.8222 2.8272 0 3.6893 1.5301 0 2.8222 2.8272
3 16 32.125 1.5307 -3.6955 7.875 1.5307 -3.6955 32.125 2.8284 -2.8284
3 16 32.125 2.8284 -2.8284 7.875 1.5307 -3.6955 7.875 2.8284 -2.8284
3 16 7.875 -4.25 1.5 32.125 -4.25 1.5 10.375 -1.75 1.5
3 16 10.375 -1.75 1.5 32.125 -4.25 1.5 29.625 -1.75 1.5
3 16 10 -31.9375 8.7513 10 -31.1488 9 7.5 -31.9375 8.7513
3 16 7.5 -31.9375 8.7513 10 -31.1488 9 7.5 -31.1488 9
3 16 10 -32.4409 8.0953 10 -33.1125 6.25 10 -26 7.625
3 16 32.125 0 -4 7.875 0 -4 32.125 1.5307 -3.6955
3 16 32.125 1.5307 -3.6955 7.875 0 -4 7.875 1.5307 -3.6955
3 16 32.125 2.8284 -2.8284 7.875 2.8284 -2.8284 32.125 3.6955 -1.5307
3 16 32.125 3.6955 -1.5307 7.875 2.8284 -2.8284 7.875 3.6955 -1.5307
3 16 3.75 4 0 0 4 0 3.75 3.6893 1.5301
3 16 3.75 3.6893 1.5301 0 4 0 0 3.6893 1.5301
3 16 7.875 4 0 32.125 4 0 7.875 3.6955 -1.5307
3 16 7.875 3.6955 -1.5307 32.125 4 0 32.125 3.6955 -1.5307
3 16 7.5 -27.375 9 10 -27.375 9 7.5 -26.4027 8.5972
3 16 7.5 -26.4027 8.5972 10 -27.375 9 10 -26.4027 8.5972
3 16 0 2.8222 -2.8272 3.75 2.8222 -2.8272 0 1.5306 -3.6956
3 16 0 1.5306 -3.6956 3.75 2.8222 -2.8272 3.75 1.5306 -3.6956
3 16 7.5 -27.375 9 7.5 -31.1488 9 10 -27.375 9
3 16 10 -27.375 9 7.5 -31.1488 9 10 -31.1488 9
3 16 10 -31.9375 8.7513 7.5 -31.9375 8.7513 10 -32.4409 8.0953
3 16 10 -32.4409 8.0953 7.5 -31.9375 8.7513 7.5 -32.4409 8.0953
3 16 4.2327 1.1259 1.1278 4.375 0 0 4.2324 1.4737 0.6113
3 16 4.2322 0.6107 -1.4748 4.375 0 0 4.2319 0 -1.5978
3 16 4.375 0 0 4.2323 1.5961 0 4.2324 1.4737 0.6113
3 16 4.375 0 0 4.2322 -0.6107 -1.4748 4.2319 0 -1.5978
3 16 3.75 -5.0626 -1.1865 3.75 -4.625 -0.9863 3.75 -4.625 4
3 16 3.75 -4.625 4 3.75 -4.625 -0.9863 3.75 -3.2971 -0.0845
3 16 4.2327 -1.1259 -1.1278 4.375 0 0 4.2324 -1.4737 -0.6113
3 16 4.375 0 0 4.2327 1.1259 -1.1277 4.2324 1.4737 -0.6113
3 16 4.375 0 0 4.2327 -1.1259 -1.1278 4.2322 -0.6107 -1.4748
3 16 4.2319 0 1.5978 4.375 0 0 4.2322 0.6107 1.4748
3 16 3.75 -3.0451 -1.2632 3.75 -4.625 -4 3.75 -2.3264 -2.3302
3 16 4.2327 -1.1259 -1.1278 3.75 -2.3264 -2.3302 4.2322 -0.6107 -1.4748
3 16 4.2322 -0.6107 -1.4748 3.75 -2.3264 -2.3302 3.75 -1.262 -3.0475
3 16 4.2324 1.4737 0.6113 4.2323 1.5961 0 3.75 3.0451 1.2632
3 16 3.75 3.0451 1.2632 4.2323 1.5961 0 3.75 3.2982 0
3 16 4.2327 1.1259 -1.1277 3.75 2.3264 -2.3302 4.2324 1.4737 -0.6113
3 16 4.2324 1.4737 -0.6113 3.75 2.3264 -2.3302 3.75 3.0451 -1.2632
3 16 4.2361 -1.5762 0 4.1717 -1.5762 1.0381 3.75 -2.2136 0
3 16 3.75 -2.2136 0 4.1717 -1.5762 1.0381 3.75 -2.1769 1.0669
3 16 4.2322 0.6107 -1.4748 4.2319 0 -1.5978 3.75 1.262 -3.0475
3 16 3.75 1.262 -3.0475 4.2319 0 -1.5978 3.75 0 -3.3018
3 16 4.2327 -1.1259 -1.1278 4.2324 -1.4737 -0.6113 3.75 -2.3264 -2.3302
3 16 3.75 -2.3264 -2.3302 4.2324 -1.4737 -0.6113 3.75 -3.0451 -1.2632
3 16 4.2322 0.6107 1.4748 3.75 1.262 3.0475 4.2319 0 1.5978
3 16 4.2319 0 1.5978 3.75 1.262 3.0475 3.75 0 3.3018
3 16 4.2361 -1.5762 0 3.75 -2.2136 0 3.75 -3.2971 -0.0845
3 16 3.75 1.262 3.0475 3.75 1.5306 3.6956 3.75 0 3.3018
3 16 3.75 0 3.3018 3.75 1.5306 3.6956 3.75 0 4
3 16 4.1717 -1.5762 1.0381 3.9929 -1.5772 2.063 3.75 -2.1769 1.0669
3 16 3.75 -2.1769 1.0669 3.9929 -1.5772 2.063 3.75 -2.0203 2.122
3 16 29.5814 0.2064 -3.5 10.4186 0.2064 -3.5 29.5814 -1.7064 -3.5
3 16 29.5814 -1.7064 -3.5 10.4186 0.2064 -3.5 10.4186 -1.7064 -3.5
3 16 3.75 4 0 3.75 3.2982 0 3.75 3.6893 -1.5301
3 16 3.75 3.6893 -1.5301 3.75 3.2982 0 3.75 3.0451 -1.2632
3 16 4.2323 1.5961 0 4.375 0 0 4.2324 1.4737 -0.6113
3 16 4.2322 0.6107 1.4748 4.375 0 0 4.2327 1.1259 1.1278
3 16 4.2327 1.1259 -1.1277 4.375 0 0 4.2322 0.6107 -1.4748
3 16 4.2398 -0.6152 1.4275 3.75 -1.262 3.0475 3.9929 -1.5772 2.063
3 16 3.9929 -1.5772 2.063 3.75 -1.262 3.0475 3.75 -1.5762 2.8972
3 16 4.2324 1.4737 -0.6113 3.75 3.0451 -1.2632 4.2323 1.5961 0
3 16 4.2323 1.5961 0 3.75 3.0451 -1.2632 3.75 3.2982 0
3 16 4.2327 1.1259 -1.1277 4.2322 0.6107 -1.4748 3.75 2.3264 -2.3302
3 16 3.75 2.3264 -2.3302 4.2322 0.6107 -1.4748 3.75 1.262 -3.0475
3 16 3.75 -4.625 4 3.75 -1.262 3.0475 3.75 0 4
3 16 3.75 0 4 3.75 -1.262 3.0475 3.75 0 3.3018
3 16 4.2327 1.1259 1.1278 3.75 2.3264 2.3302 4.2322 0.6107 1.4748
3 16 4.2322 0.6107 1.4748 3.75 2.3264 2.3302 3.75 1.262 3.0475
3 16 4.2327 1.1259 1.1278 4.2324 1.4737 0.6113 3.75 2.3264 2.3302
3 16 3.75 2.3264 2.3302 4.2324 1.4737 0.6113 3.75 3.0451 1.2632
3 16 4.2322 -0.6107 -1.4748 3.75 -1.262 -3.0475 4.2319 0 -1.5978
3 16 4.2319 0 -1.5978 3.75 -1.262 -3.0475 3.75 0 -3.3018
3 16 3.75 3.6893 -1.5301 3.75 3.0451 -1.2632 3.75 2.8222 -2.8272
3 16 3.75 2.8222 -2.8272 3.75 3.0451 -1.2632 3.75 2.3264 -2.3302
3 16 3.75 3.6893 1.5301 3.75 2.8222 2.8272 3.75 3.0451 1.2632
3 16 3.75 3.0451 1.2632 3.75 2.8222 2.8272 3.75 2.3264 2.3302
3 16 3.75 4 0 3.75 3.6893 1.5301 3.75 3.2982 0
3 16 3.75 3.2982 0 3.75 3.6893 1.5301 3.75 3.0451 1.2632
3 16 7.875 -4.25 1.5 7.875 3.6955 -1.5307 7.875 2.8284 -2.8284
3 16 3.75 -2.0203 2.122 3.75 -4.625 4 3.75 -2.1769 1.0669
3 16 3.75 0 3.3018 3.75 -1.262 3.0475 4.2319 0 1.5978
3 16 4.2319 0 1.5978 3.75 -1.262 3.0475 4.2398 -0.6152 1.4275
3 16 4.2361 -1.5762 0 3.75 -3.2971 -0.0845 4.2324 -1.4737 -0.6113
3 16 4.2324 -1.4737 -0.6113 3.75 -3.2971 -0.0845 3.75 -3.0451 -1.2632
3 16 10 -32.4409 8.0953 10 -26 7.625 10 -31.9375 8.7513
3 16 10 -31.9375 8.7513 10 -26 7.625 10 -26.4027 8.5972
3 16 30 -32.25 -1.25 30 -26 -1.25 10 -32.25 -1.25
3 16 10 -32.25 -1.25 30 -26 -1.25 10 -26 -1.25
3 16 10.375 -1.75 1.5 10.375 0.25 1.5 7.875 -4.25 1.5
3 16 7.875 -4.25 1.5 10.375 0.25 1.5 7.875 4 1.5
3 16 7.5 -32.4409 8.0953 7.5 -33.1125 6.25 10 -32.4409 8.0953
3 16 10 -32.4409 8.0953 7.5 -33.1125 6.25 10 -33.1125 6.25
3 16 7.875 -4.25 -0.7046 7.875 0 -4 7.875 -4.625 -0.9863
3 16 7.875 0 -4 7.875 -4.625 -4 7.875 -4.625 -0.9863
3 16 7.875 -4.625 -4 3.75 -4.625 -4 7.875 -4.625 -0.9863
3 16 7.875 -4.625 -0.9863 3.75 -4.625 -4 3.75 -4.625 -0.9863
3 16 30 -33.1125 4 10 -33.1125 4 40 -36 4
3 16 40 -36 4 10 -33.1125 4 0 -36 4
3 16 3.75 -2.0203 2.122 3.9929 -1.5772 2.063 3.75 -1.5762 2.8972
3 16 3.75 -5.0626 -1.1865 3.75 -4.625 4 3.75 -5.5124 -1.25
3 16 3.75 -4.625 4 3.75 -3.2971 -0.0845 3.75 -2.1769 1.0669
3 16 3.75 -2.1769 1.0669 3.75 -3.2971 -0.0845 3.75 -2.2136 0
3 16 29.5814 -1.7064 -3.5 10.4186 -1.7064 -3.5 29.625 -1.75 1.5
3 16 29.625 -1.75 1.5 10.4186 -1.7064 -3.5 10.375 -1.75 1.5
3 16 29.625 0.25 1.5 10.375 0.25 1.5 29.5814 0.2064 -3.5
3 16 29.5814 0.2064 -3.5 10.375 0.25 1.5 10.4186 0.2064 -3.5
3 16 7.875 4 1.5 7.875 4 0 7.875 -4.25 1.5
3 16 7.875 -4.625 -0.9863 32.125 -4.625 -0.9863 7.875 -4.25 -0.7046
3 16 7.875 -4.25 -0.7046 32.125 -4.625 -0.9863 32.125 -4.25 -0.7046
3 16 10.4186 0.2064 -3.5 10.375 0.25 1.5 10.4186 -1.7064 -3.5
3 16 10.4186 -1.7064 -3.5 10.375 0.25 1.5 10.375 -1.75 1.5
3 16 7.5 -32.25 -1.25 7.5 -26 -1.25 3.75 -32.25 -1.25
3 16 3.75 -32.25 -1.25 7.5 -26 -1.25 3.75 -5.5124 -1.25
3 16 7.5 -32.4409 8.0953 7.5 -31.9375 8.7513 7.5 -26 7.625
3 16 7.5 -26 7.625 7.5 -31.9375 8.7513 7.5 -26.4027 8.5972
3 16 32.125 -4.25 -0.7046 32.125 -4.25 1.5 7.875 -4.25 -0.7046
3 16 7.875 -4.25 -0.7046 32.125 -4.25 1.5 7.875 -4.25 1.5
3 16 3.75 2.3264 -2.3302 3.75 1.262 -3.0475 3.75 2.8222 -2.8272
3 16 3.75 2.8222 -2.8272 3.75 1.262 -3.0475 3.75 1.5306 -3.6956
3 16 3.75 -2.0203 2.122 3.75 -1.5762 2.8972 3.75 -4.625 4
3 16 4.375 0 0 4.1717 -1.5762 1.0381 4.2361 -1.5762 0
3 16 3.75 1.262 -3.0475 3.75 0 -3.3018 3.75 1.5306 -3.6956
3 16 3.75 1.5306 -3.6956 3.75 0 -3.3018 3.75 0 -4
3 16 3.75 -4.625 -4 3.75 -3.0451 -1.2632 3.75 -4.625 -0.9863
3 16 3.75 -4.625 -0.9863 3.75 -3.0451 -1.2632 3.75 -3.2971 -0.0845
3 16 3.75 2.3264 2.3302 3.75 2.8222 2.8272 3.75 1.262 3.0475
3 16 3.75 1.262 3.0475 3.75 2.8222 2.8272 3.75 1.5306 3.6956
3 16 30 -33.1125 4 30 -32.25 4 10 -33.1125 4
3 16 10 -33.1125 4 30 -32.25 4 10 -32.25 4
3 16 7.5 -33.1125 4 7.5 -33.1125 6.25 7.5 -32.25 4
3 16 7.5 -26 7.625 7.5 -32.25 4 7.5 -33.1125 6.25
3 16 3.75 -4.625 4 3.75 0 4 0 0 4
3 16 7.5 -26.4027 8.5972 7.5 -31.9375 8.7513 7.5 -27.375 9
3 16 7.5 -27.375 9 7.5 -31.9375 8.7513 7.5 -31.1488 9
3 16 7.875 -4.25 1.5 7.875 1.5307 -3.6955 7.875 0 -4
3 16 7.875 2.8284 -2.8284 7.875 1.5307 -3.6955 7.875 -4.25 1.5
3 16 7.875 -4.25 1.5 7.875 4 0 7.875 3.6955 -1.5307
3 16 3.75 -4.625 -4 3.75 0 -4 3.75 -1.262 -3.0475
3 16 3.75 -1.262 -3.0475 3.75 0 -4 3.75 0 -3.3018
3 16 10 -26 7.625 10 -32.25 4 10 -26 -1.25
3 16 10 -26 -1.25 10 -32.25 4 10 -32.25 -1.25
3 16 7.5 -32.25 -1.25 7.5 -32.25 4 7.5 -26 -1.25
3 16 7.5 -26 -1.25 7.5 -32.25 4 7.5 -26 7.625
3 16 10 -32.25 4 30 -32.25 4 10 -32.25 -1.25
3 16 10 -32.25 -1.25 30 -32.25 4 30 -32.25 -1.25
3 16 7.5 -32.4409 8.0953 7.5 -26 7.625 7.5 -33.1125 6.25
3 16 3.75 4 0 3.75 3.6893 -1.5301 0 4 0
3 16 0 4 0 3.75 3.6893 -1.5301 0 3.6893 -1.5301
3 16 0 0 4 3.75 0 4 0 1.5306 3.6956
3 16 0 1.5306 3.6956 3.75 0 4 3.75 1.5306 3.6956
3 16 7.5 -32.25 4 7.5 -32.25 -1.25 3.75 -32.25 4
3 16 3.75 -32.25 4 7.5 -32.25 -1.25 3.75 -32.25 -1.25
3 16 3.75 1.5306 -3.6956 3.75 0 -4 0 1.5306 -3.6956
3 16 0 1.5306 -3.6956 3.75 0 -4 0 0 -4
3 16 7.5 -33.1125 6.25 7.5 -33.1125 4 10 -33.1125 6.25
3 16 10 -33.1125 6.25 7.5 -33.1125 4 10 -33.1125 4
3 16 7.5 -32.25 4 3.75 -32.25 4 7.5 -33.1125 4
3 16 7.5 -33.1125 4 3.75 -32.25 4 0 -36 4
3 16 32.125 4 1.5 32.125 4 0 7.875 4 1.5
3 16 7.875 4 1.5 32.125 4 0 7.875 4 0
3 16 7.875 -4.625 -0.9863 3.75 -4.625 -0.9863 3.75 -5.0626 -1.1865
3 16 29.625 0.25 1.5 32.125 4 1.5 10.375 0.25 1.5
3 16 10.375 0.25 1.5 32.125 4 1.5 7.875 4 1.5
3 16 4.2319 0 1.5978 4.2398 -0.6152 1.4275 4.375 0 0
3 16 4.2361 -1.5762 0 4.2324 -1.4737 -0.6113 4.375 0 0
3 16 3.75 -1.5762 2.8972 3.75 -1.262 3.0475 3.75 -4.625 4
3 16 7.875 -4.25 -0.7046 7.875 -4.25 1.5 7.875 0 -4
3 16 3.75 -4.625 -4 0 -36 -4 0 0 -4
3 16 0 0 4 0 1.5306 3.6956 0 0 -4
3 16 0 0 -4 0 1.5306 3.6956 0 1.5306 -3.6956
3 16 7.5 -26 -1.25 7.5 -26 7.625 10 -26 -1.25
3 16 10 -26 -1.25 7.5 -26 7.625 10 -26 7.625
3 16 40 -36 -4 32.125 -4.625 -4 36.25 -4.625 -4
3 16 32.125 -4.625 -0.9863 7.875 -4.625 -0.9863 36.25 -5.0626 -1.1865
3 16 36.25 -5.0626 -1.1865 7.875 -4.625 -0.9863 3.75 -5.0626 -1.1865
3 16 3.75 -4.625 4 3.75 -32.25 4 3.75 -5.5124 -1.25
3 16 3.75 -5.5124 -1.25 3.75 -32.25 4 3.75 -32.25 -1.25
3 16 3.75 -32.25 4 3.75 -4.625 4 0 -36 4
3 16 0 -36 4 3.75 -4.625 4 0 0 4
3 16 0 2.8222 -2.8272 0 1.5306 -3.6956 0 2.8222 2.8272
3 16 0 2.8222 2.8272 0 1.5306 -3.6956 0 1.5306 3.6956
3 16 0 3.6893 -1.5301 0 2.8222 -2.8272 0 3.6893 1.5301
3 16 0 3.6893 1.5301 0 2.8222 -2.8272 0 2.8222 2.8272
3 16 0 4 0 0 3.6893 -1.5301 0 3.6893 1.5301
3 16 36.25 -5.0626 -1.1865 3.75 -5.0626 -1.1865 36.25 -5.5124 -1.25
3 16 36.25 -5.5124 -1.25 3.75 -5.0626 -1.1865 3.75 -5.5124 -1.25
3 16 10 -33.1125 4 10 -32.25 4 10 -33.1125 6.25
3 16 10 -33.1125 6.25 10 -32.25 4 10 -26 7.625
3 16 0 -36 -4 0 -36 4 0 0 -4
3 16 0 0 -4 0 -36 4 0 0 4
3 16 3.75 0 -4 3.75 -4.625 -4 0 0 -4
3 16 32.125 -4.625 -4 7.875 -4.625 -4 32.125 0 -4
3 16 32.125 0 -4 7.875 -4.625 -4 7.875 0 -4
3 16 35.7676 1.4737 0.6113 36.25 3.0451 1.2632 35.7678 1.5961 0
3 16 35.7678 1.5961 0 36.25 3.0451 1.2632 36.25 3.2982 0
3 16 32.5 -27.375 9 30 -27.375 9 32.5 -31.1488 9
3 16 32.5 -31.1488 9 30 -27.375 9 30 -31.1488 9
3 16 36.25 -2.2136 0 35.7639 -1.5762 0 36.25 -3.2971 -0.0845
3 16 32.5 -31.9375 8.7513 30 -31.9375 8.7513 32.5 -32.4409 8.0953
3 16 32.5 -32.4409 8.0953 30 -31.9375 8.7513 30 -32.4409 8.0953
3 16 36.25 -4.625 4 40 0 4 36.25 0 4
3 16 35.7678 0.6107 1.4748 35.625 0 0 35.7681 0 1.5978
3 16 35.7673 -1.1259 -1.1278 35.625 0 0 35.7678 -0.6107 -1.4748
3 16 35.7639 -1.5762 0 36.25 -2.2136 0 35.8284 -1.5762 1.0381
3 16 35.8284 -1.5762 1.0381 36.25 -2.2136 0 36.25 -2.1769 1.0669
3 16 35.7678 1.5961 0 35.625 0 0 35.7676 1.4737 0.6113
3 16 36.25 -1.262 -3.0475 36.25 -4.625 -4 36.25 -2.3264 -2.3302
3 16 35.7673 1.1259 -1.1277 35.625 0 0 35.7676 1.4737 -0.6113
3 16 32.125 4 1.5 32.125 -4.25 1.5 32.125 4 0
3 16 36.25 -4.625 -4 36.25 -3.0451 -1.2632 36.25 -2.3264 -2.3302
3 16 35.7676 1.4737 -0.6113 35.7678 1.5961 0 36.25 3.0451 -1.2632
3 16 36.25 3.0451 -1.2632 35.7678 1.5961 0 36.25 3.2982 0
3 16 35.7639 -1.5762 0 35.7676 -1.4737 -0.6113 36.25 -3.2971 -0.0845
3 16 36.25 -3.2971 -0.0845 35.7676 -1.4737 -0.6113 36.25 -3.0451 -1.2632
3 16 0 -36 -4 7.875 -4.625 -4 40 -36 -4
3 16 40 -36 -4 7.875 -4.625 -4 32.125 -4.625 -4
3 16 36.25 -4.625 4 36.25 0 4 36.25 -1.262 3.0475
3 16 36.25 -1.262 3.0475 36.25 0 4 36.25 0 3.3018
3 16 35.625 0 0 35.7673 1.1259 -1.1277 35.7678 0.6107 -1.4748
3 16 30 -26.4027 8.5972 30 -26 7.625 30 -31.9375 8.7513
3 16 30 -31.9375 8.7513 30 -26 7.625 30 -32.4409 8.0953
3 16 32.125 -4.625 -4 32.125 -4.625 -0.9863 36.25 -4.625 -4
3 16 36.25 -4.625 -4 32.125 -4.625 -0.9863 36.25 -4.625 -0.9863
3 16 35.7678 -0.6107 -1.4748 35.7681 0 -1.5978 36.25 -1.262 -3.0475
3 16 36.25 -1.262 -3.0475 35.7681 0 -1.5978 36.25 0 -3.3018
3 16 32.5 -32.4409 8.0953 32.5 -26 7.625 32.5 -31.9375 8.7513
3 16 32.5 -31.9375 8.7513 32.5 -26 7.625 32.5 -26.4027 8.5972
3 16 35.7673 -1.1259 -1.1278 36.25 -2.3264 -2.3302 35.7676 -1.4737 -0.6113
3 16 35.7676 -1.4737 -0.6113 36.25 -2.3264 -2.3302 36.25 -3.0451 -1.2632
3 16 36.25 0 -4 40 0 -4 36.25 -4.625 -4
3 16 30 -31.9375 8.7513 32.5 -31.9375 8.7513 30 -31.1488 9
3 16 30 -31.1488 9 32.5 -31.9375 8.7513 32.5 -31.1488 9
3 16 36.25 3.6893 -1.5301 40 3.6893 -1.5301 36.25 2.8222 -2.8272
3 16 36.25 2.8222 -2.8272 40 3.6893 -1.5301 40 2.8222 -2.8272
3 16 30 -32.4409 8.0953 30 -26 7.625 30 -33.1125 6.25
3 16 36.25 0 -4 36.25 0 -3.3018 36.25 1.5306 -3.6956
3 16 36.25 1.5306 -3.6956 36.25 0 -3.3018 36.25 1.262 -3.0475
3 16 30 -26.4027 8.5972 30 -31.9375 8.7513 30 -27.375 9
3 16 30 -27.375 9 30 -31.9375 8.7513 30 -31.1488 9
3 16 40 2.8222 2.8272 36.25 2.8222 2.8272 40 1.5306 3.6956
3 16 40 1.5306 3.6956 36.25 2.8222 2.8272 36.25 1.5306 3.6956
3 16 32.5 -33.1125 4 32.5 -32.25 4 32.5 -33.1125 6.25
3 16 32.5 -26 7.625 32.5 -33.1125 6.25 32.5 -32.25 4
3 16 36.25 -1.262 -3.0475 36.25 -2.3264 -2.3302 35.7678 -0.6107 -1.4748
3 16 35.7678 -0.6107 -1.4748 36.25 -2.3264 -2.3302 35.7673 -1.1259 -1.1278
3 16 32.125 -4.625 -0.9863 36.25 -5.0626 -1.1865 36.25 -4.625 -0.9863
3 16 36.25 -4.625 4 36.25 -2.1769 1.0669 36.25 -3.2971 -0.0845
3 16 36.25 -3.2971 -0.0845 36.25 -2.1769 1.0669 36.25 -2.2136 0
3 16 35.625 0 0 35.7676 -1.4737 -0.6113 35.7639 -1.5762 0
3 16 36.0072 -1.5772 2.063 36.25 -2.0203 2.122 36.25 -1.5762 2.8972
3 16 36.25 0 -3.3018 35.7681 0 -1.5978 36.25 1.262 -3.0475
3 16 36.25 1.262 -3.0475 35.7681 0 -1.5978 35.7678 0.6107 -1.4748
3 16 36.25 3.0451 1.2632 35.7676 1.4737 0.6113 36.25 2.3264 2.3302
3 16 36.25 2.3264 2.3302 35.7676 1.4737 0.6113 35.7673 1.1259 1.1278
3 16 32.125 -4.25 -0.7046 32.125 0 -4 32.125 -4.25 1.5
3 16 32.5 -33.1125 6.25 30 -33.1125 6.25 32.5 -33.1125 4
3 16 32.5 -33.1125 4 30 -33.1125 6.25 30 -33.1125 4
3 16 40 2.8222 2.8272 40 2.8222 -2.8272 40 3.6893 1.5301
3 16 40 3.6893 1.5301 40 2.8222 -2.8272 40 3.6893 -1.5301
3 16 32.5 -31.1488 9 32.5 -31.9375 8.7513 32.5 -27.375 9
3 16 32.5 -27.375 9 32.5 -31.9375 8.7513 32.5 -26.4027 8.5972
3 16 40 3.6893 1.5301 40 3.6893 -1.5301 40 4 0
3 16 36.25 -5.0626 -1.1865 36.25 -4.625 4 36.25 -4.625 -0.9863
3 16 36.25 -4.625 4 36.25 -3.2971 -0.0845 36.25 -4.625 -0.9863
3 16 40 3.6893 1.5301 40 4 0 36.25 3.6893 1.5301
3 16 36.25 3.6893 1.5301 40 4 0 36.25 4 0
3 16 36.25 -4.625 -4 36.25 -1.262 -3.0475 36.25 0 -4
3 16 36.25 0 -4 36.25 -1.262 -3.0475 36.25 0 -3.3018
3 16 36.25 3.6893 -1.5301 36.25 2.8222 -2.8272 36.25 3.0451 -1.2632
3 16 36.25 3.0451 -1.2632 36.25 2.8222 -2.8272 36.25 2.3264 -2.3302
3 16 32.5 -26 7.625 30 -26 7.625 32.5 -26.4027 8.5972
3 16 32.5 -26.4027 8.5972 30 -26 7.625 30 -26.4027 8.5972
3 16 35.7681 0 1.5978 35.625 0 0 35.7602 -0.6152 1.4275
3 16 35.7673 1.1259 -1.1277 35.7676 1.4737 -0.6113 36.25 2.3264 -2.3302
3 16 36.25 2.3264 -2.3302 35.7676 1.4737 -0.6113 36.25 3.0451 -1.2632
3 16 36.25 3.6893 1.5301 36.25 3.0451 1.2632 36.25 2.8222 2.8272
3 16 36.25 2.8222 2.8272 36.25 3.0451 1.2632 36.25 2.3264 2.3302
3 16 35.8284 -1.5762 1.0381 36.25 -2.1769 1.0669 36.0072 -1.5772 2.063
3 16 36.0072 -1.5772 2.063 36.25 -2.1769 1.0669 36.25 -2.0203 2.122
3 16 32.5 -32.25 4 32.5 -33.1125 4 36.25 -32.25 4
3 16 36.25 -32.25 4 32.5 -33.1125 4 40 -36 4
3 16 3.75 -4.625 -4 7.875 -4.625 -4 0 -36 -4
3 16 36.25 2.3264 2.3302 36.25 1.262 3.0475 36.25 2.8222 2.8272
3 16 36.25 2.8222 2.8272 36.25 1.262 3.0475 36.25 1.5306 3.6956
3 16 36.25 0 3.3018 36.25 0 4 36.25 1.262 3.0475
3 16 36.25 1.262 3.0475 36.25 0 4 36.25 1.5306 3.6956
3 16 35.625 0 0 35.7678 0.6107 -1.4748 35.7681 0 -1.5978
3 16 35.625 0 0 35.7673 1.1259 1.1278 35.7676 1.4737 0.6113
3 16 36.25 0 3.3018 36.25 1.262 3.0475 35.7681 0 1.5978
3 16 35.7681 0 1.5978 36.25 1.262 3.0475 35.7678 0.6107 1.4748
3 16 35.7681 0 -1.5978 35.7678 -0.6107 -1.4748 35.625 0 0
3 16 32.125 -4.25 1.5 32.125 0 -4 32.125 1.5307 -3.6955
3 16 36.25 0 3.3018 35.7681 0 1.5978 36.25 -1.262 3.0475
3 16 36.25 -1.262 3.0475 35.7681 0 1.5978 35.7602 -0.6152 1.4275
3 16 35.625 0 0 35.7639 -1.5762 0 35.8284 -1.5762 1.0381
3 16 40 0 4 40 0 -4 40 1.5306 3.6956
3 16 40 1.5306 3.6956 40 0 -4 40 1.5306 -3.6956
3 16 7.5 -33.1125 4 0 -36 4 10 -33.1125 4
3 16 35.7673 -1.1259 -1.1278 35.7676 -1.4737 -0.6113 35.625 0 0
3 16 32.5 -27.375 9 32.5 -26.4027 8.5972 30 -27.375 9
3 16 30 -27.375 9 32.5 -26.4027 8.5972 30 -26.4027 8.5972
3 16 36.25 3.0451 1.2632 36.25 3.6893 1.5301 36.25 3.2982 0
3 16 36.25 3.2982 0 36.25 3.6893 1.5301 36.25 4 0
3 16 32.5 -26 7.625 32.5 -32.25 4 32.5 -26 -1.25
3 16 32.5 -26 -1.25 32.5 -32.25 4 32.5 -32.25 -1.25
3 16 36.25 1.5306 -3.6956 36.25 1.262 -3.0475 36.25 2.8222 -2.8272
3 16 36.25 2.8222 -2.8272 36.25 1.262 -3.0475 36.25 2.3264 -2.3302
3 16 32.125 3.6955 -1.5307 32.125 4 0 32.125 -4.25 1.5
3 16 40 3.6893 -1.5301 36.25 3.6893 -1.5301 40 4 0
3 16 40 4 0 36.25 3.6893 -1.5301 36.25 4 0
3 16 36.25 3.6893 1.5301 36.25 2.8222 2.8272 40 3.6893 1.5301
3 16 40 3.6893 1.5301 36.25 2.8222 2.8272 40 2.8222 2.8272
3 16 29.625 -1.75 1.5 32.125 -4.25 1.5 29.625 0.25 1.5
3 16 29.625 0.25 1.5 32.125 -4.25 1.5 32.125 4 1.5
3 16 10 -26 -1.25 3.75 -5.5124 -1.25 7.5 -26 -1.25
3 16 35.625 0 0 35.8284 -1.5762 1.0381 35.7602 -0.6152 1.4275
3 16 32.125 -4.25 1.5 32.125 2.8284 -2.8284 32.125 3.6955 -1.5307
3 16 36.25 1.262 3.0475 36.25 2.3264 2.3302 35.7678 0.6107 1.4748
3 16 35.7678 0.6107 1.4748 36.25 2.3264 2.3302 35.7673 1.1259 1.1278
3 16 40 0 -4 36.25 0 -4 40 1.5306 -3.6956
3 16 40 1.5306 -3.6956 36.25 0 -4 36.25 1.5306 -3.6956
3 16 36.25 -1.5762 2.8972 36.25 -2.0203 2.122 36.25 -4.625 4
3 16 36.25 -4.625 4 36.25 -5.0626 -1.1865 36.25 -5.5124 -1.25
3 16 35.7673 1.1259 -1.1277 36.25 2.3264 -2.3302 35.7678 0.6107 -1.4748
3 16 35.7678 0.6107 -1.4748 36.25 2.3264 -2.3302 36.25 1.262 -3.0475
3 16 40 1.5306 -3.6956 36.25 1.5306 -3.6956 40 2.8222 -2.8272
3 16 40 2.8222 -2.8272 36.25 1.5306 -3.6956 36.25 2.8222 -2.8272
3 16 36.25 4 0 36.25 3.6893 -1.5301 36.25 3.2982 0
3 16 36.25 3.2982 0 36.25 3.6893 -1.5301 36.25 3.0451 -1.2632
3 16 32.5 -32.4409 8.0953 30 -32.4409 8.0953 32.5 -33.1125 6.25
3 16 32.5 -33.1125 6.25 30 -32.4409 8.0953 30 -33.1125 6.25
3 16 40 2.8222 2.8272 40 1.5306 3.6956 40 2.8222 -2.8272
3 16 40 2.8222 -2.8272 40 1.5306 3.6956 40 1.5306 -3.6956
3 16 40 0 4 40 1.5306 3.6956 36.25 0 4
3 16 36.25 0 4 40 1.5306 3.6956 36.25 1.5306 3.6956
3 16 32.5 -33.1125 4 30 -33.1125 4 40 -36 4
3 16 35.7673 1.1259 1.1278 35.625 0 0 35.7678 0.6107 1.4748
3 16 35.7678 1.5961 0 35.7676 1.4737 -0.6113 35.625 0 0
3 16 36.25 -4.625 4 36.25 -5.5124 -1.25 36.25 -32.25 4
3 16 36.25 -32.25 4 36.25 -5.5124 -1.25 36.25 -32.25 -1.25
3 16 29.5814 0.2064 -3.5 29.5814 -1.7064 -3.5 29.625 0.25 1.5
3 16 29.625 0.25 1.5 29.5814 -1.7064 -3.5 29.625 -1.75 1.5
3 16 36.25 -5.5124 -1.25 32.5 -26 -1.25 36.25 -32.25 -1.25
3 16 36.25 -32.25 -1.25 32.5 -26 -1.25 32.5 -32.25 -1.25
3 16 32.5 -32.4409 8.0953 32.5 -33.1125 6.25 32.5 -26 7.625
3 16 36.25 -2.1769 1.0669 36.25 -4.625 4 36.25 -2.0203 2.122
3 16 36.25 -3.2971 -0.0845 36.25 -3.0451 -1.2632 36.25 -4.625 -0.9863
3 16 36.25 -4.625 -0.9863 36.25 -3.0451 -1.2632 36.25 -4.625 -4
3 16 32.5 -32.25 4 36.25 -32.25 4 32.5 -32.25 -1.25
3 16 32.5 -32.25 -1.25 36.25 -32.25 4 36.25 -32.25 -1.25
3 16 40 -36 -4 40 0 -4 40 -36 4
3 16 40 -36 4 40 0 -4 40 0 4
3 16 36.25 -1.5762 2.8972 36.25 -4.625 4 36.25 -1.262 3.0475
3 16 32.5 -26 -1.25 30 -26 -1.25 32.5 -26 7.625
3 16 32.5 -26 7.625 30 -26 -1.25 30 -26 7.625
3 16 36.25 -4.625 -4 40 0 -4 40 -36 -4
3 16 36.25 -32.25 4 40 -36 4 36.25 -4.625 4
3 16 36.25 -4.625 4 40 -36 4 40 0 4
3 16 30 -33.1125 4 30 -33.1125 6.25 30 -32.25 4
3 16 30 -33.1125 6.25 30 -26 7.625 30 -32.25 4
3 16 32.125 -4.25 1.5 32.125 1.5307 -3.6955 32.125 2.8284 -2.8284
3 16 32.125 -4.25 -0.7046 32.125 -4.625 -0.9863 32.125 0 -4
3 16 32.125 -4.625 -0.9863 32.125 -4.625 -4 32.125 0 -4
3 16 30 -26 7.625 30 -26 -1.25 30 -32.25 4
3 16 30 -32.25 4 30 -26 -1.25 30 -32.25 -1.25
3 16 0 -36 -4 40 -36 -4 0 -36 4
3 16 0 -36 4 40 -36 -4 40 -36 4
3 16 3.9929 -1.5772 2.063 4.1717 -1.5762 1.0381 4.2398 -0.6152 1.4275
3 16 35.7602 -0.6152 1.4275 36.0072 -1.5772 2.063 36.25 -1.262 3.0475
3 16 36.25 -1.262 3.0475 36.0072 -1.5772 2.063 36.25 -1.5762 2.8972
3 16 35.7602 -0.6152 1.4275 35.8284 -1.5762 1.0381 36.0072 -1.5772 2.063
3 16 4.2398 -0.6152 1.4275 4.1717 -1.5762 1.0381 4.375 0 0
3 16 36.25 -5.5124 -1.25 3.75 -5.5124 -1.25 30 -26 -1.25
3 16 30 -26 -1.25 3.75 -5.5124 -1.25 10 -26 -1.25
3 16 36.25 -5.5124 -1.25 30 -26 -1.25 32.5 -26 -1.25
3 16 16.874 -21.4144 -4 14.5856 -19.126 -4 16.874 -21.4144 -8.45
3 16 16.874 -21.4144 -8.45 14.5856 -19.126 -4 14.5856 -19.126 -8.45
3 16 14.5856 -19.126 -4 13.748 -16 -4 14.5856 -19.126 -8.45
3 16 14.5856 -19.126 -8.45 13.748 -16 -4 13.748 -16 -8.45
3 16 13.748 -16 -4 14.5856 -12.874 -4 13.748 -16 -8.45
3 16 13.748 -16 -8.45 14.5856 -12.874 -4 14.5856 -12.874 -8.45
3 16 14.5856 -12.874 -4 16.874 -10.5856 -4 14.5856 -12.874 -8.45
3 16 14.5856 -12.874 -8.45 16.874 -10.5856 -4 16.874 -10.5856 -8.45
3 16 16.874 -10.5856 -4 20 -9.748 -4 16.874 -10.5856 -8.45
3 16 16.874 -10.5856 -8.45 20 -9.748 -4 20 -9.748 -8.45
3 16 20 -9.748 -4 23.126 -10.5856 -4 20 -9.748 -8.45
3 16 20 -9.748 -8.45 23.126 -10.5856 -4 23.126 -10.5856 -8.45
3 16 23.126 -10.5856 -4 25.4144 -12.874 -4 23.126 -10.5856 -8.45
3 16 23.126 -10.5856 -8.45 25.4144 -12.874 -4 25.4144 -12.874 -8.45
3 16 25.4144 -12.874 -4 26.252 -16 -4 25.4144 -12.874 -8.45
3 16 25.4144 -12.874 -8.45 26.252 -16 -4 26.252 -16 -8.45
3 16 26.252 -16 -4 25.4144 -19.126 -4 26.252 -16 -8.45
3 16 26.252 -16 -8.45 25.4144 -19.126 -4 25.4144 -19.126 -8.45
3 16 25.4144 -19.126 -4 23.126 -21.4144 -4 25.4144 -19.126 -8.45
3 16 25.4144 -19.126 -8.45 23.126 -21.4144 -4 23.126 -21.4144 -8.45
3 16 23.126 -21.4144 -4 20 -22.252 -4 23.126 -21.4144 -8.45
3 16 23.126 -21.4144 -8.45 20 -22.252 -4 20 -22.252 -8.45
3 16 20 -22.252 -4 16.874 -21.4144 -4 20 -22.252 -8.45
3 16 20 -22.252 -8.45 16.874 -21.4144 -4 16.874 -21.4144 -8.45
3 16 16.874 -21.4144 -8.45 14.5856 -19.126 -8.45 17.9623 -19.5295 -8.45
3 16 17.9623 -19.5295 -8.45 14.5856 -19.126 -8.45 16.4705 -18.0377 -8.45
3 16 14.5856 -19.126 -8.45 13.748 -16 -8.45 16.4705 -18.0377 -8.45
3 16 16.4705 -18.0377 -8.45 13.748 -16 -8.45 15.9245 -16 -8.45
3 16 13.748 -16 -8.45 14.5856 -12.874 -8.45 15.9245 -16 -8.45
3 16 15.9245 -16 -8.45 14.5856 -12.874 -8.45 16.4705 -13.9623 -8.45
3 16 14.5856 -12.874 -8.45 16.874 -10.5856 -8.45 16.4705 -13.9623 -8.45
3 16 16.4705 -13.9623 -8.45 16.874 -10.5856 -8.45 17.9623 -12.4705 -8.45
3 16 16.874 -10.5856 -8.45 20 -9.748 -8.45 17.9623 -12.4705 -8.45
3 16 17.9623 -12.4705 -8.45 20 -9.748 -8.45 20 -11.9245 -8.45
3 16 20 -9.748 -8.45 23.126 -10.5856 -8.45 20 -11.9245 -8.45
3 16 20 -11.9245 -8.45 23.126 -10.5856 -8.45 22.0378 -12.4705 -8.45
3 16 23.126 -10.5856 -8.45 25.4144 -12.874 -8.45 22.0378 -12.4705 -8.45
3 16 22.0378 -12.4705 -8.45 25.4144 -12.874 -8.45 23.5295 -13.9623 -8.45
3 16 25.4144 -12.874 -8.45 26.252 -16 -8.45 23.5295 -13.9623 -8.45
3 16 23.5295 -13.9623 -8.45 26.252 -16 -8.45 24.0755 -16 -8.45
3 16 26.252 -16 -8.45 25.4144 -19.126 -8.45 24.0755 -16 -8.45
3 16 24.0755 -16 -8.45 25.4144 -19.126 -8.45 23.5295 -18.0377 -8.45
3 16 25.4144 -19.126 -8.45 23.126 -21.4144 -8.45 23.5295 -18.0377 -8.45
3 16 23.5295 -18.0377 -8.45 23.126 -21.4144 -8.45 22.0378 -19.5295 -8.45
3 16 23.126 -21.4144 -8.45 20 -22.252 -8.45 22.0378 -19.5295 -8.45
3 16 22.0378 -19.5295 -8.45 20 -22.252 -8.45 20 -20.0755 -8.45
3 16 20 -22.252 -8.45 16.874 -21.4144 -8.45 20 -20.0755 -8.45
3 16 20 -20.0755 -8.45 16.874 -21.4144 -8.45 17.9623 -19.5295 -8.45
3 16 17.9623 -19.5295 -8.45 16.4705 -18.0377 -8.45 17.9623 -19.5295 -4
3 16 17.9623 -19.5295 -4 16.4705 -18.0377 -8.45 16.4705 -18.0377 -4
3 16 16.4705 -18.0377 -8.45 15.9245 -16 -8.45 16.4705 -18.0377 -4
3 16 16.4705 -18.0377 -4 15.9245 -16 -8.45 15.9245 -16 -4
3 16 15.9245 -16 -8.45 16.4705 -13.9623 -8.45 15.9245 -16 -4
3 16 15.9245 -16 -4 16.4705 -13.9623 -8.45 16.4705 -13.9623 -4
3 16 16.4705 -13.9623 -8.45 17.9623 -12.4705 -8.45 16.4705 -13.9623 -4
3 16 16.4705 -13.9623 -4 17.9623 -12.4705 -8.45 17.9623 -12.4705 -4
3 16 17.9623 -12.4705 -8.45 20 -11.9245 -8.45 17.9623 -12.4705 -4
3 16 17.9623 -12.4705 -4 20 -11.9245 -8.45 20 -11.9245 -4
3 16 20 -11.9245 -8.45 22.0378 -12.4705 -8.45 20 -11.9245 -4
3 16 20 -11.9245 -4 22.0378 -12.4705 -8.45 22.0378 -12.4705 -4
3 16 22.0378 -12.4705 -8.45 23.5295 -13.9623 -8.45 22.0378 -12.4705 -4
3 16 22.0378 -12.4705 -4 23.5295 -13.9623 -8.45 23.5295 -13.9623 -4
3 16 23.5295 -13.9623 -8.45 24.0755 -16 -8.45 23.5295 -13.9623 -4
3 16 23.5295 -13.9623 -4 24.0755 -16 -8.45 24.0755 -16 -4
3 16 24.0755 -16 -8.45 23.5295 -18.0377 -8.45 24.0755 -16 -4
3 16 24.0755 -16 -4 23.5295 -18.0377 -8.45 23.5295 -18.0377 -4
3 16 23.5295 -18.0377 -8.45 22.0378 -19.5295 -8.45 23.5295 -18.0377 -4
3 16 23.5295 -18.0377 -4 22.0378 -19.5295 -8.45 22.0378 -19.5295 -4
3 16 22.0378 -19.5295 -8.45 20 -20.0755 -8.45 22.0378 -19.5295 -4
3 16 22.0378 -19.5295 -4 20 -20.0755 -8.45 20 -20.0755 -4
3 16 20 -20.0755 -8.45 17.9623 -19.5295 -8.45 20 -20.0755 -4
3 16 20 -20.0755 -4 17.9623 -19.5295 -8.45 17.9623 -19.5295 -4
2 24 3.75 -1.262 -3.0475 3.75 -2.3264 -2.3302
2 24 0 3.6893 -1.5301 0 2.8222 -2.8272
2 24 3.75 3.6893 -1.5301 3.75 2.8222 -2.8272
2 24 3.75 2.8222 2.8272 3.75 1.5306 3.6956
2 24 0 2.8222 2.8272 0 1.5306 3.6956
2 24 10 -26.4027 8.5972 10 -27.375 9
2 24 10 -27.375 9 10 -31.1488 9
2 24 10 -31.9375 8.7513 10 -31.1488 9
2 24 7.5 -26.4027 8.5972 10 -26.4027 8.5972
2 24 7.5 -26.4027 8.5972 7.5 -26 7.625
2 24 10 -26.4027 8.5972 10 -26 7.625
2 24 3.75 2.8222 2.8272 3.75 3.6893 1.5301
2 24 0 2.8222 2.8272 0 3.6893 1.5301
2 24 32.125 1.5307 -3.6955 32.125 2.8284 -2.8284
2 24 7.875 1.5307 -3.6955 7.875 2.8284 -2.8284
2 24 7.875 -4.25 1.5 32.125 -4.25 1.5
2 24 10.375 -1.75 1.5 29.625 -1.75 1.5
2 24 10 -31.9375 8.7513 10 -31.1488 9
2 24 7.5 -31.9375 8.7513 7.5 -31.1488 9
2 24 10 -32.4409 8.0953 10 -33.1125 6.25
2 24 32.125 1.5307 -3.6955 32.125 0 -4
2 24 7.875 1.5307 -3.6955 7.875 0 -4
2 24 32.125 2.8284 -2.8284 32.125 3.6955 -1.5307
2 24 7.875 2.8284 -2.8284 7.875 3.6955 -1.5307
2 24 3.75 3.6893 1.5301 3.75 4 0
2 24 0 3.6893 1.5301 0 4 0
2 24 7.875 3.6955 -1.5307 7.875 4 0
2 24 32.125 3.6955 -1.5307 32.125 4 0
2 24 7.5 -26.4027 8.5972 7.5 -27.375 9
2 24 10 -26.4027 8.5972 10 -27.375 9
2 24 0 2.8222 -2.8272 0 1.5306 -3.6956
2 24 3.75 2.8222 -2.8272 3.75 1.5306 -3.6956
2 24 7.5 -31.1488 9 7.5 -27.375 9
2 24 10 -31.1488 9 10 -27.375 9
2 24 10 -31.9375 8.7513 10 -32.4409 8.0953
2 24 7.5 -31.9375 8.7513 7.5 -32.4409 8.0953
2 24 3.75 -5.0626 -1.1865 3.75 -4.625 -0.9863
2 24 3.75 -2.3264 -2.3302 3.75 -3.0451 -1.2632
2 24 3.75 -2.3264 -2.3302 3.75 -1.262 -3.0475
2 24 3.75 3.0451 1.2632 3.75 3.2982 0
2 24 3.75 2.3264 -2.3302 3.75 3.0451 -1.2632
2 24 4.2361 -1.5762 0 3.75 -2.2136 0
2 24 3.75 -2.2136 0 3.75 -2.1769 1.0669
2 24 3.75 1.262 -3.0475 3.75 0 -3.3018
2 24 3.75 -2.3264 -2.3302 3.75 -3.0451 -1.2632
2 24 3.75 1.262 3.0475 3.75 0 3.3018
2 24 3.75 -2.2136 0 3.75 -3.2971 -0.0845
2 24 4.2361 -1.5762 0 3.75 -2.2136 0
2 24 4.2361 -1.5762 0 3.75 -3.2971 -0.0845
2 24 3.75 1.262 3.0475 3.75 0 3.3018
2 24 3.75 1.5306 3.6956 3.75 0 4
2 24 3.75 -2.1769 1.0669 3.75 -2.0203 2.122
2 24 29.5814 0.2064 -3.5 10.4186 0.2064 -3.5
2 24 29.5814 0.2064 -3.5 29.5814 -1.7064 -3.5
2 24 10.4186 0.2064 -3.5 10.4186 -1.7064 -3.5
2 24 29.5814 -1.7064 -3.5 10.4186 -1.7064 -3.5
2 24 3.75 4 0 3.75 3.6893 -1.5301
2 24 3.75 3.2982 0 3.75 3.0451 -1.2632
2 24 3.75 -1.262 3.0475 3.75 -1.5762 2.8972
2 24 3.75 3.2982 0 3.75 3.0451 -1.2632
2 24 3.75 2.3264 -2.3302 3.75 1.262 -3.0475
2 24 3.75 -4.625 4 3.75 0 4
2 24 3.75 0 3.3018 3.75 -1.262 3.0475
2 24 3.75 1.262 3.0475 3.75 2.3264 2.3302
2 24 3.75 3.0451 1.2632 3.75 2.3264 2.3302
2 24 3.75 -1.262 -3.0475 3.75 0 -3.3018
2 24 3.75 3.6893 -1.5301 3.75 2.8222 -2.8272
2 24 3.75 3.0451 -1.2632 3.75 2.3264 -2.3302
2 24 3.75 3.6893 1.5301 3.75 2.8222 2.8272
2 24 3.75 3.0451 1.2632 3.75 2.3264 2.3302
2 24 3.75 4 0 3.75 3.6893 1.5301
2 24 3.75 3.2982 0 3.75 3.0451 1.2632
2 24 7.875 3.6955 -1.5307 7.875 2.8284 -2.8284
2 24 3.75 -2.0203 2.122 3.75 -2.1769 1.0669
2 24 3.75 0 3.3018 3.75 -1.262 3.0475
2 24 4.2361 -1.5762 0 3.75 -3.2971 -0.0845
2 24 3.75 -3.0451 -1.2632 3.75 -3.2971 -0.0845
2 24 10 -31.9375 8.7513 10 -32.4409 8.0953
2 24 10 -26.4027 8.5972 10 -26 7.625
2 24 30 -32.25 -1.25 30 -26 -1.25
2 24 30 -32.25 -1.25 10 -32.25 -1.25
2 24 10 -32.25 -1.25 10 -26 -1.25
2 24 10.375 -1.75 1.5 10.375 0.25 1.5
2 24 7.875 -4.25 1.5 7.875 4 1.5
2 24 7.5 -32.4409 8.0953 7.5 -33.1125 6.25
2 24 7.5 -33.1125 6.25 10 -33.1125 6.25
2 24 10 -32.4409 8.0953 10 -33.1125 6.25
2 24 7.875 -4.25 -0.7046 7.875 -4.625 -0.9863
2 24 7.875 -4.625 -0.9863 7.875 -4.625 -4
2 24 7.875 0 -4 7.875 -4.625 -4
2 24 7.875 -4.625 -4 3.75 -4.625 -4
2 24 7.875 -4.625 -4 7.875 -4.625 -0.9863
2 24 3.75 -4.625 -4 3.75 -4.625 -0.9863
2 24 7.875 -4.625 -0.9863 3.75 -4.625 -0.9863
2 24 40 -36 4 0 -36 4
2 24 3.75 -2.0203 2.122 3.75 -1.5762 2.8972
2 24 3.75 -5.0626 -1.1865 3.75 -5.5124 -1.25
2 24 3.75 -3.2971 -0.0845 3.75 -2.2136 0
2 24 3.75 -2.1769 1.0669 3.75 -2.2136 0
2 24 29.5814 -1.7064 -3.5 10.4186 -1.7064 -3.5
2 24 29.5814 -1.7064 -3.5 29.625 -1.75 1.5
2 24 10.4186 -1.7064 -3.5 10.375 -1.75 1.5
2 24 29.625 -1.75 1.5 10.375 -1.75 1.5
2 24 29.625 0.25 1.5 10.375 0.25 1.5
2 24 29.625 0.25 1.5 29.5814 0.2064 -3.5
2 24 10.375 0.25 1.5 10.4186 0.2064 -3.5
2 24 29.5814 0.2064 -3.5 10.4186 0.2064 -3.5
2 24 7.875 4 1.5 7.875 4 0
2 24 7.875 -4.25 1.5 7.875 4 1.5
2 24 7.875 -4.625 -0.9863 7.875 -4.25 -0.7046
2 24 32.125 -4.625 -0.9863 32.125 -4.25 -0.7046
2 24 7.875 -4.25 -0.7046 32.125 -4.25 -0.7046
2 24 10.4186 0.2064 -3.5 10.375 0.25 1.5
2 24 10.4186 0.2064 -3.5 10.4186 -1.7064 -3.5
2 24 10.375 0.25 1.5 10.375 -1.75 1.5
2 24 10.4186 -1.7064 -3.5 10.375 -1.75 1.5
2 24 7.5 -32.25 -1.25 7.5 -26 -1.25
2 24 7.5 -32.25 -1.25 3.75 -32.25 -1.25
2 24 3.75 -32.25 -1.25 3.75 -5.5124 -1.25
2 24 7.5 -32.4409 8.0953 7.5 -31.9375 8.7513
2 24 7.5 -26 7.625 7.5 -26.4027 8.5972
2 24 32.125 -4.25 -0.7046 32.125 -4.25 1.5
2 24 32.125 -4.25 -0.7046 7.875 -4.25 -0.7046
2 24 32.125 -4.25 1.5 7.875 -4.25 1.5
2 24 7.875 -4.25 -0.7046 7.875 -4.25 1.5
2 24 3.75 2.3264 -2.3302 3.75 1.262 -3.0475
2 24 3.75 2.8222 -2.8272 3.75 1.5306 -3.6956
2 24 3.75 -2.0203 2.122 3.75 -1.5762 2.8972
2 24 3.75 1.262 -3.0475 3.75 0 -3.3018
2 24 3.75 1.5306 -3.6956 3.75 0 -4
2 24 3.75 -4.625 -4 3.75 -4.625 -0.9863
2 24 3.75 -3.2971 -0.0845 3.75 -3.0451 -1.2632
2 24 3.75 1.262 3.0475 3.75 2.3264 2.3302
2 24 3.75 1.5306 3.6956 3.75 2.8222 2.8272
2 24 30 -33.1125 4 30 -32.25 4
2 24 30 -32.25 4 10 -32.25 4
2 24 10 -33.1125 4 10 -32.25 4
2 24 7.5 -33.1125 4 7.5 -33.1125 6.25
2 24 7.5 -33.1125 4 7.5 -32.25 4
2 24 3.75 -4.625 4 3.75 0 4
2 24 7.5 -26.4027 8.5972 7.5 -27.375 9
2 24 7.5 -31.9375 8.7513 7.5 -31.1488 9
2 24 7.5 -27.375 9 7.5 -31.1488 9
2 24 7.875 0 -4 7.875 1.5307 -3.6955
2 24 7.875 2.8284 -2.8284 7.875 1.5307 -3.6955
2 24 7.875 3.6955 -1.5307 7.875 4 0
2 24 3.75 -4.625 -4 3.75 0 -4
2 24 3.75 -1.262 -3.0475 3.75 0 -3.3018
2 24 10 -26 7.625 10 -26 -1.25
2 24 10 -32.25 4 10 -32.25 -1.25
2 24 10 -26 -1.25 10 -32.25 -1.25
2 24 7.5 -32.25 4 7.5 -32.25 -1.25
2 24 7.5 -32.25 -1.25 7.5 -26 -1.25
2 24 7.5 -26 7.625 7.5 -26 -1.25
2 24 10 -32.25 4 30 -32.25 4
2 24 10 -32.25 4 10 -32.25 -1.25
2 24 30 -32.25 4 30 -32.25 -1.25
2 24 10 -32.25 -1.25 30 -32.25 -1.25
2 24 7.5 -32.4409 8.0953 7.5 -33.1125 6.25
2 24 3.75 3.6893 -1.5301 3.75 4 0
2 24 0 3.6893 -1.5301 0 4 0
2 24 0 1.5306 3.6956 0 0 4
2 24 3.75 1.5306 3.6956 3.75 0 4
2 24 7.5 -32.25 4 7.5 -32.25 -1.25
2 24 7.5 -32.25 4 3.75 -32.25 4
2 24 7.5 -32.25 -1.25 3.75 -32.25 -1.25
2 24 3.75 -32.25 4 3.75 -32.25 -1.25
2 24 3.75 1.5306 -3.6956 3.75 0 -4
2 24 0 1.5306 -3.6956 0 0 -4
2 24 7.5 -33.1125 6.25 7.5 -33.1125 4
2 24 7.5 -33.1125 6.25 10 -33.1125 6.25
2 24 7.5 -33.1125 4 10 -33.1125 4
2 24 10 -33.1125 6.25 10 -33.1125 4
2 24 7.5 -32.25 4 3.75 -32.25 4
2 24 7.5 -32.25 4 7.5 -33.1125 4
2 24 32.125 4 0 32.125 4 1.5
2 24 32.125 4 1.5 7.875 4 1.5
2 24 7.875 4 0 7.875 4 1.5
2 24 3.75 -4.625 -0.9863 3.75 -5.0626 -1.1865
2 24 7.875 -4.625 -0.9863 3.75 -4.625 -0.9863
2 24 10.375 0.25 1.5 29.625 0.25 1.5
2 24 7.875 4 1.5 32.125 4 1.5
2 24 3.75 -1.262 3.0475 3.75 -1.5762 2.8972
2 24 7.875 -4.25 1.5 7.875 -4.25 -0.7046
2 24 0 0 -4 0 -36 -4
2 24 0 0 4 0 1.5306 3.6956
2 24 0 0 -4 0 1.5306 -3.6956
2 24 7.5 -26 7.625 7.5 -26 -1.25
2 24 7.5 -26 -1.25 10 -26 -1.25
2 24 10 -26 7.625 10 -26 -1.25
2 24 32.125 -4.625 -4 36.25 -4.625 -4
2 24 3.75 -4.625 4 3.75 -32.25 4
2 24 3.75 -32.25 4 3.75 -32.25 -1.25
2 24 3.75 -5.5124 -1.25 3.75 -32.25 -1.25
2 24 3.75 -4.625 4 3.75 -32.25 4
2 24 0 -36 4 0 0 4
2 24 0 1.5306 -3.6956 0 2.8222 -2.8272
2 24 0 1.5306 3.6956 0 2.8222 2.8272
2 24 0 2.8222 -2.8272 0 3.6893 -1.5301
2 24 0 2.8222 2.8272 0 3.6893 1.5301
2 24 0 3.6893 -1.5301 0 4 0
2 24 0 3.6893 1.5301 0 4 0
2 24 36.25 -5.0626 -1.1865 36.25 -5.5124 -1.25
2 24 3.75 -5.5124 -1.25 3.75 -5.0626 -1.1865
2 24 10 -32.25 4 10 -33.1125 4
2 24 10 -33.1125 6.25 10 -33.1125 4
2 24 0 -36 -4 0 -36 4
2 24 0 0 -4 0 -36 -4
2 24 0 0 4 0 -36 4
2 24 3.75 0 -4 3.75 -4.625 -4
2 24 32.125 0 -4 32.125 -4.625 -4
2 24 7.875 0 -4 7.875 -4.625 -4
2 24 36.25 3.0451 1.2632 36.25 3.2982 0
2 24 32.5 -27.375 9 32.5 -31.1488 9
2 24 30 -27.375 9 30 -31.1488 9
2 24 35.7639 -1.5762 0 36.25 -3.2971 -0.0845
2 24 36.25 -2.2136 0 35.7639 -1.5762 0
2 24 36.25 -2.2136 0 36.25 -3.2971 -0.0845
2 24 32.5 -31.9375 8.7513 32.5 -32.4409 8.0953
2 24 30 -31.9375 8.7513 30 -32.4409 8.0953
2 24 36.25 -4.625 4 36.25 0 4
2 24 35.7639 -1.5762 0 36.25 -2.2136 0
2 24 36.25 -2.2136 0 36.25 -2.1769 1.0669
2 24 36.25 -1.262 -3.0475 36.25 -2.3264 -2.3302
2 24 32.125 4 1.5 32.125 -4.25 1.5
2 24 32.125 4 1.5 32.125 4 0
2 24 36.25 -2.3264 -2.3302 36.25 -3.0451 -1.2632
2 24 36.25 3.2982 0 36.25 3.0451 -1.2632
2 24 35.7639 -1.5762 0 36.25 -3.2971 -0.0845
2 24 36.25 -3.2971 -0.0845 36.25 -3.0451 -1.2632
2 24 0 -36 -4 40 -36 -4
2 24 36.25 -4.625 4 36.25 0 4
2 24 36.25 -1.262 3.0475 36.25 0 3.3018
2 24 30 -26.4027 8.5972 30 -26 7.625
2 24 30 -31.9375 8.7513 30 -32.4409 8.0953
2 24 32.125 -4.625 -4 32.125 -4.625 -0.9863
2 24 32.125 -4.625 -4 36.25 -4.625 -4
2 24 32.125 -4.625 -0.9863 36.25 -4.625 -0.9863
2 24 36.25 -4.625 -4 36.25 -4.625 -0.9863
2 24 36.25 -1.262 -3.0475 36.25 0 -3.3018
2 24 32.5 -32.4409 8.0953 32.5 -31.9375 8.7513
2 24 32.5 -26 7.625 32.5 -26.4027 8.5972
2 24 36.25 -3.0451 -1.2632 36.25 -2.3264 -2.3302
2 24 36.25 -4.625 -4 36.25 0 -4
2 24 30 -31.1488 9 30 -31.9375 8.7513
2 24 32.5 -31.1488 9 32.5 -31.9375 8.7513
2 24 36.25 3.6893 -1.5301 36.25 2.8222 -2.8272
2 24 40 3.6893 -1.5301 40 2.8222 -2.8272
2 24 30 -32.4409 8.0953 30 -33.1125 6.25
2 24 36.25 0 -4 36.25 1.5306 -3.6956
2 24 36.25 0 -3.3018 36.25 1.262 -3.0475
2 24 30 -26.4027 8.5972 30 -27.375 9
2 24 30 -31.9375 8.7513 30 -31.1488 9
2 24 30 -27.375 9 30 -31.1488 9
2 24 40 2.8222 2.8272 40 1.5306 3.6956
2 24 36.25 2.8222 2.8272 36.25 1.5306 3.6956
2 24 32.5 -33.1125 4 32.5 -32.25 4
2 24 32.5 -33.1125 4 32.5 -33.1125 6.25
2 24 36.25 -1.262 -3.0475 36.25 -2.3264 -2.3302
2 24 36.25 -5.0626 -1.1865 36.25 -4.625 -0.9863
2 24 32.125 -4.625 -0.9863 36.25 -4.625 -0.9863
2 24 36.25 -2.1769 1.0669 36.25 -2.2136 0
2 24 36.25 -3.2971 -0.0845 36.25 -2.2136 0
2 24 36.25 -2.0203 2.122 36.25 -1.5762 2.8972
2 24 36.25 0 -3.3018 36.25 1.262 -3.0475
2 24 36.25 3.0451 1.2632 36.25 2.3264 2.3302
2 24 32.125 -4.25 1.5 32.125 -4.25 -0.7046
2 24 32.5 -33.1125 6.25 30 -33.1125 6.25
2 24 32.5 -33.1125 6.25 32.5 -33.1125 4
2 24 30 -33.1125 6.25 30 -33.1125 4
2 24 32.5 -33.1125 4 30 -33.1125 4
2 24 40 2.8222 2.8272 40 3.6893 1.5301
2 24 40 2.8222 -2.8272 40 3.6893 -1.5301
2 24 32.5 -31.9375 8.7513 32.5 -31.1488 9
2 24 32.5 -31.1488 9 32.5 -27.375 9
2 24 32.5 -26.4027 8.5972 32.5 -27.375 9
2 24 40 3.6893 -1.5301 40 4 0
2 24 40 3.6893 1.5301 40 4 0
2 24 36.25 -5.0626 -1.1865 36.25 -4.625 -0.9863
2 24 40 3.6893 1.5301 40 4 0
2 24 36.25 3.6893 1.5301 36.25 4 0
2 24 36.25 -4.625 -4 36.25 0 -4
2 24 36.25 -1.262 -3.0475 36.25 0 -3.3018
2 24 36.25 3.6893 -1.5301 36.25 2.8222 -2.8272
2 24 36.25 3.0451 -1.2632 36.25 2.3264 -2.3302
2 24 32.5 -26 7.625 32.5 -26.4027 8.5972
2 24 30 -26 7.625 30 -26.4027 8.5972
2 24 32.5 -26.4027 8.5972 30 -26.4027 8.5972
2 24 36.25 3.0451 -1.2632 36.25 2.3264 -2.3302
2 24 36.25 3.6893 1.5301 36.25 2.8222 2.8272
2 24 36.25 3.0451 1.2632 36.25 2.3264 2.3302
2 24 36.25 -2.1769 1.0669 36.25 -2.0203 2.122
2 24 32.5 -32.25 4 32.5 -33.1125 4
2 24 32.5 -32.25 4 36.25 -32.25 4
2 24 3.75 -4.625 -4 7.875 -4.625 -4
2 24 36.25 2.3264 2.3302 36.25 1.262 3.0475
2 24 36.25 2.8222 2.8272 36.25 1.5306 3.6956
2 24 36.25 0 3.3018 36.25 1.262 3.0475
2 24 36.25 0 4 36.25 1.5306 3.6956
2 24 36.25 0 3.3018 36.25 1.262 3.0475
2 24 32.125 0 -4 32.125 1.5307 -3.6955
2 24 36.25 0 3.3018 36.25 -1.262 3.0475
2 24 40 0 4 40 1.5306 3.6956
2 24 40 0 -4 40 1.5306 -3.6956
2 24 10 -33.1125 4 7.5 -33.1125 4
2 24 32.5 -27.375 9 32.5 -26.4027 8.5972
2 24 30 -27.375 9 30 -26.4027 8.5972
2 24 36.25 3.0451 1.2632 36.25 3.2982 0
2 24 36.25 3.6893 1.5301 36.25 4 0
2 24 32.5 -26 7.625 32.5 -26 -1.25
2 24 32.5 -32.25 4 32.5 -32.25 -1.25
2 24 32.5 -26 -1.25 32.5 -32.25 -1.25
2 24 36.25 1.5306 -3.6956 36.25 2.8222 -2.8272
2 24 36.25 1.262 -3.0475 36.25 2.3264 -2.3302
2 24 32.125 4 0 32.125 3.6955 -1.5307
2 24 40 3.6893 -1.5301 40 4 0
2 24 36.25 3.6893 -1.5301 36.25 4 0
2 24 36.25 2.8222 2.8272 36.25 3.6893 1.5301
2 24 40 2.8222 2.8272 40 3.6893 1.5301
2 24 29.625 -1.75 1.5 29.625 0.25 1.5
2 24 32.125 -4.25 1.5 32.125 4 1.5
2 24 10 -26 -1.25 7.5 -26 -1.25
2 24 32.125 3.6955 -1.5307 32.125 2.8284 -2.8284
2 24 36.25 2.3264 2.3302 36.25 1.262 3.0475
2 24 40 0 -4 40 1.5306 -3.6956
2 24 36.25 0 -4 36.25 1.5306 -3.6956
2 24 36.25 -1.5762 2.8972 36.25 -2.0203 2.122
2 24 36.25 -5.0626 -1.1865 36.25 -5.5124 -1.25
2 24 36.25 1.262 -3.0475 36.25 2.3264 -2.3302
2 24 40 2.8222 -2.8272 40 1.5306 -3.6956
2 24 36.25 2.8222 -2.8272 36.25 1.5306 -3.6956
2 24 36.25 3.6893 -1.5301 36.25 4 0
2 24 36.25 3.0451 -1.2632 36.25 3.2982 0
2 24 32.5 -32.4409 8.0953 32.5 -33.1125 6.25
2 24 30 -32.4409 8.0953 30 -33.1125 6.25
2 24 32.5 -33.1125 6.25 30 -33.1125 6.25
2 24 40 2.8222 2.8272 40 1.5306 3.6956
2 24 40 2.8222 -2.8272 40 1.5306 -3.6956
2 24 40 0 4 40 1.5306 3.6956
2 24 36.25 0 4 36.25 1.5306 3.6956
2 24 30 -33.1125 4 32.5 -33.1125 4
2 24 36.25 -4.625 4 36.25 -32.25 4
2 24 36.25 -5.5124 -1.25 36.25 -32.25 -1.25
2 24 36.25 -32.25 4 36.25 -32.25 -1.25
2 24 29.5814 0.2064 -3.5 29.5814 -1.7064 -3.5
2 24 29.5814 0.2064 -3.5 29.625 0.25 1.5
2 24 29.5814 -1.7064 -3.5 29.625 -1.75 1.5
2 24 29.625 0.25 1.5 29.625 -1.75 1.5
2 24 36.25 -5.5124 -1.25 36.25 -32.25 -1.25
2 24 32.5 -26 -1.25 32.5 -32.25 -1.25
2 24 36.25 -32.25 -1.25 32.5 -32.25 -1.25
2 24 32.5 -32.4409 8.0953 32.5 -33.1125 6.25
2 24 36.25 -2.1769 1.0669 36.25 -2.0203 2.122
2 24 36.25 -3.0451 -1.2632 36.25 -3.2971 -0.0845
2 24 36.25 -4.625 -4 36.25 -4.625 -0.9863
2 24 32.5 -32.25 4 36.25 -32.25 4
2 24 32.5 -32.25 4 32.5 -32.25 -1.25
2 24 36.25 -32.25 4 36.25 -32.25 -1.25
2 24 32.5 -32.25 -1.25 36.25 -32.25 -1.25
2 24 40 0 -4 40 -36 -4
2 24 40 -36 -4 40 -36 4
2 24 40 0 4 40 -36 4
2 24 36.25 -1.262 3.0475 36.25 -1.5762 2.8972
2 24 32.5 -26 -1.25 30 -26 -1.25
2 24 32.5 -26 7.625 32.5 -26 -1.25
2 24 30 -26 7.625 30 -26 -1.25
2 24 40 -36 -4 40 0 -4
2 24 36.25 -4.625 4 36.25 -32.25 4
2 24 40 -36 4 40 0 4
2 24 30 -33.1125 6.25 30 -33.1125 4
2 24 30 -33.1125 4 30 -32.25 4
2 24 32.125 1.5307 -3.6955 32.125 2.8284 -2.8284
2 24 32.125 -4.25 -0.7046 32.125 -4.625 -0.9863
2 24 32.125 0 -4 32.125 -4.625 -4
2 24 32.125 -4.625 -0.9863 32.125 -4.625 -4
2 24 30 -26 7.625 30 -26 -1.25
2 24 30 -26 -1.25 30 -32.25 -1.25
2 24 30 -32.25 4 30 -32.25 -1.25
2 24 0 -36 -4 40 -36 -4
2 24 0 -36 -4 0 -36 4
2 24 40 -36 -4 40 -36 4
2 24 0 -36 4 40 -36 4
2 24 36.25 -1.5762 2.8972 36.25 -1.262 3.0475
2 24 30 -26 -1.25 32.5 -26 -1.25
2 24 16.874 -21.4144 -4 14.5856 -19.126 -4
2 24 16.874 -21.4144 -8.45 14.5856 -19.126 -8.45
2 24 14.5856 -19.126 -4 13.748 -16 -4
2 24 14.5856 -19.126 -8.45 13.748 -16 -8.45
2 24 13.748 -16 -4 14.5856 -12.874 -4
2 24 13.748 -16 -8.45 14.5856 -12.874 -8.45
2 24 14.5856 -12.874 -4 16.874 -10.5856 -4
2 24 14.5856 -12.874 -8.45 16.874 -10.5856 -8.45
2 24 16.874 -10.5856 -4 20 -9.748 -4
2 24 16.874 -10.5856 -8.45 20 -9.748 -8.45
2 24 20 -9.748 -4 23.126 -10.5856 -4
2 24 20 -9.748 -8.45 23.126 -10.5856 -8.45
2 24 23.126 -10.5856 -4 25.4144 -12.874 -4
2 24 23.126 -10.5856 -8.45 25.4144 -12.874 -8.45
2 24 25.4144 -12.874 -4 26.252 -16 -4
2 24 25.4144 -12.874 -8.45 26.252 -16 -8.45
2 24 26.252 -16 -4 25.4144 -19.126 -4
2 24 26.252 -16 -8.45 25.4144 -19.126 -8.45
2 24 25.4144 -19.126 -4 23.126 -21.4144 -4
2 24 25.4144 -19.126 -8.45 23.126 -21.4144 -8.45
2 24 23.126 -21.4144 -4 20 -22.252 -4
2 24 23.126 -21.4144 -8.45 20 -22.252 -8.45
2 24 16.874 -21.4144 -4 20 -22.252 -4
2 24 16.874 -21.4144 -8.45 20 -22.252 -8.45
2 24 16.874 -21.4144 -8.45 14.5856 -19.126 -8.45
2 24 17.9623 -19.5295 -8.45 16.4705 -18.0377 -8.45
2 24 14.5856 -19.126 -8.45 13.748 -16 -8.45
2 24 16.4705 -18.0377 -8.45 15.9245 -16 -8.45
2 24 13.748 -16 -8.45 14.5856 -12.874 -8.45
2 24 15.9245 -16 -8.45 16.4705 -13.9623 -8.45
2 24 14.5856 -12.874 -8.45 16.874 -10.5856 -8.45
2 24 16.4705 -13.9623 -8.45 17.9623 -12.4705 -8.45
2 24 16.874 -10.5856 -8.45 20 -9.748 -8.45
2 24 17.9623 -12.4705 -8.45 20 -11.9245 -8.45
2 24 20 -9.748 -8.45 23.126 -10.5856 -8.45
2 24 20 -11.9245 -8.45 22.0378 -12.4705 -8.45
2 24 23.126 -10.5856 -8.45 25.4144 -12.874 -8.45
2 24 22.0378 -12.4705 -8.45 23.5295 -13.9623 -8.45
2 24 25.4144 -12.874 -8.45 26.252 -16 -8.45
2 24 23.5295 -13.9623 -8.45 24.0755 -16 -8.45
2 24 26.252 -16 -8.45 25.4144 -19.126 -8.45
2 24 24.0755 -16 -8.45 23.5295 -18.0377 -8.45
2 24 25.4144 -19.126 -8.45 23.126 -21.4144 -8.45
2 24 23.5295 -18.0377 -8.45 22.0378 -19.5295 -8.45
2 24 23.126 -21.4144 -8.45 20 -22.252 -8.45
2 24 22.0378 -19.5295 -8.45 20 -20.0755 -8.45
2 24 16.874 -21.4144 -8.45 20 -22.252 -8.45
2 24 17.9623 -19.5295 -8.45 20 -20.0755 -8.45
2 24 17.9623 -19.5295 -8.45 16.4705 -18.0377 -8.45
2 24 17.9623 -19.5295 -4 16.4705 -18.0377 -4
2 24 16.4705 -18.0377 -8.45 15.9245 -16 -8.45
2 24 16.4705 -18.0377 -4 15.9245 -16 -4
2 24 15.9245 -16 -8.45 16.4705 -13.9623 -8.45
2 24 15.9245 -16 -4 16.4705 -13.9623 -4
2 24 16.4705 -13.9623 -8.45 17.9623 -12.4705 -8.45
2 24 16.4705 -13.9623 -4 17.9623 -12.4705 -4
2 24 17.9623 -12.4705 -8.45 20 -11.9245 -8.45
2 24 17.9623 -12.4705 -4 20 -11.9245 -4
2 24 20 -11.9245 -8.45 22.0378 -12.4705 -8.45
2 24 20 -11.9245 -4 22.0378 -12.4705 -4
2 24 22.0378 -12.4705 -8.45 23.5295 -13.9623 -8.45
2 24 22.0378 -12.4705 -4 23.5295 -13.9623 -4
2 24 23.5295 -13.9623 -8.45 24.0755 -16 -8.45
2 24 23.5295 -13.9623 -4 24.0755 -16 -4
2 24 24.0755 -16 -8.45 23.5295 -18.0377 -8.45
2 24 24.0755 -16 -4 23.5295 -18.0377 -4
2 24 23.5295 -18.0377 -8.45 22.0378 -19.5295 -8.45
2 24 23.5295 -18.0377 -4 22.0378 -19.5295 -4
2 24 22.0378 -19.5295 -8.45 20 -20.0755 -8.45
2 24 22.0378 -19.5295 -4 20 -20.0755 -4
2 24 17.9623 -19.5295 -8.45 20 -20.0755 -8.45
2 24 17.9623 -19.5295 -4 20 -20.0755 -4
0 STEP
