0 Slope 30 1 x 3 x 2/3
0 Name: bl_7825.dat
0 Author: 
0 BL_Item_No 7825
0 BFC CERTIFY CCW
3 16 10 0 0 13.4641 0 -2 12 0 -3.4641
3 16 14 0 0 13.4641 0 -2 10 0 0
3 16 13.4641 0 2 14 0 0 10 0 0
3 16 12 0 3.4641 13.4641 0 2 10 0 0
3 16 10 0 4 12 0 3.4641 10 0 0
3 16 12 0 -3.4641 10 0 -4 10 0 0
3 16 -10 -4.8 -10 20.0003 -4.8 -10 -7.6473 -13.0144 4.6612
3 16 -7.6473 -13.0144 4.6612 20.0003 -4.8 -10 20.0003 -13.0144 4.4612
3 16 12 -5.25 -3.4641 10 -5.25 -4 12 0 -3.4641
3 16 12 0 -3.4641 10 -5.25 -4 10 0 -4
3 16 13.4641 -6.1285 -1.9998 12 -5.25 -3.4641 13.4641 0 -2
3 16 13.4641 0 -2 12 -5.25 -3.4641 12 0 -3.4641
3 16 14 -7.2484 0 13.4641 -6.1285 -1.9998 14 0 0
3 16 14 0 0 13.4641 -6.1285 -1.9998 13.4641 0 -2
3 16 13.4641 -8.3683 2 14 -7.2484 0 13.4641 0 2
3 16 13.4641 0 2 14 -7.2484 0 14 0 0
3 16 12 -9.1891 3.4658 13.4641 -8.3683 2 12 0 3.4641
3 16 12 0 3.4641 13.4641 -8.3683 2 13.4641 0 2
3 16 10 -9.4887 4.0009 12 -9.1891 3.4658 10 0 4
3 16 10 0 4 12 -9.1891 3.4658 12 0 3.4641
3 16 -6.2498 -5.25 -6.25 10 -5.25 -4 20.0003 -5.25 -6.25
3 16 10 -5.25 -4 12 -5.25 -3.4641 20.0003 -5.25 -6.25
3 16 12 -5.25 -3.4641 20.0003 -5.25 -3.4641 20.0003 -5.25 -6.25
3 16 13.4641 -6.1285 -1.9998 14 -7.2484 0 20.0003 -6.1285 -1.9998
3 16 20.0003 -6.1285 -1.9998 14 -7.2484 0 20.0003 -7.1592 -0.1592
3 16 12 -5.25 -3.4641 13.4641 -6.1285 -1.9998 20.0003 -5.25 -3.4641
3 16 20.0003 -5.25 -3.4641 13.4641 -6.1285 -1.9998 20.0003 -6.1285 -1.9998
3 16 10 -9.4887 4.0009 10 0 4 8 -9.1891 3.4658
3 16 8 -9.1891 3.4658 10 0 4 8 0 3.4641
3 16 6.5359 0 2 6.5359 -8.3683 2 8 0 3.4641
3 16 8 0 3.4641 6.5359 -8.3683 2 8 -9.1891 3.4658
3 16 6 0 0 6 -7.2484 0 6.5359 0 2
3 16 6.5359 0 2 6 -7.2484 0 6.5359 -8.3683 2
3 16 6.5359 0 -2 6.5359 -6.1285 -1.9998 6 0 0
3 16 6 0 0 6.5359 -6.1285 -1.9998 6 -7.2484 0
3 16 8 0 -3.4641 8 -5.25 -3.4641 6.5359 0 -2
3 16 6.5359 0 -2 8 -5.25 -3.4641 6.5359 -6.1285 -1.9998
3 16 8 0 -3.4641 10 0 -4 8 -5.25 -3.4641
3 16 8 -5.25 -3.4641 10 0 -4 10 -5.25 -4
3 16 10 0 4 10 0 0 8 0 3.4641
3 16 10 0 0 6.5359 0 2 8 0 3.4641
3 16 10 0 0 6 0 0 6.5359 0 2
3 16 10 0 0 6.5359 0 -2 6 0 0
3 16 6.5359 0 -2 10 0 0 8 0 -3.4641
3 16 10 0 0 10 0 -4 8 0 -3.4641
3 16 -10 -1.25 10 -10 -13 4.8429 -10 -12.8935 10
3 16 -8.1891 -15.4032 9.1342 -7.1337 -15.5 9.2974 -8.1891 -15.4032 10
3 16 -8.1891 -15.4032 10 -7.1337 -15.5 9.2974 -7.1337 -15.5 10
3 16 -9.7839 -14.0168 10 -10 -12.8935 10 -9.7839 -14.0168 6.6586
3 16 -9.7839 -14.0168 6.6586 -10 -12.8935 10 -10 -13 4.8429
3 16 -9.1728 -14.8579 10 -9.7839 -14.0168 10 -9.1728 -14.8579 8.1605
3 16 -9.1728 -14.8579 8.1605 -9.7839 -14.0168 10 -9.7839 -14.0168 6.6586
3 16 -8.1891 -15.4032 10 -9.1728 -14.8579 10 -8.1891 -15.4032 9.1342
3 16 -8.1891 -15.4032 9.1342 -9.1728 -14.8579 10 -9.1728 -14.8579 8.1605
3 16 -7.6473 -13.0144 4.6612 -9.7839 -14.0168 6.6586 -10 -13 4.8429
3 16 -7.6473 -13.0144 4.6612 -9.1728 -14.8579 8.1605 -9.7839 -14.0168 6.6586
3 16 -7.6473 -13.0144 4.6612 -8.1891 -15.4032 9.1342 -9.1728 -14.8579 8.1605
3 16 -7.1337 -15.5 10 20.0003 -15.5 10 -7.8473 -12.9042 10
3 16 -7.8473 -12.9042 10 20.0003 -15.5 10 20.0003 -1.25 10
3 16 -7.8473 -12.9042 10 -10 -1.25 10 -10 -12.8935 10
3 16 -7.8473 -12.9042 10 -10 -12.8935 10 -9.7839 -14.0168 10
3 16 -7.8473 -12.9042 10 -9.7839 -14.0168 10 -9.1728 -14.8579 10
3 16 -7.8473 -12.9042 10 -9.1728 -14.8579 10 -8.1891 -15.4032 10
3 16 -7.8473 -12.9042 10 -8.1891 -15.4032 10 -7.1337 -15.5 10
3 16 -10 -1.25 10 20.0003 -1.25 10 -8.4167 -1.25 9.7
3 16 -8.4167 -1.25 9.7 20.0003 -1.25 10 20.0003 -1.25 9.5
3 16 -9.7 -1.25 8.489 -9.7 -1.25 -8.489 -10 -1.25 10
3 16 -10 -1.25 10 -9.7 -1.25 -8.489 -10 -1.25 -10
3 16 -8.4167 -1.25 -9.7 -10 -1.25 -10 -9.2494 -1.25 -9.2494
3 16 -9.2494 -1.25 -9.2494 -9.7 -1.25 -8.489 -8.9159 0 -8.9159
3 16 -8.9159 0 -8.9159 -9.7 -1.25 -8.489 -9.3617 0 -8.1123
3 16 -8.4167 -1.25 9.7 20.0003 -1.25 9.5 -7.994 0 9.3651
3 16 -7.994 0 9.3651 20.0003 -1.25 9.5 20.0003 0 9.1635
3 16 -8.4167 -1.25 -9.7 -7.994 0 -9.3651 20.0003 -1.25 -9.7
3 16 20.0003 -1.25 -9.7 -7.994 0 -9.3651 20.0003 0 -9.3651
3 16 -9.2494 -1.25 -9.2494 -8.9159 0 -8.9159 -8.4167 -1.25 -9.7
3 16 -8.4167 -1.25 -9.7 -8.9159 0 -8.9159 -7.994 0 -9.3651
3 16 -6.25 0 6.25 -6.25 0 -6.25 -9.3617 0 8.1123
3 16 -9.3617 0 8.1123 -6.25 0 -6.25 -9.3617 0 -8.1123
3 16 -6.25 -10.7482 6.25 -6.25 0 6.25 20.0003 -10.7482 6.25
3 16 20.0003 -10.7482 6.25 -6.25 0 6.25 20.0003 0 6.25
3 16 -6.25 -5.25 -3.4641 8 -5.25 -3.4641 -6.2498 -5.25 -6.25
3 16 6.5359 -8.3683 2 6 -7.2484 0 -6.25 -10.7482 6.25
3 16 8 -9.1891 3.4658 6.5359 -8.3683 2 -6.25 -10.7482 6.25
3 16 -10 -1.25 -10 -8.4167 -1.25 -9.7 20.0003 -1.25 -10
3 16 20.0003 -1.25 -10 -8.4167 -1.25 -9.7 20.0003 -1.25 -9.7
3 16 -6.25 0 -6.25 -8.9159 0 -8.9159 -9.3617 0 -8.1123
3 16 -7.994 0 9.3651 20.0003 0 9.1635 -6.25 0 6.25
3 16 -6.25 0 6.25 20.0003 0 9.1635 20.0003 0 6.25
3 16 -8.9159 0 -8.9159 -6.25 0 -6.25 -7.994 0 -9.3651
3 16 6.5359 -6.1285 -1.9998 -6.25 -5.25 -3.4641 6 -7.2484 0
3 16 6 -7.2484 0 -6.25 -5.25 -3.4641 -6.25 -10.7482 6.25
3 16 -10 -4.8 -10 -10 -1.25 -10 20.0003 -4.8 -10
3 16 20.0003 -4.8 -10 -10 -1.25 -10 20.0003 -1.25 -10
3 16 -7.6473 -13.0144 4.6612 -7.1337 -15.5 9.2974 -8.1891 -15.4032 9.1342
3 16 -10 -1.25 -10 -9.7 -1.25 -8.489 -9.2494 -1.25 -9.2494
3 16 -10 -4.8 -10 -10 -13 4.8429 -10 -1.25 -10
3 16 -10 -1.25 -10 -10 -13 4.8429 -10 -1.25 10
3 16 -10 -1.25 10 -7.8473 -12.9042 10 20.0003 -1.25 10
3 16 -9.2494 -1.25 9.2494 -8.9159 0 8.9159 -9.7 -1.25 8.489
3 16 -9.7 -1.25 8.489 -8.9159 0 8.9159 -9.3617 0 8.1123
3 16 -9.3617 0 8.1123 -8.9159 0 8.9159 -6.25 0 6.25
3 16 -6.25 0 6.25 -8.9159 0 8.9159 -7.994 0 9.3651
3 16 -9.2494 -1.25 9.2494 -8.4167 -1.25 9.7 -8.9159 0 8.9159
3 16 -8.9159 0 8.9159 -8.4167 -1.25 9.7 -7.994 0 9.3651
3 16 -9.7 -1.25 8.489 -10 -1.25 10 -9.2494 -1.25 9.2494
3 16 -9.2494 -1.25 9.2494 -10 -1.25 10 -8.4167 -1.25 9.7
3 16 8 -5.25 -3.4641 -6.25 -5.25 -3.4641 6.5359 -6.1285 -1.9998
3 16 -6.2498 -5.25 -6.25 8 -5.25 -3.4641 10 -5.25 -4
3 16 -6.25 -10.7482 6.25 -6.25 -5.25 -3.4641 -6.25 0 6.25
3 16 -6.2498 -5.25 -6.25 -6.25 0 -6.25 -6.25 -5.25 -3.4641
3 16 -6.25 -5.25 -3.4641 -6.25 0 -6.25 -6.25 0 6.25
3 16 -9.7 -1.25 -8.489 -9.7 -1.25 8.489 -9.3617 0 -8.1123
3 16 -9.3617 0 -8.1123 -9.7 -1.25 8.489 -9.3617 0 8.1123
3 16 -6.2498 -5.25 -6.25 20.0003 -5.25 -6.25 -6.25 0 -6.25
3 16 -6.25 0 -6.25 20.0003 -5.25 -6.25 20.0003 0 -6.25
3 16 13.4641 -8.3683 2 20.0003 -8.3683 2 14 -7.2484 0
3 16 14 -7.2484 0 20.0003 -8.3683 2 20.0003 -7.1592 -0.1592
3 16 12 -9.1891 3.4658 20.0003 -9.1891 3.4658 13.4641 -8.3683 2
3 16 13.4641 -8.3683 2 20.0003 -9.1891 3.4658 20.0003 -8.3683 2
3 16 -6.25 -10.7482 6.25 20.0003 -10.7482 6.25 10 -9.4887 4.0009
3 16 10 -9.4887 4.0009 20.0003 -10.7482 6.25 12 -9.1891 3.4658
3 16 20.0003 -10.7482 6.25 20.0003 -9.1891 3.4658 12 -9.1891 3.4658
3 16 -7.1337 -15.5 9.2974 20.0003 -15.5 9.2974 -7.1337 -15.5 10
3 16 -7.1337 -15.5 10 20.0003 -15.5 9.2974 20.0003 -15.5 10
3 16 -7.6473 -13.0144 4.6612 20.0003 -13.0144 4.4612 -7.1337 -15.5 9.2974
3 16 -7.1337 -15.5 9.2974 20.0003 -13.0144 4.4612 20.0003 -15.5 9.2974
3 16 20.0003 0 -6.25 20.0003 0 -9.3651 -6.25 0 -6.25
3 16 -6.25 0 -6.25 20.0003 0 -9.3651 -7.994 0 -9.3651
3 16 10 -9.4887 4.0009 8 -9.1891 3.4658 -6.25 -10.7482 6.25
3 16 -7.6473 -13.0144 4.6612 -10 -13 4.8429 -10 -4.8 -10
3 16 30.0006 0 0 28.0006 0 -3.4641 26.5365 0 -2
3 16 26.0006 0 0 30.0006 0 0 26.5365 0 -2
3 16 26.5365 0 2 30.0006 0 0 26.0006 0 0
3 16 28.0006 0 3.4641 30.0006 0 0 26.5365 0 2
3 16 30.0006 0 4 30.0006 0 0 28.0006 0 3.4641
3 16 28.0006 0 -3.4641 30.0006 0 0 30.0006 0 -4
3 16 20.0003 -13.0144 4.4612 20.0003 -4.8 -10 47.6479 -13.0144 4.6612
3 16 47.6479 -13.0144 4.6612 20.0003 -4.8 -10 50.0006 -4.8 -10
3 16 28.0006 -5.25 -3.4641 28.0006 0 -3.4641 30.0006 -5.25 -4
3 16 30.0006 -5.25 -4 28.0006 0 -3.4641 30.0006 0 -4
3 16 26.5365 -6.1285 -1.9998 26.5365 0 -2 28.0006 -5.25 -3.4641
3 16 28.0006 -5.25 -3.4641 26.5365 0 -2 28.0006 0 -3.4641
3 16 26.0006 -7.2484 0 26.0006 0 0 26.5365 -6.1285 -1.9998
3 16 26.5365 -6.1285 -1.9998 26.0006 0 0 26.5365 0 -2
3 16 26.5365 -8.3683 2 26.5365 0 2 26.0006 -7.2484 0
3 16 26.0006 -7.2484 0 26.5365 0 2 26.0006 0 0
3 16 28.0006 -9.1891 3.4658 28.0006 0 3.4641 26.5365 -8.3683 2
3 16 26.5365 -8.3683 2 28.0006 0 3.4641 26.5365 0 2
3 16 30.0006 -9.4887 4.0009 30.0006 0 4 28.0006 -9.1891 3.4658
3 16 28.0006 -9.1891 3.4658 30.0006 0 4 28.0006 0 3.4641
3 16 46.2504 -5.25 -6.25 20.0003 -5.25 -6.25 30.0006 -5.25 -4
3 16 30.0006 -5.25 -4 20.0003 -5.25 -6.25 28.0006 -5.25 -3.4641
3 16 28.0006 -5.25 -3.4641 20.0003 -5.25 -6.25 20.0003 -5.25 -3.4641
3 16 26.5365 -6.1285 -1.9998 20.0003 -6.1285 -1.9998 26.0006 -7.2484 0
3 16 26.0006 -7.2484 0 20.0003 -6.1285 -1.9998 20.0003 -7.1592 -0.1592
3 16 28.0006 -5.25 -3.4641 20.0003 -5.25 -3.4641 26.5365 -6.1285 -1.9998
3 16 26.5365 -6.1285 -1.9998 20.0003 -5.25 -3.4641 20.0003 -6.1285 -1.9998
3 16 30.0006 -9.4887 4.0009 32.0006 -9.1891 3.4658 30.0006 0 4
3 16 30.0006 0 4 32.0006 -9.1891 3.4658 32.0006 0 3.4641
3 16 32.0006 -9.1891 3.4658 33.4647 -8.3683 2 32.0006 0 3.4641
3 16 32.0006 0 3.4641 33.4647 -8.3683 2 33.4647 0 2
3 16 33.4647 -8.3683 2 34.0006 -7.2484 0 33.4647 0 2
3 16 33.4647 0 2 34.0006 -7.2484 0 34.0006 0 0
3 16 34.0006 -7.2484 0 33.4647 -6.1285 -1.9998 34.0006 0 0
3 16 34.0006 0 0 33.4647 -6.1285 -1.9998 33.4647 0 -2
3 16 33.4647 -6.1285 -1.9998 32.0006 -5.25 -3.4641 33.4647 0 -2
3 16 33.4647 0 -2 32.0006 -5.25 -3.4641 32.0006 0 -3.4641
3 16 32.0006 0 -3.4641 32.0006 -5.25 -3.4641 30.0006 0 -4
3 16 30.0006 0 -4 32.0006 -5.25 -3.4641 30.0006 -5.25 -4
3 16 30.0006 0 4 32.0006 0 3.4641 30.0006 0 0
3 16 30.0006 0 0 32.0006 0 3.4641 33.4647 0 2
3 16 30.0006 0 0 33.4647 0 2 34.0006 0 0
3 16 30.0006 0 0 34.0006 0 0 33.4647 0 -2
3 16 33.4647 0 -2 32.0006 0 -3.4641 30.0006 0 0
3 16 30.0006 0 0 32.0006 0 -3.4641 30.0006 0 -4
3 16 50.0006 -1.25 10 50.0006 -12.8935 10 50.0006 -13 4.8429
3 16 47.1343 -15.5 10 47.1343 -15.5 9.2974 48.1897 -15.4032 10
3 16 48.1897 -15.4032 10 47.1343 -15.5 9.2974 48.1897 -15.4032 9.1342
3 16 49.7845 -14.0168 10 49.7845 -14.0168 6.6586 50.0006 -12.8935 10
3 16 50.0006 -12.8935 10 49.7845 -14.0168 6.6586 50.0006 -13 4.8429
3 16 49.1734 -14.8579 10 49.1734 -14.8579 8.1605 49.7845 -14.0168 10
3 16 49.7845 -14.0168 10 49.1734 -14.8579 8.1605 49.7845 -14.0168 6.6586
3 16 48.1897 -15.4032 10 48.1897 -15.4032 9.1342 49.1734 -14.8579 10
3 16 49.1734 -14.8579 10 48.1897 -15.4032 9.1342 49.1734 -14.8579 8.1605
3 16 47.6479 -13.0144 4.6612 50.0006 -13 4.8429 49.7845 -14.0168 6.6586
3 16 47.6479 -13.0144 4.6612 49.7845 -14.0168 6.6586 49.1734 -14.8579 8.1605
3 16 47.6479 -13.0144 4.6612 49.1734 -14.8579 8.1605 48.1897 -15.4032 9.1342
3 16 20.0003 -1.25 10 20.0003 -15.5 10 47.8479 -12.9042 10
3 16 47.8479 -12.9042 10 20.0003 -15.5 10 47.1343 -15.5 10
3 16 47.8479 -12.9042 10 50.0006 -12.8935 10 50.0006 -1.25 10
3 16 47.8479 -12.9042 10 49.7845 -14.0168 10 50.0006 -12.8935 10
3 16 47.8479 -12.9042 10 49.1734 -14.8579 10 49.7845 -14.0168 10
3 16 47.8479 -12.9042 10 48.1897 -15.4032 10 49.1734 -14.8579 10
3 16 47.8479 -12.9042 10 47.1343 -15.5 10 48.1897 -15.4032 10
3 16 20.0003 -1.25 9.5 20.0003 -1.25 10 48.4173 -1.25 9.7
3 16 48.4173 -1.25 9.7 20.0003 -1.25 10 50.0006 -1.25 10
3 16 49.7006 -1.25 8.489 50.0006 -1.25 10 49.7006 -1.25 -8.489
3 16 49.7006 -1.25 -8.489 50.0006 -1.25 10 50.0006 -1.25 -10
3 16 48.4173 -1.25 -9.7 49.25 -1.25 -9.2494 50.0006 -1.25 -10
3 16 49.25 -1.25 -9.2494 48.9165 0 -8.9159 49.7006 -1.25 -8.489
3 16 49.7006 -1.25 -8.489 48.9165 0 -8.9159 49.3623 0 -8.1123
3 16 20.0003 0 9.1635 20.0003 -1.25 9.5 47.9945 0 9.3651
3 16 47.9945 0 9.3651 20.0003 -1.25 9.5 48.4173 -1.25 9.7
3 16 48.4173 -1.25 -9.7 20.0003 -1.25 -9.7 47.9945 0 -9.3651
3 16 47.9945 0 -9.3651 20.0003 -1.25 -9.7 20.0003 0 -9.3651
3 16 47.9945 0 -9.3651 48.9165 0 -8.9159 48.4173 -1.25 -9.7
3 16 48.4173 -1.25 -9.7 48.9165 0 -8.9159 49.25 -1.25 -9.2494
3 16 46.2506 0 6.25 49.3623 0 8.1123 46.2506 0 -6.25
3 16 46.2506 0 -6.25 49.3623 0 8.1123 49.3623 0 -8.1123
3 16 46.2506 -10.7482 6.25 20.0003 -10.7482 6.25 46.2506 0 6.25
3 16 46.2506 0 6.25 20.0003 -10.7482 6.25 20.0003 0 6.25
3 16 46.2506 -5.25 -3.4641 46.2504 -5.25 -6.25 32.0006 -5.25 -3.4641
3 16 33.4647 -8.3683 2 46.2506 -10.7482 6.25 34.0006 -7.2484 0
3 16 32.0006 -9.1891 3.4658 46.2506 -10.7482 6.25 33.4647 -8.3683 2
3 16 50.0006 -1.25 -10 20.0003 -1.25 -10 48.4173 -1.25 -9.7
3 16 48.4173 -1.25 -9.7 20.0003 -1.25 -10 20.0003 -1.25 -9.7
3 16 46.2506 0 -6.25 49.3623 0 -8.1123 48.9165 0 -8.9159
3 16 20.0003 0 6.25 20.0003 0 9.1635 46.2506 0 6.25
3 16 46.2506 0 6.25 20.0003 0 9.1635 47.9945 0 9.3651
3 16 48.9165 0 -8.9159 47.9945 0 -9.3651 46.2506 0 -6.25
3 16 33.4647 -6.1285 -1.9998 34.0006 -7.2484 0 46.2506 -5.25 -3.4641
3 16 46.2506 -5.25 -3.4641 34.0006 -7.2484 0 46.2506 -10.7482 6.25
3 16 50.0006 -4.8 -10 20.0003 -4.8 -10 50.0006 -1.25 -10
3 16 50.0006 -1.25 -10 20.0003 -4.8 -10 20.0003 -1.25 -10
3 16 47.6479 -13.0144 4.6612 48.1897 -15.4032 9.1342 47.1343 -15.5 9.2974
3 16 50.0006 -1.25 -10 49.25 -1.25 -9.2494 49.7006 -1.25 -8.489
3 16 50.0006 -1.25 10 50.0006 -13 4.8429 50.0006 -1.25 -10
3 16 50.0006 -1.25 -10 50.0006 -13 4.8429 50.0006 -4.8 -10
3 16 50.0006 -1.25 10 20.0003 -1.25 10 47.8479 -12.9042 10
3 16 49.3623 0 8.1123 48.9165 0 8.9159 49.7006 -1.25 8.489
3 16 49.7006 -1.25 8.489 48.9165 0 8.9159 49.25 -1.25 9.2494
3 16 49.3623 0 8.1123 46.2506 0 6.25 48.9165 0 8.9159
3 16 46.2506 0 6.25 47.9945 0 9.3651 48.9165 0 8.9159
3 16 49.25 -1.25 9.2494 48.9165 0 8.9159 48.4173 -1.25 9.7
3 16 48.4173 -1.25 9.7 48.9165 0 8.9159 47.9945 0 9.3651
3 16 49.7006 -1.25 8.489 49.25 -1.25 9.2494 50.0006 -1.25 10
3 16 49.25 -1.25 9.2494 48.4173 -1.25 9.7 50.0006 -1.25 10
3 16 32.0006 -5.25 -3.4641 33.4647 -6.1285 -1.9998 46.2506 -5.25 -3.4641
3 16 46.2504 -5.25 -6.25 30.0006 -5.25 -4 32.0006 -5.25 -3.4641
3 16 46.2506 -10.7482 6.25 46.2506 0 6.25 46.2506 -5.25 -3.4641
3 16 46.2504 -5.25 -6.25 46.2506 -5.25 -3.4641 46.2506 0 -6.25
3 16 46.2506 -5.25 -3.4641 46.2506 0 6.25 46.2506 0 -6.25
3 16 49.7006 -1.25 -8.489 49.3623 0 -8.1123 49.7006 -1.25 8.489
3 16 49.7006 -1.25 8.489 49.3623 0 -8.1123 49.3623 0 8.1123
3 16 46.2504 -5.25 -6.25 46.2506 0 -6.25 20.0003 -5.25 -6.25
3 16 20.0003 -5.25 -6.25 46.2506 0 -6.25 20.0003 0 -6.25
3 16 26.5365 -8.3683 2 26.0006 -7.2484 0 20.0003 -8.3683 2
3 16 20.0003 -8.3683 2 26.0006 -7.2484 0 20.0003 -7.1592 -0.1592
3 16 28.0006 -9.1891 3.4658 26.5365 -8.3683 2 20.0003 -9.1891 3.4658
3 16 20.0003 -9.1891 3.4658 26.5365 -8.3683 2 20.0003 -8.3683 2
3 16 46.2506 -10.7482 6.25 30.0006 -9.4887 4.0009 20.0003 -10.7482 6.25
3 16 30.0006 -9.4887 4.0009 28.0006 -9.1891 3.4658 20.0003 -10.7482 6.25
3 16 20.0003 -10.7482 6.25 28.0006 -9.1891 3.4658 20.0003 -9.1891 3.4658
3 16 47.1343 -15.5 9.2974 47.1343 -15.5 10 20.0003 -15.5 9.2974
3 16 20.0003 -15.5 9.2974 47.1343 -15.5 10 20.0003 -15.5 10
3 16 47.6479 -13.0144 4.6612 47.1343 -15.5 9.2974 20.0003 -13.0144 4.4612
3 16 20.0003 -13.0144 4.4612 47.1343 -15.5 9.2974 20.0003 -15.5 9.2974
3 16 47.9945 0 -9.3651 20.0003 0 -9.3651 46.2506 0 -6.25
3 16 46.2506 0 -6.25 20.0003 0 -9.3651 20.0003 0 -6.25
3 16 30.0006 -9.4887 4.0009 46.2506 -10.7482 6.25 32.0006 -9.1891 3.4658
3 16 47.6479 -13.0144 4.6612 50.0006 -4.8 -10 50.0006 -13 4.8429
2 24 13.4641 0 -2 12 0 -3.4641
2 24 13.4641 0 -2 14 0 0
2 24 14 0 0 13.4641 0 2
2 24 13.4641 0 2 12 0 3.4641
2 24 12 0 3.4641 10 0 4
2 24 12 0 -3.4641 10 0 -4
2 24 -10 -4.8 -10 20.0003 -4.8 -10
2 24 12 -5.25 -3.4641 10 -5.25 -4
2 24 12 0 -3.4641 10 0 -4
2 24 12 -5.25 -3.4641 13.4641 -6.1285 -1.9998
2 24 12 0 -3.4641 13.4641 0 -2
2 24 13.4641 -6.1285 -1.9998 14 -7.2484 0
2 24 13.4641 0 -2 14 0 0
2 24 14 -7.2484 0 13.4641 -8.3683 2
2 24 14 0 0 13.4641 0 2
2 24 13.4641 -8.3683 2 12 -9.1891 3.4658
2 24 13.4641 0 2 12 0 3.4641
2 24 12 -9.1891 3.4658 10 -9.4887 4.0009
2 24 12 0 3.4641 10 0 4
2 24 -6.2498 -5.25 -6.25 20.0003 -5.25 -6.25
2 24 10 -5.25 -4 12 -5.25 -3.4641
2 24 12 -5.25 -3.4641 20.0003 -5.25 -3.4641
2 24 13.4641 -6.1285 -1.9998 14 -7.2484 0
2 24 13.4641 -6.1285 -1.9998 12 -5.25 -3.4641
2 24 12 -5.25 -3.4641 20.0003 -5.25 -3.4641
2 24 10 -9.4887 4.0009 8 -9.1891 3.4658
2 24 10 0 4 8 0 3.4641
2 24 8 0 3.4641 6.5359 0 2
2 24 8 -9.1891 3.4658 6.5359 -8.3683 2
2 24 6.5359 0 2 6 0 0
2 24 6.5359 -8.3683 2 6 -7.2484 0
2 24 6 0 0 6.5359 0 -2
2 24 6 -7.2484 0 6.5359 -6.1285 -1.9998
2 24 6.5359 0 -2 8 0 -3.4641
2 24 6.5359 -6.1285 -1.9998 8 -5.25 -3.4641
2 24 10 0 -4 8 0 -3.4641
2 24 10 -5.25 -4 8 -5.25 -3.4641
2 24 10 0 4 8 0 3.4641
2 24 8 0 3.4641 6.5359 0 2
2 24 6.5359 0 2 6 0 0
2 24 6 0 0 6.5359 0 -2
2 24 6.5359 0 -2 8 0 -3.4641
2 24 10 0 -4 8 0 -3.4641
2 24 -10 -1.25 10 -10 -12.8935 10
2 24 -8.1891 -15.4032 9.1342 -7.1337 -15.5 9.2974
2 24 -8.1891 -15.4032 10 -7.1337 -15.5 10
2 24 -10 -12.8935 10 -9.7839 -14.0168 10
2 24 -10 -13 4.8429 -9.7839 -14.0168 6.6586
2 24 -9.7839 -14.0168 10 -9.1728 -14.8579 10
2 24 -9.7839 -14.0168 6.6586 -9.1728 -14.8579 8.1605
2 24 -8.1891 -15.4032 10 -9.1728 -14.8579 10
2 24 -8.1891 -15.4032 9.1342 -9.1728 -14.8579 8.1605
2 24 -9.7839 -14.0168 6.6586 -10 -13 4.8429
2 24 -9.7839 -14.0168 6.6586 -9.1728 -14.8579 8.1605
2 24 -9.1728 -14.8579 8.1605 -8.1891 -15.4032 9.1342
2 24 -7.1337 -15.5 10 20.0003 -15.5 10
2 24 -10 -1.25 10 -10 -12.8935 10
2 24 -10 -12.8935 10 -9.7839 -14.0168 10
2 24 -9.7839 -14.0168 10 -9.1728 -14.8579 10
2 24 -9.1728 -14.8579 10 -8.1891 -15.4032 10
2 24 -7.1337 -15.5 10 -8.1891 -15.4032 10
2 24 -10 -1.25 10 20.0003 -1.25 10
2 24 -8.4167 -1.25 9.7 20.0003 -1.25 9.5
2 24 -9.7 -1.25 8.489 -9.7 -1.25 -8.489
2 24 -10 -1.25 10 -10 -1.25 -10
2 24 -8.4167 -1.25 -9.7 -9.2494 -1.25 -9.2494
2 24 -9.2494 -1.25 -9.2494 -9.7 -1.25 -8.489
2 24 -8.9159 0 -8.9159 -9.3617 0 -8.1123
2 24 -8.4167 -1.25 9.7 20.0003 -1.25 9.5
2 24 -7.994 0 9.3651 20.0003 0 9.1635
2 24 -8.4167 -1.25 -9.7 20.0003 -1.25 -9.7
2 24 -7.994 0 -9.3651 20.0003 0 -9.3651
2 24 -9.2494 -1.25 -9.2494 -8.4167 -1.25 -9.7
2 24 -8.9159 0 -8.9159 -7.994 0 -9.3651
2 24 -6.25 0 6.25 -6.25 0 -6.25
2 24 -9.3617 0 8.1123 -9.3617 0 -8.1123
2 24 -6.25 -10.7482 6.25 -6.25 0 6.25
2 24 -6.25 -10.7482 6.25 20.0003 -10.7482 6.25
2 24 -6.25 0 6.25 20.0003 0 6.25
2 24 -6.25 -5.25 -3.4641 8 -5.25 -3.4641
2 24 -6.2498 -5.25 -6.25 -6.25 -5.25 -3.4641
2 24 6.5359 -8.3683 2 6 -7.2484 0
2 24 6.5359 -8.3683 2 8 -9.1891 3.4658
2 24 -10 -1.25 -10 20.0003 -1.25 -10
2 24 -8.4167 -1.25 -9.7 20.0003 -1.25 -9.7
2 24 -9.3617 0 -8.1123 -8.9159 0 -8.9159
2 24 -7.994 0 9.3651 20.0003 0 9.1635
2 24 -6.25 0 6.25 20.0003 0 6.25
2 24 -8.9159 0 -8.9159 -7.994 0 -9.3651
2 24 6 -7.2484 0 6.5359 -6.1285 -1.9998
2 24 -6.25 -10.7482 6.25 -6.25 -5.25 -3.4641
2 24 -10 -4.8 -10 -10 -1.25 -10
2 24 -10 -4.8 -10 20.0003 -4.8 -10
2 24 -10 -1.25 -10 20.0003 -1.25 -10
2 24 -8.1891 -15.4032 9.1342 -7.1337 -15.5 9.2974
2 24 -9.7 -1.25 -8.489 -9.2494 -1.25 -9.2494
2 24 -10 -13 4.8429 -10 -4.8 -10
2 24 -10 -4.8 -10 -10 -1.25 -10
2 24 -10 -1.25 10 -10 -1.25 -10
2 24 20.0003 -1.25 10 -10 -1.25 10
2 24 -9.2494 -1.25 9.2494 -9.7 -1.25 8.489
2 24 -8.9159 0 8.9159 -9.3617 0 8.1123
2 24 -9.3617 0 8.1123 -8.9159 0 8.9159
2 24 -7.994 0 9.3651 -8.9159 0 8.9159
2 24 -8.4167 -1.25 9.7 -9.2494 -1.25 9.2494
2 24 -7.994 0 9.3651 -8.9159 0 8.9159
2 24 -9.7 -1.25 8.489 -9.2494 -1.25 9.2494
2 24 -8.4167 -1.25 9.7 -9.2494 -1.25 9.2494
2 24 -6.25 -5.25 -3.4641 8 -5.25 -3.4641
2 24 6.5359 -6.1285 -1.9998 8 -5.25 -3.4641
2 24 10 -5.25 -4 8 -5.25 -3.4641
2 24 -6.25 -10.7482 6.25 -6.25 -5.25 -3.4641
2 24 -6.25 -10.7482 6.25 -6.25 0 6.25
2 24 -6.2498 -5.25 -6.25 -6.25 0 -6.25
2 24 -6.25 -5.25 -3.4641 -6.2498 -5.25 -6.25
2 24 -6.25 0 6.25 -6.25 0 -6.25
2 24 -9.7 -1.25 -8.489 -9.7 -1.25 8.489
2 24 -9.3617 0 -8.1123 -9.3617 0 8.1123
2 24 -6.2498 -5.25 -6.25 20.0003 -5.25 -6.25
2 24 -6.2498 -5.25 -6.25 -6.25 0 -6.25
2 24 -6.25 0 -6.25 20.0003 0 -6.25
2 24 14 -7.2484 0 13.4641 -8.3683 2
2 24 13.4641 -8.3683 2 12 -9.1891 3.4658
2 24 -6.25 -10.7482 6.25 20.0003 -10.7482 6.25
2 24 12 -9.1891 3.4658 10 -9.4887 4.0009
2 24 -7.1337 -15.5 9.2974 20.0003 -15.5 9.2974
2 24 -7.1337 -15.5 10 20.0003 -15.5 10
2 24 -7.1337 -15.5 9.2974 20.0003 -15.5 9.2974
2 24 -6.25 0 -6.25 20.0003 0 -6.25
2 24 -7.994 0 -9.3651 20.0003 0 -9.3651
2 24 8 -9.1891 3.4658 10 -9.4887 4.0009
2 24 -10 -4.8 -10 -10 -13 4.8429
2 24 28.0006 0 -3.4641 26.5365 0 -2
2 24 26.5365 0 -2 26.0006 0 0
2 24 26.0006 0 0 26.5365 0 2
2 24 26.5365 0 2 28.0006 0 3.4641
2 24 28.0006 0 3.4641 30.0006 0 4
2 24 28.0006 0 -3.4641 30.0006 0 -4
2 24 20.0003 -4.8 -10 50.0006 -4.8 -10
2 24 28.0006 -5.25 -3.4641 30.0006 -5.25 -4
2 24 28.0006 0 -3.4641 30.0006 0 -4
2 24 28.0006 -5.25 -3.4641 26.5365 -6.1285 -1.9998
2 24 28.0006 0 -3.4641 26.5365 0 -2
2 24 26.5365 -6.1285 -1.9998 26.0006 -7.2484 0
2 24 26.5365 0 -2 26.0006 0 0
2 24 26.0006 -7.2484 0 26.5365 -8.3683 2
2 24 26.0006 0 0 26.5365 0 2
2 24 26.5365 -8.3683 2 28.0006 -9.1891 3.4658
2 24 26.5365 0 2 28.0006 0 3.4641
2 24 28.0006 -9.1891 3.4658 30.0006 -9.4887 4.0009
2 24 28.0006 0 3.4641 30.0006 0 4
2 24 20.0003 -5.25 -6.25 46.2504 -5.25 -6.25
2 24 30.0006 -5.25 -4 28.0006 -5.25 -3.4641
2 24 20.0003 -5.25 -3.4641 28.0006 -5.25 -3.4641
2 24 26.5365 -6.1285 -1.9998 26.0006 -7.2484 0
2 24 20.0003 -5.25 -3.4641 28.0006 -5.25 -3.4641
2 24 26.5365 -6.1285 -1.9998 28.0006 -5.25 -3.4641
2 24 30.0006 -9.4887 4.0009 32.0006 -9.1891 3.4658
2 24 30.0006 0 4 32.0006 0 3.4641
2 24 32.0006 -9.1891 3.4658 33.4647 -8.3683 2
2 24 32.0006 0 3.4641 33.4647 0 2
2 24 33.4647 -8.3683 2 34.0006 -7.2484 0
2 24 33.4647 0 2 34.0006 0 0
2 24 34.0006 -7.2484 0 33.4647 -6.1285 -1.9998
2 24 34.0006 0 0 33.4647 0 -2
2 24 33.4647 -6.1285 -1.9998 32.0006 -5.25 -3.4641
2 24 33.4647 0 -2 32.0006 0 -3.4641
2 24 30.0006 0 -4 32.0006 0 -3.4641
2 24 30.0006 -5.25 -4 32.0006 -5.25 -3.4641
2 24 30.0006 0 4 32.0006 0 3.4641
2 24 32.0006 0 3.4641 33.4647 0 2
2 24 33.4647 0 2 34.0006 0 0
2 24 34.0006 0 0 33.4647 0 -2
2 24 33.4647 0 -2 32.0006 0 -3.4641
2 24 30.0006 0 -4 32.0006 0 -3.4641
2 24 50.0006 -1.25 10 50.0006 -12.8935 10
2 24 47.1343 -15.5 10 48.1897 -15.4032 10
2 24 47.1343 -15.5 9.2974 48.1897 -15.4032 9.1342
2 24 50.0006 -12.8935 10 49.7845 -14.0168 10
2 24 50.0006 -13 4.8429 49.7845 -14.0168 6.6586
2 24 49.7845 -14.0168 10 49.1734 -14.8579 10
2 24 49.7845 -14.0168 6.6586 49.1734 -14.8579 8.1605
2 24 48.1897 -15.4032 10 49.1734 -14.8579 10
2 24 48.1897 -15.4032 9.1342 49.1734 -14.8579 8.1605
2 24 50.0006 -13 4.8429 49.7845 -14.0168 6.6586
2 24 49.7845 -14.0168 6.6586 49.1734 -14.8579 8.1605
2 24 49.1734 -14.8579 8.1605 48.1897 -15.4032 9.1342
2 24 20.0003 -15.5 10 47.1343 -15.5 10
2 24 50.0006 -12.8935 10 50.0006 -1.25 10
2 24 50.0006 -12.8935 10 49.7845 -14.0168 10
2 24 49.7845 -14.0168 10 49.1734 -14.8579 10
2 24 49.1734 -14.8579 10 48.1897 -15.4032 10
2 24 47.1343 -15.5 10 48.1897 -15.4032 10
2 24 20.0003 -1.25 9.5 48.4173 -1.25 9.7
2 24 20.0003 -1.25 10 50.0006 -1.25 10
2 24 49.7006 -1.25 8.489 49.7006 -1.25 -8.489
2 24 50.0006 -1.25 10 50.0006 -1.25 -10
2 24 48.4173 -1.25 -9.7 49.25 -1.25 -9.2494
2 24 49.25 -1.25 -9.2494 49.7006 -1.25 -8.489
2 24 48.9165 0 -8.9159 49.3623 0 -8.1123
2 24 20.0003 0 9.1635 47.9945 0 9.3651
2 24 20.0003 -1.25 9.5 48.4173 -1.25 9.7
2 24 20.0003 -1.25 -9.7 48.4173 -1.25 -9.7
2 24 20.0003 0 -9.3651 47.9945 0 -9.3651
2 24 48.9165 0 -8.9159 47.9945 0 -9.3651
2 24 49.25 -1.25 -9.2494 48.4173 -1.25 -9.7
2 24 46.2506 0 6.25 46.2506 0 -6.25
2 24 49.3623 0 8.1123 49.3623 0 -8.1123
2 24 20.0003 -10.7482 6.25 46.2506 -10.7482 6.25
2 24 46.2506 -10.7482 6.25 46.2506 0 6.25
2 24 20.0003 0 6.25 46.2506 0 6.25
2 24 46.2504 -5.25 -6.25 46.2506 -5.25 -3.4641
2 24 46.2506 -5.25 -3.4641 32.0006 -5.25 -3.4641
2 24 33.4647 -8.3683 2 34.0006 -7.2484 0
2 24 33.4647 -8.3683 2 32.0006 -9.1891 3.4658
2 24 20.0003 -1.25 -10 50.0006 -1.25 -10
2 24 20.0003 -1.25 -9.7 48.4173 -1.25 -9.7
2 24 49.3623 0 -8.1123 48.9165 0 -8.9159
2 24 20.0003 0 6.25 46.2506 0 6.25
2 24 20.0003 0 9.1635 47.9945 0 9.3651
2 24 48.9165 0 -8.9159 47.9945 0 -9.3651
2 24 34.0006 -7.2484 0 33.4647 -6.1285 -1.9998
2 24 46.2506 -10.7482 6.25 46.2506 -5.25 -3.4641
2 24 20.0003 -4.8 -10 50.0006 -4.8 -10
2 24 50.0006 -4.8 -10 50.0006 -1.25 -10
2 24 20.0003 -1.25 -10 50.0006 -1.25 -10
2 24 48.1897 -15.4032 9.1342 47.1343 -15.5 9.2974
2 24 49.7006 -1.25 -8.489 49.25 -1.25 -9.2494
2 24 50.0006 -1.25 10 50.0006 -1.25 -10
2 24 50.0006 -13 4.8429 50.0006 -4.8 -10
2 24 50.0006 -1.25 -10 50.0006 -4.8 -10
2 24 20.0003 -1.25 10 50.0006 -1.25 10
2 24 49.3623 0 8.1123 48.9165 0 8.9159
2 24 49.7006 -1.25 8.489 49.25 -1.25 9.2494
2 24 49.3623 0 8.1123 48.9165 0 8.9159
2 24 47.9945 0 9.3651 48.9165 0 8.9159
2 24 48.4173 -1.25 9.7 49.25 -1.25 9.2494
2 24 47.9945 0 9.3651 48.9165 0 8.9159
2 24 49.7006 -1.25 8.489 49.25 -1.25 9.2494
2 24 48.4173 -1.25 9.7 49.25 -1.25 9.2494
2 24 33.4647 -6.1285 -1.9998 32.0006 -5.25 -3.4641
2 24 46.2506 -5.25 -3.4641 32.0006 -5.25 -3.4641
2 24 30.0006 -5.25 -4 32.0006 -5.25 -3.4641
2 24 46.2506 -10.7482 6.25 46.2506 0 6.25
2 24 46.2506 -10.7482 6.25 46.2506 -5.25 -3.4641
2 24 46.2506 -5.25 -3.4641 46.2504 -5.25 -6.25
2 24 46.2504 -5.25 -6.25 46.2506 0 -6.25
2 24 46.2506 0 6.25 46.2506 0 -6.25
2 24 49.7006 -1.25 -8.489 49.7006 -1.25 8.489
2 24 49.3623 0 -8.1123 49.3623 0 8.1123
2 24 46.2504 -5.25 -6.25 46.2506 0 -6.25
2 24 20.0003 -5.25 -6.25 46.2504 -5.25 -6.25
2 24 20.0003 0 -6.25 46.2506 0 -6.25
2 24 26.0006 -7.2484 0 26.5365 -8.3683 2
2 24 26.5365 -8.3683 2 28.0006 -9.1891 3.4658
2 24 20.0003 -10.7482 6.25 46.2506 -10.7482 6.25
2 24 28.0006 -9.1891 3.4658 30.0006 -9.4887 4.0009
2 24 20.0003 -15.5 9.2974 47.1343 -15.5 9.2974
2 24 20.0003 -15.5 10 47.1343 -15.5 10
2 24 20.0003 -15.5 9.2974 47.1343 -15.5 9.2974
2 24 20.0003 0 -9.3651 47.9945 0 -9.3651
2 24 20.0003 0 -6.25 46.2506 0 -6.25
2 24 32.0006 -9.1891 3.4658 30.0006 -9.4887 4.0009
2 24 50.0006 -4.8 -10 50.0006 -13 4.8429
0 STEP
