0 Minifigure, Hat with Small Pin, Rain Hat
0 Name: bl_7738.dat
0 Author: 
0 BL_Item_No 7738
0 BFC CERTIFY CCW
3 16 3.2394 -10.8378 -10.8927 3.0982 -12.9346 -10.4664 0 -11.185 -11.7813
3 16 0 -11.185 -11.7813 3.0982 -12.9346 -10.4664 0 -13.4557 -11.1222
3 16 0 -7.1469 12.2018 0 -7.534 11.555 4.6703 -7.1486 11.2256
3 16 4.6703 -7.1486 11.2256 0 -7.534 11.555 4.4476 -7.5483 10.5961
3 16 8.0478 -7.6973 7.9422 8.5409 -7.144 8.4549 4.4476 -7.5483 10.5961
3 16 4.4476 -7.5483 10.5961 8.5409 -7.144 8.4549 4.6703 -7.1486 11.2256
3 16 10.2244 -7.9504 2.081 11.3027 -7.1247 2.3541 9.891 -7.8732 4.4413
3 16 9.891 -7.8732 4.4413 11.3027 -7.1247 2.3541 10.6272 -7.153 4.9365
3 16 8.5409 -7.144 8.4549 8.0478 -7.6973 7.9422 10.6272 -7.153 4.9365
3 16 10.6272 -7.153 4.9365 8.0478 -7.6973 7.9422 9.891 -7.8732 4.4413
3 16 4.6703 -7.1486 11.2256 8.5409 -7.144 8.4549 4.4094 -5.0451 10.3311
3 16 4.4094 -5.0451 10.3311 8.5409 -7.144 8.4549 7.9988 -5.0952 7.8924
3 16 0 -7.1469 12.2018 4.6703 -7.1486 11.2256 0 -5.0245 11.0864
3 16 0 -5.0245 11.0864 4.6703 -7.1486 11.2256 4.4094 -5.0451 10.3311
3 16 2.9394 -5.1076 -10.1278 3.2951 -7.1112 -11.1017 0 -5.082 -11.1746
3 16 0 -5.082 -11.1746 3.2951 -7.1112 -11.1017 0 -7.1126 -12.1423
3 16 8.5409 -7.144 8.4549 10.6272 -7.153 4.9365 7.9988 -5.0952 7.8924
3 16 7.9988 -5.0952 7.8924 10.6272 -7.153 4.9365 9.8815 -5.0943 4.6466
3 16 11.3027 -7.1247 2.3541 10.2244 -7.9504 2.081 11.435 -7.1139 -0.6725
3 16 11.435 -7.1139 -0.6725 10.2244 -7.9504 2.081 10.374 -7.9748 -0.5762
3 16 0 -12.3183 -8.1663 0 -13.6627 -10.0351 1.3309 -12.2973 -8.136
3 16 6.7742 -5.0797 -7.7972 7.4802 -7.106 -8.7462 5.1314 -5.0782 -8.9472
3 16 5.1314 -5.0782 -8.9472 7.4802 -7.106 -8.7462 5.7066 -7.1069 -9.9659
3 16 5.4647 -12.317 -9.5248 5.6332 -10.435 -9.8317 7.3093 -11.547 -8.4219
3 16 7.3093 -11.547 -8.4219 5.6332 -10.435 -9.8317 7.4488 -9.939 -8.6322
3 16 7.3093 -11.547 -8.4219 6.6909 -11.9845 -7.4685 5.4647 -12.317 -9.5248
3 16 5.4647 -12.317 -9.5248 6.6909 -11.9845 -7.4685 4.9958 -12.6611 -8.4778
3 16 9.9601 -5.0808 -3.2291 10.8838 -7.1126 -3.6885 8.472 -5.0929 -6.0701
3 16 8.472 -5.0929 -6.0701 10.8838 -7.1126 -3.6885 9.3067 -7.1121 -6.8082
3 16 10.7862 -8.3145 -3.6224 9.2632 -10.143 -6.5334 9.3227 -9.0424 -6.6639
3 16 11.435 -7.1139 -0.6725 10.7862 -8.3145 -3.6224 10.8838 -7.1126 -3.6885
3 16 0 -13.4557 -11.1222 3.0982 -12.9346 -10.4664 0 -13.6627 -10.0351
3 16 0 -13.6627 -10.0351 3.0982 -12.9346 -10.4664 2.8722 -13.2379 -9.3781
3 16 10.7862 -8.3145 -3.6224 10.0041 -8.9095 -3.0223 9.2632 -10.143 -6.5334
3 16 9.2632 -10.143 -6.5334 10.0041 -8.9095 -3.0223 8.5655 -10.7969 -5.82
3 16 11.435 -7.1139 -0.6725 10.374 -7.9748 -0.5762 10.7862 -8.3145 -3.6224
3 16 10.7862 -8.3145 -3.6224 10.374 -7.9748 -0.5762 10.0041 -8.9095 -3.0223
3 16 8.472 -5.0929 -6.0701 6.7742 -5.0797 -7.7972 5.6956 -5.0418 -3.2961
3 16 5.6956 -5.0418 -3.2961 6.7742 -5.0797 -7.7972 3.3009 -5.027 -5.7536
3 16 3.3009 -5.027 -5.7536 6.7742 -5.0797 -7.7972 5.1314 -5.0782 -8.9472
3 16 11.3027 -7.1247 2.3541 10.2146 -5.0712 3.1904 10.6272 -7.153 4.9365
3 16 10.6272 -7.153 4.9365 10.2146 -5.0712 3.1904 9.8815 -5.0943 4.6466
3 16 11.3027 -7.1247 2.3541 10.753 -5.5772 0.7771 10.5165 -5.3902 2.1028
3 16 11.3027 -7.1247 2.3541 10.5165 -5.3902 2.1028 10.2146 -5.0712 3.1904
3 16 10.8838 -7.1126 -3.6885 10.4337 -5.4214 -1.9714 11.435 -7.1139 -0.6725
3 16 11.435 -7.1139 -0.6725 10.4337 -5.4214 -1.9714 10.7517 -5.5911 -0.6269
3 16 8.5823 -5.0048 3.0452 9.8815 -5.0943 4.6466 10.2146 -5.0712 3.1904
3 16 8.4647 -5.4027 0.097 8.5823 -5.0048 3.0452 10.5165 -5.3902 2.1028
3 16 10.5165 -5.3902 2.1028 8.5823 -5.0048 3.0452 10.2146 -5.0712 3.1904
3 16 1.0963 -18.1852 2.2982 1.0718 -17.5884 3.3111 0 -17.9495 2.1533
3 16 0 -17.9495 2.1533 1.0718 -17.5884 3.3111 0 -17.3332 3.1543
3 16 4.6923 -9.7446 5.9902 4.5076 -10.4494 5.6947 5.3812 -9.8195 5.0073
3 16 5.3812 -9.8195 5.0073 4.5076 -10.4494 5.6947 5.1006 -10.4451 4.6721
3 16 1.1189 -11.9478 6.9098 4.3675 -11.9635 5.5573 1.1382 -10.4496 7.0997
3 16 1.1382 -10.4496 7.0997 4.3675 -11.9635 5.5573 4.5076 -10.4494 5.6947
3 16 1.1225 -16.5515 4.6094 2.7619 -16.5382 3.9365 1.1203 -15.3089 5.6427
3 16 1.1203 -15.3089 5.6427 2.7619 -16.5382 3.9365 3.5165 -15.2686 4.6636
3 16 1.1382 -10.4496 7.0997 3.0774 -9.7173 6.9513 0.7986 -9.772 7.4413
3 16 1.1189 -11.9478 6.9098 1.1382 -10.4496 7.0997 0 -11.8037 6.6259
3 16 0 -11.8037 6.6259 1.1382 -10.4496 7.0997 0 -10.4496 6.7997
3 16 1.1225 -16.5515 4.6094 1.1203 -15.3089 5.6427 0 -16.2966 4.4215
3 16 0 -16.2966 4.4215 1.1203 -15.3089 5.6427 0 -15.0464 5.4517
3 16 2.4682 -17.3877 2.0344 1.8294 -17.94 1.3944 3.3669 -17.6454 1.3016
3 16 3.3669 -17.6454 1.3016 1.8294 -17.94 1.3944 2.724 -18.1768 0.6632
3 16 4.1574 -15.1541 3.6225 3.3756 -16.4187 2.8848 5.137 -15.3486 2.9068
3 16 5.137 -15.3486 2.9068 3.3756 -16.4187 2.8848 4.2737 -16.7105 2.1085
3 16 5.1006 -10.4451 4.6721 4.9982 -11.9527 4.4968 6.117 -10.4469 4.0685
3 16 6.117 -10.4469 4.0685 4.9982 -11.9527 4.4968 6.0301 -12.0548 3.8283
3 16 6.117 -10.4469 4.0685 6.0398 -9.757 4.6666 5.1006 -10.4451 4.6721
3 16 5.1006 -10.4451 4.6721 6.0398 -9.757 4.6666 5.3812 -9.8195 5.0073
3 16 2.724 -18.1768 0.6632 1.8294 -17.94 1.3944 1.3085 -18.7875 0.1359
3 16 1.3085 -18.7875 0.1359 1.8294 -17.94 1.3944 1.0395 -18.717 0.5666
3 16 1.0963 -18.1852 2.2982 0.4432 -18.7271 0.9624 1.8294 -17.94 1.3944
3 16 1.8294 -17.94 1.3944 0.4432 -18.7271 0.9624 1.0395 -18.717 0.5666
3 16 5.137 -15.3486 2.9068 4.2737 -16.7105 2.1085 5.9608 -15.5459 -0.4247
3 16 5.9608 -15.5459 -0.4247 4.2737 -16.7105 2.1085 5.0173 -16.6411 -0.4535
3 16 6.117 -10.4469 4.0685 7.2717 -9.8075 2.4332 6.0398 -9.757 4.6666
3 16 1.0566 -18.1926 -2.9591 1.8837 -17.5467 -3.7896 1.7784 -17.941 -2.1931
3 16 1.7784 -17.941 -2.1931 1.8837 -17.5467 -3.7896 2.5378 -17.2881 -2.9203
3 16 4.1315 -13.2446 -6.103 4.2658 -12.26 -6.3134 4.7839 -12.9368 -5.1322
3 16 4.7839 -12.9368 -5.1322 4.2658 -12.26 -6.3134 4.9488 -11.7178 -5.3483
3 16 4.9488 -11.7178 -5.3483 4.2658 -12.26 -6.3134 5.2262 -11.1991 -5.7301
3 16 5.2262 -11.1991 -5.7301 4.2658 -12.26 -6.3134 4.2968 -11.7141 -6.7954
3 16 6.0331 -11.2223 -4.7999 4.9488 -11.7178 -5.3483 5.8766 -10.9318 -5.2328
3 16 5.8766 -10.9318 -5.2328 4.9488 -11.7178 -5.3483 5.2262 -11.1991 -5.7301
3 16 4.7839 -12.9368 -5.1322 4.9488 -11.7178 -5.3483 5.6859 -12.8712 -4.4898
3 16 5.6859 -12.8712 -4.4898 4.9488 -11.7178 -5.3483 6.0331 -11.2223 -4.7999
3 16 1.7784 -17.941 -2.1931 2.5378 -17.2881 -2.9203 2.6759 -18.1651 -1.5597
3 16 2.6759 -18.1651 -1.5597 2.5378 -17.2881 -2.9203 3.4331 -17.5242 -2.2944
3 16 0 -17.9756 -2.8581 0 -17.2953 -3.9589 1.0566 -18.1926 -2.9591
3 16 1.0566 -18.1926 -2.9591 0 -17.2953 -3.9589 1.1024 -17.5228 -4.1547
3 16 0 -13.6615 -6.8853 0 -12.9563 -7.1156 1.1026 -13.6758 -7.2045
3 16 1.1026 -13.6758 -7.2045 0 -12.9563 -7.1156 1.0851 -12.8793 -7.461
3 16 1.0566 -18.1926 -2.9591 0.546 -18.7723 -1.6326 0 -17.9756 -2.8581
3 16 0 -17.9756 -2.8581 0.546 -18.7723 -1.6326 0 -18.7583 -1.7484
3 16 3.3234 -16.4229 -3.6729 3.8831 -15.5377 -4.2489 4.2411 -16.6513 -3.0344
3 16 4.2411 -16.6513 -3.0344 3.8831 -15.5377 -4.2489 4.8635 -15.6846 -3.6468
3 16 2.6793 -16.6308 -4.6281 3.2418 -15.7525 -5.1974 3.3234 -16.4229 -3.6729
3 16 3.3234 -16.4229 -3.6729 3.2418 -15.7525 -5.1974 3.8831 -15.5377 -4.2489
3 16 0 -16.4408 -5.0373 0 -15.592 -5.8177 1.1302 -16.6313 -5.2739
3 16 1.1302 -16.6313 -5.2739 0 -15.592 -5.8177 1.1445 -15.7819 -6.0501
3 16 7.5341 -9.9397 -2.2744 7.5301 -10.7803 -0.3316 6.0331 -11.2223 -4.7999
3 16 1.3584 -18.8087 -0.3844 1.0794 -19.155 -0.3561 1.2387 -18.8107 -0.9143
3 16 1.2387 -18.8107 -0.9143 1.0794 -19.155 -0.3561 0.7857 -19.155 -1.1679
3 16 1.3584 -18.8087 -0.3844 1.3085 -18.7875 0.1359 1.0794 -19.155 -0.3561
3 16 1.0794 -19.155 -0.3561 1.3085 -18.7875 0.1359 0.7816 -19.155 0.378
3 16 0.6328 -19.6823 -0.3207 0.5644 -19.5405 -0.9515 1.0794 -19.155 -0.3561
3 16 1.0794 -19.155 -0.3561 0.5644 -19.5405 -0.9515 0.7857 -19.155 -1.1679
3 16 0.6328 -19.6823 -0.3207 1.0794 -19.155 -0.3561 0.5874 -19.4978 0.232
3 16 0.5874 -19.4978 0.232 1.0794 -19.155 -0.3561 0.7816 -19.155 0.378
3 16 0.6328 -19.6823 -0.3207 0.5874 -19.4978 0.232 -0.001 -19.8727 -0.3091
3 16 -0.001 -19.8727 -0.3091 0.5874 -19.4978 0.232 0.0023 -19.6178 0.3553
3 16 0.7857 -19.155 -1.1679 0.5644 -19.5405 -0.9515 0 -19.155 -1.4471
3 16 0 -19.155 -1.4471 0.5644 -19.5405 -0.9515 0.0022 -19.6733 -1.0275
3 16 0.7857 -19.155 -1.1679 0.546 -18.7723 -1.6326 1 -18.7589 -1.3191
3 16 1 -18.7589 -1.3191 1.2387 -18.8107 -0.9143 0.7857 -19.155 -1.1679
3 16 0.7816 -19.155 0.378 1.0395 -18.717 0.5666 0.4432 -18.7271 0.9624
3 16 0.7816 -19.155 0.378 -0.0005 -19.155 0.7572 0.5874 -19.4978 0.232
3 16 0.5874 -19.4978 0.232 -0.0005 -19.155 0.7572 0.0023 -19.6178 0.3553
3 16 1.0566 -18.1926 -2.9591 1.7784 -17.941 -2.1931 0.546 -18.7723 -1.6326
3 16 0.546 -18.7723 -1.6326 1.7784 -17.941 -2.1931 1 -18.7589 -1.3191
3 16 2.6759 -18.1651 -1.5597 1.2387 -18.8107 -0.9143 1.7784 -17.941 -2.1931
3 16 1.7784 -17.941 -2.1931 1.2387 -18.8107 -0.9143 1 -18.7589 -1.3191
3 16 1.1382 -10.4496 7.0997 0.7986 -9.772 7.4413 0 -10.4496 6.7997
3 16 0 -10.4496 6.7997 0.7986 -9.772 7.4413 0 -9.8415 7.1995
3 16 1.0963 -18.1852 2.2982 0 -17.9495 2.1533 0.4432 -18.7271 0.9624
3 16 0.4432 -18.7271 0.9624 0 -17.9495 2.1533 0 -18.7076 1.0262
3 16 3.4503 -7.8195 7.7788 4.4476 -7.5483 10.5961 0 -7.8195 8.477
3 16 0 -7.8195 8.477 4.4476 -7.5483 10.5961 0 -7.534 11.555
3 16 4.4476 -7.5483 10.5961 3.4503 -7.8195 7.7788 8.0478 -7.6973 7.9422
3 16 8.0478 -7.6973 7.9422 3.4503 -7.8195 7.7788 6.7041 -7.8195 5.4478
3 16 9.891 -7.8732 4.4413 8.3486 -7.8195 2.8168 10.2244 -7.9504 2.081
3 16 8.3486 -7.8195 2.8168 9.0398 -7.9181 -0.4571 10.2244 -7.9504 2.081
3 16 10.2244 -7.9504 2.081 9.0398 -7.9181 -0.4571 10.374 -7.9748 -0.5762
3 16 9.0398 -7.9181 -0.4571 8.743 -8.5649 -2.6795 10.374 -7.9748 -0.5762
3 16 10.374 -7.9748 -0.5762 8.743 -8.5649 -2.6795 10.0041 -8.9095 -3.0223
3 16 8.743 -8.5649 -2.6795 7.4597 -9.8231 -4.755 10.0041 -8.9095 -3.0223
3 16 10.0041 -8.9095 -3.0223 7.4597 -9.8231 -4.755 8.5655 -10.7969 -5.82
3 16 6.6909 -11.9845 -7.4685 6.0546 -10.7613 -6.0768 4.9958 -12.6611 -8.4778
3 16 1.3309 -12.2973 -8.136 1.0851 -12.8793 -7.461 0 -12.3183 -8.1663
3 16 0 -12.3183 -8.1663 1.0851 -12.8793 -7.461 0 -12.9563 -7.1156
3 16 0.6328 -19.6823 -0.3207 -0.001 -19.8727 -0.3091 0.5644 -19.5405 -0.9515
3 16 0.5644 -19.5405 -0.9515 -0.001 -19.8727 -0.3091 0.0022 -19.6733 -1.0275
3 16 3.3669 -17.6454 1.3016 2.724 -18.1768 0.6632 3.9956 -17.4809 -0.4646
3 16 3.9956 -17.4809 -0.4646 2.724 -18.1768 0.6632 2.9929 -18.1293 -0.4583
3 16 4.8635 -15.6846 -3.6468 5.9608 -15.5459 -0.4247 4.2411 -16.6513 -3.0344
3 16 4.2411 -16.6513 -3.0344 5.9608 -15.5459 -0.4247 5.0173 -16.6411 -0.4535
3 16 5.6859 -12.8712 -4.4898 6.0331 -11.2223 -4.7999 7.3375 -12.1211 -0.3539
3 16 7.3375 -12.1211 -0.3539 6.0331 -11.2223 -4.7999 7.5301 -10.7803 -0.3316
3 16 6.0331 -11.2223 -4.7999 5.8766 -10.9318 -5.2328 6.7107 -10.3627 -4.1629
3 16 2.9929 -18.1293 -0.4583 2.724 -18.1768 0.6632 1.3584 -18.8087 -0.3844
3 16 1.3584 -18.8087 -0.3844 2.724 -18.1768 0.6632 1.3085 -18.7875 0.1359
3 16 2.9929 -18.1293 -0.4583 1.3584 -18.8087 -0.3844 2.6759 -18.1651 -1.5597
3 16 2.6759 -18.1651 -1.5597 1.3584 -18.8087 -0.3844 1.2387 -18.8107 -0.9143
3 16 3.4331 -17.5242 -2.2944 3.9956 -17.4809 -0.4646 2.6759 -18.1651 -1.5597
3 16 2.6759 -18.1651 -1.5597 3.9956 -17.4809 -0.4646 2.9929 -18.1293 -0.4583
3 16 3.3006 -9.2617 7.3685 3.4503 -7.8195 7.7788 0 -9.2876 8.0515
3 16 0 -9.2876 8.0515 3.4503 -7.8195 7.7788 0 -7.8195 8.477
3 16 8.3486 -7.8195 2.8168 6.7041 -7.8195 5.4478 7.7918 -9.3251 2.6304
3 16 7.7918 -9.3251 2.6304 6.7041 -7.8195 5.4478 6.0657 -9.3123 5.2927
3 16 7.7918 -9.3251 2.6304 8.3751 -9.3698 -0.3973 8.3486 -7.8195 2.8168
3 16 8.3486 -7.8195 2.8168 8.3751 -9.3698 -0.3973 9.0398 -7.9181 -0.4571
3 16 3.3006 -9.2617 7.3685 6.0657 -9.3123 5.2927 3.4503 -7.8195 7.7788
3 16 3.4503 -7.8195 7.7788 6.0657 -9.3123 5.2927 6.7041 -7.8195 5.4478
3 16 3.0774 -9.7173 6.9513 3.3006 -9.2617 7.3685 0.7986 -9.772 7.4413
3 16 0.7986 -9.772 7.4413 3.3006 -9.2617 7.3685 0 -9.2876 8.0515
3 16 6.0657 -9.3123 5.2927 3.3006 -9.2617 7.3685 4.6923 -9.7446 5.9902
3 16 4.6923 -9.7446 5.9902 3.3006 -9.2617 7.3685 3.0774 -9.7173 6.9513
3 16 5.3812 -9.8195 5.0073 6.0657 -9.3123 5.2927 4.6923 -9.7446 5.9902
3 16 7.2717 -9.8075 2.4332 7.7918 -9.3251 2.6304 6.0398 -9.757 4.6666
3 16 6.0398 -9.757 4.6666 7.7918 -9.3251 2.6304 6.0657 -9.3123 5.2927
3 16 8.3751 -9.3698 -0.3973 7.7918 -9.3251 2.6304 7.773 -9.8739 -0.344
3 16 7.773 -9.8739 -0.344 7.7918 -9.3251 2.6304 7.2717 -9.8075 2.4332
3 16 8.0478 -7.6973 7.9422 6.7041 -7.8195 5.4478 9.891 -7.8732 4.4413
3 16 9.891 -7.8732 4.4413 6.7041 -7.8195 5.4478 8.3486 -7.8195 2.8168
3 16 0 -9.2876 8.0515 0 -9.8415 7.1995 0.7986 -9.772 7.4413
3 16 6.7107 -10.3627 -4.1629 8.0871 -9.5048 -2.3824 7.5341 -9.9397 -2.2744
3 16 8.3751 -9.3698 -0.3973 7.773 -9.8739 -0.344 8.0871 -9.5048 -2.3824
3 16 8.0871 -9.5048 -2.3824 7.773 -9.8739 -0.344 7.5341 -9.9397 -2.2744
3 16 9.0398 -7.9181 -0.4571 8.3751 -9.3698 -0.3973 8.743 -8.5649 -2.6795
3 16 8.743 -8.5649 -2.6795 8.3751 -9.3698 -0.3973 8.0871 -9.5048 -2.3824
3 16 7.2717 -9.8075 2.4332 6.117 -10.4469 4.0685 7.5301 -10.7803 -0.3316
3 16 7.2717 -9.8075 2.4332 7.5301 -10.7803 -0.3316 7.773 -9.8739 -0.344
3 16 7.773 -9.8739 -0.344 7.5301 -10.7803 -0.3316 7.5341 -9.9397 -2.2744
3 16 6.7107 -10.3627 -4.1629 7.4597 -9.8231 -4.755 8.0871 -9.5048 -2.3824
3 16 8.0871 -9.5048 -2.3824 7.4597 -9.8231 -4.755 8.743 -8.5649 -2.6795
3 16 6.7107 -10.3627 -4.1629 5.8766 -10.9318 -5.2328 7.4597 -9.8231 -4.755
3 16 7.4597 -9.8231 -4.755 5.8766 -10.9318 -5.2328 6.0546 -10.7613 -6.0768
3 16 1.9517 -14.1058 3.3805 3.3805 -14.1058 1.9517 1.6535 -13.6231 2.8639
3 16 1.6535 -13.6231 2.8639 3.3805 -14.1058 1.9517 2.8639 -13.6231 1.6535
3 16 0 -14.1058 3.9035 1.9517 -14.1058 3.3805 0 -13.6231 3.307
3 16 0 -13.6231 3.307 1.9517 -14.1058 3.3805 1.6535 -13.6231 2.8639
3 16 1.9517 -14.1058 -3.3805 0 -14.1058 -3.9035 1.6535 -13.6231 -2.8639
3 16 1.6535 -13.6231 -2.8639 0 -14.1058 -3.9035 0 -13.6231 -3.307
3 16 3.3805 -14.1058 -1.9517 1.9517 -14.1058 -3.3805 2.8639 -13.6231 -1.6535
3 16 2.8639 -13.6231 -1.6535 1.9517 -14.1058 -3.3805 1.6535 -13.6231 -2.8639
3 16 3.9035 -14.1058 0 3.3805 -14.1058 -1.9517 3.307 -13.6231 0
3 16 3.307 -13.6231 0 3.3805 -14.1058 -1.9517 2.8639 -13.6231 -1.6535
3 16 3.3805 -14.1058 1.9517 3.9035 -14.1058 0 2.8639 -13.6231 1.6535
3 16 2.8639 -13.6231 1.6535 3.9035 -14.1058 0 3.307 -13.6231 0
3 16 3.8492 -13.7949 2.2223 3.3805 -14.1058 1.9517 2.2223 -13.7949 3.8492
3 16 2.2223 -13.7949 3.8492 3.3805 -14.1058 1.9517 1.9517 -14.1058 3.3805
3 16 2.2223 -13.7949 3.8492 1.9517 -14.1058 3.3805 0 -13.7949 4.4446
3 16 0 -13.7949 4.4446 1.9517 -14.1058 3.3805 0 -14.1058 3.9035
3 16 0 -13.7949 -4.4446 0 -14.1058 -3.9035 2.2223 -13.7949 -3.8492
3 16 2.2223 -13.7949 -3.8492 0 -14.1058 -3.9035 1.9517 -14.1058 -3.3805
3 16 2.2223 -13.7949 -3.8492 1.9517 -14.1058 -3.3805 3.8492 -13.7949 -2.2223
3 16 3.8492 -13.7949 -2.2223 1.9517 -14.1058 -3.3805 3.3805 -14.1058 -1.9517
3 16 3.8492 -13.7949 -2.2223 3.3805 -14.1058 -1.9517 4.4446 -13.7949 0
3 16 4.4446 -13.7949 0 3.3805 -14.1058 -1.9517 3.9035 -14.1058 0
3 16 4.4446 -13.7949 0 3.9035 -14.1058 0 3.8492 -13.7949 2.2223
3 16 3.8492 -13.7949 2.2223 3.9035 -14.1058 0 3.3805 -14.1058 1.9517
3 16 2.6671 -8.4136 4.6209 4.6074 -8.4133 2.6899 2.2223 -13.7949 3.8492
3 16 2.2223 -13.7949 3.8492 4.6074 -8.4133 2.6899 3.8492 -13.7949 2.2223
3 16 0 -8.414 5.3352 2.6671 -8.4136 4.6209 0 -13.7949 4.4446
3 16 0 -13.7949 4.4446 2.6671 -8.4136 4.6209 2.2223 -13.7949 3.8492
3 16 2.6677 -8.4141 -4.6203 0 -8.414 -5.3352 2.2223 -13.7949 -3.8492
3 16 2.2223 -13.7949 -3.8492 0 -8.414 -5.3352 0 -13.7949 -4.4446
3 16 4.6204 -8.414 -2.6676 2.6677 -8.4141 -4.6203 3.8492 -13.7949 -2.2223
3 16 3.8492 -13.7949 -2.2223 2.6677 -8.4141 -4.6203 2.2223 -13.7949 -3.8492
3 16 5.3349 -8.4145 0.0008 4.6204 -8.414 -2.6676 4.4446 -13.7949 0
3 16 4.4446 -13.7949 0 4.6204 -8.414 -2.6676 3.8492 -13.7949 -2.2223
3 16 4.6074 -8.4133 2.6899 5.3349 -8.4145 0.0008 3.8492 -13.7949 2.2223
3 16 3.8492 -13.7949 2.2223 5.3349 -8.4145 0.0008 4.4446 -13.7949 0
3 16 3.0792 -5.3382 5.3278 2.9467 -7.7537 5.1039 0 -5.3382 6.1539
3 16 0 -5.3382 6.1539 2.9467 -7.7537 5.1039 0 -7.7537 5.8934
3 16 3.0223 -5.5241 -5.2347 0 -5.5241 -6.0446 2.9467 -7.7536 -5.1039
3 16 2.9467 -7.7536 -5.1039 0 -5.5241 -6.0446 0 -7.7536 -5.8934
3 16 5.2443 -5.5087 -3.0184 3.0223 -5.5241 -5.2347 5.1039 -7.7536 -2.9467
3 16 5.1039 -7.7536 -2.9467 3.0223 -5.5241 -5.2347 2.9467 -7.7536 -5.1039
3 16 9.8815 -5.0943 4.6466 8.5823 -5.0048 3.0452 5.7784 -5.0152 3.3611
3 16 5.7784 -5.0152 3.3611 8.5823 -5.0048 3.0452 7.5347 -5.0013 2.6144
3 16 7.5347 -5.0013 2.6144 8.5823 -5.0048 3.0452 8.4647 -5.4027 0.097
3 16 6.5057 -5.1551 -1.102 6.5894 -5.2868 0.0429 8.4647 -5.4027 0.097
3 16 6.5057 -5.1551 -1.102 8.4647 -5.4027 0.097 7.3976 -5.0042 -2.4292
3 16 6.1433 -5.5895 0.0499 5.2443 -5.5087 -3.0184 5.8934 -7.7536 0
3 16 5.8934 -7.7536 0 5.2443 -5.5087 -3.0184 5.1039 -7.7536 -2.9467
3 16 6.5134 -5.1272 1.2013 7.5347 -5.0013 2.6144 8.4647 -5.4027 0.097
3 16 6.5894 -5.2868 0.0429 6.5134 -5.1272 1.2013 8.4647 -5.4027 0.097
3 16 5.3259 -5.3382 3.0824 5.0463 -7.7505 3.0441 3.0792 -5.3382 5.3278
3 16 3.0792 -5.3382 5.3278 5.0463 -7.7505 3.0441 2.9467 -7.7537 5.1039
3 16 5.3259 -5.3382 3.0824 6.1433 -5.5895 0.0499 5.0463 -7.7505 3.0441
3 16 5.0463 -7.7505 3.0441 6.1433 -5.5895 0.0499 5.8934 -7.7536 0
3 16 2.9467 -7.7537 5.1039 5.0463 -7.7505 3.0441 2.6671 -8.4136 4.6209
3 16 2.6671 -8.4136 4.6209 5.0463 -7.7505 3.0441 4.6074 -8.4133 2.6899
3 16 5.0463 -7.7505 3.0441 5.8934 -7.7536 0 4.6074 -8.4133 2.6899
3 16 4.6074 -8.4133 2.6899 5.8934 -7.7536 0 5.3349 -8.4145 0.0008
3 16 5.8934 -7.7536 0 5.1039 -7.7536 -2.9467 5.3349 -8.4145 0.0008
3 16 5.3349 -8.4145 0.0008 5.1039 -7.7536 -2.9467 4.6204 -8.414 -2.6676
3 16 5.1039 -7.7536 -2.9467 2.9467 -7.7536 -5.1039 4.6204 -8.414 -2.6676
3 16 4.6204 -8.414 -2.6676 2.9467 -7.7536 -5.1039 2.6677 -8.4141 -4.6203
3 16 2.9467 -7.7536 -5.1039 0 -7.7536 -5.8934 2.6677 -8.4141 -4.6203
3 16 2.6677 -8.4141 -4.6203 0 -7.7536 -5.8934 0 -8.414 -5.3352
3 16 0 -7.7537 5.8934 2.9467 -7.7537 5.1039 0 -8.414 5.3352
3 16 0 -8.414 5.3352 2.9467 -7.7537 5.1039 2.6671 -8.4136 4.6209
3 16 1.6535 -13.6231 2.8639 2.8639 -13.6231 1.6535 1.5347 -7.5 2.6582
3 16 1.5347 -7.5 2.6582 2.8639 -13.6231 1.6535 2.6582 -7.5 1.5347
3 16 0 -13.6231 3.307 1.6535 -13.6231 2.8639 0 -7.5 3.0694
3 16 0 -7.5 3.0694 1.6535 -13.6231 2.8639 1.5347 -7.5 2.6582
3 16 1.6535 -13.6231 -2.8639 0 -13.6231 -3.307 1.5347 -7.5 -2.6582
3 16 1.5347 -7.5 -2.6582 0 -13.6231 -3.307 0 -7.5 -3.0694
3 16 2.8639 -13.6231 -1.6535 1.6535 -13.6231 -2.8639 2.6582 -7.5 -1.5347
3 16 2.6582 -7.5 -1.5347 1.6535 -13.6231 -2.8639 1.5347 -7.5 -2.6582
3 16 3.307 -13.6231 0 2.8639 -13.6231 -1.6535 3.0694 -7.5 0
3 16 3.0694 -7.5 0 2.8639 -13.6231 -1.6535 2.6582 -7.5 -1.5347
3 16 2.8639 -13.6231 1.6535 3.307 -13.6231 0 2.6582 -7.5 1.5347
3 16 2.6582 -7.5 1.5347 3.307 -13.6231 0 3.0694 -7.5 0
3 16 8.4647 -5.4027 0.097 10.5165 -5.3902 2.1028 10.753 -5.5772 0.7771
3 16 8.4647 -5.4027 0.097 10.7517 -5.5911 -0.6269 10.4337 -5.4214 -1.9714
3 16 7.3375 -12.1211 -0.3539 7.5301 -10.7803 -0.3316 6.0301 -12.0548 3.8283
3 16 6.0301 -12.0548 3.8283 7.5301 -10.7803 -0.3316 6.117 -10.4469 4.0685
3 16 5.8766 -10.9318 -5.2328 5.2262 -11.1991 -5.7301 5.4618 -10.9962 -6.0761
3 16 5.8766 -10.9318 -5.2328 5.4618 -10.9962 -6.0761 6.0546 -10.7613 -6.0768
3 16 7.4802 -7.106 -8.7462 6.7742 -5.0797 -7.7972 9.3067 -7.1121 -6.8082
3 16 9.3067 -7.1121 -6.8082 6.7742 -5.0797 -7.7972 8.472 -5.0929 -6.0701
3 16 7.3093 -11.547 -8.4219 7.4488 -9.939 -8.6322 9.2632 -10.143 -6.5334
3 16 9.2632 -10.143 -6.5334 7.4488 -9.939 -8.6322 9.3227 -9.0424 -6.6639
3 16 9.2632 -10.143 -6.5334 8.5655 -10.7969 -5.82 7.3093 -11.547 -8.4219
3 16 7.3093 -11.547 -8.4219 8.5655 -10.7969 -5.82 6.6909 -11.9845 -7.4685
3 16 7.4597 -9.8231 -4.755 6.0546 -10.7613 -6.0768 8.5655 -10.7969 -5.82
3 16 8.5655 -10.7969 -5.82 6.0546 -10.7613 -6.0768 6.6909 -11.9845 -7.4685
3 16 7.5347 -5.0013 2.6144 6.5134 -5.1272 1.2013 5.7784 -5.0152 3.3611
3 16 -11.3027 -7.1247 2.3541 -10.6272 -7.153 4.9365 -10.2146 -5.0712 3.1904
3 16 -10.2146 -5.0712 3.1904 -10.6272 -7.153 4.9365 -9.8815 -5.0943 4.6466
3 16 -10.8838 -7.1126 -3.6885 -10.4337 -5.4214 -1.9714 -9.9601 -5.0808 -3.2291
3 16 -10.8838 -7.1126 -3.6885 -10.7862 -8.3145 -3.6224 -11.4356 -7.114 -0.6726
3 16 -9.2632 -10.143 -6.5334 -10.7862 -8.3145 -3.6224 -9.3227 -9.0424 -6.6639
3 16 -10.2146 -5.0712 3.1904 -8.5823 -5.0048 3.0452 -10.5165 -5.3902 2.1028
3 16 -10.5165 -5.3902 2.1028 -8.5823 -5.0048 3.0452 -8.4647 -5.4027 0.097
3 16 -8.4647 -5.4027 0.097 -7.3976 -5.0042 -2.4292 -10.4337 -5.4214 -1.9714
3 16 -10.4337 -5.4214 -1.9714 -7.3976 -5.0042 -2.4292 -9.9601 -5.0808 -3.2291
3 16 0 -7.1469 12.2018 -4.6703 -7.1486 11.2256 0 -7.534 11.555
3 16 0 -7.534 11.555 -4.6703 -7.1486 11.2256 -4.4476 -7.5483 10.5961
3 16 -8.0478 -7.6973 7.9422 -4.4476 -7.5483 10.5961 -8.5409 -7.144 8.4549
3 16 -8.5409 -7.144 8.4549 -4.4476 -7.5483 10.5961 -4.6703 -7.1486 11.2256
3 16 -8.5409 -7.144 8.4549 -10.6272 -7.153 4.9365 -8.0478 -7.6973 7.9422
3 16 -8.0478 -7.6973 7.9422 -10.6272 -7.153 4.9365 -9.891 -7.8732 4.4413
3 16 -10.2244 -7.9504 2.081 -9.891 -7.8732 4.4413 -11.3027 -7.1247 2.3541
3 16 -11.3027 -7.1247 2.3541 -9.891 -7.8732 4.4413 -10.6272 -7.153 4.9365
3 16 -10.374 -7.9748 -0.5761 -10.2244 -7.9504 2.081 -11.4356 -7.114 -0.6726
3 16 -11.4356 -7.114 -0.6726 -10.2244 -7.9504 2.081 -11.3027 -7.1247 2.3541
3 16 -10.0041 -8.9095 -3.0223 -10.374 -7.9748 -0.5761 -10.7862 -8.3145 -3.6224
3 16 -10.7862 -8.3145 -3.6224 -10.374 -7.9748 -0.5761 -11.4356 -7.114 -0.6726
3 16 -8.5655 -10.7969 -5.82 -10.0041 -8.9095 -3.0223 -9.2632 -10.143 -6.5334
3 16 -9.2632 -10.143 -6.5334 -10.0041 -8.9095 -3.0223 -10.7862 -8.3145 -3.6224
3 16 -9.2632 -10.143 -6.5334 -7.3093 -11.547 -8.4219 -8.5655 -10.7969 -5.82
3 16 -8.5655 -10.7969 -5.82 -7.3093 -11.547 -8.4219 -6.6909 -11.9845 -7.4685
3 16 -4.9958 -12.6611 -8.4778 -5.4647 -12.317 -9.5248 -2.8722 -13.2379 -9.3781
3 16 -2.8722 -13.2379 -9.3781 -5.4647 -12.317 -9.5248 -3.0982 -12.9346 -10.4664
3 16 -2.8722 -13.2379 -9.3781 -3.0982 -12.9346 -10.4664 0 -13.6627 -10.0351
3 16 0 -13.6627 -10.0351 -3.0982 -12.9346 -10.4664 0 -13.4557 -11.1222
3 16 -1.1189 -11.9478 6.9098 0 -11.8037 6.6259 -1.1382 -10.4496 7.0997
3 16 -1.1382 -10.4496 7.0997 0 -11.8037 6.6259 0 -10.4496 6.7997
3 16 -1.1225 -16.5515 4.6094 0 -16.2966 4.4215 -1.1203 -15.3089 5.6427
3 16 -1.1203 -15.3089 5.6427 0 -16.2966 4.4215 0 -15.0464 5.4517
3 16 -1.0963 -18.1852 2.2982 0 -17.9495 2.1533 -1.0718 -17.5884 3.3111
3 16 -1.0718 -17.5884 3.3111 0 -17.9495 2.1533 0 -17.3332 3.1543
3 16 -2.9929 -18.1293 -0.4583 -3.9958 -17.4807 -0.4646 -2.6759 -18.1651 -1.5597
3 16 -2.6759 -18.1651 -1.5597 -3.9958 -17.4807 -0.4646 -3.4331 -17.5242 -2.2944
3 16 -5.6859 -12.8712 -4.4898 -7.3375 -12.1211 -0.354 -6.0331 -11.2223 -4.7999
3 16 -6.0331 -11.2223 -4.7999 -7.3375 -12.1211 -0.354 -7.5269 -10.8152 -0.3303
3 16 -4.8635 -15.6846 -3.6468 -4.2411 -16.6513 -3.0344 -5.96 -15.547 -0.425
3 16 -5.96 -15.547 -0.425 -4.2411 -16.6513 -3.0344 -5.017 -16.6414 -0.4536
3 16 -0.6299 -19.684 -0.319 -0.5553 -19.5753 -0.8517 -0.001 -19.8727 -0.3091
3 16 -0.001 -19.8727 -0.3091 -0.5553 -19.5753 -0.8517 0.0022 -19.6733 -1.0275
3 16 -0.5553 -19.5753 -0.8517 -0.7151 -19.155 -1.1679 0.0022 -19.6733 -1.0275
3 16 0.0022 -19.6733 -1.0275 -0.7151 -19.155 -1.1679 0 -19.155 -1.4471
3 16 -0.7151 -19.155 -1.1679 -0.9949 -18.7687 -1.3139 -0.5388 -18.7911 -1.6167
3 16 -0.9949 -18.7687 -1.3139 -0.7151 -19.155 -1.1679 -1.2387 -18.8107 -0.9143
3 16 -0.7151 -19.155 0.378 -1.0395 -18.717 0.5666 -1.3243 -18.7865 0.1157
3 16 0.0023 -19.6178 0.3553 -0.581 -19.4848 0.232 -0.001 -19.8727 -0.3091
3 16 -0.001 -19.8727 -0.3091 -0.581 -19.4848 0.232 -0.6299 -19.684 -0.319
3 16 -0.7151 -19.155 0.378 -0.581 -19.4848 0.232 -0.0005 -19.155 0.7572
3 16 -0.0005 -19.155 0.7572 -0.581 -19.4848 0.232 0.0023 -19.6178 0.3553
3 16 -0.6299 -19.684 -0.319 -0.581 -19.4848 0.232 -1.0841 -19.155 -0.357
3 16 -1.0841 -19.155 -0.357 -0.581 -19.4848 0.232 -0.7151 -19.155 0.378
3 16 -1.1026 -13.6758 -7.2045 -4.1315 -13.2446 -6.103 -1.0851 -12.8793 -7.461
3 16 -1.0851 -12.8793 -7.461 -4.1315 -13.2446 -6.103 -4.2658 -12.26 -6.3134
3 16 -1.1302 -16.6313 -5.2739 -2.6793 -16.6308 -4.6281 -1.1445 -15.7819 -6.0501
3 16 -1.1445 -15.7819 -6.0501 -2.6793 -16.6308 -4.6281 -3.2418 -15.7525 -5.1974
3 16 -1.0566 -18.1926 -2.9591 -1.8837 -17.5467 -3.7896 -1.1024 -17.5228 -4.1547
3 16 0 -13.6615 -6.8853 -1.1026 -13.6758 -7.2045 0 -12.9563 -7.1156
3 16 0 -12.9563 -7.1156 -1.1026 -13.6758 -7.2045 -1.0851 -12.8793 -7.461
3 16 0 -16.4408 -5.0373 -1.1302 -16.6313 -5.2739 0 -15.592 -5.8177
3 16 0 -15.592 -5.8177 -1.1302 -16.6313 -5.2739 -1.1445 -15.7819 -6.0501
3 16 -1.1024 -17.5228 -4.1547 0 -17.2953 -3.9589 -1.0566 -18.1926 -2.9591
3 16 -1.0566 -18.1926 -2.9591 0 -17.2953 -3.9589 0 -17.9756 -2.8581
3 16 -5.1006 -10.4451 4.6721 -6.117 -10.4469 4.0685 -4.9982 -11.9527 4.4968
3 16 -4.9982 -11.9527 4.4968 -6.117 -10.4469 4.0685 -6.0301 -12.0548 3.8283
3 16 -4.1574 -15.1541 3.6225 -5.137 -15.3486 2.9068 -3.3756 -16.4187 2.8848
3 16 -3.3756 -16.4187 2.8848 -5.137 -15.3486 2.9068 -4.2737 -16.7105 2.1085
3 16 -2.724 -18.1768 0.6632 -1.8294 -17.94 1.3944 -3.3669 -17.6454 1.3016
3 16 -3.3669 -17.6454 1.3016 -1.8294 -17.94 1.3944 -2.4682 -17.3877 2.0344
3 16 -1.7784 -17.941 -2.1931 -2.6759 -18.1651 -1.5597 -2.5378 -17.2881 -2.9203
3 16 -2.5378 -17.2881 -2.9203 -2.6759 -18.1651 -1.5597 -3.4331 -17.5242 -2.2944
3 16 -3.3234 -16.4229 -3.6729 -4.2411 -16.6513 -3.0344 -3.8831 -15.5377 -4.2489
3 16 -3.8831 -15.5377 -4.2489 -4.2411 -16.6513 -3.0344 -4.8635 -15.6846 -3.6468
3 16 -6.0331 -11.2223 -4.7999 -4.9488 -11.7178 -5.3483 -5.6859 -12.8712 -4.4898
3 16 -5.6859 -12.8712 -4.4898 -4.9488 -11.7178 -5.3483 -4.7839 -12.9368 -5.1322
3 16 -1.7994 -17.6042 2.9934 -2.4682 -17.3877 2.0344 -1.0963 -18.1852 2.2982
3 16 -1.0963 -18.1852 2.2982 -2.4682 -17.3877 2.0344 -1.8294 -17.94 1.3944
3 16 -3.5165 -15.2686 4.6636 -4.1574 -15.1541 3.6225 -2.7619 -16.5382 3.9365
3 16 -2.7619 -16.5382 3.9365 -4.1574 -15.1541 3.6225 -3.3756 -16.4187 2.8848
3 16 -4.5076 -10.4494 5.6947 -5.1006 -10.4451 4.6721 -4.3675 -11.9635 5.5573
3 16 -4.3675 -11.9635 5.5573 -5.1006 -10.4451 4.6721 -4.9982 -11.9527 4.4968
3 16 -1.0395 -18.717 0.5666 -0.4379 -18.7201 0.972 -1.8294 -17.94 1.3944
3 16 -1.8294 -17.94 1.3944 -0.4379 -18.7201 0.972 -1.0963 -18.1852 2.2982
3 16 0 -18.7583 -1.7484 -0.5388 -18.7911 -1.6167 0 -17.9756 -2.8581
3 16 0 -17.9756 -2.8581 -0.5388 -18.7911 -1.6167 -1.0566 -18.1926 -2.9591
3 16 -0.9949 -18.7687 -1.3139 -1.7784 -17.941 -2.1931 -0.5388 -18.7911 -1.6167
3 16 -0.5388 -18.7911 -1.6167 -1.7784 -17.941 -2.1931 -1.0566 -18.1926 -2.9591
3 16 -0.9949 -18.7687 -1.3139 -1.2387 -18.8107 -0.9143 -1.7784 -17.941 -2.1931
3 16 -1.7784 -17.941 -2.1931 -1.2387 -18.8107 -0.9143 -2.6759 -18.1651 -1.5597
3 16 -2.8722 -13.2379 -9.3781 -2.7948 -12.1361 -7.7207 -4.9958 -12.6611 -8.4778
3 16 -4.9958 -12.6611 -8.4778 -2.7948 -12.1361 -7.7207 -4.2968 -11.7141 -6.7954
3 16 -7.4597 -9.8231 -4.755 -8.5655 -10.7969 -5.82 -6.0546 -10.7613 -6.0768
3 16 -6.0546 -10.7613 -6.0768 -8.5655 -10.7969 -5.82 -6.6909 -11.9845 -7.4685
3 16 -8.5655 -10.7969 -5.82 -7.4597 -9.8231 -4.755 -10.0041 -8.9095 -3.0223
3 16 -10.0041 -8.9095 -3.0223 -7.4597 -9.8231 -4.755 -8.743 -8.5649 -2.6795
3 16 -10.0041 -8.9095 -3.0223 -8.743 -8.5649 -2.6795 -10.374 -7.9748 -0.5761
3 16 -10.374 -7.9748 -0.5761 -8.743 -8.5649 -2.6795 -9.0398 -7.9181 -0.457
3 16 -10.374 -7.9748 -0.5761 -9.0398 -7.9181 -0.457 -10.2244 -7.9504 2.081
3 16 -10.2244 -7.9504 2.081 -9.0398 -7.9181 -0.457 -8.3486 -7.8195 2.8168
3 16 -9.891 -7.8732 4.4413 -10.2244 -7.9504 2.081 -8.3486 -7.8195 2.8168
3 16 -6.7041 -7.8195 5.4478 -3.4506 -7.8195 7.7787 -8.0478 -7.6973 7.9422
3 16 -8.0478 -7.6973 7.9422 -3.4506 -7.8195 7.7787 -4.4476 -7.5483 10.5961
3 16 -1.3309 -12.2973 -8.136 0 -12.3183 -8.1663 -1.0851 -12.8793 -7.461
3 16 -1.0851 -12.8793 -7.461 0 -12.3183 -8.1663 0 -12.9563 -7.1156
3 16 -9.3227 -9.0424 -6.6639 -7.4488 -9.939 -8.6322 -9.2632 -10.143 -6.5334
3 16 -9.2632 -10.143 -6.5334 -7.4488 -9.939 -8.6322 -7.3093 -11.547 -8.4219
3 16 -3.2394 -10.8378 -10.8927 0 -11.185 -11.7813 -3.0982 -12.9346 -10.4664
3 16 -3.0982 -12.9346 -10.4664 0 -11.185 -11.7813 0 -13.4557 -11.1222
3 16 -5.6332 -10.435 -9.8317 -3.2394 -10.8378 -10.8927 -5.4647 -12.317 -9.5248
3 16 -5.4647 -12.317 -9.5248 -3.2394 -10.8378 -10.8927 -3.0982 -12.9346 -10.4664
3 16 -1.2387 -18.8107 -0.9143 -1.3584 -18.8087 -0.3844 -2.6759 -18.1651 -1.5597
3 16 -2.6759 -18.1651 -1.5597 -1.3584 -18.8087 -0.3844 -2.9929 -18.1293 -0.4583
3 16 -1.3584 -18.8087 -0.3844 -1.2387 -18.8107 -0.9143 -1.0841 -19.155 -0.357
3 16 -1.0841 -19.155 -0.357 -1.2387 -18.8107 -0.9143 -0.7151 -19.155 -1.1679
3 16 -0.7151 -19.155 -1.1679 -0.5553 -19.5753 -0.8517 -1.0841 -19.155 -0.357
3 16 -1.0841 -19.155 -0.357 -0.5553 -19.5753 -0.8517 -0.6299 -19.684 -0.319
3 16 -7.3375 -12.1211 -0.354 -6.0301 -12.0548 3.8283 -7.5269 -10.8152 -0.3303
3 16 -7.5269 -10.8152 -0.3303 -6.0301 -12.0548 3.8283 -6.117 -10.4469 4.0685
3 16 -5.137 -15.3486 2.9068 -5.96 -15.547 -0.425 -4.2737 -16.7105 2.1085
3 16 -4.2737 -16.7105 2.1085 -5.96 -15.547 -0.425 -5.017 -16.6414 -0.4536
3 16 -3.3669 -17.6454 1.3016 -3.9958 -17.4807 -0.4646 -2.724 -18.1768 0.6632
3 16 -2.724 -18.1768 0.6632 -3.9958 -17.4807 -0.4646 -2.9929 -18.1293 -0.4583
3 16 -7.5341 -9.9397 -2.2744 -6.7107 -10.3627 -4.1629 -6.0331 -11.2223 -4.7999
3 16 -7.2717 -9.8075 2.4332 -7.773 -9.8739 -0.344 -7.5269 -10.8152 -0.3303
3 16 -6.117 -10.4469 4.0685 -6.0398 -9.757 4.6666 -7.2717 -9.8075 2.4332
3 16 -5.3812 -9.8195 5.0073 -6.0398 -9.757 4.6666 -5.1006 -10.4451 4.6721
3 16 -5.1006 -10.4451 4.6721 -6.0398 -9.757 4.6666 -6.117 -10.4469 4.0685
3 16 -3.0774 -9.7173 6.9513 -4.5076 -10.4494 5.6947 -1.1382 -10.4496 7.0997
3 16 -1.1382 -10.4496 7.0997 -0.7986 -9.772 7.4413 -3.0774 -9.7173 6.9513
3 16 0 -9.8415 7.1995 -0.7986 -9.772 7.4413 0 -10.4496 6.7997
3 16 0 -10.4496 6.7997 -0.7986 -9.772 7.4413 -1.1382 -10.4496 7.0997
3 16 -6.7041 -7.8195 5.4478 -6.0657 -9.3123 5.2927 -3.4506 -7.8195 7.7787
3 16 -3.4506 -7.8195 7.7787 -6.0657 -9.3123 5.2927 -3.301 -9.2617 7.3684
3 16 -3.0774 -9.7173 6.9513 -3.301 -9.2617 7.3684 -4.6923 -9.7446 5.9902
3 16 -4.6923 -9.7446 5.9902 -3.301 -9.2617 7.3684 -6.0657 -9.3123 5.2927
3 16 -10.7512 -5.592 -0.6269 -11.4356 -7.114 -0.6726 -10.753 -5.5772 0.7771
3 16 -10.753 -5.5772 0.7771 -11.4356 -7.114 -0.6726 -11.3027 -7.1247 2.3541
3 16 -6.0657 -9.3123 5.2927 -6.7041 -7.8195 5.4478 -7.7918 -9.3251 2.6304
3 16 -7.7918 -9.3251 2.6304 -6.7041 -7.8195 5.4478 -8.3486 -7.8195 2.8168
3 16 -7.2717 -9.8075 2.4332 -6.0398 -9.757 4.6666 -7.7918 -9.3251 2.6304
3 16 -7.7918 -9.3251 2.6304 -6.0398 -9.757 4.6666 -6.0657 -9.3123 5.2927
3 16 -6.0657 -9.3123 5.2927 -6.0398 -9.757 4.6666 -5.3812 -9.8195 5.0073
3 16 -8.3486 -7.8195 2.8168 -6.7041 -7.8195 5.4478 -9.891 -7.8732 4.4413
3 16 -9.891 -7.8732 4.4413 -6.7041 -7.8195 5.4478 -8.0478 -7.6973 7.9422
3 16 0 -7.8195 8.477 -3.4506 -7.8195 7.7787 0 -9.2876 8.0515
3 16 0 -9.2876 8.0515 -3.4506 -7.8195 7.7787 -3.301 -9.2617 7.3684
3 16 -6.0331 -11.2223 -4.7999 -6.7107 -10.3627 -4.1629 -5.8766 -10.9318 -5.2328
3 16 -6.0331 -11.2223 -4.7999 -5.8766 -10.9318 -5.2328 -4.9488 -11.7178 -5.3483
3 16 -4.9488 -11.7178 -5.3483 -5.8766 -10.9318 -5.2328 -5.2262 -11.1991 -5.7301
3 16 -4.2968 -11.7141 -6.7954 -2.7948 -12.1361 -7.7207 -4.2658 -12.26 -6.3134
3 16 -7.5341 -9.9397 -2.2744 -7.773 -9.8739 -0.344 -8.0871 -9.5048 -2.3824
3 16 -8.0871 -9.5048 -2.3824 -7.773 -9.8739 -0.344 -8.3751 -9.3697 -0.3973
3 16 -8.4647 -5.4027 0.097 -10.7512 -5.592 -0.6269 -10.753 -5.5772 0.7771
3 16 -7.773 -9.8739 -0.344 -7.5341 -9.9397 -2.2744 -7.5269 -10.8152 -0.3303
3 16 -8.0871 -9.5048 -2.3824 -8.3751 -9.3697 -0.3973 -8.743 -8.5649 -2.6795
3 16 -8.743 -8.5649 -2.6795 -8.3751 -9.3697 -0.3973 -9.0398 -7.9181 -0.457
3 16 -6.7107 -10.3627 -4.1629 -8.0871 -9.5048 -2.3824 -7.4597 -9.8231 -4.755
3 16 -7.4597 -9.8231 -4.755 -8.0871 -9.5048 -2.3824 -8.743 -8.5649 -2.6795
3 16 -6.117 -10.4469 4.0685 -7.2717 -9.8075 2.4332 -7.5269 -10.8152 -0.3303
3 16 -8.3751 -9.3697 -0.3973 -7.773 -9.8739 -0.344 -7.7918 -9.3251 2.6304
3 16 -7.7918 -9.3251 2.6304 -7.773 -9.8739 -0.344 -7.2717 -9.8075 2.4332
3 16 -7.7918 -9.3251 2.6304 -8.3486 -7.8195 2.8168 -8.3751 -9.3697 -0.3973
3 16 -8.3751 -9.3697 -0.3973 -8.3486 -7.8195 2.8168 -9.0398 -7.9181 -0.457
3 16 0 -12.3183 -8.1663 -1.3309 -12.2973 -8.136 0 -13.6627 -10.0351
3 16 -6.7107 -10.3627 -4.1629 -7.5341 -9.9397 -2.2744 -8.0871 -9.5048 -2.3824
3 16 -7.3976 -5.0042 -2.4292 -8.4647 -5.4027 0.097 -6.5057 -5.1551 -1.102
3 16 -6.5134 -5.1272 1.2013 -8.4647 -5.4027 0.097 -7.5347 -5.0013 2.6144
3 16 -2.9394 -5.1076 -10.1278 0 -5.082 -11.1746 -3.2951 -7.1112 -11.1017
3 16 -3.2951 -7.1112 -11.1017 0 -5.082 -11.1746 0 -7.1126 -12.1423
3 16 -5.1314 -5.0782 -8.9472 -2.9394 -5.1076 -10.1278 -5.7066 -7.1069 -9.9659
3 16 -5.7066 -7.1069 -9.9659 -2.9394 -5.1076 -10.1278 -3.2951 -7.1112 -11.1017
3 16 -8.472 -5.0929 -6.0701 -6.7742 -5.0797 -7.7972 -9.3067 -7.1121 -6.8082
3 16 -9.3067 -7.1121 -6.8082 -6.7742 -5.0797 -7.7972 -7.4802 -7.106 -8.7462
3 16 -9.9601 -5.0808 -3.2291 -8.472 -5.0929 -6.0701 -10.8838 -7.1126 -3.6885
3 16 -10.8838 -7.1126 -3.6885 -8.472 -5.0929 -6.0701 -9.3067 -7.1121 -6.8082
3 16 -11.3027 -7.1247 2.3541 -10.2146 -5.0712 3.1904 -10.5165 -5.3902 2.1028
3 16 -9.8815 -5.0943 4.6466 -10.6272 -7.153 4.9365 -7.9988 -5.0952 7.8924
3 16 -7.9988 -5.0952 7.8924 -10.6272 -7.153 4.9365 -8.5409 -7.144 8.4549
3 16 -7.9988 -5.0952 7.8924 -8.5409 -7.144 8.4549 -4.4094 -5.0451 10.3311
3 16 -4.4094 -5.0451 10.3311 -8.5409 -7.144 8.4549 -4.6703 -7.1486 11.2256
3 16 0 -7.1469 12.2018 0 -5.0245 11.0864 -4.6703 -7.1486 11.2256
3 16 -4.6703 -7.1486 11.2256 0 -5.0245 11.0864 -4.4094 -5.0451 10.3311
3 16 -5.3259 -5.3382 3.0824 -3.0792 -5.3382 5.3278 -5.0463 -7.7505 3.0441
3 16 -5.0463 -7.7505 3.0441 -3.0792 -5.3382 5.3278 -2.9467 -7.7537 5.1039
3 16 -5.8934 -7.7536 0 -6.1433 -5.5895 0.0499 -5.0463 -7.7505 3.0441
3 16 -5.0463 -7.7505 3.0441 -6.1433 -5.5895 0.0499 -5.3259 -5.3382 3.0824
3 16 -6.1433 -5.5895 0.0499 -5.8934 -7.7536 0 -5.2443 -5.5087 -3.0184
3 16 -5.2443 -5.5087 -3.0184 -5.8934 -7.7536 0 -5.1039 -7.7536 -2.9467
3 16 -5.2443 -5.5087 -3.0184 -5.1039 -7.7536 -2.9467 -3.0223 -5.5241 -5.2347
3 16 -3.0223 -5.5241 -5.2347 -5.1039 -7.7536 -2.9467 -2.9467 -7.7536 -5.1039
3 16 0 -5.5241 -6.0446 -3.0223 -5.5241 -5.2347 0 -7.7536 -5.8934
3 16 0 -7.7536 -5.8934 -3.0223 -5.5241 -5.2347 -2.9467 -7.7536 -5.1039
3 16 -3.0792 -5.3382 5.3278 0 -5.3382 6.1539 -2.9467 -7.7537 5.1039
3 16 -2.9467 -7.7537 5.1039 0 -5.3382 6.1539 0 -7.7537 5.8934
3 16 0 -7.7536 -5.8934 -2.9467 -7.7536 -5.1039 0 -8.414 -5.3352
3 16 0 -8.414 -5.3352 -2.9467 -7.7536 -5.1039 -2.6677 -8.4141 -4.6203
3 16 -2.9467 -7.7536 -5.1039 -5.1039 -7.7536 -2.9467 -2.6677 -8.4141 -4.6203
3 16 -2.6677 -8.4141 -4.6203 -5.1039 -7.7536 -2.9467 -4.6204 -8.414 -2.6676
3 16 -5.1039 -7.7536 -2.9467 -5.8934 -7.7536 0 -4.6204 -8.414 -2.6676
3 16 -4.6204 -8.414 -2.6676 -5.8934 -7.7536 0 -5.3349 -8.4145 0.0008
3 16 -5.0463 -7.7505 3.0441 -4.6074 -8.4133 2.6899 -5.8934 -7.7536 0
3 16 -5.8934 -7.7536 0 -4.6074 -8.4133 2.6899 -5.3349 -8.4145 0.0008
3 16 -2.9467 -7.7537 5.1039 -2.6671 -8.4136 4.6209 -5.0463 -7.7505 3.0441
3 16 -5.0463 -7.7505 3.0441 -2.6671 -8.4136 4.6209 -4.6074 -8.4133 2.6899
3 16 -2.9467 -7.7537 5.1039 0 -7.7537 5.8934 -2.6671 -8.4136 4.6209
3 16 -2.6671 -8.4136 4.6209 0 -7.7537 5.8934 0 -8.414 5.3352
3 16 -4.6074 -8.4133 2.6899 -3.8492 -13.7949 2.2223 -5.3349 -8.4145 0.0008
3 16 -5.3349 -8.4145 0.0008 -3.8492 -13.7949 2.2223 -4.4446 -13.7949 0
3 16 -5.3349 -8.4145 0.0008 -4.4446 -13.7949 0 -4.6204 -8.414 -2.6676
3 16 -4.6204 -8.414 -2.6676 -4.4446 -13.7949 0 -3.8492 -13.7949 -2.2223
3 16 -4.6204 -8.414 -2.6676 -3.8492 -13.7949 -2.2223 -2.6677 -8.4141 -4.6203
3 16 -2.6677 -8.4141 -4.6203 -3.8492 -13.7949 -2.2223 -2.2223 -13.7949 -3.8492
3 16 -2.6677 -8.4141 -4.6203 -2.2223 -13.7949 -3.8492 0 -8.414 -5.3352
3 16 0 -8.414 -5.3352 -2.2223 -13.7949 -3.8492 0 -13.7949 -4.4446
3 16 0 -8.414 5.3352 0 -13.7949 4.4446 -2.6671 -8.4136 4.6209
3 16 -2.6671 -8.4136 4.6209 0 -13.7949 4.4446 -2.2223 -13.7949 3.8492
3 16 -2.6671 -8.4136 4.6209 -2.2223 -13.7949 3.8492 -4.6074 -8.4133 2.6899
3 16 -4.6074 -8.4133 2.6899 -2.2223 -13.7949 3.8492 -3.8492 -13.7949 2.2223
3 16 -3.8492 -13.7949 2.2223 -3.3805 -14.1058 1.9517 -4.4446 -13.7949 0
3 16 -4.4446 -13.7949 0 -3.3805 -14.1058 1.9517 -3.9035 -14.1058 0
3 16 -4.4446 -13.7949 0 -3.9035 -14.1058 0 -3.8492 -13.7949 -2.2223
3 16 -3.8492 -13.7949 -2.2223 -3.9035 -14.1058 0 -3.3805 -14.1058 -1.9517
3 16 -3.8492 -13.7949 -2.2223 -3.3805 -14.1058 -1.9517 -2.2223 -13.7949 -3.8492
3 16 -2.2223 -13.7949 -3.8492 -3.3805 -14.1058 -1.9517 -1.9517 -14.1058 -3.3805
3 16 -2.2223 -13.7949 -3.8492 -1.9517 -14.1058 -3.3805 0 -13.7949 -4.4446
3 16 0 -13.7949 -4.4446 -1.9517 -14.1058 -3.3805 0 -14.1058 -3.9035
3 16 0 -13.7949 4.4446 0 -14.1058 3.9035 -2.2223 -13.7949 3.8492
3 16 -2.2223 -13.7949 3.8492 0 -14.1058 3.9035 -1.9517 -14.1058 3.3805
3 16 -2.2223 -13.7949 3.8492 -1.9517 -14.1058 3.3805 -3.8492 -13.7949 2.2223
3 16 -3.8492 -13.7949 2.2223 -1.9517 -14.1058 3.3805 -3.3805 -14.1058 1.9517
3 16 -3.3805 -14.1058 1.9517 -2.8639 -13.6231 1.6535 -3.9035 -14.1058 0
3 16 -3.9035 -14.1058 0 -2.8639 -13.6231 1.6535 -3.307 -13.6231 0
3 16 -3.9035 -14.1058 0 -3.307 -13.6231 0 -3.3805 -14.1058 -1.9517
3 16 -3.3805 -14.1058 -1.9517 -3.307 -13.6231 0 -2.8639 -13.6231 -1.6535
3 16 -3.3805 -14.1058 -1.9517 -2.8639 -13.6231 -1.6535 -1.9517 -14.1058 -3.3805
3 16 -1.9517 -14.1058 -3.3805 -2.8639 -13.6231 -1.6535 -1.6535 -13.6231 -2.8639
3 16 -1.9517 -14.1058 -3.3805 -1.6535 -13.6231 -2.8639 0 -14.1058 -3.9035
3 16 0 -14.1058 -3.9035 -1.6535 -13.6231 -2.8639 0 -13.6231 -3.307
3 16 0 -14.1058 3.9035 0 -13.6231 3.307 -1.9517 -14.1058 3.3805
3 16 -1.9517 -14.1058 3.3805 0 -13.6231 3.307 -1.6535 -13.6231 2.8639
3 16 -1.9517 -14.1058 3.3805 -1.6535 -13.6231 2.8639 -3.3805 -14.1058 1.9517
3 16 -3.3805 -14.1058 1.9517 -1.6535 -13.6231 2.8639 -2.8639 -13.6231 1.6535
3 16 -3.307 -13.6231 0 -2.8639 -13.6231 1.6535 -3.0694 -7.5 0
3 16 -3.0694 -7.5 0 -2.8639 -13.6231 1.6535 -2.6582 -7.5 1.5347
3 16 -2.8639 -13.6231 -1.6535 -3.307 -13.6231 0 -2.6582 -7.5 -1.5347
3 16 -2.6582 -7.5 -1.5347 -3.307 -13.6231 0 -3.0694 -7.5 0
3 16 -1.6535 -13.6231 -2.8639 -2.8639 -13.6231 -1.6535 -1.5347 -7.5 -2.6582
3 16 -1.5347 -7.5 -2.6582 -2.8639 -13.6231 -1.6535 -2.6582 -7.5 -1.5347
3 16 0 -13.6231 -3.307 -1.6535 -13.6231 -2.8639 0 -7.5 -3.0694
3 16 0 -7.5 -3.0694 -1.6535 -13.6231 -2.8639 -1.5347 -7.5 -2.6582
3 16 -1.6535 -13.6231 2.8639 0 -13.6231 3.307 -1.5347 -7.5 2.6582
3 16 -1.5347 -7.5 2.6582 0 -13.6231 3.307 0 -7.5 3.0694
3 16 -2.8639 -13.6231 1.6535 -1.6535 -13.6231 2.8639 -2.6582 -7.5 1.5347
3 16 -2.6582 -7.5 1.5347 -1.6535 -13.6231 2.8639 -1.5347 -7.5 2.6582
3 16 -7.5347 -5.0013 2.6144 -8.4647 -5.4027 0.097 -8.5823 -5.0048 3.0452
3 16 -6.5894 -5.2868 0.0429 -8.4647 -5.4027 0.097 -6.5134 -5.1272 1.2013
3 16 -6.5057 -5.1551 -1.102 -8.4647 -5.4027 0.097 -6.5894 -5.2868 0.0429
3 16 -5.8766 -10.9318 -5.2328 -5.4618 -10.9962 -6.0761 -5.2262 -11.1991 -5.7301
3 16 -3.3009 -5.027 -5.7536 -5.1314 -5.0782 -8.9472 -6.7742 -5.0797 -7.7972
3 16 0 -5.027 -6.6335 -2.9394 -5.1076 -10.1278 -3.3009 -5.027 -5.7536
3 16 -3.3009 -5.027 -5.7536 -2.9394 -5.1076 -10.1278 -5.1314 -5.0782 -8.9472
3 16 0 -5.027 -6.6335 0 -5.082 -11.1746 -2.9394 -5.1076 -10.1278
3 16 0.7816 -19.155 0.378 0.4432 -18.7271 0.9624 -0.0005 -19.155 0.7572
3 16 -0.0005 -19.155 0.7572 0.4432 -18.7271 0.9624 0 -18.7076 1.0262
3 16 -0.7151 -19.155 0.378 -0.0005 -19.155 0.7572 -0.4379 -18.7201 0.972
3 16 -0.4379 -18.7201 0.972 -0.0005 -19.155 0.7572 0 -18.7076 1.0262
3 16 0 -18.7583 -1.7484 0 -19.155 -1.4471 -0.5388 -18.7911 -1.6167
3 16 -0.5388 -18.7911 -1.6167 0 -19.155 -1.4471 -0.7151 -19.155 -1.1679
3 16 0.7857 -19.155 -1.1679 0 -19.155 -1.4471 0.546 -18.7723 -1.6326
3 16 0.546 -18.7723 -1.6326 0 -19.155 -1.4471 0 -18.7583 -1.7484
3 16 -0.7151 -19.155 0.378 -1.3243 -18.7865 0.1157 -1.0841 -19.155 -0.357
3 16 -1.0841 -19.155 -0.357 -1.3243 -18.7865 0.1157 -1.3584 -18.8087 -0.3844
3 16 -1.3243 -18.7865 0.1157 -2.724 -18.1768 0.6632 -1.3584 -18.8087 -0.3844
3 16 -1.3584 -18.8087 -0.3844 -2.724 -18.1768 0.6632 -2.9929 -18.1293 -0.4583
3 16 0.7816 -19.155 0.378 1.3085 -18.7875 0.1359 1.0395 -18.717 0.5666
3 16 -1.0963 -18.1852 2.2982 -0.4379 -18.7201 0.972 0 -17.9495 2.1533
3 16 0 -17.9495 2.1533 -0.4379 -18.7201 0.972 0 -18.7076 1.0262
3 16 -1.0395 -18.717 0.5666 -1.8294 -17.94 1.3944 -1.3243 -18.7865 0.1157
3 16 -1.3243 -18.7865 0.1157 -1.8294 -17.94 1.3944 -2.724 -18.1768 0.6632
3 16 -0.4379 -18.7201 0.972 -1.0395 -18.717 0.5666 -0.7151 -19.155 0.378
3 16 0 -9.2876 8.0515 -0.7986 -9.772 7.4413 0 -9.8415 7.1995
3 16 -3.0774 -9.7173 6.9513 -0.7986 -9.772 7.4413 -3.301 -9.2617 7.3684
3 16 -3.301 -9.2617 7.3684 -0.7986 -9.772 7.4413 0 -9.2876 8.0515
3 16 0 -7.534 11.555 -4.4476 -7.5483 10.5961 0 -7.8195 8.477
3 16 0 -7.8195 8.477 -4.4476 -7.5483 10.5961 -3.4506 -7.8195 7.7787
3 16 -4.2968 -11.7141 -6.7954 -5.2262 -11.1991 -5.7301 -5.4618 -10.9962 -6.0761
3 16 5.2262 -11.1991 -5.7301 4.2968 -11.7141 -6.7954 5.4618 -10.9962 -6.0761
3 16 -6.7742 -5.0797 -7.7972 -5.1314 -5.0782 -8.9472 -7.4802 -7.106 -8.7462
3 16 -7.4802 -7.106 -8.7462 -5.1314 -5.0782 -8.9472 -5.7066 -7.1069 -9.9659
3 16 -5.4647 -12.317 -9.5248 -7.3093 -11.547 -8.4219 -5.6332 -10.435 -9.8317
3 16 -5.6332 -10.435 -9.8317 -7.3093 -11.547 -8.4219 -7.4488 -9.939 -8.6322
3 16 -7.3093 -11.547 -8.4219 -5.4647 -12.317 -9.5248 -6.6909 -11.9845 -7.4685
3 16 -6.6909 -11.9845 -7.4685 -5.4647 -12.317 -9.5248 -4.9958 -12.6611 -8.4778
3 16 -6.0546 -10.7613 -6.0768 -6.6909 -11.9845 -7.4685 -4.9958 -12.6611 -8.4778
3 16 -5.4618 -10.9962 -6.0761 -4.9958 -12.6611 -8.4778 -4.2968 -11.7141 -6.7954
3 16 5.4618 -10.9962 -6.0761 4.9958 -12.6611 -8.4778 6.0546 -10.7613 -6.0768
3 16 -5.8766 -10.9318 -5.2328 -6.0546 -10.7613 -6.0768 -5.4618 -10.9962 -6.0761
3 16 -6.7107 -10.3627 -4.1629 -7.4597 -9.8231 -4.755 -5.8766 -10.9318 -5.2328
3 16 -5.8766 -10.9318 -5.2328 -7.4597 -9.8231 -4.755 -6.0546 -10.7613 -6.0768
3 16 5.1314 -5.0782 -8.9472 2.9394 -5.1076 -10.1278 3.3009 -5.027 -5.7536
3 16 3.3009 -5.027 -5.7536 2.9394 -5.1076 -10.1278 0 -5.027 -6.6335
3 16 0 -5.027 -6.6335 2.9394 -5.1076 -10.1278 0 -5.082 -11.1746
3 16 5.1314 -5.0782 -8.9472 5.7066 -7.1069 -9.9659 2.9394 -5.1076 -10.1278
3 16 2.9394 -5.1076 -10.1278 5.7066 -7.1069 -9.9659 3.2951 -7.1112 -11.1017
3 16 3.0982 -12.9346 -10.4664 3.2394 -10.8378 -10.8927 5.4647 -12.317 -9.5248
3 16 5.4647 -12.317 -9.5248 3.2394 -10.8378 -10.8927 5.6332 -10.435 -9.8317
3 16 4.9958 -12.6611 -8.4778 2.8722 -13.2379 -9.3781 5.4647 -12.317 -9.5248
3 16 5.4647 -12.317 -9.5248 2.8722 -13.2379 -9.3781 3.0982 -12.9346 -10.4664
3 16 2.8722 -13.2379 -9.3781 4.9958 -12.6611 -8.4778 2.7948 -12.1361 -7.7207
3 16 2.7948 -12.1361 -7.7207 4.9958 -12.6611 -8.4778 4.2968 -11.7141 -6.7954
3 16 0 -5.0245 11.0864 0 -5.0017 6.796 -4.4094 -5.0451 10.3311
3 16 -4.4094 -5.0451 10.3311 0 -5.0017 6.796 -3.4008 -5.0017 5.8838
3 16 5.6956 -5.0418 -3.2961 7.3976 -5.0042 -2.4292 8.472 -5.0929 -6.0701
3 16 5.6956 -5.0418 -3.2961 6.5057 -5.1551 -1.102 7.3976 -5.0042 -2.4292
3 16 8.472 -5.0929 -6.0701 7.3976 -5.0042 -2.4292 9.9601 -5.0808 -3.2291
3 16 -3.3009 -5.027 -5.7536 -6.7742 -5.0797 -7.7972 -5.6956 -5.0418 -3.2961
3 16 -5.6956 -5.0418 -3.2961 -6.7742 -5.0797 -7.7972 -8.472 -5.0929 -6.0701
3 16 -5.6956 -5.0418 -3.2961 -7.3976 -5.0042 -2.4292 -6.5057 -5.1551 -1.102
3 16 -8.472 -5.0929 -6.0701 -9.9601 -5.0808 -3.2291 -7.3976 -5.0042 -2.4292
3 16 -8.472 -5.0929 -6.0701 -7.3976 -5.0042 -2.4292 -5.6956 -5.0418 -3.2961
3 16 -9.8815 -5.0943 4.6466 -5.7784 -5.0152 3.3611 -8.5823 -5.0048 3.0452
3 16 -8.5823 -5.0048 3.0452 -5.7784 -5.0152 3.3611 -7.5347 -5.0013 2.6144
3 16 -7.5347 -5.0013 2.6144 -5.7784 -5.0152 3.3611 -6.5134 -5.1272 1.2013
3 16 -9.8815 -5.0943 4.6466 -8.5823 -5.0048 3.0452 -10.2146 -5.0712 3.1904
3 16 -6.0546 -10.7613 -6.0768 -4.9958 -12.6611 -8.4778 -5.4618 -10.9962 -6.0761
3 16 5.4618 -10.9962 -6.0761 4.2968 -11.7141 -6.7954 4.9958 -12.6611 -8.4778
3 16 6.0657 -9.3123 5.2927 5.3812 -9.8195 5.0073 6.0398 -9.757 4.6666
3 16 -6.0657 -9.3123 5.2927 -5.3812 -9.8195 5.0073 -4.6923 -9.7446 5.9902
3 16 -1.0851 -12.8793 -7.461 -2.7948 -12.1361 -7.7207 -1.3309 -12.2973 -8.136
3 16 0 -13.6627 -10.0351 -1.3309 -12.2973 -8.136 -2.8722 -13.2379 -9.3781
3 16 -2.8722 -13.2379 -9.3781 -1.3309 -12.2973 -8.136 -2.7948 -12.1361 -7.7207
3 16 0 -13.6627 -10.0351 2.8722 -13.2379 -9.3781 1.3309 -12.2973 -8.136
3 16 1.3309 -12.2973 -8.136 2.8722 -13.2379 -9.3781 2.7948 -12.1361 -7.7207
3 16 1.0851 -12.8793 -7.461 1.3309 -12.2973 -8.136 2.7948 -12.1361 -7.7207
3 16 1.0718 -17.5884 3.3111 1.0963 -18.1852 2.2982 1.7994 -17.6042 2.9934
3 16 5.7784 -5.0152 3.3611 3.4008 -5.0017 5.8838 7.9988 -5.0952 7.8924
3 16 7.9988 -5.0952 7.8924 3.4008 -5.0017 5.8838 4.4094 -5.0451 10.3311
3 16 -9.8815 -5.0943 4.6466 -7.9988 -5.0952 7.8924 -5.7784 -5.0152 3.3611
3 16 9.8815 -5.0943 4.6466 5.7784 -5.0152 3.3611 7.9988 -5.0952 7.8924
3 16 -5.7784 -5.0152 3.3611 -7.9988 -5.0952 7.8924 -3.4008 -5.0017 5.8838
3 16 -3.4008 -5.0017 5.8838 -7.9988 -5.0952 7.8924 -4.4094 -5.0451 10.3311
3 16 0 -5.0245 11.0864 4.4094 -5.0451 10.3311 0 -5.0017 6.796
3 16 0 -5.0017 6.796 4.4094 -5.0451 10.3311 3.4008 -5.0017 5.8838
3 16 3.0792 -5.3382 5.3278 0 -5.3382 6.1539 3.4008 -5.0017 5.8838
3 16 3.4008 -5.0017 5.8838 0 -5.3382 6.1539 0 -5.0017 6.796
3 16 0 -5.3382 6.1539 -3.0792 -5.3382 5.3278 0 -5.0017 6.796
3 16 0 -5.0017 6.796 -3.0792 -5.3382 5.3278 -3.4008 -5.0017 5.8838
3 16 -3.3009 -5.027 -5.7536 -5.6956 -5.0418 -3.2961 -3.0223 -5.5241 -5.2347
3 16 -3.0223 -5.5241 -5.2347 -5.6956 -5.0418 -3.2961 -5.2443 -5.5087 -3.0184
3 16 3.0223 -5.5241 -5.2347 3.3009 -5.027 -5.7536 0 -5.5241 -6.0446
3 16 0 -5.5241 -6.0446 3.3009 -5.027 -5.7536 0 -5.027 -6.6335
3 16 6.5894 -5.2868 0.0429 6.1433 -5.5895 0.0499 6.5134 -5.1272 1.2013
3 16 0 -5.027 -6.6335 -3.3009 -5.027 -5.7536 0 -5.5241 -6.0446
3 16 0 -5.5241 -6.0446 -3.3009 -5.027 -5.7536 -3.0223 -5.5241 -5.2347
3 16 5.2443 -5.5087 -3.0184 5.6956 -5.0418 -3.2961 3.0223 -5.5241 -5.2347
3 16 3.0223 -5.5241 -5.2347 5.6956 -5.0418 -3.2961 3.3009 -5.027 -5.7536
3 16 -5.3259 -5.3382 3.0824 -5.7784 -5.0152 3.3611 -3.0792 -5.3382 5.3278
3 16 -3.0792 -5.3382 5.3278 -5.7784 -5.0152 3.3611 -3.4008 -5.0017 5.8838
3 16 5.3259 -5.3382 3.0824 3.0792 -5.3382 5.3278 5.7784 -5.0152 3.3611
3 16 5.7784 -5.0152 3.3611 3.0792 -5.3382 5.3278 3.4008 -5.0017 5.8838
3 16 -6.1433 -5.5895 0.0499 -6.5057 -5.1551 -1.102 -6.5894 -5.2868 0.0429
3 16 5.6956 -5.0418 -3.2961 5.2443 -5.5087 -3.0184 6.5057 -5.1551 -1.102
3 16 6.5057 -5.1551 -1.102 5.2443 -5.5087 -3.0184 6.1433 -5.5895 0.0499
3 16 -6.1433 -5.5895 0.0499 -6.5134 -5.1272 1.2013 -5.3259 -5.3382 3.0824
3 16 -5.3259 -5.3382 3.0824 -6.5134 -5.1272 1.2013 -5.7784 -5.0152 3.3611
3 16 6.1433 -5.5895 0.0499 5.3259 -5.3382 3.0824 6.5134 -5.1272 1.2013
3 16 6.5134 -5.1272 1.2013 5.3259 -5.3382 3.0824 5.7784 -5.0152 3.3611
3 16 -6.1433 -5.5895 0.0499 -6.5894 -5.2868 0.0429 -6.5134 -5.1272 1.2013
3 16 6.5057 -5.1551 -1.102 6.1433 -5.5895 0.0499 6.5894 -5.2868 0.0429
3 16 -5.6956 -5.0418 -3.2961 -6.5057 -5.1551 -1.102 -5.2443 -5.5087 -3.0184
3 16 -5.2443 -5.5087 -3.0184 -6.5057 -5.1551 -1.102 -6.1433 -5.5895 0.0499
3 16 1.3258 0.0063 1.3258 0 0.0063 1.875 1.3258 -7.5 1.3258
3 16 1.3258 -7.5 1.3258 0 0.0063 1.875 0 -7.5 1.875
3 16 0 0.0063 1.875 -1.3258 0.0063 1.3258 0 -7.5 1.875
3 16 0 -7.5 1.875 -1.3258 0.0063 1.3258 -1.3258 -7.5 1.3258
3 16 -1.3258 0.0063 1.3258 -1.875 0.0063 0 -1.3258 -7.5 1.3258
3 16 -1.3258 -7.5 1.3258 -1.875 0.0063 0 -1.875 -7.5 0
3 16 -1.875 0.0063 0 -1.3258 0.0063 -1.3258 -1.875 -7.5 0
3 16 -1.875 -7.5 0 -1.3258 0.0063 -1.3258 -1.3258 -7.5 -1.3258
3 16 -1.3258 0.0063 -1.3258 0 0.0063 -1.875 -1.3258 -7.5 -1.3258
3 16 -1.3258 -7.5 -1.3258 0 0.0063 -1.875 0 -7.5 -1.875
3 16 0 0.0063 -1.875 1.3258 0.0063 -1.3258 0 -7.5 -1.875
3 16 0 -7.5 -1.875 1.3258 0.0063 -1.3258 1.3258 -7.5 -1.3258
3 16 1.3258 0.0063 -1.3258 1.875 0.0063 0 1.3258 -7.5 -1.3258
3 16 1.3258 -7.5 -1.3258 1.875 0.0063 0 1.875 -7.5 0
3 16 1.875 0.0063 0 1.3258 0.0063 1.3258 1.875 -7.5 0
3 16 1.875 -7.5 0 1.3258 0.0063 1.3258 1.3258 -7.5 1.3258
3 16 0 0.0063 1.875 1.3258 0.0063 1.3258 0 0.0063 0
3 16 -1.3258 0.0063 1.3258 0 0.0063 1.875 0 0.0063 0
3 16 -1.875 0.0063 0 -1.3258 0.0063 1.3258 0 0.0063 0
3 16 -1.3258 0.0063 -1.3258 -1.875 0.0063 0 0 0.0063 0
3 16 0 0.0063 -1.875 -1.3258 0.0063 -1.3258 0 0.0063 0
3 16 1.3258 0.0063 -1.3258 0 0.0063 -1.875 0 0.0063 0
3 16 1.875 0.0063 0 1.3258 0.0063 -1.3258 0 0.0063 0
3 16 1.3258 0.0063 1.3258 1.875 0.0063 0 0 0.0063 0
3 16 0 -7.5 -3.0694 -1.5347 -7.5 -2.6582 0 -7.5 -1.875
3 16 0 -7.5 -1.875 -1.5347 -7.5 -2.6582 -1.3258 -7.5 -1.3258
3 16 0 -7.5 -3.0694 0 -7.5 -1.875 1.5347 -7.5 -2.6582
3 16 1.5347 -7.5 -2.6582 0 -7.5 -1.875 1.3258 -7.5 -1.3258
3 16 0 -7.5 3.0694 0 -7.5 1.875 -1.5347 -7.5 2.6582
3 16 -1.5347 -7.5 2.6582 0 -7.5 1.875 -1.3258 -7.5 1.3258
3 16 0 -7.5 3.0694 1.5347 -7.5 2.6582 0 -7.5 1.875
3 16 0 -7.5 1.875 1.5347 -7.5 2.6582 1.3258 -7.5 1.3258
3 16 1.5347 -7.5 2.6582 2.6582 -7.5 1.5347 1.3258 -7.5 1.3258
3 16 3.0694 -7.5 0 2.6582 -7.5 -1.5347 1.875 -7.5 0
3 16 1.875 -7.5 0 2.6582 -7.5 -1.5347 1.3258 -7.5 -1.3258
3 16 1.3258 -7.5 -1.3258 2.6582 -7.5 -1.5347 1.5347 -7.5 -2.6582
3 16 -2.6582 -7.5 -1.5347 -1.3258 -7.5 -1.3258 -1.5347 -7.5 -2.6582
3 16 -3.0694 -7.5 0 -2.6582 -7.5 1.5347 -1.875 -7.5 0
3 16 -1.875 -7.5 0 -2.6582 -7.5 1.5347 -1.3258 -7.5 1.3258
3 16 -1.3258 -7.5 1.3258 -2.6582 -7.5 1.5347 -1.5347 -7.5 2.6582
3 16 -3.0694 -7.5 0 -1.875 -7.5 0 -2.6582 -7.5 -1.5347
3 16 -2.6582 -7.5 -1.5347 -1.875 -7.5 0 -1.3258 -7.5 -1.3258
3 16 1.3258 -7.5 1.3258 2.6582 -7.5 1.5347 1.875 -7.5 0
3 16 1.875 -7.5 0 2.6582 -7.5 1.5347 3.0694 -7.5 0
3 16 7.5341 -9.9397 -2.2744 6.0331 -11.2223 -4.7999 6.7107 -10.3627 -4.1629
3 16 -7.5341 -9.9397 -2.2744 -6.0331 -11.2223 -4.7999 -7.5269 -10.8152 -0.3303
3 16 8.4647 -5.4027 0.097 10.4337 -5.4214 -1.9714 7.3976 -5.0042 -2.4292
3 16 7.3976 -5.0042 -2.4292 10.4337 -5.4214 -1.9714 9.9601 -5.0808 -3.2291
3 16 -8.4647 -5.4027 0.097 -10.4337 -5.4214 -1.9714 -10.7512 -5.592 -0.6269
3 16 8.4647 -5.4027 0.097 10.753 -5.5772 0.7771 10.7517 -5.5911 -0.6269
3 16 -8.4647 -5.4027 0.097 -10.753 -5.5772 0.7771 -10.5165 -5.3902 2.1028
3 16 9.9601 -5.0808 -3.2291 10.4337 -5.4214 -1.9714 10.8838 -7.1126 -3.6885
3 16 -10.8838 -7.1126 -3.6885 -11.4356 -7.114 -0.6726 -10.4337 -5.4214 -1.9714
3 16 -10.4337 -5.4214 -1.9714 -11.4356 -7.114 -0.6726 -10.7512 -5.592 -0.6269
3 16 10.7517 -5.5911 -0.6269 10.753 -5.5772 0.7771 11.435 -7.1139 -0.6725
3 16 11.435 -7.1139 -0.6725 10.753 -5.5772 0.7771 11.3027 -7.1247 2.3541
3 16 -10.753 -5.5772 0.7771 -11.3027 -7.1247 2.3541 -10.5165 -5.3902 2.1028
3 16 -9.3227 -9.0424 -6.6639 -10.7862 -8.3145 -3.6224 -9.3067 -7.1121 -6.8082
3 16 -9.3067 -7.1121 -6.8082 -10.7862 -8.3145 -3.6224 -10.8838 -7.1126 -3.6885
3 16 -7.4488 -9.939 -8.6322 -9.3227 -9.0424 -6.6639 -7.4802 -7.106 -8.7462
3 16 -7.4802 -7.106 -8.7462 -9.3227 -9.0424 -6.6639 -9.3067 -7.1121 -6.8082
3 16 -5.6332 -10.435 -9.8317 -7.4488 -9.939 -8.6322 -5.7066 -7.1069 -9.9659
3 16 -5.7066 -7.1069 -9.9659 -7.4488 -9.939 -8.6322 -7.4802 -7.106 -8.7462
3 16 -3.2394 -10.8378 -10.8927 -5.6332 -10.435 -9.8317 -3.2951 -7.1112 -11.1017
3 16 -3.2951 -7.1112 -11.1017 -5.6332 -10.435 -9.8317 -5.7066 -7.1069 -9.9659
3 16 0 -11.185 -11.7813 -3.2394 -10.8378 -10.8927 0 -7.1126 -12.1423
3 16 0 -7.1126 -12.1423 -3.2394 -10.8378 -10.8927 -3.2951 -7.1112 -11.1017
3 16 3.2951 -7.1112 -11.1017 3.2394 -10.8378 -10.8927 0 -7.1126 -12.1423
3 16 0 -7.1126 -12.1423 3.2394 -10.8378 -10.8927 0 -11.185 -11.7813
3 16 3.2394 -10.8378 -10.8927 3.2951 -7.1112 -11.1017 5.6332 -10.435 -9.8317
3 16 5.6332 -10.435 -9.8317 3.2951 -7.1112 -11.1017 5.7066 -7.1069 -9.9659
3 16 5.6332 -10.435 -9.8317 5.7066 -7.1069 -9.9659 7.4488 -9.939 -8.6322
3 16 7.4488 -9.939 -8.6322 5.7066 -7.1069 -9.9659 7.4802 -7.106 -8.7462
3 16 7.4488 -9.939 -8.6322 7.4802 -7.106 -8.7462 9.3227 -9.0424 -6.6639
3 16 9.3227 -9.0424 -6.6639 7.4802 -7.106 -8.7462 9.3067 -7.1121 -6.8082
3 16 9.3227 -9.0424 -6.6639 9.3067 -7.1121 -6.8082 10.7862 -8.3145 -3.6224
3 16 10.7862 -8.3145 -3.6224 9.3067 -7.1121 -6.8082 10.8838 -7.1126 -3.6885
3 16 4.0479 -13.674 5.2367 1.142 -13.6929 6.444 3.5165 -15.2686 4.6636
3 16 3.5165 -15.2686 4.6636 1.142 -13.6929 6.444 1.1203 -15.3089 5.6427
3 16 4.6933 -13.606 4.1773 4.1574 -15.1541 3.6225 5.7158 -13.7377 3.4835
3 16 5.7158 -13.7377 3.4835 4.1574 -15.1541 3.6225 5.137 -15.3486 2.9068
3 16 5.9608 -15.5459 -0.4247 6.7512 -14.1072 -0.3778 5.137 -15.3486 2.9068
3 16 5.137 -15.3486 2.9068 6.7512 -14.1072 -0.3778 5.7158 -13.7377 3.4835
3 16 4.8635 -15.6846 -3.6468 5.4023 -14.4436 -4.1705 5.9608 -15.5459 -0.4247
3 16 5.9608 -15.5459 -0.4247 5.4023 -14.4436 -4.1705 6.7512 -14.1072 -0.3778
3 16 3.8831 -15.5377 -4.2489 4.4079 -14.3318 -4.7694 4.8635 -15.6846 -3.6468
3 16 4.8635 -15.6846 -3.6468 4.4079 -14.3318 -4.7694 5.4023 -14.4436 -4.1705
3 16 3.2418 -15.7525 -5.1974 3.791 -14.4861 -5.7555 3.8831 -15.5377 -4.2489
3 16 3.8831 -15.5377 -4.2489 3.791 -14.4861 -5.7555 4.4079 -14.3318 -4.7694
3 16 0 -15.592 -5.8177 0 -14.5703 -6.4789 1.1445 -15.7819 -6.0501
3 16 1.1445 -15.7819 -6.0501 0 -14.5703 -6.4789 1.1242 -14.6827 -6.7602
3 16 -1.1242 -14.6827 -6.7602 0 -14.5703 -6.4789 -1.1445 -15.7819 -6.0501
3 16 -1.1445 -15.7819 -6.0501 0 -14.5703 -6.4789 0 -15.592 -5.8177
3 16 -3.791 -14.4861 -5.7555 -1.1242 -14.6827 -6.7602 -3.2418 -15.7525 -5.1974
3 16 -3.2418 -15.7525 -5.1974 -1.1242 -14.6827 -6.7602 -1.1445 -15.7819 -6.0501
3 16 -5.4023 -14.4436 -4.1705 -4.4079 -14.3318 -4.7694 -4.8635 -15.6846 -3.6468
3 16 -4.8635 -15.6846 -3.6468 -4.4079 -14.3318 -4.7694 -3.8831 -15.5377 -4.2489
3 16 -6.7521 -14.1051 -0.378 -5.4023 -14.4436 -4.1705 -5.96 -15.547 -0.425
3 16 -5.96 -15.547 -0.425 -5.4023 -14.4436 -4.1705 -4.8635 -15.6846 -3.6468
3 16 -5.7158 -13.7377 3.4835 -6.7521 -14.1051 -0.378 -5.137 -15.3486 2.9068
3 16 -5.137 -15.3486 2.9068 -6.7521 -14.1051 -0.378 -5.96 -15.547 -0.425
3 16 -4.6933 -13.606 4.1773 -5.7158 -13.7377 3.4835 -4.1574 -15.1541 3.6225
3 16 -4.1574 -15.1541 3.6225 -5.7158 -13.7377 3.4835 -5.137 -15.3486 2.9068
3 16 -4.0479 -13.674 5.2367 -4.6933 -13.606 4.1773 -3.5165 -15.2686 4.6636
3 16 -3.5165 -15.2686 4.6636 -4.6933 -13.606 4.1773 -4.1574 -15.1541 3.6225
3 16 0 -13.5201 6.1868 -1.142 -13.6929 6.444 0 -15.0464 5.4517
3 16 0 -15.0464 5.4517 -1.142 -13.6929 6.444 -1.1203 -15.3089 5.6427
3 16 1.1203 -15.3089 5.6427 1.142 -13.6929 6.444 0 -15.0464 5.4517
3 16 0 -15.0464 5.4517 1.142 -13.6929 6.444 0 -13.5201 6.1868
3 16 2.7619 -16.5382 3.9365 1.1225 -16.5515 4.6094 1.7994 -17.6042 2.9934
3 16 1.7994 -17.6042 2.9934 1.1225 -16.5515 4.6094 1.0718 -17.5884 3.3111
3 16 3.3756 -16.4187 2.8848 2.4682 -17.3877 2.0344 4.2737 -16.7105 2.1085
3 16 4.2737 -16.7105 2.1085 2.4682 -17.3877 2.0344 3.3669 -17.6454 1.3016
3 16 4.2737 -16.7105 2.1085 3.3669 -17.6454 1.3016 5.0173 -16.6411 -0.4535
3 16 5.0173 -16.6411 -0.4535 3.3669 -17.6454 1.3016 3.9956 -17.4809 -0.4646
3 16 4.2411 -16.6513 -3.0344 5.0173 -16.6411 -0.4535 3.4331 -17.5242 -2.2944
3 16 3.4331 -17.5242 -2.2944 5.0173 -16.6411 -0.4535 3.9956 -17.4809 -0.4646
3 16 2.5378 -17.2881 -2.9203 3.3234 -16.4229 -3.6729 3.4331 -17.5242 -2.2944
3 16 3.4331 -17.5242 -2.2944 3.3234 -16.4229 -3.6729 4.2411 -16.6513 -3.0344
3 16 2.6793 -16.6308 -4.6281 3.3234 -16.4229 -3.6729 1.8837 -17.5467 -3.7896
3 16 1.8837 -17.5467 -3.7896 3.3234 -16.4229 -3.6729 2.5378 -17.2881 -2.9203
3 16 0 -17.2953 -3.9589 0 -16.4408 -5.0373 1.1024 -17.5228 -4.1547
3 16 1.1024 -17.5228 -4.1547 0 -16.4408 -5.0373 1.1302 -16.6313 -5.2739
3 16 -1.1302 -16.6313 -5.2739 0 -16.4408 -5.0373 -1.1024 -17.5228 -4.1547
3 16 -1.1024 -17.5228 -4.1547 0 -16.4408 -5.0373 0 -17.2953 -3.9589
3 16 -1.8837 -17.5467 -3.7896 -2.6793 -16.6308 -4.6281 -1.1024 -17.5228 -4.1547
3 16 -1.1024 -17.5228 -4.1547 -2.6793 -16.6308 -4.6281 -1.1302 -16.6313 -5.2739
3 16 -2.5378 -17.2881 -2.9203 -3.4331 -17.5242 -2.2944 -3.3234 -16.4229 -3.6729
3 16 -3.3234 -16.4229 -3.6729 -3.4331 -17.5242 -2.2944 -4.2411 -16.6513 -3.0344
3 16 -4.2411 -16.6513 -3.0344 -3.4331 -17.5242 -2.2944 -5.017 -16.6414 -0.4536
3 16 -5.017 -16.6414 -0.4536 -3.4331 -17.5242 -2.2944 -3.9958 -17.4807 -0.4646
3 16 -4.2737 -16.7105 2.1085 -5.017 -16.6414 -0.4536 -3.3669 -17.6454 1.3016
3 16 -3.3669 -17.6454 1.3016 -5.017 -16.6414 -0.4536 -3.9958 -17.4807 -0.4646
3 16 -3.3756 -16.4187 2.8848 -4.2737 -16.7105 2.1085 -2.4682 -17.3877 2.0344
3 16 -2.4682 -17.3877 2.0344 -4.2737 -16.7105 2.1085 -3.3669 -17.6454 1.3016
3 16 -2.7619 -16.5382 3.9365 -3.3756 -16.4187 2.8848 -1.7994 -17.6042 2.9934
3 16 -1.7994 -17.6042 2.9934 -3.3756 -16.4187 2.8848 -2.4682 -17.3877 2.0344
3 16 0 -16.2966 4.4215 -1.1225 -16.5515 4.6094 0 -17.3332 3.1543
3 16 0 -17.3332 3.1543 -1.1225 -16.5515 4.6094 -1.0718 -17.5884 3.3111
3 16 1.0718 -17.5884 3.3111 1.1225 -16.5515 4.6094 0 -17.3332 3.1543
3 16 0 -17.3332 3.1543 1.1225 -16.5515 4.6094 0 -16.2966 4.4215
3 16 4.0479 -13.674 5.2367 4.3675 -11.9635 5.5573 1.142 -13.6929 6.444
3 16 1.142 -13.6929 6.444 4.3675 -11.9635 5.5573 1.1189 -11.9478 6.9098
3 16 4.9982 -11.9527 4.4968 4.6933 -13.606 4.1773 6.0301 -12.0548 3.8283
3 16 6.0301 -12.0548 3.8283 4.6933 -13.606 4.1773 5.7158 -13.7377 3.4835
3 16 6.7512 -14.1072 -0.3778 7.3375 -12.1211 -0.3539 5.7158 -13.7377 3.4835
3 16 5.7158 -13.7377 3.4835 7.3375 -12.1211 -0.3539 6.0301 -12.0548 3.8283
3 16 5.4023 -14.4436 -4.1705 5.6859 -12.8712 -4.4898 6.7512 -14.1072 -0.3778
3 16 6.7512 -14.1072 -0.3778 5.6859 -12.8712 -4.4898 7.3375 -12.1211 -0.3539
3 16 4.4079 -14.3318 -4.7694 4.7839 -12.9368 -5.1322 5.4023 -14.4436 -4.1705
3 16 5.4023 -14.4436 -4.1705 4.7839 -12.9368 -5.1322 5.6859 -12.8712 -4.4898
3 16 3.791 -14.4861 -5.7555 4.1315 -13.2446 -6.103 4.4079 -14.3318 -4.7694
3 16 4.4079 -14.3318 -4.7694 4.1315 -13.2446 -6.103 4.7839 -12.9368 -5.1322
3 16 0 -14.5703 -6.4789 0 -13.6615 -6.8853 1.1242 -14.6827 -6.7602
3 16 1.1242 -14.6827 -6.7602 0 -13.6615 -6.8853 1.1026 -13.6758 -7.2045
3 16 0 -14.5703 -6.4789 -1.1242 -14.6827 -6.7602 0 -13.6615 -6.8853
3 16 0 -13.6615 -6.8853 -1.1242 -14.6827 -6.7602 -1.1026 -13.6758 -7.2045
3 16 -1.1242 -14.6827 -6.7602 -3.791 -14.4861 -5.7555 -1.1026 -13.6758 -7.2045
3 16 -1.1026 -13.6758 -7.2045 -3.791 -14.4861 -5.7555 -4.1315 -13.2446 -6.103
3 16 -5.6859 -12.8712 -4.4898 -4.7839 -12.9368 -5.1322 -5.4023 -14.4436 -4.1705
3 16 -5.4023 -14.4436 -4.1705 -4.7839 -12.9368 -5.1322 -4.4079 -14.3318 -4.7694
3 16 -5.4023 -14.4436 -4.1705 -6.7521 -14.1051 -0.378 -5.6859 -12.8712 -4.4898
3 16 -5.6859 -12.8712 -4.4898 -6.7521 -14.1051 -0.378 -7.3375 -12.1211 -0.354
3 16 -6.7521 -14.1051 -0.378 -5.7158 -13.7377 3.4835 -7.3375 -12.1211 -0.354
3 16 -7.3375 -12.1211 -0.354 -5.7158 -13.7377 3.4835 -6.0301 -12.0548 3.8283
3 16 -4.9982 -11.9527 4.4968 -6.0301 -12.0548 3.8283 -4.6933 -13.606 4.1773
3 16 -4.6933 -13.606 4.1773 -6.0301 -12.0548 3.8283 -5.7158 -13.7377 3.4835
3 16 -4.3675 -11.9635 5.5573 -4.9982 -11.9527 4.4968 -4.0479 -13.674 5.2367
3 16 -4.0479 -13.674 5.2367 -4.9982 -11.9527 4.4968 -4.6933 -13.606 4.1773
3 16 -1.142 -13.6929 6.444 0 -13.5201 6.1868 -1.1189 -11.9478 6.9098
3 16 -1.1189 -11.9478 6.9098 0 -13.5201 6.1868 0 -11.8037 6.6259
3 16 1.142 -13.6929 6.444 1.1189 -11.9478 6.9098 0 -13.5201 6.1868
3 16 0 -13.5201 6.1868 1.1189 -11.9478 6.9098 0 -11.8037 6.6259
3 16 -1.0566 -18.1926 -2.9591 -1.7784 -17.941 -2.1931 -1.8837 -17.5467 -3.7896
3 16 -1.8837 -17.5467 -3.7896 -1.7784 -17.941 -2.1931 -2.5378 -17.2881 -2.9203
3 16 -2.5378 -17.2881 -2.9203 -3.3234 -16.4229 -3.6729 -1.8837 -17.5467 -3.7896
3 16 -1.8837 -17.5467 -3.7896 -3.3234 -16.4229 -3.6729 -2.6793 -16.6308 -4.6281
3 16 -2.6793 -16.6308 -4.6281 -3.3234 -16.4229 -3.6729 -3.2418 -15.7525 -5.1974
3 16 -3.2418 -15.7525 -5.1974 -3.3234 -16.4229 -3.6729 -3.8831 -15.5377 -4.2489
3 16 -4.4079 -14.3318 -4.7694 -3.791 -14.4861 -5.7555 -3.8831 -15.5377 -4.2489
3 16 -3.8831 -15.5377 -4.2489 -3.791 -14.4861 -5.7555 -3.2418 -15.7525 -5.1974
3 16 -3.791 -14.4861 -5.7555 -4.4079 -14.3318 -4.7694 -4.1315 -13.2446 -6.103
3 16 -4.1315 -13.2446 -6.103 -4.4079 -14.3318 -4.7694 -4.7839 -12.9368 -5.1322
3 16 -4.1315 -13.2446 -6.103 -4.7839 -12.9368 -5.1322 -4.2658 -12.26 -6.3134
3 16 -4.2658 -12.26 -6.3134 -4.7839 -12.9368 -5.1322 -4.9488 -11.7178 -5.3483
3 16 -4.9488 -11.7178 -5.3483 -5.2262 -11.1991 -5.7301 -4.2658 -12.26 -6.3134
3 16 -4.2658 -12.26 -6.3134 -5.2262 -11.1991 -5.7301 -4.2968 -11.7141 -6.7954
3 16 1.0566 -18.1926 -2.9591 1.1024 -17.5228 -4.1547 1.8837 -17.5467 -3.7896
3 16 1.1302 -16.6313 -5.2739 2.6793 -16.6308 -4.6281 1.1024 -17.5228 -4.1547
3 16 1.1024 -17.5228 -4.1547 2.6793 -16.6308 -4.6281 1.8837 -17.5467 -3.7896
3 16 3.2418 -15.7525 -5.1974 2.6793 -16.6308 -4.6281 1.1445 -15.7819 -6.0501
3 16 1.1445 -15.7819 -6.0501 2.6793 -16.6308 -4.6281 1.1302 -16.6313 -5.2739
3 16 1.1445 -15.7819 -6.0501 1.1242 -14.6827 -6.7602 3.2418 -15.7525 -5.1974
3 16 3.2418 -15.7525 -5.1974 1.1242 -14.6827 -6.7602 3.791 -14.4861 -5.7555
3 16 4.1315 -13.2446 -6.103 3.791 -14.4861 -5.7555 1.1026 -13.6758 -7.2045
3 16 1.1026 -13.6758 -7.2045 3.791 -14.4861 -5.7555 1.1242 -14.6827 -6.7602
3 16 4.2658 -12.26 -6.3134 4.1315 -13.2446 -6.103 1.0851 -12.8793 -7.461
3 16 1.0851 -12.8793 -7.461 4.1315 -13.2446 -6.103 1.1026 -13.6758 -7.2045
3 16 2.7948 -12.1361 -7.7207 4.2658 -12.26 -6.3134 1.0851 -12.8793 -7.461
3 16 4.2968 -11.7141 -6.7954 4.2658 -12.26 -6.3134 2.7948 -12.1361 -7.7207
3 16 -4.2658 -12.26 -6.3134 -2.7948 -12.1361 -7.7207 -1.0851 -12.8793 -7.461
3 16 -1.0718 -17.5884 3.3111 -1.7994 -17.6042 2.9934 -1.0963 -18.1852 2.2982
3 16 -2.7619 -16.5382 3.9365 -1.7994 -17.6042 2.9934 -1.1225 -16.5515 4.6094
3 16 -1.1225 -16.5515 4.6094 -1.7994 -17.6042 2.9934 -1.0718 -17.5884 3.3111
3 16 -3.5165 -15.2686 4.6636 -2.7619 -16.5382 3.9365 -1.1203 -15.3089 5.6427
3 16 -1.1203 -15.3089 5.6427 -2.7619 -16.5382 3.9365 -1.1225 -16.5515 4.6094
3 16 -4.0479 -13.674 5.2367 -3.5165 -15.2686 4.6636 -1.142 -13.6929 6.444
3 16 -1.142 -13.6929 6.444 -3.5165 -15.2686 4.6636 -1.1203 -15.3089 5.6427
3 16 -1.1189 -11.9478 6.9098 -4.3675 -11.9635 5.5573 -1.142 -13.6929 6.444
3 16 -1.142 -13.6929 6.444 -4.3675 -11.9635 5.5573 -4.0479 -13.674 5.2367
3 16 -4.5076 -10.4494 5.6947 -4.3675 -11.9635 5.5573 -1.1382 -10.4496 7.0997
3 16 -1.1382 -10.4496 7.0997 -4.3675 -11.9635 5.5573 -1.1189 -11.9478 6.9098
3 16 1.7994 -17.6042 2.9934 1.0963 -18.1852 2.2982 2.4682 -17.3877 2.0344
3 16 2.4682 -17.3877 2.0344 1.0963 -18.1852 2.2982 1.8294 -17.94 1.3944
3 16 2.7619 -16.5382 3.9365 1.7994 -17.6042 2.9934 3.3756 -16.4187 2.8848
3 16 3.3756 -16.4187 2.8848 1.7994 -17.6042 2.9934 2.4682 -17.3877 2.0344
3 16 3.5165 -15.2686 4.6636 2.7619 -16.5382 3.9365 4.1574 -15.1541 3.6225
3 16 4.1574 -15.1541 3.6225 2.7619 -16.5382 3.9365 3.3756 -16.4187 2.8848
3 16 4.0479 -13.674 5.2367 3.5165 -15.2686 4.6636 4.6933 -13.606 4.1773
3 16 4.6933 -13.606 4.1773 3.5165 -15.2686 4.6636 4.1574 -15.1541 3.6225
3 16 4.3675 -11.9635 5.5573 4.0479 -13.674 5.2367 4.9982 -11.9527 4.4968
3 16 4.9982 -11.9527 4.4968 4.0479 -13.674 5.2367 4.6933 -13.606 4.1773
3 16 4.5076 -10.4494 5.6947 4.3675 -11.9635 5.5573 5.1006 -10.4451 4.6721
3 16 5.1006 -10.4451 4.6721 4.3675 -11.9635 5.5573 4.9982 -11.9527 4.4968
3 16 -4.6923 -9.7446 5.9902 -5.3812 -9.8195 5.0073 -4.5076 -10.4494 5.6947
3 16 -4.5076 -10.4494 5.6947 -5.3812 -9.8195 5.0073 -5.1006 -10.4451 4.6721
3 16 4.6923 -9.7446 5.9902 3.0774 -9.7173 6.9513 4.5076 -10.4494 5.6947
3 16 -4.6923 -9.7446 5.9902 -4.5076 -10.4494 5.6947 -3.0774 -9.7173 6.9513
3 16 4.5076 -10.4494 5.6947 3.0774 -9.7173 6.9513 1.1382 -10.4496 7.0997
2 24 3.0982 -12.9346 -10.4664 0 -13.4557 -11.1222
2 24 0 -11.185 -11.7813 0 -13.4557 -11.1222
2 24 0 -7.1469 12.2018 4.6703 -7.1486 11.2256
2 24 4.6703 -7.1486 11.2256 8.5409 -7.144 8.4549
2 24 11.3027 -7.1247 2.3541 10.6272 -7.153 4.9365
2 24 8.5409 -7.144 8.4549 10.6272 -7.153 4.9365
2 24 4.6703 -7.1486 11.2256 8.5409 -7.144 8.4549
2 24 4.4094 -5.0451 10.3311 7.9988 -5.0952 7.8924
2 24 4.6703 -7.1486 11.2256 0 -7.1469 12.2018
2 24 4.4094 -5.0451 10.3311 0 -5.0245 11.0864
2 24 2.9394 -5.1076 -10.1278 0 -5.082 -11.1746
2 24 0 -5.082 -11.1746 0 -7.1126 -12.1423
2 24 8.5409 -7.144 8.4549 10.6272 -7.153 4.9365
2 24 7.9988 -5.0952 7.8924 9.8815 -5.0943 4.6466
2 24 11.3027 -7.1247 2.3541 11.435 -7.1139 -0.6725
2 24 0 -12.3183 -8.1663 1.3309 -12.2973 -8.136
2 24 6.7742 -5.0797 -7.7972 5.1314 -5.0782 -8.9472
2 24 5.4647 -12.317 -9.5248 7.3093 -11.547 -8.4219
2 24 7.3093 -11.547 -8.4219 5.4647 -12.317 -9.5248
2 24 6.6909 -11.9845 -7.4685 4.9958 -12.6611 -8.4778
2 24 9.9601 -5.0808 -3.2291 8.472 -5.0929 -6.0701
2 24 10.7862 -8.3145 -3.6224 9.2632 -10.143 -6.5334
2 24 10.7862 -8.3145 -3.6224 11.435 -7.1139 -0.6725
2 24 0 -13.4557 -11.1222 3.0982 -12.9346 -10.4664
2 24 0 -13.6627 -10.0351 2.8722 -13.2379 -9.3781
2 24 10.7862 -8.3145 -3.6224 9.2632 -10.143 -6.5334
2 24 10.0041 -8.9095 -3.0223 8.5655 -10.7969 -5.82
2 24 11.435 -7.1139 -0.6725 10.7862 -8.3145 -3.6224
2 24 10.374 -7.9748 -0.5762 10.0041 -8.9095 -3.0223
2 24 8.472 -5.0929 -6.0701 6.7742 -5.0797 -7.7972
2 24 5.6956 -5.0418 -3.2961 3.3009 -5.027 -5.7536
2 24 6.7742 -5.0797 -7.7972 5.1314 -5.0782 -8.9472
2 24 10.6272 -7.153 4.9365 11.3027 -7.1247 2.3541
2 24 9.8815 -5.0943 4.6466 10.2146 -5.0712 3.1904
2 24 10.753 -5.5772 0.7771 10.5165 -5.3902 2.1028
2 24 10.2146 -5.0712 3.1904 10.5165 -5.3902 2.1028
2 24 10.4337 -5.4214 -1.9714 10.7517 -5.5911 -0.6269
2 24 9.8815 -5.0943 4.6466 10.2146 -5.0712 3.1904
2 24 8.5823 -5.0048 3.0452 10.2146 -5.0712 3.1904
2 24 8.5823 -5.0048 3.0452 10.2146 -5.0712 3.1904
2 24 10.5165 -5.3902 2.1028 10.2146 -5.0712 3.1904
2 24 0 -17.9495 2.1533 0 -17.3332 3.1543
2 24 4.6923 -9.7446 5.9902 5.3812 -9.8195 5.0073
2 24 5.3812 -9.8195 5.0073 5.1006 -10.4451 4.6721
2 24 3.0774 -9.7173 6.9513 0.7986 -9.772 7.4413
2 24 0 -11.8037 6.6259 0 -10.4496 6.7997
2 24 0 -16.2966 4.4215 0 -15.0464 5.4517
2 24 2.4682 -17.3877 2.0344 1.8294 -17.94 1.3944
2 24 4.1574 -15.1541 3.6225 3.3756 -16.4187 2.8848
2 24 5.1006 -10.4451 4.6721 4.9982 -11.9527 4.4968
2 24 6.0398 -9.757 4.6666 5.3812 -9.8195 5.0073
2 24 5.1006 -10.4451 4.6721 5.3812 -9.8195 5.0073
2 24 1.8294 -17.94 1.3944 1.0395 -18.717 0.5666
2 24 1.3085 -18.7875 0.1359 1.0395 -18.717 0.5666
2 24 1.0963 -18.1852 2.2982 0.4432 -18.7271 0.9624
2 24 0.4432 -18.7271 0.9624 1.0395 -18.717 0.5666
2 24 1.8294 -17.94 1.3944 1.0395 -18.717 0.5666
2 24 6.0398 -9.757 4.6666 7.2717 -9.8075 2.4332
2 24 1.7784 -17.941 -2.1931 2.5378 -17.2881 -2.9203
2 24 4.7839 -12.9368 -5.1322 4.9488 -11.7178 -5.3483
2 24 4.9488 -11.7178 -5.3483 5.2262 -11.1991 -5.7301
2 24 5.2262 -11.1991 -5.7301 4.2968 -11.7141 -6.7954
2 24 4.9488 -11.7178 -5.3483 5.2262 -11.1991 -5.7301
2 24 5.8766 -10.9318 -5.2328 5.2262 -11.1991 -5.7301
2 24 4.9488 -11.7178 -5.3483 4.7839 -12.9368 -5.1322
2 24 1.7784 -17.941 -2.1931 2.5378 -17.2881 -2.9203
2 24 0 -17.9756 -2.8581 0 -17.2953 -3.9589
2 24 0 -13.6615 -6.8853 0 -12.9563 -7.1156
2 24 1.0566 -18.1926 -2.9591 0.546 -18.7723 -1.6326
2 24 0.546 -18.7723 -1.6326 0 -18.7583 -1.7484
2 24 0 -17.9756 -2.8581 0 -18.7583 -1.7484
2 24 3.3234 -16.4229 -3.6729 3.8831 -15.5377 -4.2489
2 24 3.3234 -16.4229 -3.6729 3.8831 -15.5377 -4.2489
2 24 0 -16.4408 -5.0373 0 -15.592 -5.8177
2 24 1.3584 -18.8087 -0.3844 1.2387 -18.8107 -0.9143
2 24 1.3584 -18.8087 -0.3844 1.3085 -18.7875 0.1359
2 24 0.546 -18.7723 -1.6326 1 -18.7589 -1.3191
2 24 1.2387 -18.8107 -0.9143 1 -18.7589 -1.3191
2 24 1.0395 -18.717 0.5666 0.4432 -18.7271 0.9624
2 24 1.7784 -17.941 -2.1931 1 -18.7589 -1.3191
2 24 0.546 -18.7723 -1.6326 1 -18.7589 -1.3191
2 24 1.2387 -18.8107 -0.9143 1 -18.7589 -1.3191
2 24 1.7784 -17.941 -2.1931 1 -18.7589 -1.3191
2 24 0.7986 -9.772 7.4413 0 -9.8415 7.1995
2 24 0 -10.4496 6.7997 0 -9.8415 7.1995
2 24 0 -17.9495 2.1533 0 -18.7076 1.0262
2 24 0.4432 -18.7271 0.9624 0 -18.7076 1.0262
2 24 3.4503 -7.8195 7.7788 0 -7.8195 8.477
2 24 3.4503 -7.8195 7.7788 6.7041 -7.8195 5.4478
2 24 8.3486 -7.8195 2.8168 9.0398 -7.9181 -0.4571
2 24 9.0398 -7.9181 -0.4571 8.743 -8.5649 -2.6795
2 24 8.743 -8.5649 -2.6795 7.4597 -9.8231 -4.755
2 24 1.3309 -12.2973 -8.136 0 -12.3183 -8.1663
2 24 0 -12.9563 -7.1156 0 -12.3183 -8.1663
2 24 5.8766 -10.9318 -5.2328 6.7107 -10.3627 -4.1629
2 24 1.3085 -18.7875 0.1359 1.3584 -18.8087 -0.3844
2 24 1.2387 -18.8107 -0.9143 1.3584 -18.8087 -0.3844
2 24 3.4503 -7.8195 7.7788 0 -7.8195 8.477
2 24 8.3486 -7.8195 2.8168 6.7041 -7.8195 5.4478
2 24 8.3486 -7.8195 2.8168 9.0398 -7.9181 -0.4571
2 24 3.4503 -7.8195 7.7788 6.7041 -7.8195 5.4478
2 24 3.0774 -9.7173 6.9513 0.7986 -9.772 7.4413
2 24 4.6923 -9.7446 5.9902 3.0774 -9.7173 6.9513
2 24 4.6923 -9.7446 5.9902 5.3812 -9.8195 5.0073
2 24 7.2717 -9.8075 2.4332 6.0398 -9.757 4.6666
2 24 7.2717 -9.8075 2.4332 7.773 -9.8739 -0.344
2 24 6.7041 -7.8195 5.4478 8.3486 -7.8195 2.8168
2 24 0.7986 -9.772 7.4413 0 -9.8415 7.1995
2 24 6.7107 -10.3627 -4.1629 7.5341 -9.9397 -2.2744
2 24 7.773 -9.8739 -0.344 7.5341 -9.9397 -2.2744
2 24 9.0398 -7.9181 -0.4571 8.743 -8.5649 -2.6795
2 24 7.2717 -9.8075 2.4332 7.773 -9.8739 -0.344
2 24 7.5341 -9.9397 -2.2744 7.773 -9.8739 -0.344
2 24 8.743 -8.5649 -2.6795 7.4597 -9.8231 -4.755
2 24 6.7107 -10.3627 -4.1629 5.8766 -10.9318 -5.2328
2 24 7.4597 -9.8231 -4.755 6.0546 -10.7613 -6.0768
2 24 1.9517 -14.1058 3.3805 3.3805 -14.1058 1.9517
2 24 1.6535 -13.6231 2.8639 2.8639 -13.6231 1.6535
2 24 1.9517 -14.1058 3.3805 0 -14.1058 3.9035
2 24 1.6535 -13.6231 2.8639 0 -13.6231 3.307
2 24 1.9517 -14.1058 -3.3805 0 -14.1058 -3.9035
2 24 1.6535 -13.6231 -2.8639 0 -13.6231 -3.307
2 24 1.9517 -14.1058 -3.3805 3.3805 -14.1058 -1.9517
2 24 1.6535 -13.6231 -2.8639 2.8639 -13.6231 -1.6535
2 24 3.3805 -14.1058 -1.9517 3.9035 -14.1058 0
2 24 2.8639 -13.6231 -1.6535 3.307 -13.6231 0
2 24 3.3805 -14.1058 1.9517 3.9035 -14.1058 0
2 24 2.8639 -13.6231 1.6535 3.307 -13.6231 0
2 24 3.8492 -13.7949 2.2223 2.2223 -13.7949 3.8492
2 24 2.2223 -13.7949 3.8492 0 -13.7949 4.4446
2 24 0 -13.7949 -4.4446 2.2223 -13.7949 -3.8492
2 24 2.2223 -13.7949 -3.8492 3.8492 -13.7949 -2.2223
2 24 3.8492 -13.7949 -2.2223 4.4446 -13.7949 0
2 24 3.8492 -13.7949 2.2223 4.4446 -13.7949 0
2 24 3.0792 -5.3382 5.3278 0 -5.3382 6.1539
2 24 3.0223 -5.5241 -5.2347 0 -5.5241 -6.0446
2 24 8.5823 -5.0048 3.0452 7.5347 -5.0013 2.6144
2 24 8.5823 -5.0048 3.0452 7.5347 -5.0013 2.6144
2 24 6.5057 -5.1551 -1.102 6.5894 -5.2868 0.0429
2 24 6.5057 -5.1551 -1.102 7.3976 -5.0042 -2.4292
2 24 5.2443 -5.5087 -3.0184 6.1433 -5.5895 0.0499
2 24 7.5347 -5.0013 2.6144 6.5134 -5.1272 1.2013
2 24 6.5894 -5.2868 0.0429 6.5134 -5.1272 1.2013
2 24 3.0792 -5.3382 5.3278 5.3259 -5.3382 3.0824
2 24 6.1433 -5.5895 0.0499 5.3259 -5.3382 3.0824
2 24 1.6535 -13.6231 2.8639 2.8639 -13.6231 1.6535
2 24 1.5347 -7.5 2.6582 2.6582 -7.5 1.5347
2 24 1.6535 -13.6231 2.8639 0 -13.6231 3.307
2 24 1.5347 -7.5 2.6582 0 -7.5 3.0694
2 24 1.6535 -13.6231 -2.8639 0 -13.6231 -3.307
2 24 1.5347 -7.5 -2.6582 0 -7.5 -3.0694
2 24 1.6535 -13.6231 -2.8639 2.8639 -13.6231 -1.6535
2 24 1.5347 -7.5 -2.6582 2.6582 -7.5 -1.5347
2 24 2.8639 -13.6231 -1.6535 3.307 -13.6231 0
2 24 2.6582 -7.5 -1.5347 3.0694 -7.5 0
2 24 2.8639 -13.6231 1.6535 3.307 -13.6231 0
2 24 2.6582 -7.5 1.5347 3.0694 -7.5 0
2 24 10.5165 -5.3902 2.1028 10.753 -5.5772 0.7771
2 24 10.7517 -5.5911 -0.6269 10.4337 -5.4214 -1.9714
2 24 5.2262 -11.1991 -5.7301 5.4618 -10.9962 -6.0761
2 24 5.8766 -10.9318 -5.2328 5.2262 -11.1991 -5.7301
2 24 6.0546 -10.7613 -6.0768 5.4618 -10.9962 -6.0761
2 24 6.7742 -5.0797 -7.7972 8.472 -5.0929 -6.0701
2 24 7.3093 -11.547 -8.4219 9.2632 -10.143 -6.5334
2 24 7.3093 -11.547 -8.4219 9.2632 -10.143 -6.5334
2 24 6.6909 -11.9845 -7.4685 8.5655 -10.7969 -5.82
2 24 7.4597 -9.8231 -4.755 6.0546 -10.7613 -6.0768
2 24 5.7784 -5.0152 3.3611 6.5134 -5.1272 1.2013
2 24 7.5347 -5.0013 2.6144 6.5134 -5.1272 1.2013
2 24 -11.3027 -7.1247 2.3541 -10.6272 -7.153 4.9365
2 24 -10.2146 -5.0712 3.1904 -9.8815 -5.0943 4.6466
2 24 -10.4337 -5.4214 -1.9714 -9.9601 -5.0808 -3.2291
2 24 -10.7862 -8.3145 -3.6224 -11.4356 -7.114 -0.6726
2 24 -10.7862 -8.3145 -3.6224 -9.2632 -10.143 -6.5334
2 24 -10.2146 -5.0712 3.1904 -8.5823 -5.0048 3.0452
2 24 -10.2146 -5.0712 3.1904 -10.5165 -5.3902 2.1028
2 24 -7.3976 -5.0042 -2.4292 -9.9601 -5.0808 -3.2291
2 24 -10.4337 -5.4214 -1.9714 -9.9601 -5.0808 -3.2291
2 24 0 -7.1469 12.2018 -4.6703 -7.1486 11.2256
2 24 -4.6703 -7.1486 11.2256 -8.5409 -7.144 8.4549
2 24 -8.5409 -7.144 8.4549 -10.6272 -7.153 4.9365
2 24 -10.6272 -7.153 4.9365 -11.3027 -7.1247 2.3541
2 24 -11.3027 -7.1247 2.3541 -11.4356 -7.114 -0.6726
2 24 -10.374 -7.9748 -0.5761 -10.0041 -8.9095 -3.0223
2 24 -11.4356 -7.114 -0.6726 -10.7862 -8.3145 -3.6224
2 24 -10.0041 -8.9095 -3.0223 -8.5655 -10.7969 -5.82
2 24 -10.7862 -8.3145 -3.6224 -9.2632 -10.143 -6.5334
2 24 -9.2632 -10.143 -6.5334 -7.3093 -11.547 -8.4219
2 24 -8.5655 -10.7969 -5.82 -6.6909 -11.9845 -7.4685
2 24 -4.9958 -12.6611 -8.4778 -2.8722 -13.2379 -9.3781
2 24 -5.4647 -12.317 -9.5248 -3.0982 -12.9346 -10.4664
2 24 0 -13.6627 -10.0351 -2.8722 -13.2379 -9.3781
2 24 0 -13.4557 -11.1222 -3.0982 -12.9346 -10.4664
2 24 0 -11.8037 6.6259 0 -10.4496 6.7997
2 24 0 -16.2966 4.4215 0 -15.0464 5.4517
2 24 0 -17.9495 2.1533 0 -17.3332 3.1543
2 24 -0.9949 -18.7687 -1.3139 -0.5388 -18.7911 -1.6167
2 24 -0.9949 -18.7687 -1.3139 -1.2387 -18.8107 -0.9143
2 24 -1.0395 -18.717 0.5666 -1.3243 -18.7865 0.1157
2 24 -1.0851 -12.8793 -7.461 -4.2658 -12.26 -6.3134
2 24 0 -13.6615 -6.8853 0 -12.9563 -7.1156
2 24 0 -16.4408 -5.0373 0 -15.592 -5.8177
2 24 0 -17.2953 -3.9589 0 -17.9756 -2.8581
2 24 -5.1006 -10.4451 4.6721 -4.9982 -11.9527 4.4968
2 24 -4.1574 -15.1541 3.6225 -3.3756 -16.4187 2.8848
2 24 -1.8294 -17.94 1.3944 -2.4682 -17.3877 2.0344
2 24 -1.7784 -17.941 -2.1931 -2.5378 -17.2881 -2.9203
2 24 -3.3234 -16.4229 -3.6729 -3.8831 -15.5377 -4.2489
2 24 -4.9488 -11.7178 -5.3483 -4.7839 -12.9368 -5.1322
2 24 -2.4682 -17.3877 2.0344 -1.8294 -17.94 1.3944
2 24 -4.1574 -15.1541 3.6225 -3.3756 -16.4187 2.8848
2 24 -5.1006 -10.4451 4.6721 -4.9982 -11.9527 4.4968
2 24 -1.0395 -18.717 0.5666 -0.4379 -18.7201 0.972
2 24 -1.8294 -17.94 1.3944 -1.0395 -18.717 0.5666
2 24 -1.0963 -18.1852 2.2982 -0.4379 -18.7201 0.972
2 24 0 -18.7583 -1.7484 -0.5388 -18.7911 -1.6167
2 24 0 -18.7583 -1.7484 0 -17.9756 -2.8581
2 24 -1.0566 -18.1926 -2.9591 -0.5388 -18.7911 -1.6167
2 24 -0.9949 -18.7687 -1.3139 -1.7784 -17.941 -2.1931
2 24 -0.5388 -18.7911 -1.6167 -0.9949 -18.7687 -1.3139
2 24 -0.9949 -18.7687 -1.3139 -1.2387 -18.8107 -0.9143
2 24 -1.7784 -17.941 -2.1931 -0.9949 -18.7687 -1.3139
2 24 -2.7948 -12.1361 -7.7207 -4.2968 -11.7141 -6.7954
2 24 -7.4597 -9.8231 -4.755 -6.0546 -10.7613 -6.0768
2 24 -7.4597 -9.8231 -4.755 -8.743 -8.5649 -2.6795
2 24 -8.743 -8.5649 -2.6795 -9.0398 -7.9181 -0.457
2 24 -9.0398 -7.9181 -0.457 -8.3486 -7.8195 2.8168
2 24 -6.7041 -7.8195 5.4478 -3.4506 -7.8195 7.7787
2 24 0 -12.3183 -8.1663 -1.3309 -12.2973 -8.136
2 24 0 -12.3183 -8.1663 0 -12.9563 -7.1156
2 24 -9.2632 -10.143 -6.5334 -7.3093 -11.547 -8.4219
2 24 0 -11.185 -11.7813 0 -13.4557 -11.1222
2 24 -3.0982 -12.9346 -10.4664 0 -13.4557 -11.1222
2 24 -3.0982 -12.9346 -10.4664 -5.4647 -12.317 -9.5248
2 24 -1.2387 -18.8107 -0.9143 -1.3584 -18.8087 -0.3844
2 24 -1.2387 -18.8107 -0.9143 -1.3584 -18.8087 -0.3844
2 24 -7.5341 -9.9397 -2.2744 -6.7107 -10.3627 -4.1629
2 24 -7.2717 -9.8075 2.4332 -7.773 -9.8739 -0.344
2 24 -7.2717 -9.8075 2.4332 -6.0398 -9.757 4.6666
2 24 -6.0398 -9.757 4.6666 -5.3812 -9.8195 5.0073
2 24 -5.1006 -10.4451 4.6721 -5.3812 -9.8195 5.0073
2 24 -3.0774 -9.7173 6.9513 -0.7986 -9.772 7.4413
2 24 -0.7986 -9.772 7.4413 0 -9.8415 7.1995
2 24 0 -10.4496 6.7997 0 -9.8415 7.1995
2 24 -6.7041 -7.8195 5.4478 -3.4506 -7.8195 7.7787
2 24 -3.0774 -9.7173 6.9513 -4.6923 -9.7446 5.9902
2 24 -10.7512 -5.592 -0.6269 -10.753 -5.5772 0.7771
2 24 -11.3027 -7.1247 2.3541 -11.4356 -7.114 -0.6726
2 24 -6.7041 -7.8195 5.4478 -8.3486 -7.8195 2.8168
2 24 -7.2717 -9.8075 2.4332 -6.0398 -9.757 4.6666
2 24 -6.0398 -9.757 4.6666 -5.3812 -9.8195 5.0073
2 24 -8.3486 -7.8195 2.8168 -6.7041 -7.8195 5.4478
2 24 0 -7.8195 8.477 -3.4506 -7.8195 7.7787
2 24 -6.7107 -10.3627 -4.1629 -5.8766 -10.9318 -5.2328
2 24 -5.8766 -10.9318 -5.2328 -5.2262 -11.1991 -5.7301
2 24 -4.9488 -11.7178 -5.3483 -5.2262 -11.1991 -5.7301
2 24 -4.2968 -11.7141 -6.7954 -2.7948 -12.1361 -7.7207
2 24 -7.5341 -9.9397 -2.2744 -7.773 -9.8739 -0.344
2 24 -10.7512 -5.592 -0.6269 -10.753 -5.5772 0.7771
2 24 -7.5341 -9.9397 -2.2744 -7.773 -9.8739 -0.344
2 24 -8.743 -8.5649 -2.6795 -9.0398 -7.9181 -0.457
2 24 -8.743 -8.5649 -2.6795 -7.4597 -9.8231 -4.755
2 24 -7.2717 -9.8075 2.4332 -7.773 -9.8739 -0.344
2 24 -8.3486 -7.8195 2.8168 -9.0398 -7.9181 -0.457
2 24 0 -12.3183 -8.1663 -1.3309 -12.2973 -8.136
2 24 -7.5341 -9.9397 -2.2744 -6.7107 -10.3627 -4.1629
2 24 -7.3976 -5.0042 -2.4292 -6.5057 -5.1551 -1.102
2 24 -6.5134 -5.1272 1.2013 -7.5347 -5.0013 2.6144
2 24 -2.9394 -5.1076 -10.1278 0 -5.082 -11.1746
2 24 0 -5.082 -11.1746 0 -7.1126 -12.1423
2 24 -2.9394 -5.1076 -10.1278 -5.1314 -5.0782 -8.9472
2 24 -8.472 -5.0929 -6.0701 -6.7742 -5.0797 -7.7972
2 24 -9.9601 -5.0808 -3.2291 -8.472 -5.0929 -6.0701
2 24 -10.2146 -5.0712 3.1904 -10.5165 -5.3902 2.1028
2 24 -9.8815 -5.0943 4.6466 -7.9988 -5.0952 7.8924
2 24 -10.6272 -7.153 4.9365 -8.5409 -7.144 8.4549
2 24 -7.9988 -5.0952 7.8924 -4.4094 -5.0451 10.3311
2 24 -8.5409 -7.144 8.4549 -4.6703 -7.1486 11.2256
2 24 0 -7.1469 12.2018 -4.6703 -7.1486 11.2256
2 24 0 -5.0245 11.0864 -4.4094 -5.0451 10.3311
2 24 -5.3259 -5.3382 3.0824 -3.0792 -5.3382 5.3278
2 24 -5.3259 -5.3382 3.0824 -6.1433 -5.5895 0.0499
2 24 -6.1433 -5.5895 0.0499 -5.2443 -5.5087 -3.0184
2 24 0 -5.5241 -6.0446 -3.0223 -5.5241 -5.2347
2 24 0 -5.3382 6.1539 -3.0792 -5.3382 5.3278
2 24 -3.8492 -13.7949 2.2223 -4.4446 -13.7949 0
2 24 -4.4446 -13.7949 0 -3.8492 -13.7949 -2.2223
2 24 -3.8492 -13.7949 -2.2223 -2.2223 -13.7949 -3.8492
2 24 0 -13.7949 -4.4446 -2.2223 -13.7949 -3.8492
2 24 0 -13.7949 4.4446 -2.2223 -13.7949 3.8492
2 24 -3.8492 -13.7949 2.2223 -2.2223 -13.7949 3.8492
2 24 -3.3805 -14.1058 1.9517 -3.9035 -14.1058 0
2 24 -3.9035 -14.1058 0 -3.3805 -14.1058 -1.9517
2 24 -3.3805 -14.1058 -1.9517 -1.9517 -14.1058 -3.3805
2 24 0 -14.1058 -3.9035 -1.9517 -14.1058 -3.3805
2 24 0 -14.1058 3.9035 -1.9517 -14.1058 3.3805
2 24 -3.3805 -14.1058 1.9517 -1.9517 -14.1058 3.3805
2 24 -2.8639 -13.6231 1.6535 -3.307 -13.6231 0
2 24 -3.307 -13.6231 0 -2.8639 -13.6231 -1.6535
2 24 -2.8639 -13.6231 -1.6535 -1.6535 -13.6231 -2.8639
2 24 0 -13.6231 -3.307 -1.6535 -13.6231 -2.8639
2 24 0 -13.6231 3.307 -1.6535 -13.6231 2.8639
2 24 -2.8639 -13.6231 1.6535 -1.6535 -13.6231 2.8639
2 24 -3.307 -13.6231 0 -2.8639 -13.6231 1.6535
2 24 -3.0694 -7.5 0 -2.6582 -7.5 1.5347
2 24 -3.307 -13.6231 0 -2.8639 -13.6231 -1.6535
2 24 -3.0694 -7.5 0 -2.6582 -7.5 -1.5347
2 24 -2.8639 -13.6231 -1.6535 -1.6535 -13.6231 -2.8639
2 24 -2.6582 -7.5 -1.5347 -1.5347 -7.5 -2.6582
2 24 0 -13.6231 -3.307 -1.6535 -13.6231 -2.8639
2 24 0 -7.5 -3.0694 -1.5347 -7.5 -2.6582
2 24 0 -13.6231 3.307 -1.6535 -13.6231 2.8639
2 24 0 -7.5 3.0694 -1.5347 -7.5 2.6582
2 24 -2.8639 -13.6231 1.6535 -1.6535 -13.6231 2.8639
2 24 -2.6582 -7.5 1.5347 -1.5347 -7.5 2.6582
2 24 -8.5823 -5.0048 3.0452 -7.5347 -5.0013 2.6144
2 24 -6.5134 -5.1272 1.2013 -6.5894 -5.2868 0.0429
2 24 -6.5057 -5.1551 -1.102 -6.5894 -5.2868 0.0429
2 24 -5.4618 -10.9962 -6.0761 -5.2262 -11.1991 -5.7301
2 24 -5.8766 -10.9318 -5.2328 -5.2262 -11.1991 -5.7301
2 24 -5.1314 -5.0782 -8.9472 -6.7742 -5.0797 -7.7972
2 24 -3.3009 -5.027 -5.7536 0 -5.027 -6.6335
2 24 -5.1314 -5.0782 -8.9472 -2.9394 -5.1076 -10.1278
2 24 -2.9394 -5.1076 -10.1278 0 -5.082 -11.1746
2 24 0.4432 -18.7271 0.9624 0 -18.7076 1.0262
2 24 0 -18.7076 1.0262 -0.4379 -18.7201 0.972
2 24 -0.5388 -18.7911 -1.6167 0 -18.7583 -1.7484
2 24 0.546 -18.7723 -1.6326 0 -18.7583 -1.7484
2 24 -1.3243 -18.7865 0.1157 -1.3584 -18.8087 -0.3844
2 24 -1.3584 -18.8087 -0.3844 -1.3243 -18.7865 0.1157
2 24 1.3085 -18.7875 0.1359 1.0395 -18.717 0.5666
2 24 0 -18.7076 1.0262 -0.4379 -18.7201 0.972
2 24 0 -18.7076 1.0262 0 -17.9495 2.1533
2 24 -1.0395 -18.717 0.5666 -1.8294 -17.94 1.3944
2 24 -1.0395 -18.717 0.5666 -1.3243 -18.7865 0.1157
2 24 -1.0395 -18.717 0.5666 -0.4379 -18.7201 0.972
2 24 0 -9.8415 7.1995 -0.7986 -9.772 7.4413
2 24 -3.0774 -9.7173 6.9513 -0.7986 -9.772 7.4413
2 24 0 -7.8195 8.477 -3.4506 -7.8195 7.7787
2 24 -5.2262 -11.1991 -5.7301 -5.4618 -10.9962 -6.0761
2 24 -4.2968 -11.7141 -6.7954 -5.2262 -11.1991 -5.7301
2 24 5.2262 -11.1991 -5.7301 4.2968 -11.7141 -6.7954
2 24 5.2262 -11.1991 -5.7301 5.4618 -10.9962 -6.0761
2 24 -5.1314 -5.0782 -8.9472 -6.7742 -5.0797 -7.7972
2 24 -7.3093 -11.547 -8.4219 -5.4647 -12.317 -9.5248
2 24 -7.3093 -11.547 -8.4219 -5.4647 -12.317 -9.5248
2 24 -6.6909 -11.9845 -7.4685 -4.9958 -12.6611 -8.4778
2 24 6.0546 -10.7613 -6.0768 5.4618 -10.9962 -6.0761
2 24 -5.4618 -10.9962 -6.0761 -6.0546 -10.7613 -6.0768
2 24 -6.7107 -10.3627 -4.1629 -5.8766 -10.9318 -5.2328
2 24 -7.4597 -9.8231 -4.755 -6.0546 -10.7613 -6.0768
2 24 5.1314 -5.0782 -8.9472 2.9394 -5.1076 -10.1278
2 24 3.3009 -5.027 -5.7536 0 -5.027 -6.6335
2 24 0 -5.082 -11.1746 2.9394 -5.1076 -10.1278
2 24 2.9394 -5.1076 -10.1278 5.1314 -5.0782 -8.9472
2 24 3.0982 -12.9346 -10.4664 5.4647 -12.317 -9.5248
2 24 4.9958 -12.6611 -8.4778 2.8722 -13.2379 -9.3781
2 24 5.4647 -12.317 -9.5248 3.0982 -12.9346 -10.4664
2 24 4.2968 -11.7141 -6.7954 2.7948 -12.1361 -7.7207
2 24 0 -5.0245 11.0864 -4.4094 -5.0451 10.3311
2 24 0 -5.0017 6.796 -3.4008 -5.0017 5.8838
2 24 7.3976 -5.0042 -2.4292 6.5057 -5.1551 -1.102
2 24 5.6956 -5.0418 -3.2961 6.5057 -5.1551 -1.102
2 24 7.3976 -5.0042 -2.4292 9.9601 -5.0808 -3.2291
2 24 8.472 -5.0929 -6.0701 9.9601 -5.0808 -3.2291
2 24 -3.3009 -5.027 -5.7536 -5.6956 -5.0418 -3.2961
2 24 -6.7742 -5.0797 -7.7972 -8.472 -5.0929 -6.0701
2 24 -7.3976 -5.0042 -2.4292 -6.5057 -5.1551 -1.102
2 24 -5.6956 -5.0418 -3.2961 -6.5057 -5.1551 -1.102
2 24 -7.3976 -5.0042 -2.4292 -9.9601 -5.0808 -3.2291
2 24 -8.472 -5.0929 -6.0701 -9.9601 -5.0808 -3.2291
2 24 -8.5823 -5.0048 3.0452 -7.5347 -5.0013 2.6144
2 24 -5.7784 -5.0152 3.3611 -6.5134 -5.1272 1.2013
2 24 -7.5347 -5.0013 2.6144 -6.5134 -5.1272 1.2013
2 24 -8.5823 -5.0048 3.0452 -10.2146 -5.0712 3.1904
2 24 -9.8815 -5.0943 4.6466 -10.2146 -5.0712 3.1904
2 24 -6.0546 -10.7613 -6.0768 -5.4618 -10.9962 -6.0761
2 24 5.3812 -9.8195 5.0073 6.0398 -9.757 4.6666
2 24 -4.6923 -9.7446 5.9902 -5.3812 -9.8195 5.0073
2 24 -1.3309 -12.2973 -8.136 -2.7948 -12.1361 -7.7207
2 24 -2.7948 -12.1361 -7.7207 -1.3309 -12.2973 -8.136
2 24 1.3309 -12.2973 -8.136 2.7948 -12.1361 -7.7207
2 24 1.3309 -12.2973 -8.136 2.7948 -12.1361 -7.7207
2 24 5.7784 -5.0152 3.3611 3.4008 -5.0017 5.8838
2 24 7.9988 -5.0952 7.8924 4.4094 -5.0451 10.3311
2 24 -9.8815 -5.0943 4.6466 -7.9988 -5.0952 7.8924
2 24 9.8815 -5.0943 4.6466 7.9988 -5.0952 7.8924
2 24 -3.4008 -5.0017 5.8838 -5.7784 -5.0152 3.3611
2 24 -4.4094 -5.0451 10.3311 -7.9988 -5.0952 7.8924
2 24 0 -5.0245 11.0864 4.4094 -5.0451 10.3311
2 24 0 -5.0017 6.796 3.4008 -5.0017 5.8838
2 24 3.4008 -5.0017 5.8838 0 -5.0017 6.796
2 24 0 -5.0017 6.796 -3.4008 -5.0017 5.8838
2 24 -3.3009 -5.027 -5.7536 -5.6956 -5.0418 -3.2961
2 24 3.3009 -5.027 -5.7536 0 -5.027 -6.6335
2 24 6.5894 -5.2868 0.0429 6.5134 -5.1272 1.2013
2 24 -3.3009 -5.027 -5.7536 0 -5.027 -6.6335
2 24 3.3009 -5.027 -5.7536 5.6956 -5.0418 -3.2961
2 24 -3.4008 -5.0017 5.8838 -5.7784 -5.0152 3.3611
2 24 3.4008 -5.0017 5.8838 5.7784 -5.0152 3.3611
2 24 -6.5057 -5.1551 -1.102 -6.5894 -5.2868 0.0429
2 24 5.6956 -5.0418 -3.2961 6.5057 -5.1551 -1.102
2 24 -5.7784 -5.0152 3.3611 -6.5134 -5.1272 1.2013
2 24 6.5134 -5.1272 1.2013 5.7784 -5.0152 3.3611
2 24 -6.5894 -5.2868 0.0429 -6.5134 -5.1272 1.2013
2 24 6.5894 -5.2868 0.0429 6.5057 -5.1551 -1.102
2 24 -5.6956 -5.0418 -3.2961 -6.5057 -5.1551 -1.102
2 24 1.3258 0.0063 1.3258 0 0.0063 1.875
2 24 1.3258 0.0063 1.3258 1.3258 -7.5 1.3258
2 24 0 0.0063 1.875 0 -7.5 1.875
2 24 1.3258 -7.5 1.3258 0 -7.5 1.875
2 24 0 0.0063 1.875 -1.3258 0.0063 1.3258
2 24 -1.3258 0.0063 1.3258 -1.3258 -7.5 1.3258
2 24 0 -7.5 1.875 -1.3258 -7.5 1.3258
2 24 -1.3258 0.0063 1.3258 -1.875 0.0063 0
2 24 -1.875 0.0063 0 -1.875 -7.5 0
2 24 -1.3258 -7.5 1.3258 -1.875 -7.5 0
2 24 -1.875 0.0063 0 -1.3258 0.0063 -1.3258
2 24 -1.3258 0.0063 -1.3258 -1.3258 -7.5 -1.3258
2 24 -1.875 -7.5 0 -1.3258 -7.5 -1.3258
2 24 -1.3258 0.0063 -1.3258 0 0.0063 -1.875
2 24 0 0.0063 -1.875 0 -7.5 -1.875
2 24 -1.3258 -7.5 -1.3258 0 -7.5 -1.875
2 24 0 0.0063 -1.875 1.3258 0.0063 -1.3258
2 24 1.3258 0.0063 -1.3258 1.3258 -7.5 -1.3258
2 24 0 -7.5 -1.875 1.3258 -7.5 -1.3258
2 24 1.3258 0.0063 -1.3258 1.875 0.0063 0
2 24 1.875 0.0063 0 1.875 -7.5 0
2 24 1.3258 -7.5 -1.3258 1.875 -7.5 0
2 24 1.3258 0.0063 1.3258 1.875 0.0063 0
2 24 1.3258 -7.5 1.3258 1.875 -7.5 0
2 24 0 0.0063 1.875 1.3258 0.0063 1.3258
2 24 0 0.0063 1.875 -1.3258 0.0063 1.3258
2 24 -1.3258 0.0063 1.3258 -1.875 0.0063 0
2 24 -1.875 0.0063 0 -1.3258 0.0063 -1.3258
2 24 -1.3258 0.0063 -1.3258 0 0.0063 -1.875
2 24 0 0.0063 -1.875 1.3258 0.0063 -1.3258
2 24 1.3258 0.0063 -1.3258 1.875 0.0063 0
2 24 1.3258 0.0063 1.3258 1.875 0.0063 0
2 24 0 -7.5 -3.0694 -1.5347 -7.5 -2.6582
2 24 0 -7.5 -1.875 -1.3258 -7.5 -1.3258
2 24 0 -7.5 -3.0694 1.5347 -7.5 -2.6582
2 24 0 -7.5 -1.875 1.3258 -7.5 -1.3258
2 24 0 -7.5 3.0694 -1.5347 -7.5 2.6582
2 24 0 -7.5 1.875 -1.3258 -7.5 1.3258
2 24 0 -7.5 3.0694 1.5347 -7.5 2.6582
2 24 0 -7.5 1.875 1.3258 -7.5 1.3258
2 24 1.5347 -7.5 2.6582 2.6582 -7.5 1.5347
2 24 3.0694 -7.5 0 2.6582 -7.5 -1.5347
2 24 1.3258 -7.5 -1.3258 1.875 -7.5 0
2 24 1.5347 -7.5 -2.6582 2.6582 -7.5 -1.5347
2 24 -1.5347 -7.5 -2.6582 -2.6582 -7.5 -1.5347
2 24 -3.0694 -7.5 0 -2.6582 -7.5 1.5347
2 24 -1.3258 -7.5 1.3258 -1.875 -7.5 0
2 24 -1.5347 -7.5 2.6582 -2.6582 -7.5 1.5347
2 24 -2.6582 -7.5 -1.5347 -3.0694 -7.5 0
2 24 -1.3258 -7.5 -1.3258 -1.875 -7.5 0
2 24 1.3258 -7.5 1.3258 1.875 -7.5 0
2 24 2.6582 -7.5 1.5347 3.0694 -7.5 0
2 24 7.5341 -9.9397 -2.2744 6.7107 -10.3627 -4.1629
2 24 10.4337 -5.4214 -1.9714 9.9601 -5.0808 -3.2291
2 24 7.3976 -5.0042 -2.4292 9.9601 -5.0808 -3.2291
2 24 -10.4337 -5.4214 -1.9714 -10.7512 -5.592 -0.6269
2 24 10.753 -5.5772 0.7771 10.7517 -5.5911 -0.6269
2 24 -10.5165 -5.3902 2.1028 -10.753 -5.5772 0.7771
2 24 9.9601 -5.0808 -3.2291 10.4337 -5.4214 -1.9714
2 24 -10.4337 -5.4214 -1.9714 -10.7512 -5.592 -0.6269
2 24 10.753 -5.5772 0.7771 10.7517 -5.5911 -0.6269
2 24 11.435 -7.1139 -0.6725 11.3027 -7.1247 2.3541
2 24 -10.753 -5.5772 0.7771 -10.5165 -5.3902 2.1028
2 24 0 -11.185 -11.7813 0 -7.1126 -12.1423
2 24 0 -11.185 -11.7813 0 -7.1126 -12.1423
2 24 4.1574 -15.1541 3.6225 4.6933 -13.606 4.1773
2 24 3.8831 -15.5377 -4.2489 4.4079 -14.3318 -4.7694
2 24 3.8831 -15.5377 -4.2489 4.4079 -14.3318 -4.7694
2 24 0 -15.592 -5.8177 0 -14.5703 -6.4789
2 24 0 -15.592 -5.8177 0 -14.5703 -6.4789
2 24 -3.8831 -15.5377 -4.2489 -4.4079 -14.3318 -4.7694
2 24 -4.1574 -15.1541 3.6225 -4.6933 -13.606 4.1773
2 24 -4.1574 -15.1541 3.6225 -4.6933 -13.606 4.1773
2 24 0 -15.0464 5.4517 0 -13.5201 6.1868
2 24 0 -15.0464 5.4517 0 -13.5201 6.1868
2 24 2.4682 -17.3877 2.0344 3.3756 -16.4187 2.8848
2 24 2.5378 -17.2881 -2.9203 3.3234 -16.4229 -3.6729
2 24 2.5378 -17.2881 -2.9203 3.3234 -16.4229 -3.6729
2 24 0 -17.2953 -3.9589 0 -16.4408 -5.0373
2 24 0 -16.4408 -5.0373 0 -17.2953 -3.9589
2 24 -2.5378 -17.2881 -2.9203 -3.3234 -16.4229 -3.6729
2 24 -3.3756 -16.4187 2.8848 -2.4682 -17.3877 2.0344
2 24 -2.4682 -17.3877 2.0344 -3.3756 -16.4187 2.8848
2 24 0 -16.2966 4.4215 0 -17.3332 3.1543
2 24 0 -17.3332 3.1543 0 -16.2966 4.4215
2 24 4.9982 -11.9527 4.4968 4.6933 -13.606 4.1773
2 24 4.7839 -12.9368 -5.1322 4.4079 -14.3318 -4.7694
2 24 4.7839 -12.9368 -5.1322 4.4079 -14.3318 -4.7694
2 24 0 -13.6615 -6.8853 0 -14.5703 -6.4789
2 24 0 -13.6615 -6.8853 0 -14.5703 -6.4789
2 24 -4.7839 -12.9368 -5.1322 -4.4079 -14.3318 -4.7694
2 24 -4.9982 -11.9527 4.4968 -4.6933 -13.606 4.1773
2 24 -4.9982 -11.9527 4.4968 -4.6933 -13.606 4.1773
2 24 0 -11.8037 6.6259 0 -13.5201 6.1868
2 24 0 -11.8037 6.6259 0 -13.5201 6.1868
2 24 -1.7784 -17.941 -2.1931 -2.5378 -17.2881 -2.9203
2 24 -2.5378 -17.2881 -2.9203 -3.3234 -16.4229 -3.6729
2 24 -3.3234 -16.4229 -3.6729 -3.8831 -15.5377 -4.2489
2 24 -3.8831 -15.5377 -4.2489 -4.4079 -14.3318 -4.7694
2 24 -4.4079 -14.3318 -4.7694 -4.7839 -12.9368 -5.1322
2 24 -4.7839 -12.9368 -5.1322 -4.9488 -11.7178 -5.3483
2 24 -4.9488 -11.7178 -5.3483 -5.2262 -11.1991 -5.7301
2 24 -4.2968 -11.7141 -6.7954 -5.2262 -11.1991 -5.7301
2 24 4.2658 -12.26 -6.3134 1.0851 -12.8793 -7.461
2 24 4.2968 -11.7141 -6.7954 2.7948 -12.1361 -7.7207
2 24 1.8294 -17.94 1.3944 2.4682 -17.3877 2.0344
2 24 2.4682 -17.3877 2.0344 3.3756 -16.4187 2.8848
2 24 3.3756 -16.4187 2.8848 4.1574 -15.1541 3.6225
2 24 4.1574 -15.1541 3.6225 4.6933 -13.606 4.1773
2 24 4.6933 -13.606 4.1773 4.9982 -11.9527 4.4968
2 24 5.1006 -10.4451 4.6721 4.9982 -11.9527 4.4968
2 24 -4.6923 -9.7446 5.9902 -5.3812 -9.8195 5.0073
2 24 -5.1006 -10.4451 4.6721 -5.3812 -9.8195 5.0073
2 24 4.6923 -9.7446 5.9902 3.0774 -9.7173 6.9513
2 24 -3.0774 -9.7173 6.9513 -4.6923 -9.7446 5.9902
0 STEP
