0 Tile, Modified 4 x 4 Triangular
0 Name: bl_7975.dat
0 Author: 
0 BL_Item_No 7975
0 BFC CERTIFY CCW
3 16 53.11 -3.8512 37.8621 55.078 -2.6488 35.6551 52.7111 -1.3988 37.7736
3 16 52.7111 -1.3988 37.7736 55.078 -2.6488 35.6551 54.717 -1.3988 35.7677
3 16 54.7825 -1.6486 35.1826 54.0287 -1.25 34.4287 54.5045 -1.6486 35.4606
3 16 54.5045 -1.6486 35.4606 54.0287 -1.25 34.4287 53.6751 -1.25 34.7823
3 16 51.5402 0 35.4749 51.5402 -5.25 35.4749 51.2575 0 35.8706
3 16 51.2575 0 35.8706 51.5402 -5.25 35.4749 51.2575 -5.25 35.8706
3 16 51.7339 -5.25 37.8101 51.7338 -0.3064 37.8101 50.249 -5.25 37.9599
3 16 50.249 -5.25 37.9599 51.7338 -0.3064 37.8101 50.249 0 37.9599
3 16 51.5697 -5.25 34.9894 51.5697 0 34.9894 51.3348 -5.25 34.5633
3 16 51.3348 -5.25 34.5633 51.5697 0 34.9894 51.3348 0 34.5633
3 16 51.3348 0 34.5633 48.3858 0 31.6142 51.3348 -5.25 34.5633
3 16 51.3348 -5.25 34.5633 48.3858 0 31.6142 48.3858 -5.25 31.6142
3 16 53.11 -3.8512 37.8621 53.6501 -4.8514 38.09 55.286 -3.8512 35.6861
3 16 55.286 -3.8512 35.6861 53.6501 -4.8514 38.09 55.67 -4.8514 36.0701
3 16 53.6751 -1.25 34.7823 49.4464 -1.25 30.5536 53.3141 0 34.8949
3 16 53.3141 0 34.8949 49.4464 -1.25 30.5536 49.2096 0 30.7904
3 16 55.1665 -2.6488 35.5666 54.7825 -1.6486 35.1826 55.078 -2.6488 35.6551
3 16 55.078 -2.6488 35.6551 54.7825 -1.6486 35.1826 54.5045 -1.6486 35.4606
3 16 53.6501 -4.8514 38.09 54.4793 -5.25 38.7685 55.67 -4.8514 36.0701
3 16 55.67 -4.8514 36.0701 54.4793 -5.25 38.7685 56.4239 -5.25 36.8239
3 16 48.0841 0 35.7034 45.76 0 34.24 47.1082 0 37.3333
3 16 47.1082 0 37.3333 45.76 0 34.24 44.4359 0 35.5641
3 16 53.11 -3.8512 37.8621 52.7111 -1.3988 37.7736 52.7111 -5.25 37.7736
3 16 52.7111 -5.25 37.7736 52.7111 -1.3988 37.7736 51.7339 -5.25 37.8101
3 16 51.7339 -5.25 37.8101 52.7111 -1.3988 37.7736 51.7338 -0.3064 37.8101
3 16 51.5697 0 34.9894 51.5697 -5.25 34.9894 51.5402 0 35.4749
3 16 51.5402 0 35.4749 51.5697 -5.25 34.9894 51.5402 -5.25 35.4749
3 16 55.1665 -2.6488 35.5666 55.078 -2.6488 35.6551 55.286 -3.8512 35.6861
3 16 53.11 -3.8512 37.8621 55.286 -3.8512 35.6861 55.078 -2.6488 35.6551
3 16 53.6501 -5.25 38.09 53.6501 -4.8514 38.09 52.7111 -5.25 37.7736
3 16 52.7111 -5.25 37.7736 53.6501 -4.8514 38.09 53.11 -3.8512 37.8621
3 16 54.0287 -1.25 34.4287 49.8 -1.25 30.2 53.6751 -1.25 34.7823
3 16 53.6751 -1.25 34.7823 49.8 -1.25 30.2 49.4464 -1.25 30.5536
3 16 51.2575 0 35.8706 51.2575 -5.25 35.8706 50.8059 0 36.0524
3 16 50.8059 0 36.0524 51.2575 -5.25 35.8706 50.8059 -5.25 36.0524
3 16 50.249 0 37.9599 51.7338 -0.3064 37.8101 53.3141 0 34.8949
3 16 53.3141 0 34.8949 51.7338 -0.3064 37.8101 54.1514 -0.4066 35.5781
3 16 53.6501 -4.8514 38.09 53.6501 -5.25 38.09 54.4793 -5.25 38.7685
3 16 51.7338 -0.3064 37.8101 52.7111 -1.3988 37.7736 54.1514 -0.4066 35.5781
3 16 54.1514 -0.4066 35.5781 52.7111 -1.3988 37.7736 54.717 -1.3988 35.7677
3 16 50.249 -5.25 37.9599 50.249 0 37.9599 47.1082 -5.25 37.3333
3 16 47.1082 -5.25 37.3333 50.249 0 37.9599 47.1082 0 37.3333
3 16 54.5045 -1.6486 35.4606 53.6751 -1.25 34.7823 54.1514 -0.4066 35.5781
3 16 54.1514 -0.4066 35.5781 53.6751 -1.25 34.7823 53.3141 0 34.8949
3 16 50.8059 0 36.0524 50.8059 -5.25 36.0524 48.0841 0 35.7034
3 16 48.0841 0 35.7034 50.8059 -5.25 36.0524 48.0841 -5.25 35.7034
3 16 47.1082 -5.25 37.3333 47.1082 0 37.3333 44.4359 -5.25 35.5641
3 16 44.4359 -5.25 35.5641 47.1082 0 37.3333 44.4359 0 35.5641
3 16 45.76 -5.25 34.24 45.76 0 34.24 48.0841 -5.25 35.7034
3 16 48.0841 -5.25 35.7034 45.76 0 34.24 48.0841 0 35.7034
3 16 55.078 -2.6488 35.6551 54.5045 -1.6486 35.4606 54.717 -1.3988 35.7677
3 16 54.717 -1.3988 35.7677 54.5045 -1.6486 35.4606 54.1514 -0.4066 35.5781
3 16 50.8059 0 36.0524 48.0841 0 35.7034 50.249 0 37.9599
3 16 50.249 0 37.9599 48.0841 0 35.7034 47.1082 0 37.3333
3 16 53.3141 0 34.8949 49.2096 0 30.7904 51.3348 0 34.5633
3 16 51.3348 0 34.5633 49.2096 0 30.7904 48.3858 0 31.6142
3 16 51.5402 0 35.4749 51.2575 0 35.8706 53.3141 0 34.8949
3 16 53.3141 0 34.8949 51.3348 0 34.5633 51.5697 0 34.9894
3 16 51.2575 0 35.8706 50.8059 0 36.0524 50.249 0 37.9599
3 16 53.3141 0 34.8949 51.5697 0 34.9894 51.5402 0 35.4749
3 16 51.2575 0 35.8706 50.249 0 37.9599 53.3141 0 34.8949
3 16 54.7825 -1.6486 35.1826 55.1665 -2.6488 35.5666 49.8 -8 30.2
3 16 49.8 -8 30.2 54.0287 -1.25 34.4287 54.7825 -1.6486 35.1826
3 16 49.8 -8 30.2 49.8 -1.25 30.2 54.0287 -1.25 34.4287
3 16 55.67 -4.8514 36.0701 56.4239 -5.25 36.8239 49.8 -8 30.2
3 16 49.8 -8 30.2 55.1665 -2.6488 35.5666 55.286 -3.8512 35.6861
3 16 55.286 -3.8512 35.6861 55.67 -4.8514 36.0701 49.8 -8 30.2
3 16 45.76 -5.25 34.24 48.0841 -5.25 35.7034 48.3858 -5.25 31.6142
3 16 48.0841 -5.25 35.7034 50.8059 -5.25 36.0524 48.3858 -5.25 31.6142
3 16 48.3858 -5.25 31.6142 51.5402 -5.25 35.4749 51.5697 -5.25 34.9894
3 16 48.3858 -5.25 31.6142 50.8059 -5.25 36.0524 51.2575 -5.25 35.8706
3 16 48.3858 -5.25 31.6142 51.5697 -5.25 34.9894 51.3348 -5.25 34.5633
3 16 51.2575 -5.25 35.8706 51.5402 -5.25 35.4749 48.3858 -5.25 31.6142
3 16 44.2323 -1.3989 25.2831 44.3449 -2.6488 24.922 42.2264 -1.3988 27.2889
3 16 42.2264 -1.3988 27.2889 44.3449 -2.6488 24.922 42.138 -3.8512 26.89
3 16 44.5251 0 28.4598 44.1294 0 28.7425 44.5251 -5.25 28.4598
3 16 44.5251 -5.25 28.4598 44.1294 0 28.7425 44.1294 -5.25 28.7425
3 16 44.2966 0 31.9159 44.2966 -5.25 31.9159 43.9476 0 29.1941
3 16 43.9476 0 29.1941 44.2966 -5.25 31.9159 43.9476 -5.25 29.1941
3 16 45.0106 -5.25 28.4303 45.4367 -5.25 28.6652 45.0106 0 28.4303
3 16 45.0106 0 28.4303 45.4367 -5.25 28.6652 45.4367 0 28.6652
3 16 45.4367 0 28.6652 45.4367 -5.25 28.6652 48.3858 0 31.6142
3 16 48.3858 0 31.6142 45.4367 -5.25 28.6652 48.3858 -5.25 31.6142
3 16 42.1899 -0.3064 28.2662 42.2264 -1.3988 27.2889 42.1899 -5.25 28.2661
3 16 42.1899 -5.25 28.2661 42.2264 -1.3988 27.2889 42.2264 -5.25 27.2889
3 16 49.2096 0 30.7904 49.4464 -1.25 30.5536 45.1051 0 26.686
3 16 45.1051 0 26.686 49.4464 -1.25 30.5536 45.2177 -1.25 26.3249
3 16 44.4219 -0.4066 25.8486 42.1899 -0.3064 28.2662 45.1051 0 26.686
3 16 45.1051 0 26.686 42.1899 -0.3064 28.2662 42.0401 0 29.751
3 16 45.2177 -1.25 26.3249 45.5713 -1.25 25.9713 44.5394 -1.6486 25.4955
3 16 44.5394 -1.6486 25.4955 45.5713 -1.25 25.9713 44.8174 -1.6486 25.2175
3 16 42.138 -3.8512 26.89 42.2264 -5.25 27.2889 42.2264 -1.3988 27.2889
3 16 42.138 -3.8512 26.89 41.91 -4.8514 26.3499 42.2264 -5.25 27.2889
3 16 42.2264 -5.25 27.2889 41.91 -4.8514 26.3499 41.91 -5.25 26.3499
3 16 45.0106 0 28.4303 44.5251 0 28.4598 45.0106 -5.25 28.4303
3 16 45.0106 -5.25 28.4303 44.5251 0 28.4598 44.5251 -5.25 28.4598
3 16 44.4334 -2.6488 24.8335 44.3139 -3.8512 24.714 44.3449 -2.6488 24.922
3 16 42.138 -3.8512 26.89 44.3449 -2.6488 24.922 44.3139 -3.8512 24.714
3 16 45.5713 -1.25 25.9713 45.2177 -1.25 26.3249 49.8 -1.25 30.2
3 16 49.8 -1.25 30.2 45.2177 -1.25 26.3249 49.4464 -1.25 30.5536
3 16 42.138 -3.8512 26.89 44.3139 -3.8512 24.714 41.91 -4.8514 26.3499
3 16 41.91 -4.8514 26.3499 44.3139 -3.8512 24.714 43.9299 -4.8514 24.33
3 16 44.1294 0 28.7425 43.9476 0 29.1941 44.1294 -5.25 28.7425
3 16 44.1294 -5.25 28.7425 43.9476 0 29.1941 43.9476 -5.25 29.1941
3 16 44.5394 -1.6486 25.4955 44.8174 -1.6486 25.2175 44.3449 -2.6488 24.922
3 16 44.3449 -2.6488 24.922 44.8174 -1.6486 25.2175 44.4334 -2.6488 24.8335
3 16 44.2323 -1.3989 25.2831 42.2264 -1.3988 27.2889 44.4219 -0.4066 25.8486
3 16 44.4219 -0.4066 25.8486 42.2264 -1.3988 27.2889 42.1899 -0.3064 28.2662
3 16 43.1761 -5.25 23.5761 41.2315 -5.25 25.5207 43.9299 -4.8514 24.33
3 16 43.9299 -4.8514 24.33 41.2315 -5.25 25.5207 41.91 -4.8514 26.3499
3 16 41.91 -4.8514 26.3499 41.2315 -5.25 25.5207 41.91 -5.25 26.3499
3 16 44.2966 -5.25 31.9159 44.2966 0 31.9159 45.76 -5.25 34.24
3 16 45.76 -5.25 34.24 44.2966 0 31.9159 45.76 0 34.24
3 16 42.6667 -5.25 32.8918 42.6667 0 32.8918 42.0401 -5.25 29.751
3 16 42.0401 -5.25 29.751 42.6667 0 32.8918 42.0401 0 29.751
3 16 42.0401 0 29.751 42.1899 -0.3064 28.2662 42.0401 -5.25 29.751
3 16 42.0401 -5.25 29.751 42.1899 -0.3064 28.2662 42.1899 -5.25 28.2661
3 16 44.4359 -5.25 35.5641 44.4359 0 35.5641 42.6667 -5.25 32.8918
3 16 42.6667 -5.25 32.8918 44.4359 0 35.5641 42.6667 0 32.8918
3 16 44.5394 -1.6486 25.4955 44.4219 -0.4066 25.8486 45.2177 -1.25 26.3249
3 16 45.2177 -1.25 26.3249 44.4219 -0.4066 25.8486 45.1051 0 26.686
3 16 44.3449 -2.6488 24.922 44.2323 -1.3989 25.2831 44.5394 -1.6486 25.4955
3 16 44.5394 -1.6486 25.4955 44.2323 -1.3989 25.2831 44.4219 -0.4066 25.8486
3 16 44.2966 0 31.9159 42.6667 0 32.8918 45.76 0 34.24
3 16 45.76 0 34.24 42.6667 0 32.8918 44.4359 0 35.5641
3 16 43.9476 0 29.1941 42.0401 0 29.751 44.2966 0 31.9159
3 16 44.2966 0 31.9159 42.0401 0 29.751 42.6667 0 32.8918
3 16 45.1051 0 26.686 45.4367 0 28.6652 49.2096 0 30.7904
3 16 49.2096 0 30.7904 45.4367 0 28.6652 48.3858 0 31.6142
3 16 44.5251 0 28.4598 45.1051 0 26.686 44.1294 0 28.7425
3 16 45.1051 0 26.686 45.0106 0 28.4303 45.4367 0 28.6652
3 16 44.1294 0 28.7425 42.0401 0 29.751 43.9476 0 29.1941
3 16 45.1051 0 26.686 44.5251 0 28.4598 45.0106 0 28.4303
3 16 44.1294 0 28.7425 45.1051 0 26.686 42.0401 0 29.751
3 16 49.8 -8 30.2 44.8174 -1.6486 25.2175 45.5713 -1.25 25.9713
3 16 44.4334 -2.6488 24.8335 44.8174 -1.6486 25.2175 49.8 -8 30.2
3 16 49.8 -8 30.2 45.5713 -1.25 25.9713 49.8 -1.25 30.2
3 16 49.8 -8 30.2 44.3139 -3.8512 24.714 44.4334 -2.6488 24.8335
3 16 43.9299 -4.8514 24.33 44.3139 -3.8512 24.714 49.8 -8 30.2
3 16 43.1761 -5.25 23.5761 43.9299 -4.8514 24.33 49.8 -8 30.2
3 16 43.9476 -5.25 29.1941 44.2966 -5.25 31.9159 48.3858 -5.25 31.6142
3 16 44.2966 -5.25 31.9159 45.76 -5.25 34.24 48.3858 -5.25 31.6142
3 16 48.3858 -5.25 31.6142 45.0106 -5.25 28.4303 44.5251 -5.25 28.4598
3 16 48.3858 -5.25 31.6142 44.1294 -5.25 28.7425 43.9476 -5.25 29.1941
3 16 48.3858 -5.25 31.6142 45.4367 -5.25 28.6652 45.0106 -5.25 28.4303
3 16 44.1294 -5.25 28.7425 48.3858 -5.25 31.6142 44.5251 -5.25 28.4598
3 16 33.11 -3.8512 17.8621 35.078 -2.6488 15.6551 32.7111 -1.3988 17.7736
3 16 32.7111 -1.3988 17.7736 35.078 -2.6488 15.6551 34.717 -1.3988 15.7677
3 16 34.7825 -1.6486 15.1826 34.0287 -1.25 14.4287 34.5045 -1.6486 15.4606
3 16 34.5045 -1.6486 15.4606 34.0287 -1.25 14.4287 33.6751 -1.25 14.7823
3 16 31.5402 0 15.4749 31.5402 -5.25 15.4749 31.2575 0 15.8706
3 16 31.2575 0 15.8706 31.5402 -5.25 15.4749 31.2575 -5.25 15.8706
3 16 31.7339 -5.25 17.8101 31.7338 -0.3064 17.8101 30.249 -5.25 17.9599
3 16 30.249 -5.25 17.9599 31.7338 -0.3064 17.8101 30.249 0 17.9599
3 16 31.5697 -5.25 14.9894 31.5697 0 14.9894 31.3348 -5.25 14.5633
3 16 31.3348 -5.25 14.5633 31.5697 0 14.9894 31.3348 0 14.5633
3 16 31.3348 0 14.5633 28.3858 0 11.6142 31.3348 -5.25 14.5633
3 16 31.3348 -5.25 14.5633 28.3858 0 11.6142 28.3858 -5.25 11.6142
3 16 33.11 -3.8512 17.8621 33.6501 -4.8514 18.09 35.286 -3.8512 15.6861
3 16 35.286 -3.8512 15.6861 33.6501 -4.8514 18.09 35.67 -4.8514 16.0701
3 16 33.6751 -1.25 14.7823 29.4464 -1.25 10.5536 33.3141 0 14.8949
3 16 33.3141 0 14.8949 29.4464 -1.25 10.5536 29.2096 0 10.7904
3 16 35.1665 -2.6488 15.5666 34.7825 -1.6486 15.1826 35.078 -2.6488 15.6551
3 16 35.078 -2.6488 15.6551 34.7825 -1.6486 15.1826 34.5045 -1.6486 15.4606
3 16 33.6501 -4.8514 18.09 34.4793 -5.25 18.7685 35.67 -4.8514 16.0701
3 16 35.67 -4.8514 16.0701 34.4793 -5.25 18.7685 36.4239 -5.25 16.8239
3 16 28.0841 0 15.7034 25.76 0 14.24 27.1082 0 17.3333
3 16 27.1082 0 17.3333 25.76 0 14.24 24.4359 0 15.5641
3 16 33.11 -3.8512 17.8621 32.7111 -1.3988 17.7736 32.7111 -5.25 17.7736
3 16 32.7111 -5.25 17.7736 32.7111 -1.3988 17.7736 31.7339 -5.25 17.8101
3 16 31.7339 -5.25 17.8101 32.7111 -1.3988 17.7736 31.7338 -0.3064 17.8101
3 16 31.5697 0 14.9894 31.5697 -5.25 14.9894 31.5402 0 15.4749
3 16 31.5402 0 15.4749 31.5697 -5.25 14.9894 31.5402 -5.25 15.4749
3 16 35.1665 -2.6488 15.5666 35.078 -2.6488 15.6551 35.286 -3.8512 15.6861
3 16 33.11 -3.8512 17.8621 35.286 -3.8512 15.6861 35.078 -2.6488 15.6551
3 16 33.6501 -5.25 18.09 33.6501 -4.8514 18.09 32.7111 -5.25 17.7736
3 16 32.7111 -5.25 17.7736 33.6501 -4.8514 18.09 33.11 -3.8512 17.8621
3 16 34.0287 -1.25 14.4287 29.8 -1.25 10.2 33.6751 -1.25 14.7823
3 16 33.6751 -1.25 14.7823 29.8 -1.25 10.2 29.4464 -1.25 10.5536
3 16 31.2575 0 15.8706 31.2575 -5.25 15.8706 30.8059 0 16.0524
3 16 30.8059 0 16.0524 31.2575 -5.25 15.8706 30.8059 -5.25 16.0524
3 16 30.249 0 17.9599 31.7338 -0.3064 17.8101 33.3141 0 14.8949
3 16 33.3141 0 14.8949 31.7338 -0.3064 17.8101 34.1514 -0.4066 15.5781
3 16 33.6501 -4.8514 18.09 33.6501 -5.25 18.09 34.4793 -5.25 18.7685
3 16 31.7338 -0.3064 17.8101 32.7111 -1.3988 17.7736 34.1514 -0.4066 15.5781
3 16 34.1514 -0.4066 15.5781 32.7111 -1.3988 17.7736 34.717 -1.3988 15.7677
3 16 30.249 -5.25 17.9599 30.249 0 17.9599 27.1082 -5.25 17.3333
3 16 27.1082 -5.25 17.3333 30.249 0 17.9599 27.1082 0 17.3333
3 16 34.5045 -1.6486 15.4606 33.6751 -1.25 14.7823 34.1514 -0.4066 15.5781
3 16 34.1514 -0.4066 15.5781 33.6751 -1.25 14.7823 33.3141 0 14.8949
3 16 30.8059 0 16.0524 30.8059 -5.25 16.0524 28.0841 0 15.7034
3 16 28.0841 0 15.7034 30.8059 -5.25 16.0524 28.0841 -5.25 15.7034
3 16 27.1082 -5.25 17.3333 27.1082 0 17.3333 24.4359 -5.25 15.5641
3 16 24.4359 -5.25 15.5641 27.1082 0 17.3333 24.4359 0 15.5641
3 16 25.76 -5.25 14.24 25.76 0 14.24 28.0841 -5.25 15.7034
3 16 28.0841 -5.25 15.7034 25.76 0 14.24 28.0841 0 15.7034
3 16 35.078 -2.6488 15.6551 34.5045 -1.6486 15.4606 34.717 -1.3988 15.7677
3 16 34.717 -1.3988 15.7677 34.5045 -1.6486 15.4606 34.1514 -0.4066 15.5781
3 16 30.8059 0 16.0524 28.0841 0 15.7034 30.249 0 17.9599
3 16 30.249 0 17.9599 28.0841 0 15.7034 27.1082 0 17.3333
3 16 33.3141 0 14.8949 29.2096 0 10.7904 31.3348 0 14.5633
3 16 31.3348 0 14.5633 29.2096 0 10.7904 28.3858 0 11.6142
3 16 31.5402 0 15.4749 31.2575 0 15.8706 33.3141 0 14.8949
3 16 33.3141 0 14.8949 31.3348 0 14.5633 31.5697 0 14.9894
3 16 31.2575 0 15.8706 30.8059 0 16.0524 30.249 0 17.9599
3 16 33.3141 0 14.8949 31.5697 0 14.9894 31.5402 0 15.4749
3 16 31.2575 0 15.8706 30.249 0 17.9599 33.3141 0 14.8949
3 16 34.7825 -1.6486 15.1826 35.1665 -2.6488 15.5666 29.8 -8 10.2
3 16 29.8 -8 10.2 34.0287 -1.25 14.4287 34.7825 -1.6486 15.1826
3 16 29.8 -8 10.2 29.8 -1.25 10.2 34.0287 -1.25 14.4287
3 16 35.67 -4.8514 16.0701 36.4239 -5.25 16.8239 29.8 -8 10.2
3 16 29.8 -8 10.2 35.1665 -2.6488 15.5666 35.286 -3.8512 15.6861
3 16 35.286 -3.8512 15.6861 35.67 -4.8514 16.0701 29.8 -8 10.2
3 16 25.76 -5.25 14.24 28.0841 -5.25 15.7034 28.3858 -5.25 11.6142
3 16 28.0841 -5.25 15.7034 30.8059 -5.25 16.0524 28.3858 -5.25 11.6142
3 16 28.3858 -5.25 11.6142 31.5402 -5.25 15.4749 31.5697 -5.25 14.9894
3 16 28.3858 -5.25 11.6142 30.8059 -5.25 16.0524 31.2575 -5.25 15.8706
3 16 28.3858 -5.25 11.6142 31.5697 -5.25 14.9894 31.3348 -5.25 14.5633
3 16 31.2575 -5.25 15.8706 31.5402 -5.25 15.4749 28.3858 -5.25 11.6142
3 16 24.2323 -1.3989 5.2831 24.3449 -2.6488 4.922 22.2264 -1.3988 7.2889
3 16 22.2264 -1.3988 7.2889 24.3449 -2.6488 4.922 22.138 -3.8512 6.89
3 16 24.5251 0 8.4598 24.1294 0 8.7425 24.5251 -5.25 8.4598
3 16 24.5251 -5.25 8.4598 24.1294 0 8.7425 24.1294 -5.25 8.7425
3 16 24.2966 0 11.9159 24.2966 -5.25 11.9159 23.9476 0 9.1941
3 16 23.9476 0 9.1941 24.2966 -5.25 11.9159 23.9476 -5.25 9.1941
3 16 25.0106 -5.25 8.4303 25.4367 -5.25 8.6652 25.0106 0 8.4303
3 16 25.0106 0 8.4303 25.4367 -5.25 8.6652 25.4367 0 8.6652
3 16 25.4367 0 8.6652 25.4367 -5.25 8.6652 28.3858 0 11.6142
3 16 28.3858 0 11.6142 25.4367 -5.25 8.6652 28.3858 -5.25 11.6142
3 16 22.1899 -0.3064 8.2662 22.2264 -1.3988 7.2889 22.1899 -5.25 8.2661
3 16 22.1899 -5.25 8.2661 22.2264 -1.3988 7.2889 22.2264 -5.25 7.2889
3 16 29.2096 0 10.7904 29.4464 -1.25 10.5536 25.1051 0 6.686
3 16 25.1051 0 6.686 29.4464 -1.25 10.5536 25.2177 -1.25 6.3249
3 16 24.4219 -0.4066 5.8486 22.1899 -0.3064 8.2662 25.1051 0 6.686
3 16 25.1051 0 6.686 22.1899 -0.3064 8.2662 22.0401 0 9.751
3 16 25.2177 -1.25 6.3249 25.5713 -1.25 5.9713 24.5394 -1.6486 5.4955
3 16 24.5394 -1.6486 5.4955 25.5713 -1.25 5.9713 24.8174 -1.6486 5.2175
3 16 22.138 -3.8512 6.89 22.2264 -5.25 7.2889 22.2264 -1.3988 7.2889
3 16 22.138 -3.8512 6.89 21.91 -4.8514 6.3499 22.2264 -5.25 7.2889
3 16 22.2264 -5.25 7.2889 21.91 -4.8514 6.3499 21.91 -5.25 6.3499
3 16 25.0106 0 8.4303 24.5251 0 8.4598 25.0106 -5.25 8.4303
3 16 25.0106 -5.25 8.4303 24.5251 0 8.4598 24.5251 -5.25 8.4598
3 16 24.4334 -2.6488 4.8335 24.3139 -3.8512 4.714 24.3449 -2.6488 4.922
3 16 22.138 -3.8512 6.89 24.3449 -2.6488 4.922 24.3139 -3.8512 4.714
3 16 25.5713 -1.25 5.9713 25.2177 -1.25 6.3249 29.8 -1.25 10.2
3 16 29.8 -1.25 10.2 25.2177 -1.25 6.3249 29.4464 -1.25 10.5536
3 16 22.138 -3.8512 6.89 24.3139 -3.8512 4.714 21.91 -4.8514 6.3499
3 16 21.91 -4.8514 6.3499 24.3139 -3.8512 4.714 23.9299 -4.8514 4.33
3 16 24.1294 0 8.7425 23.9476 0 9.1941 24.1294 -5.25 8.7425
3 16 24.1294 -5.25 8.7425 23.9476 0 9.1941 23.9476 -5.25 9.1941
3 16 24.5394 -1.6486 5.4955 24.8174 -1.6486 5.2175 24.3449 -2.6488 4.922
3 16 24.3449 -2.6488 4.922 24.8174 -1.6486 5.2175 24.4334 -2.6488 4.8335
3 16 24.2323 -1.3989 5.2831 22.2264 -1.3988 7.2889 24.4219 -0.4066 5.8486
3 16 24.4219 -0.4066 5.8486 22.2264 -1.3988 7.2889 22.1899 -0.3064 8.2662
3 16 23.1761 -5.25 3.5761 21.2315 -5.25 5.5207 23.9299 -4.8514 4.33
3 16 23.9299 -4.8514 4.33 21.2315 -5.25 5.5207 21.91 -4.8514 6.3499
3 16 21.91 -4.8514 6.3499 21.2315 -5.25 5.5207 21.91 -5.25 6.3499
3 16 24.2966 -5.25 11.9159 24.2966 0 11.9159 25.76 -5.25 14.24
3 16 25.76 -5.25 14.24 24.2966 0 11.9159 25.76 0 14.24
3 16 22.6667 -5.25 12.8918 22.6667 0 12.8918 22.0401 -5.25 9.751
3 16 22.0401 -5.25 9.751 22.6667 0 12.8918 22.0401 0 9.751
3 16 22.0401 0 9.751 22.1899 -0.3064 8.2662 22.0401 -5.25 9.751
3 16 22.0401 -5.25 9.751 22.1899 -0.3064 8.2662 22.1899 -5.25 8.2661
3 16 24.4359 -5.25 15.5641 24.4359 0 15.5641 22.6667 -5.25 12.8918
3 16 22.6667 -5.25 12.8918 24.4359 0 15.5641 22.6667 0 12.8918
3 16 24.5394 -1.6486 5.4955 24.4219 -0.4066 5.8486 25.2177 -1.25 6.3249
3 16 25.2177 -1.25 6.3249 24.4219 -0.4066 5.8486 25.1051 0 6.686
3 16 24.3449 -2.6488 4.922 24.2323 -1.3989 5.2831 24.5394 -1.6486 5.4955
3 16 24.5394 -1.6486 5.4955 24.2323 -1.3989 5.2831 24.4219 -0.4066 5.8486
3 16 24.2966 0 11.9159 22.6667 0 12.8918 25.76 0 14.24
3 16 25.76 0 14.24 22.6667 0 12.8918 24.4359 0 15.5641
3 16 23.9476 0 9.1941 22.0401 0 9.751 24.2966 0 11.9159
3 16 24.2966 0 11.9159 22.0401 0 9.751 22.6667 0 12.8918
3 16 25.1051 0 6.686 25.4367 0 8.6652 29.2096 0 10.7904
3 16 29.2096 0 10.7904 25.4367 0 8.6652 28.3858 0 11.6142
3 16 24.5251 0 8.4598 25.1051 0 6.686 24.1294 0 8.7425
3 16 25.1051 0 6.686 25.0106 0 8.4303 25.4367 0 8.6652
3 16 24.1294 0 8.7425 22.0401 0 9.751 23.9476 0 9.1941
3 16 25.1051 0 6.686 24.5251 0 8.4598 25.0106 0 8.4303
3 16 24.1294 0 8.7425 25.1051 0 6.686 22.0401 0 9.751
3 16 29.8 -8 10.2 24.8174 -1.6486 5.2175 25.5713 -1.25 5.9713
3 16 24.4334 -2.6488 4.8335 24.8174 -1.6486 5.2175 29.8 -8 10.2
3 16 29.8 -8 10.2 25.5713 -1.25 5.9713 29.8 -1.25 10.2
3 16 29.8 -8 10.2 24.3139 -3.8512 4.714 24.4334 -2.6488 4.8335
3 16 23.9299 -4.8514 4.33 24.3139 -3.8512 4.714 29.8 -8 10.2
3 16 23.1761 -5.25 3.5761 23.9299 -4.8514 4.33 29.8 -8 10.2
3 16 23.9476 -5.25 9.1941 24.2966 -5.25 11.9159 28.3858 -5.25 11.6142
3 16 24.2966 -5.25 11.9159 25.76 -5.25 14.24 28.3858 -5.25 11.6142
3 16 28.3858 -5.25 11.6142 25.0106 -5.25 8.4303 24.5251 -5.25 8.4598
3 16 28.3858 -5.25 11.6142 24.1294 -5.25 8.7425 23.9476 -5.25 9.1941
3 16 28.3858 -5.25 11.6142 25.4367 -5.25 8.6652 25.0106 -5.25 8.4303
3 16 24.1294 -5.25 8.7425 28.3858 -5.25 11.6142 24.5251 -5.25 8.4598
3 16 62.2577 -4.7982 46.2496 63.1948 -2.6489 46.25 64.0106 -4.8378 44.4107
3 16 64.0106 -4.8378 44.4107 63.1948 -2.6489 46.25 64.5224 -2.6489 44.9224
3 16 63.9831 -1.6355 46.2502 64.031 0 46.25 65.205 -1.2524 46.4147
3 16 65.205 -1.2524 46.4147 64.031 0 46.25 64.91 0 46.5228
3 16 63.1948 -2.6489 46.25 63.9831 -1.6355 46.2502 64.5224 -2.6489 44.9224
3 16 64.5224 -2.6489 44.9224 63.9831 -1.6355 46.2502 64.9064 -1.6486 45.3064
3 16 65.3651 0 47.8369 64.9813 0 48.7813 65.7 -1.25 48.1719
3 16 65.7 -1.25 48.1719 64.9813 0 48.7813 65.1905 -1.25 49.2253
3 16 61.1441 -5.25 46.2664 62.2577 -4.7982 46.2496 63.265 -5.25 43.6651
3 16 63.265 -5.25 43.6651 62.2577 -4.7982 46.2496 64.0106 -4.8378 44.4107
3 16 -6.25 -5.25 46.25 -6.25 0 46.25 58.7195 -5.25 46.25
3 16 58.7195 -5.25 46.25 -6.25 0 46.25 58.7195 0 46.25
3 16 64.91 0 46.5228 64.031 0 46.25 64.9813 0 48.7813
3 16 64.9813 0 48.7813 64.031 0 46.25 64.0369 0 49.1651
3 16 58.7195 0 46.25 59.9758 0 46.3611 58.7195 -5.25 46.25
3 16 58.7195 -5.25 46.25 59.9758 0 46.3611 59.9758 -5.25 46.3611
3 16 63.9831 -1.6355 46.2502 65.205 -1.2524 46.4147 64.9064 -1.6486 45.3064
3 16 64.9064 -1.6486 45.3064 65.205 -1.2524 46.4147 65.6602 -1.25 46.0603
3 16 64.9813 0 48.7813 64.0369 0 49.1651 65.1905 -1.25 49.2253
3 16 65.1905 -1.25 49.2253 64.0369 0 49.1651 64.0369 -1.25 49.5
3 16 66.2 -8 50 -10 -8 50 66.2 -8 46.6001
3 16 -10 -8 50 49.8 -8 30.2 66.2 -8 46.6001
3 16 64.0369 0 49.1651 -7.8369 0 49.1651 64.0369 -1.25 49.5
3 16 64.0369 -1.25 49.5 -7.8369 0 49.1651 -8.1719 -1.25 49.5
3 16 64.91 0 46.5228 65.3651 0 47.296 65.205 -1.2524 46.4147
3 16 65.205 -1.2524 46.4147 65.3651 0 47.296 65.7 -1.25 47.1904
3 16 65.3651 0 47.296 65.3651 0 47.8369 65.7 -1.25 47.1904
3 16 65.7 -1.25 47.1904 65.3651 0 47.8369 65.7 -1.25 48.1719
3 16 -10 -8 50 66.2 -8 50 -10 -1.25 50
3 16 -10 -1.25 50 66.2 -8 50 66.2 -1.25 50
3 16 61.232 0 46.25 61.1441 -5.25 46.2664 59.9758 0 46.3611
3 16 59.9758 0 46.3611 61.1441 -5.25 46.2664 59.9758 -5.25 46.3611
3 16 66.2 -8 46.6001 66.2 -1.25 46.6001 66.2 -8 50
3 16 66.2 -8 50 66.2 -1.25 46.6001 66.2 -1.25 50
3 16 61.1441 -5.25 46.2664 63.265 -5.25 43.6651 54.4793 -5.25 38.7685
3 16 54.4793 -5.25 38.7685 63.265 -5.25 43.6651 56.4239 -5.25 36.8239
3 16 64.0369 0 49.1651 64.031 0 46.25 61.232 0 46.25
3 16 65.3651 0 47.296 64.91 0 46.5228 65.3651 0 47.8369
3 16 65.3651 0 47.8369 64.91 0 46.5228 64.9813 0 48.7813
3 16 63.265 -5.25 43.6651 64.0106 -4.8378 44.4107 66.2 -8 46.6001
3 16 64.9064 -1.6486 45.3064 65.6602 -1.25 46.0603 66.2 -8 46.6001
3 16 66.2 -8 46.6001 64.5224 -2.6489 44.9224 64.9064 -1.6486 45.3064
3 16 66.2 -8 46.6001 64.0106 -4.8378 44.4107 64.5224 -2.6489 44.9224
3 16 49.8 -8 30.2 56.4239 -5.25 36.8239 66.2 -8 46.6001
3 16 66.2 -8 46.6001 56.4239 -5.25 36.8239 63.265 -5.25 43.6651
3 16 66.2 -8 46.6001 65.6602 -1.25 46.0603 66.2 -1.25 46.6001
3 16 66.2 -1.25 50 66.2 -1.25 46.6001 65.7 -1.25 48.1719
3 16 65.7 -1.25 48.1719 66.2 -1.25 46.6001 65.7 -1.25 47.1904
3 16 65.7 -1.25 48.1719 65.1905 -1.25 49.2253 66.2 -1.25 50
3 16 66.2 -1.25 50 64.0369 -1.25 49.5 -10 -1.25 50
3 16 -10 -1.25 50 64.0369 -1.25 49.5 -8.1719 -1.25 49.5
3 16 66.2 -1.25 50 65.1905 -1.25 49.2253 64.0369 -1.25 49.5
3 16 65.7 -1.25 47.1904 66.2 -1.25 46.6001 65.205 -1.2524 46.4147
3 16 65.205 -1.2524 46.4147 66.2 -1.25 46.6001 65.6602 -1.25 46.0603
3 16 -6.25 -5.25 46.25 47.1082 -5.25 37.3333 44.4359 -5.25 35.5641
3 16 50.249 -5.25 37.9599 47.1082 -5.25 37.3333 -6.25 -5.25 46.25
3 16 54.4793 -5.25 38.7685 59.9758 -5.25 46.3611 61.1441 -5.25 46.2664
3 16 59.9758 -5.25 46.3611 54.4793 -5.25 38.7685 58.7195 -5.25 46.25
3 16 58.7195 -5.25 46.25 54.4793 -5.25 38.7685 53.6501 -5.25 38.09
3 16 61.232 0 46.25 63.1948 -2.6489 46.25 62.2577 -4.7982 46.2496
3 16 61.232 0 46.25 64.031 0 46.25 63.9831 -1.6355 46.2502
3 16 63.9831 -1.6355 46.2502 63.1948 -2.6489 46.25 61.232 0 46.25
3 16 61.232 0 46.25 62.2577 -4.7982 46.2496 61.1441 -5.25 46.2664
3 16 59.9758 0 46.3611 64.0369 0 49.1651 61.232 0 46.25
3 16 -7.8369 0 49.1651 64.0369 0 49.1651 59.9758 0 46.3611
3 16 58.7195 0 46.25 -7.8369 0 49.1651 59.9758 0 46.3611
3 16 -6.25 0 46.25 -7.8369 0 49.1651 58.7195 0 46.25
3 16 53.6501 -5.25 38.09 52.7111 -5.25 37.7736 58.7195 -5.25 46.25
3 16 58.7195 -5.25 46.25 52.7111 -5.25 37.7736 51.7339 -5.25 37.8101
3 16 58.7195 -5.25 46.25 51.7339 -5.25 37.8101 50.249 -5.25 37.9599
3 16 58.7195 -5.25 46.25 50.249 -5.25 37.9599 -6.25 -5.25 46.25
3 16 -7.8369 0 49.1651 -8.7813 0 48.7813 -8.1719 -1.25 49.5
3 16 -8.1719 -1.25 49.5 -8.7813 0 48.7813 -9.1162 -1.25 49.1162
3 16 -10 -1.25 50 -8.1719 -1.25 49.5 -9.1162 -1.25 49.1162
3 16 -6.25 0 46.25 -8.7813 0 48.7813 -7.8369 0 49.1651
3 16 -6.2496 -4.7982 -22.2577 -4.4107 -4.8378 -24.0106 -6.25 -3.8512 -22.9558
3 16 -6.25 -3.8512 -22.9558 -4.4107 -4.8378 -24.0106 -4.8029 -3.8512 -24.4029
3 16 -9.5 -1.25 -24.0369 -9.1651 0 -24.0369 -9.2253 -1.25 -25.1906
3 16 -9.2253 -1.25 -25.1906 -9.1651 0 -24.0369 -8.7813 0 -24.9813
3 16 -6.2502 -1.6355 -23.9831 -5.3064 -1.6486 -24.9064 -6.4147 -1.2524 -25.205
3 16 -6.4147 -1.2524 -25.205 -5.3064 -1.6486 -24.9064 -6.0603 -1.25 -25.6602
3 16 -6.2502 -1.6355 -23.9831 -6.4147 -1.2524 -25.205 -6.25 0 -24.031
3 16 -6.25 0 -24.031 -6.4147 -1.2524 -25.205 -6.5228 0 -24.91
3 16 -7.1904 -1.25 -25.7 -7.296 0 -25.3651 -6.4147 -1.2524 -25.205
3 16 -6.4147 -1.2524 -25.205 -7.296 0 -25.3651 -6.5228 0 -24.91
3 16 -4.4107 -4.8378 -24.0106 -6.2496 -4.7982 -22.2577 -3.6651 -5.25 -23.265
3 16 -3.6651 -5.25 -23.265 -6.2496 -4.7982 -22.2577 -6.2664 -5.25 -21.1441
3 16 -6.25 -5.25 46.25 -6.25 -5.25 -18.7195 -6.25 0 46.25
3 16 -6.25 0 46.25 -6.25 -5.25 -18.7195 -6.25 0 -18.7195
3 16 -6.25 0 -18.7195 -6.25 -5.25 -18.7195 -6.3611 0 -19.9758
3 16 -6.3611 0 -19.9758 -6.25 -5.25 -18.7195 -6.3611 -5.25 -19.9758
3 16 -9.1162 -1.25 49.1162 -8.7813 0 48.7813 -9.5 -1.25 48.1719
3 16 -9.5 -1.25 48.1719 -8.7813 0 48.7813 -9.1651 0 47.8369
3 16 -5.3064 -1.6486 -24.9064 -6.2502 -1.6355 -23.9831 -4.9224 -2.6489 -24.5224
3 16 -4.9224 -2.6489 -24.5224 -6.2502 -1.6355 -23.9831 -6.25 -2.6489 -23.1948
3 16 -10 -8 -26.2 -6.6001 -8 -26.2 -10 -8 50
3 16 -6.6001 -8 -26.2 9.8 -8 -9.8 -10 -8 50
3 16 -9.2253 -1.25 -25.1906 -8.7813 0 -24.9813 -8.1719 -1.25 -25.7
3 16 -8.1719 -1.25 -25.7 -8.7813 0 -24.9813 -7.8369 0 -25.3651
3 16 -9.1651 0 -24.0369 -9.5 -1.25 -24.0369 -9.1651 0 47.8369
3 16 -9.1651 0 47.8369 -9.5 -1.25 -24.0369 -9.5 -1.25 48.1719
3 16 -8.1719 -1.25 -25.7 -7.8369 0 -25.3651 -7.1904 -1.25 -25.7
3 16 -7.1904 -1.25 -25.7 -7.8369 0 -25.3651 -7.296 0 -25.3651
3 16 -10 -8 50 -10 -1.25 50 -10 -8 -26.2
3 16 -10 -8 -26.2 -10 -1.25 50 -10 -1.25 -26.2
3 16 -6.3611 -5.25 -19.9758 -6.2664 -5.25 -21.1441 -6.3611 0 -19.9758
3 16 -6.3611 0 -19.9758 -6.2664 -5.25 -21.1441 -6.25 0 -21.232
3 16 -6.6001 -8 -26.2 -10 -8 -26.2 -6.6001 -1.25 -26.2
3 16 -6.6001 -1.25 -26.2 -10 -8 -26.2 -10 -1.25 -26.2
3 16 3.1761 -5.25 -16.4239 -3.6651 -5.25 -23.265 1.2315 -5.25 -14.4793
3 16 1.2315 -5.25 -14.4793 -3.6651 -5.25 -23.265 -6.2664 -5.25 -21.1441
3 16 -6.25 -3.8512 -22.9558 -4.8029 -3.8512 -24.4029 -6.25 -2.6489 -23.1948
3 16 -6.25 -2.6489 -23.1948 -4.8029 -3.8512 -24.4029 -4.9224 -2.6489 -24.5224
3 16 -7.1904 -1.25 -25.7 -6.4147 -1.2524 -25.205 -6.6001 -1.25 -26.2
3 16 -6.6001 -1.25 -26.2 -6.4147 -1.2524 -25.205 -6.0603 -1.25 -25.6602
3 16 -9.1651 0 -24.0369 -6.25 0 -21.232 -6.25 0 -24.031
3 16 -6.5228 0 -24.91 -8.7813 0 -24.9813 -6.25 0 -24.031
3 16 -6.25 0 -24.031 -8.7813 0 -24.9813 -9.1651 0 -24.0369
3 16 -7.296 0 -25.3651 -7.8369 0 -25.3651 -6.5228 0 -24.91
3 16 -6.5228 0 -24.91 -7.8369 0 -25.3651 -8.7813 0 -24.9813
3 16 -3.6651 -5.25 -23.265 -6.6001 -8 -26.2 -4.4107 -4.8378 -24.0106
3 16 -4.4107 -4.8378 -24.0106 -6.6001 -8 -26.2 -4.8029 -3.8512 -24.4029
3 16 -3.6651 -5.25 -23.265 3.1761 -5.25 -16.4239 -6.6001 -8 -26.2
3 16 -6.6001 -8 -26.2 3.1761 -5.25 -16.4239 9.8 -8 -9.8
3 16 -6.6001 -8 -26.2 -4.9224 -2.6489 -24.5224 -4.8029 -3.8512 -24.4029
3 16 -6.6001 -8 -26.2 -5.3064 -1.6486 -24.9064 -4.9224 -2.6489 -24.5224
3 16 -6.6001 -8 -26.2 -6.6001 -1.25 -26.2 -6.0603 -1.25 -25.6602
3 16 -6.0603 -1.25 -25.6602 -5.3064 -1.6486 -24.9064 -6.6001 -8 -26.2
3 16 -10 -1.25 -26.2 -8.1719 -1.25 -25.7 -6.6001 -1.25 -26.2
3 16 -6.6001 -1.25 -26.2 -8.1719 -1.25 -25.7 -7.1904 -1.25 -25.7
3 16 -9.5 -1.25 48.1719 -9.5 -1.25 -24.0369 -10 -1.25 50
3 16 -10 -1.25 50 -9.5 -1.25 -24.0369 -10 -1.25 -26.2
3 16 -10 -1.25 -26.2 -9.5 -1.25 -24.0369 -9.2253 -1.25 -25.1906
3 16 -9.2253 -1.25 -25.1906 -8.1719 -1.25 -25.7 -10 -1.25 -26.2
3 16 -10 -1.25 50 -9.1162 -1.25 49.1162 -9.5 -1.25 48.1719
3 16 -6.25 0 46.25 -9.1651 0 47.8369 -8.7813 0 48.7813
3 16 2.6667 -5.25 -7.1082 2.0401 -5.25 -10.249 -6.25 -5.25 46.25
3 16 -6.25 -5.25 46.25 4.4359 -5.25 -4.4359 2.6667 -5.25 -7.1082
3 16 1.2315 -5.25 -14.4793 -6.2664 -5.25 -21.1441 -6.3611 -5.25 -19.9758
3 16 -6.25 -2.6489 -23.1948 -6.2502 -1.6355 -23.9831 -6.25 0 -21.232
3 16 -6.25 0 -21.232 -6.25 -3.8512 -22.9558 -6.25 -2.6489 -23.1948
3 16 -6.25 0 -21.232 -6.2502 -1.6355 -23.9831 -6.25 0 -24.031
3 16 -6.25 0 -21.232 -6.2496 -4.7982 -22.2577 -6.25 -3.8512 -22.9558
3 16 -6.25 0 -21.232 -6.2664 -5.25 -21.1441 -6.2496 -4.7982 -22.2577
3 16 -6.3611 0 -19.9758 -6.25 0 -21.232 -9.1651 0 -24.0369
3 16 -9.1651 0 47.8369 -6.3611 0 -19.9758 -9.1651 0 -24.0369
3 16 -6.25 0 -18.7195 -6.3611 0 -19.9758 -9.1651 0 47.8369
3 16 -6.25 0 46.25 -6.25 0 -18.7195 -9.1651 0 47.8369
3 16 2.2264 -5.25 -12.7111 1.91 -5.25 -13.6501 -6.25 -5.25 -18.7195
3 16 1.91 -5.25 -13.6501 1.2315 -5.25 -14.4793 -6.25 -5.25 -18.7195
3 16 -6.25 -5.25 -18.7195 1.2315 -5.25 -14.4793 -6.3611 -5.25 -19.9758
3 16 -6.25 -5.25 -18.7195 2.1899 -5.25 -11.7339 2.2264 -5.25 -12.7111
3 16 -6.25 -5.25 -18.7195 2.0401 -5.25 -10.249 2.1899 -5.25 -11.7339
3 16 -6.25 -5.25 -18.7195 -6.25 -5.25 46.25 2.0401 -5.25 -10.249
3 16 13.11 -3.8512 -2.1379 15.078 -2.6488 -4.3449 12.7111 -1.3988 -2.2264
3 16 12.7111 -1.3988 -2.2264 15.078 -2.6488 -4.3449 14.717 -1.3988 -4.2323
3 16 14.7825 -1.6486 -4.8174 14.0287 -1.25 -5.5713 14.5045 -1.6486 -4.5394
3 16 14.5045 -1.6486 -4.5394 14.0287 -1.25 -5.5713 13.6751 -1.25 -5.2177
3 16 11.5402 0 -4.5251 11.5402 -5.25 -4.5251 11.2575 0 -4.1294
3 16 11.2575 0 -4.1294 11.5402 -5.25 -4.5251 11.2575 -5.25 -4.1294
3 16 11.7339 -5.25 -2.1899 11.7338 -0.3064 -2.1899 10.249 -5.25 -2.0401
3 16 10.249 -5.25 -2.0401 11.7338 -0.3064 -2.1899 10.249 0 -2.0401
3 16 11.5697 -5.25 -5.0106 11.5697 0 -5.0106 11.3348 -5.25 -5.4367
3 16 11.3348 -5.25 -5.4367 11.5697 0 -5.0106 11.3348 0 -5.4367
3 16 11.3348 0 -5.4367 8.3858 0 -8.3858 11.3348 -5.25 -5.4367
3 16 11.3348 -5.25 -5.4367 8.3858 0 -8.3858 8.3858 -5.25 -8.3858
3 16 13.11 -3.8512 -2.1379 13.6501 -4.8514 -1.91 15.286 -3.8512 -4.3139
3 16 15.286 -3.8512 -4.3139 13.6501 -4.8514 -1.91 15.67 -4.8514 -3.9299
3 16 13.6751 -1.25 -5.2177 9.4464 -1.25 -9.4464 13.3141 0 -5.1051
3 16 13.3141 0 -5.1051 9.4464 -1.25 -9.4464 9.2096 0 -9.2096
3 16 15.1665 -2.6488 -4.4334 14.7825 -1.6486 -4.8174 15.078 -2.6488 -4.3449
3 16 15.078 -2.6488 -4.3449 14.7825 -1.6486 -4.8174 14.5045 -1.6486 -4.5394
3 16 13.6501 -4.8514 -1.91 14.4793 -5.25 -1.2315 15.67 -4.8514 -3.9299
3 16 15.67 -4.8514 -3.9299 14.4793 -5.25 -1.2315 16.4239 -5.25 -3.1761
3 16 8.0841 0 -4.2966 5.76 0 -5.76 7.1082 0 -2.6667
3 16 7.1082 0 -2.6667 5.76 0 -5.76 4.4359 0 -4.4359
3 16 13.11 -3.8512 -2.1379 12.7111 -1.3988 -2.2264 12.7111 -5.25 -2.2264
3 16 12.7111 -5.25 -2.2264 12.7111 -1.3988 -2.2264 11.7339 -5.25 -2.1899
3 16 11.7339 -5.25 -2.1899 12.7111 -1.3988 -2.2264 11.7338 -0.3064 -2.1899
3 16 11.5697 0 -5.0106 11.5697 -5.25 -5.0106 11.5402 0 -4.5251
3 16 11.5402 0 -4.5251 11.5697 -5.25 -5.0106 11.5402 -5.25 -4.5251
3 16 15.1665 -2.6488 -4.4334 15.078 -2.6488 -4.3449 15.286 -3.8512 -4.3139
3 16 13.11 -3.8512 -2.1379 15.286 -3.8512 -4.3139 15.078 -2.6488 -4.3449
3 16 13.6501 -5.25 -1.91 13.6501 -4.8514 -1.91 12.7111 -5.25 -2.2264
3 16 12.7111 -5.25 -2.2264 13.6501 -4.8514 -1.91 13.11 -3.8512 -2.1379
3 16 14.0287 -1.25 -5.5713 9.8 -1.25 -9.8 13.6751 -1.25 -5.2177
3 16 13.6751 -1.25 -5.2177 9.8 -1.25 -9.8 9.4464 -1.25 -9.4464
3 16 11.2575 0 -4.1294 11.2575 -5.25 -4.1294 10.8059 0 -3.9476
3 16 10.8059 0 -3.9476 11.2575 -5.25 -4.1294 10.8059 -5.25 -3.9476
3 16 10.249 0 -2.0401 11.7338 -0.3064 -2.1899 13.3141 0 -5.1051
3 16 13.3141 0 -5.1051 11.7338 -0.3064 -2.1899 14.1514 -0.4066 -4.4219
3 16 13.6501 -4.8514 -1.91 13.6501 -5.25 -1.91 14.4793 -5.25 -1.2315
3 16 11.7338 -0.3064 -2.1899 12.7111 -1.3988 -2.2264 14.1514 -0.4066 -4.4219
3 16 14.1514 -0.4066 -4.4219 12.7111 -1.3988 -2.2264 14.717 -1.3988 -4.2323
3 16 10.249 -5.25 -2.0401 10.249 0 -2.0401 7.1082 -5.25 -2.6667
3 16 7.1082 -5.25 -2.6667 10.249 0 -2.0401 7.1082 0 -2.6667
3 16 14.5045 -1.6486 -4.5394 13.6751 -1.25 -5.2177 14.1514 -0.4066 -4.4219
3 16 14.1514 -0.4066 -4.4219 13.6751 -1.25 -5.2177 13.3141 0 -5.1051
3 16 10.8059 0 -3.9476 10.8059 -5.25 -3.9476 8.0841 0 -4.2966
3 16 8.0841 0 -4.2966 10.8059 -5.25 -3.9476 8.0841 -5.25 -4.2966
3 16 7.1082 -5.25 -2.6667 7.1082 0 -2.6667 4.4359 -5.25 -4.4359
3 16 4.4359 -5.25 -4.4359 7.1082 0 -2.6667 4.4359 0 -4.4359
3 16 5.76 -5.25 -5.76 5.76 0 -5.76 8.0841 -5.25 -4.2966
3 16 8.0841 -5.25 -4.2966 5.76 0 -5.76 8.0841 0 -4.2966
3 16 15.078 -2.6488 -4.3449 14.5045 -1.6486 -4.5394 14.717 -1.3988 -4.2323
3 16 14.717 -1.3988 -4.2323 14.5045 -1.6486 -4.5394 14.1514 -0.4066 -4.4219
3 16 10.8059 0 -3.9476 8.0841 0 -4.2966 10.249 0 -2.0401
3 16 10.249 0 -2.0401 8.0841 0 -4.2966 7.1082 0 -2.6667
3 16 13.3141 0 -5.1051 9.2096 0 -9.2096 11.3348 0 -5.4367
3 16 11.3348 0 -5.4367 9.2096 0 -9.2096 8.3858 0 -8.3858
3 16 11.5402 0 -4.5251 11.2575 0 -4.1294 13.3141 0 -5.1051
3 16 13.3141 0 -5.1051 11.3348 0 -5.4367 11.5697 0 -5.0106
3 16 11.2575 0 -4.1294 10.8059 0 -3.9476 10.249 0 -2.0401
3 16 13.3141 0 -5.1051 11.5697 0 -5.0106 11.5402 0 -4.5251
3 16 11.2575 0 -4.1294 10.249 0 -2.0401 13.3141 0 -5.1051
3 16 14.7825 -1.6486 -4.8174 15.1665 -2.6488 -4.4334 9.8 -8 -9.8
3 16 9.8 -8 -9.8 14.0287 -1.25 -5.5713 14.7825 -1.6486 -4.8174
3 16 9.8 -8 -9.8 9.8 -1.25 -9.8 14.0287 -1.25 -5.5713
3 16 15.67 -4.8514 -3.9299 16.4239 -5.25 -3.1761 9.8 -8 -9.8
3 16 9.8 -8 -9.8 15.1665 -2.6488 -4.4334 15.286 -3.8512 -4.3139
3 16 15.286 -3.8512 -4.3139 15.67 -4.8514 -3.9299 9.8 -8 -9.8
3 16 5.76 -5.25 -5.76 8.0841 -5.25 -4.2966 8.3858 -5.25 -8.3858
3 16 8.0841 -5.25 -4.2966 10.8059 -5.25 -3.9476 8.3858 -5.25 -8.3858
3 16 8.3858 -5.25 -8.3858 11.5402 -5.25 -4.5251 11.5697 -5.25 -5.0106
3 16 8.3858 -5.25 -8.3858 10.8059 -5.25 -3.9476 11.2575 -5.25 -4.1294
3 16 8.3858 -5.25 -8.3858 11.5697 -5.25 -5.0106 11.3348 -5.25 -5.4367
3 16 11.2575 -5.25 -4.1294 11.5402 -5.25 -4.5251 8.3858 -5.25 -8.3858
3 16 4.2323 -1.3989 -14.717 4.3449 -2.6488 -15.078 2.2264 -1.3988 -12.7111
3 16 2.2264 -1.3988 -12.7111 4.3449 -2.6488 -15.078 2.1379 -3.8512 -13.11
3 16 4.5251 0 -11.5402 4.1294 0 -11.2575 4.5251 -5.25 -11.5402
3 16 4.5251 -5.25 -11.5402 4.1294 0 -11.2575 4.1294 -5.25 -11.2575
3 16 4.2966 0 -8.0841 4.2966 -5.25 -8.0841 3.9476 0 -10.8059
3 16 3.9476 0 -10.8059 4.2966 -5.25 -8.0841 3.9476 -5.25 -10.8059
3 16 5.0106 -5.25 -11.5697 5.4367 -5.25 -11.3348 5.0106 0 -11.5697
3 16 5.0106 0 -11.5697 5.4367 -5.25 -11.3348 5.4367 0 -11.3348
3 16 5.4367 0 -11.3348 5.4367 -5.25 -11.3348 8.3858 0 -8.3858
3 16 8.3858 0 -8.3858 5.4367 -5.25 -11.3348 8.3858 -5.25 -8.3858
3 16 2.1899 -0.3064 -11.7338 2.2264 -1.3988 -12.7111 2.1899 -5.25 -11.7339
3 16 2.1899 -5.25 -11.7339 2.2264 -1.3988 -12.7111 2.2264 -5.25 -12.7111
3 16 9.2096 0 -9.2096 9.4464 -1.25 -9.4464 5.1051 0 -13.3141
3 16 5.1051 0 -13.3141 9.4464 -1.25 -9.4464 5.2177 -1.25 -13.6751
3 16 4.4219 -0.4066 -14.1514 2.1899 -0.3064 -11.7338 5.1051 0 -13.3141
3 16 5.1051 0 -13.3141 2.1899 -0.3064 -11.7338 2.0401 0 -10.249
3 16 5.2177 -1.25 -13.6751 5.5713 -1.25 -14.0287 4.5394 -1.6486 -14.5045
3 16 4.5394 -1.6486 -14.5045 5.5713 -1.25 -14.0287 4.8174 -1.6486 -14.7825
3 16 2.1379 -3.8512 -13.11 2.2264 -5.25 -12.7111 2.2264 -1.3988 -12.7111
3 16 2.1379 -3.8512 -13.11 1.91 -4.8514 -13.6501 2.2264 -5.25 -12.7111
3 16 2.2264 -5.25 -12.7111 1.91 -4.8514 -13.6501 1.91 -5.25 -13.6501
3 16 5.0106 0 -11.5697 4.5251 0 -11.5402 5.0106 -5.25 -11.5697
3 16 5.0106 -5.25 -11.5697 4.5251 0 -11.5402 4.5251 -5.25 -11.5402
3 16 4.4334 -2.6488 -15.1665 4.3139 -3.8512 -15.286 4.3449 -2.6488 -15.078
3 16 2.1379 -3.8512 -13.11 4.3449 -2.6488 -15.078 4.3139 -3.8512 -15.286
3 16 5.5713 -1.25 -14.0287 5.2177 -1.25 -13.6751 9.8 -1.25 -9.8
3 16 9.8 -1.25 -9.8 5.2177 -1.25 -13.6751 9.4464 -1.25 -9.4464
3 16 2.1379 -3.8512 -13.11 4.3139 -3.8512 -15.286 1.91 -4.8514 -13.6501
3 16 1.91 -4.8514 -13.6501 4.3139 -3.8512 -15.286 3.9299 -4.8514 -15.67
3 16 4.1294 0 -11.2575 3.9476 0 -10.8059 4.1294 -5.25 -11.2575
3 16 4.1294 -5.25 -11.2575 3.9476 0 -10.8059 3.9476 -5.25 -10.8059
3 16 4.5394 -1.6486 -14.5045 4.8174 -1.6486 -14.7825 4.3449 -2.6488 -15.078
3 16 4.3449 -2.6488 -15.078 4.8174 -1.6486 -14.7825 4.4334 -2.6488 -15.1665
3 16 4.2323 -1.3989 -14.717 2.2264 -1.3988 -12.7111 4.4219 -0.4066 -14.1514
3 16 4.4219 -0.4066 -14.1514 2.2264 -1.3988 -12.7111 2.1899 -0.3064 -11.7338
3 16 3.1761 -5.25 -16.4239 1.2315 -5.25 -14.4793 3.9299 -4.8514 -15.67
3 16 3.9299 -4.8514 -15.67 1.2315 -5.25 -14.4793 1.91 -4.8514 -13.6501
3 16 1.91 -4.8514 -13.6501 1.2315 -5.25 -14.4793 1.91 -5.25 -13.6501
3 16 4.2966 -5.25 -8.0841 4.2966 0 -8.0841 5.76 -5.25 -5.76
3 16 5.76 -5.25 -5.76 4.2966 0 -8.0841 5.76 0 -5.76
3 16 2.6667 -5.25 -7.1082 2.6667 0 -7.1082 2.0401 -5.25 -10.249
3 16 2.0401 -5.25 -10.249 2.6667 0 -7.1082 2.0401 0 -10.249
3 16 2.0401 0 -10.249 2.1899 -0.3064 -11.7338 2.0401 -5.25 -10.249
3 16 2.0401 -5.25 -10.249 2.1899 -0.3064 -11.7338 2.1899 -5.25 -11.7339
3 16 4.4359 -5.25 -4.4359 4.4359 0 -4.4359 2.6667 -5.25 -7.1082
3 16 2.6667 -5.25 -7.1082 4.4359 0 -4.4359 2.6667 0 -7.1082
3 16 4.5394 -1.6486 -14.5045 4.4219 -0.4066 -14.1514 5.2177 -1.25 -13.6751
3 16 5.2177 -1.25 -13.6751 4.4219 -0.4066 -14.1514 5.1051 0 -13.3141
3 16 4.3449 -2.6488 -15.078 4.2323 -1.3989 -14.717 4.5394 -1.6486 -14.5045
3 16 4.5394 -1.6486 -14.5045 4.2323 -1.3989 -14.717 4.4219 -0.4066 -14.1514
3 16 4.2966 0 -8.0841 2.6667 0 -7.1082 5.76 0 -5.76
3 16 5.76 0 -5.76 2.6667 0 -7.1082 4.4359 0 -4.4359
3 16 3.9476 0 -10.8059 2.0401 0 -10.249 4.2966 0 -8.0841
3 16 4.2966 0 -8.0841 2.0401 0 -10.249 2.6667 0 -7.1082
3 16 5.1051 0 -13.3141 5.4367 0 -11.3348 9.2096 0 -9.2096
3 16 9.2096 0 -9.2096 5.4367 0 -11.3348 8.3858 0 -8.3858
3 16 4.5251 0 -11.5402 5.1051 0 -13.3141 4.1294 0 -11.2575
3 16 5.1051 0 -13.3141 5.0106 0 -11.5697 5.4367 0 -11.3348
3 16 4.1294 0 -11.2575 2.0401 0 -10.249 3.9476 0 -10.8059
3 16 5.1051 0 -13.3141 4.5251 0 -11.5402 5.0106 0 -11.5697
3 16 4.1294 0 -11.2575 5.1051 0 -13.3141 2.0401 0 -10.249
3 16 9.8 -8 -9.8 4.8174 -1.6486 -14.7825 5.5713 -1.25 -14.0287
3 16 4.4334 -2.6488 -15.1665 4.8174 -1.6486 -14.7825 9.8 -8 -9.8
3 16 9.8 -8 -9.8 5.5713 -1.25 -14.0287 9.8 -1.25 -9.8
3 16 9.8 -8 -9.8 4.3139 -3.8512 -15.286 4.4334 -2.6488 -15.1665
3 16 3.9299 -4.8514 -15.67 4.3139 -3.8512 -15.286 9.8 -8 -9.8
3 16 3.1761 -5.25 -16.4239 3.9299 -4.8514 -15.67 9.8 -8 -9.8
3 16 3.9476 -5.25 -10.8059 4.2966 -5.25 -8.0841 8.3858 -5.25 -8.3858
3 16 4.2966 -5.25 -8.0841 5.76 -5.25 -5.76 8.3858 -5.25 -8.3858
3 16 8.3858 -5.25 -8.3858 5.0106 -5.25 -11.5697 4.5251 -5.25 -11.5402
3 16 8.3858 -5.25 -8.3858 4.1294 -5.25 -11.2575 3.9476 -5.25 -10.8059
3 16 8.3858 -5.25 -8.3858 5.4367 -5.25 -11.3348 5.0106 -5.25 -11.5697
3 16 4.1294 -5.25 -11.2575 8.3858 -5.25 -8.3858 4.5251 -5.25 -11.5402
3 16 41.2315 -5.25 25.5207 43.1761 -5.25 23.5761 34.4793 -5.25 18.7685
3 16 34.4793 -5.25 18.7685 43.1761 -5.25 23.5761 36.4239 -5.25 16.8239
3 16 21.2315 -5.25 5.5207 23.1761 -5.25 3.5761 14.4793 -5.25 -1.2315
3 16 14.4793 -5.25 -1.2315 23.1761 -5.25 3.5761 16.4239 -5.25 -3.1761
3 16 23.1761 -5.25 3.5761 29.8 -8 10.2 16.4239 -5.25 -3.1761
3 16 16.4239 -5.25 -3.1761 29.8 -8 10.2 9.8 -8 -9.8
3 16 43.1761 -5.25 23.5761 49.8 -8 30.2 36.4239 -5.25 16.8239
3 16 36.4239 -5.25 16.8239 49.8 -8 30.2 29.8 -8 10.2
3 16 42.1899 -5.25 28.2661 42.2264 -5.25 27.2889 -6.25 -5.25 46.25
3 16 42.2264 -5.25 27.2889 41.91 -5.25 26.3499 -6.25 -5.25 46.25
3 16 41.91 -5.25 26.3499 41.2315 -5.25 25.5207 -6.25 -5.25 46.25
3 16 42.6667 -5.25 32.8918 42.0401 -5.25 29.751 -6.25 -5.25 46.25
3 16 42.0401 -5.25 29.751 42.1899 -5.25 28.2661 -6.25 -5.25 46.25
3 16 44.4359 -5.25 35.5641 42.6667 -5.25 32.8918 -6.25 -5.25 46.25
3 16 32.7111 -5.25 17.7736 31.7339 -5.25 17.8101 -6.25 -5.25 46.25
3 16 33.6501 -5.25 18.09 32.7111 -5.25 17.7736 -6.25 -5.25 46.25
3 16 34.4793 -5.25 18.7685 33.6501 -5.25 18.09 -6.25 -5.25 46.25
3 16 30.249 -5.25 17.9599 27.1082 -5.25 17.3333 -6.25 -5.25 46.25
3 16 31.7339 -5.25 17.8101 30.249 -5.25 17.9599 -6.25 -5.25 46.25
3 16 27.1082 -5.25 17.3333 24.4359 -5.25 15.5641 -6.25 -5.25 46.25
3 16 22.1899 -5.25 8.2661 22.2264 -5.25 7.2889 -6.25 -5.25 46.25
3 16 22.2264 -5.25 7.2889 21.91 -5.25 6.3499 -6.25 -5.25 46.25
3 16 21.91 -5.25 6.3499 21.2315 -5.25 5.5207 -6.25 -5.25 46.25
3 16 22.6667 -5.25 12.8918 22.0401 -5.25 9.751 -6.25 -5.25 46.25
3 16 22.0401 -5.25 9.751 22.1899 -5.25 8.2661 -6.25 -5.25 46.25
3 16 24.4359 -5.25 15.5641 22.6667 -5.25 12.8918 -6.25 -5.25 46.25
3 16 11.7339 -5.25 -2.1899 10.249 -5.25 -2.0401 -6.25 -5.25 46.25
3 16 12.7111 -5.25 -2.2264 11.7339 -5.25 -2.1899 -6.25 -5.25 46.25
3 16 13.6501 -5.25 -1.91 12.7111 -5.25 -2.2264 -6.25 -5.25 46.25
3 16 14.4793 -5.25 -1.2315 13.6501 -5.25 -1.91 -6.25 -5.25 46.25
3 16 10.249 -5.25 -2.0401 7.1082 -5.25 -2.6667 -6.25 -5.25 46.25
3 16 7.1082 -5.25 -2.6667 4.4359 -5.25 -4.4359 -6.25 -5.25 46.25
3 16 41.2315 -5.25 25.5207 34.4793 -5.25 18.7685 -6.25 -5.25 46.25
3 16 21.2315 -5.25 5.5207 14.4793 -5.25 -1.2315 -6.25 -5.25 46.25
3 16 29.8 -8 10.2 -10 -8 50 9.8 -8 -9.8
3 16 49.8 -8 30.2 -10 -8 50 29.8 -8 10.2
3 16 15.5396 0 33.1983 13.1983 0 35.5396 17.3124 0 34.2218
3 16 17.3124 0 34.2218 13.1983 0 35.5396 14.2218 0 37.3123
3 16 14.2218 0 37.3123 13.1983 0 35.5396 10 0 38.4436
3 16 10 0 38.4436 13.1983 0 35.5396 10 0 36.3966
3 16 10 0 36.3966 6.8017 0 35.5396 10 0 38.4436
3 16 10 0 38.4436 6.8017 0 35.5396 5.7782 0 37.3123
3 16 6.8017 0 35.5396 4.4604 0 33.1983 5.7782 0 37.3123
3 16 5.7782 0 37.3123 4.4604 0 33.1983 2.6876 0 34.2218
3 16 4.4604 0 33.1983 3.6034 0 30 2.6876 0 34.2218
3 16 2.6876 0 34.2218 3.6034 0 30 1.5564 0 30
3 16 3.6034 0 30 4.4604 0 26.8017 1.5564 0 30
3 16 1.5564 0 30 4.4604 0 26.8017 2.6876 0 25.7782
3 16 4.4604 0 26.8017 6.8017 0 24.4604 2.6876 0 25.7782
3 16 2.6876 0 25.7782 6.8017 0 24.4604 5.7782 0 22.6877
3 16 6.8017 0 24.4604 10 0 23.6034 5.7782 0 22.6877
3 16 5.7782 0 22.6877 10 0 23.6034 10 0 21.5565
3 16 10 0 23.6034 13.1983 0 24.4604 10 0 21.5565
3 16 10 0 21.5565 13.1983 0 24.4604 14.2218 0 22.6877
3 16 13.1983 0 24.4604 15.5396 0 26.8017 14.2218 0 22.6877
3 16 14.2218 0 22.6877 15.5396 0 26.8017 17.3124 0 25.7782
3 16 15.5396 0 26.8017 16.3966 0 30 17.3124 0 25.7782
3 16 17.3124 0 25.7782 16.3966 0 30 18.4436 0 30
3 16 16.3966 0 30 15.5396 0 33.1983 18.4436 0 30
3 16 18.4436 0 30 15.5396 0 33.1983 17.3124 0 34.2218
3 16 10 -5.25 38.4436 14.2218 -5.25 37.3123 10 0 38.4436
3 16 10 0 38.4436 14.2218 -5.25 37.3123 14.2218 0 37.3123
3 16 5.7782 -5.25 37.3123 10 -5.25 38.4436 5.7782 0 37.3123
3 16 5.7782 0 37.3123 10 -5.25 38.4436 10 0 38.4436
3 16 2.6876 -5.25 34.2218 5.7782 -5.25 37.3123 2.6876 0 34.2218
3 16 2.6876 0 34.2218 5.7782 -5.25 37.3123 5.7782 0 37.3123
3 16 1.5564 -5.25 30 2.6876 -5.25 34.2218 1.5564 0 30
3 16 1.5564 0 30 2.6876 -5.25 34.2218 2.6876 0 34.2218
3 16 2.6876 -5.25 25.7782 1.5564 -5.25 30 2.6876 0 25.7782
3 16 2.6876 0 25.7782 1.5564 -5.25 30 1.5564 0 30
3 16 5.7782 -5.25 22.6877 2.6876 -5.25 25.7782 5.7782 0 22.6877
3 16 5.7782 0 22.6877 2.6876 -5.25 25.7782 2.6876 0 25.7782
3 16 10 -5.25 21.5565 5.7782 -5.25 22.6877 10 0 21.5565
3 16 10 0 21.5565 5.7782 -5.25 22.6877 5.7782 0 22.6877
3 16 14.2218 -5.25 22.6877 10 -5.25 21.5565 14.2218 0 22.6877
3 16 14.2218 0 22.6877 10 -5.25 21.5565 10 0 21.5565
3 16 17.3124 -5.25 25.7782 14.2218 -5.25 22.6877 17.3124 0 25.7782
3 16 17.3124 0 25.7782 14.2218 -5.25 22.6877 14.2218 0 22.6877
3 16 18.4436 -5.25 30 17.3124 -5.25 25.7782 18.4436 0 30
3 16 18.4436 0 30 17.3124 -5.25 25.7782 17.3124 0 25.7782
3 16 17.3124 -5.25 34.2218 18.4436 -5.25 30 17.3124 0 34.2218
3 16 17.3124 0 34.2218 18.4436 -5.25 30 18.4436 0 30
3 16 13.1983 0 35.5396 15.5396 0 33.1983 13.1983 -5.0063 35.5396
3 16 13.1983 -5.0063 35.5396 15.5396 0 33.1983 15.5396 -5.0063 33.1983
3 16 10 0 36.3966 13.1983 0 35.5396 10 -5.0063 36.3966
3 16 10 -5.0063 36.3966 13.1983 0 35.5396 13.1983 -5.0063 35.5396
3 16 6.8017 0 35.5396 10 0 36.3966 6.8017 -5.0063 35.5396
3 16 6.8017 -5.0063 35.5396 10 0 36.3966 10 -5.0063 36.3966
3 16 4.4604 0 33.1983 6.8017 0 35.5396 4.4604 -5.0063 33.1983
3 16 4.4604 -5.0063 33.1983 6.8017 0 35.5396 6.8017 -5.0063 35.5396
3 16 3.6034 0 30 4.4604 0 33.1983 3.6034 -5.0063 30
3 16 3.6034 -5.0063 30 4.4604 0 33.1983 4.4604 -5.0063 33.1983
3 16 4.4604 0 26.8017 3.6034 0 30 4.4604 -5.0063 26.8017
3 16 4.4604 -5.0063 26.8017 3.6034 0 30 3.6034 -5.0063 30
3 16 6.8017 0 24.4604 4.4604 0 26.8017 6.8017 -5.0063 24.4604
3 16 6.8017 -5.0063 24.4604 4.4604 0 26.8017 4.4604 -5.0063 26.8017
3 16 10 0 23.6034 6.8017 0 24.4604 10 -5.0063 23.6034
3 16 10 -5.0063 23.6034 6.8017 0 24.4604 6.8017 -5.0063 24.4604
3 16 13.1983 0 24.4604 10 0 23.6034 13.1983 -5.0063 24.4604
3 16 13.1983 -5.0063 24.4604 10 0 23.6034 10 -5.0063 23.6034
3 16 15.5396 0 26.8017 13.1983 0 24.4604 15.5396 -5.0063 26.8017
3 16 15.5396 -5.0063 26.8017 13.1983 0 24.4604 13.1983 -5.0063 24.4604
3 16 16.3966 0 30 15.5396 0 26.8017 16.3966 -5.0063 30
3 16 16.3966 -5.0063 30 15.5396 0 26.8017 15.5396 -5.0063 26.8017
3 16 15.5396 0 33.1983 16.3966 0 30 15.5396 -5.0063 33.1983
3 16 15.5396 -5.0063 33.1983 16.3966 0 30 16.3966 -5.0063 30
3 16 17.3124 0 34.2218 14.2218 0 37.3123 17.3124 -5.25 34.2218
3 16 17.3124 -5.25 34.2218 14.2218 0 37.3123 14.2218 -5.25 37.3123
3 16 35.5396 0 33.1983 33.1983 0 35.5396 37.3124 0 34.2218
3 16 37.3124 0 34.2218 33.1983 0 35.5396 34.2218 0 37.3123
3 16 34.2218 0 37.3123 33.1983 0 35.5396 30 0 38.4436
3 16 30 0 38.4436 33.1983 0 35.5396 30 0 36.3966
3 16 30 0 36.3966 26.8017 0 35.5396 30 0 38.4436
3 16 30 0 38.4436 26.8017 0 35.5396 25.7782 0 37.3123
3 16 26.8017 0 35.5396 24.4604 0 33.1983 25.7782 0 37.3123
3 16 25.7782 0 37.3123 24.4604 0 33.1983 22.6877 0 34.2218
3 16 24.4604 0 33.1983 23.6034 0 30 22.6877 0 34.2218
3 16 22.6877 0 34.2218 23.6034 0 30 21.5565 0 30
3 16 23.6034 0 30 24.4604 0 26.8017 21.5565 0 30
3 16 21.5565 0 30 24.4604 0 26.8017 22.6877 0 25.7782
3 16 24.4604 0 26.8017 26.8017 0 24.4604 22.6877 0 25.7782
3 16 22.6877 0 25.7782 26.8017 0 24.4604 25.7782 0 22.6877
3 16 26.8017 0 24.4604 30 0 23.6034 25.7782 0 22.6877
3 16 25.7782 0 22.6877 30 0 23.6034 30 0 21.5565
3 16 30 0 23.6034 33.1983 0 24.4604 30 0 21.5565
3 16 30 0 21.5565 33.1983 0 24.4604 34.2218 0 22.6877
3 16 33.1983 0 24.4604 35.5396 0 26.8017 34.2218 0 22.6877
3 16 34.2218 0 22.6877 35.5396 0 26.8017 37.3124 0 25.7782
3 16 35.5396 0 26.8017 36.3966 0 30 37.3124 0 25.7782
3 16 37.3124 0 25.7782 36.3966 0 30 38.4436 0 30
3 16 36.3966 0 30 35.5396 0 33.1983 38.4436 0 30
3 16 38.4436 0 30 35.5396 0 33.1983 37.3124 0 34.2218
3 16 30 -5.25 38.4436 34.2218 -5.25 37.3123 30 0 38.4436
3 16 30 0 38.4436 34.2218 -5.25 37.3123 34.2218 0 37.3123
3 16 25.7782 -5.25 37.3123 30 -5.25 38.4436 25.7782 0 37.3123
3 16 25.7782 0 37.3123 30 -5.25 38.4436 30 0 38.4436
3 16 22.6877 -5.25 34.2218 25.7782 -5.25 37.3123 22.6877 0 34.2218
3 16 22.6877 0 34.2218 25.7782 -5.25 37.3123 25.7782 0 37.3123
3 16 21.5565 -5.25 30 22.6877 -5.25 34.2218 21.5565 0 30
3 16 21.5565 0 30 22.6877 -5.25 34.2218 22.6877 0 34.2218
3 16 22.6877 -5.25 25.7782 21.5565 -5.25 30 22.6877 0 25.7782
3 16 22.6877 0 25.7782 21.5565 -5.25 30 21.5565 0 30
3 16 25.7782 -5.25 22.6877 22.6877 -5.25 25.7782 25.7782 0 22.6877
3 16 25.7782 0 22.6877 22.6877 -5.25 25.7782 22.6877 0 25.7782
3 16 30 -5.25 21.5565 25.7782 -5.25 22.6877 30 0 21.5565
3 16 30 0 21.5565 25.7782 -5.25 22.6877 25.7782 0 22.6877
3 16 34.2218 -5.25 22.6877 30 -5.25 21.5565 34.2218 0 22.6877
3 16 34.2218 0 22.6877 30 -5.25 21.5565 30 0 21.5565
3 16 37.3124 -5.25 25.7782 34.2218 -5.25 22.6877 37.3124 0 25.7782
3 16 37.3124 0 25.7782 34.2218 -5.25 22.6877 34.2218 0 22.6877
3 16 38.4436 -5.25 30 37.3124 -5.25 25.7782 38.4436 0 30
3 16 38.4436 0 30 37.3124 -5.25 25.7782 37.3124 0 25.7782
3 16 37.3124 -5.25 34.2218 38.4436 -5.25 30 37.3124 0 34.2218
3 16 37.3124 0 34.2218 38.4436 -5.25 30 38.4436 0 30
3 16 33.1983 0 35.5396 35.5396 0 33.1983 33.1983 -5.0063 35.5396
3 16 33.1983 -5.0063 35.5396 35.5396 0 33.1983 35.5396 -5.0063 33.1983
3 16 30 0 36.3966 33.1983 0 35.5396 30 -5.0063 36.3966
3 16 30 -5.0063 36.3966 33.1983 0 35.5396 33.1983 -5.0063 35.5396
3 16 26.8017 0 35.5396 30 0 36.3966 26.8017 -5.0063 35.5396
3 16 26.8017 -5.0063 35.5396 30 0 36.3966 30 -5.0063 36.3966
3 16 24.4604 0 33.1983 26.8017 0 35.5396 24.4604 -5.0063 33.1983
3 16 24.4604 -5.0063 33.1983 26.8017 0 35.5396 26.8017 -5.0063 35.5396
3 16 23.6034 0 30 24.4604 0 33.1983 23.6034 -5.0063 30
3 16 23.6034 -5.0063 30 24.4604 0 33.1983 24.4604 -5.0063 33.1983
3 16 24.4604 0 26.8017 23.6034 0 30 24.4604 -5.0063 26.8017
3 16 24.4604 -5.0063 26.8017 23.6034 0 30 23.6034 -5.0063 30
3 16 26.8017 0 24.4604 24.4604 0 26.8017 26.8017 -5.0063 24.4604
3 16 26.8017 -5.0063 24.4604 24.4604 0 26.8017 24.4604 -5.0063 26.8017
3 16 30 0 23.6034 26.8017 0 24.4604 30 -5.0063 23.6034
3 16 30 -5.0063 23.6034 26.8017 0 24.4604 26.8017 -5.0063 24.4604
3 16 33.1983 0 24.4604 30 0 23.6034 33.1983 -5.0063 24.4604
3 16 33.1983 -5.0063 24.4604 30 0 23.6034 30 -5.0063 23.6034
3 16 35.5396 0 26.8017 33.1983 0 24.4604 35.5396 -5.0063 26.8017
3 16 35.5396 -5.0063 26.8017 33.1983 0 24.4604 33.1983 -5.0063 24.4604
3 16 36.3966 0 30 35.5396 0 26.8017 36.3966 -5.0063 30
3 16 36.3966 -5.0063 30 35.5396 0 26.8017 35.5396 -5.0063 26.8017
3 16 35.5396 0 33.1983 36.3966 0 30 35.5396 -5.0063 33.1983
3 16 35.5396 -5.0063 33.1983 36.3966 0 30 36.3966 -5.0063 30
3 16 37.3124 0 34.2218 34.2218 0 37.3123 37.3124 -5.25 34.2218
3 16 37.3124 -5.25 34.2218 34.2218 0 37.3123 34.2218 -5.25 37.3123
3 16 15.5396 0 13.1983 13.1983 0 15.5396 17.3124 0 14.2218
3 16 17.3124 0 14.2218 13.1983 0 15.5396 14.2218 0 17.3123
3 16 14.2218 0 17.3123 13.1983 0 15.5396 10 0 18.4436
3 16 10 0 18.4436 13.1983 0 15.5396 10 0 16.3966
3 16 10 0 16.3966 6.8017 0 15.5396 10 0 18.4436
3 16 10 0 18.4436 6.8017 0 15.5396 5.7782 0 17.3123
3 16 6.8017 0 15.5396 4.4604 0 13.1983 5.7782 0 17.3123
3 16 5.7782 0 17.3123 4.4604 0 13.1983 2.6876 0 14.2218
3 16 4.4604 0 13.1983 3.6034 0 10 2.6876 0 14.2218
3 16 2.6876 0 14.2218 3.6034 0 10 1.5564 0 10
3 16 3.6034 0 10 4.4604 0 6.8017 1.5564 0 10
3 16 1.5564 0 10 4.4604 0 6.8017 2.6876 0 5.7782
3 16 4.4604 0 6.8017 6.8017 0 4.4604 2.6876 0 5.7782
3 16 2.6876 0 5.7782 6.8017 0 4.4604 5.7782 0 2.6877
3 16 6.8017 0 4.4604 10 0 3.6034 5.7782 0 2.6877
3 16 5.7782 0 2.6877 10 0 3.6034 10 0 1.5564
3 16 10 0 3.6034 13.1983 0 4.4604 10 0 1.5564
3 16 10 0 1.5564 13.1983 0 4.4604 14.2218 0 2.6877
3 16 13.1983 0 4.4604 15.5396 0 6.8017 14.2218 0 2.6877
3 16 14.2218 0 2.6877 15.5396 0 6.8017 17.3124 0 5.7782
3 16 15.5396 0 6.8017 16.3966 0 10 17.3124 0 5.7782
3 16 17.3124 0 5.7782 16.3966 0 10 18.4436 0 10
3 16 16.3966 0 10 15.5396 0 13.1983 18.4436 0 10
3 16 18.4436 0 10 15.5396 0 13.1983 17.3124 0 14.2218
3 16 10 -5.25 18.4436 14.2218 -5.25 17.3123 10 0 18.4436
3 16 10 0 18.4436 14.2218 -5.25 17.3123 14.2218 0 17.3123
3 16 5.7782 -5.25 17.3123 10 -5.25 18.4436 5.7782 0 17.3123
3 16 5.7782 0 17.3123 10 -5.25 18.4436 10 0 18.4436
3 16 2.6876 -5.25 14.2218 5.7782 -5.25 17.3123 2.6876 0 14.2218
3 16 2.6876 0 14.2218 5.7782 -5.25 17.3123 5.7782 0 17.3123
3 16 1.5564 -5.25 10 2.6876 -5.25 14.2218 1.5564 0 10
3 16 1.5564 0 10 2.6876 -5.25 14.2218 2.6876 0 14.2218
3 16 2.6876 -5.25 5.7782 1.5564 -5.25 10 2.6876 0 5.7782
3 16 2.6876 0 5.7782 1.5564 -5.25 10 1.5564 0 10
3 16 5.7782 -5.25 2.6877 2.6876 -5.25 5.7782 5.7782 0 2.6877
3 16 5.7782 0 2.6877 2.6876 -5.25 5.7782 2.6876 0 5.7782
3 16 10 -5.25 1.5564 5.7782 -5.25 2.6877 10 0 1.5564
3 16 10 0 1.5564 5.7782 -5.25 2.6877 5.7782 0 2.6877
3 16 14.2218 -5.25 2.6877 10 -5.25 1.5564 14.2218 0 2.6877
3 16 14.2218 0 2.6877 10 -5.25 1.5564 10 0 1.5564
3 16 17.3124 -5.25 5.7782 14.2218 -5.25 2.6877 17.3124 0 5.7782
3 16 17.3124 0 5.7782 14.2218 -5.25 2.6877 14.2218 0 2.6877
3 16 18.4436 -5.25 10 17.3124 -5.25 5.7782 18.4436 0 10
3 16 18.4436 0 10 17.3124 -5.25 5.7782 17.3124 0 5.7782
3 16 17.3124 -5.25 14.2218 18.4436 -5.25 10 17.3124 0 14.2218
3 16 17.3124 0 14.2218 18.4436 -5.25 10 18.4436 0 10
3 16 13.1983 0 15.5396 15.5396 0 13.1983 13.1983 -5.0063 15.5396
3 16 13.1983 -5.0063 15.5396 15.5396 0 13.1983 15.5396 -5.0063 13.1983
3 16 10 0 16.3966 13.1983 0 15.5396 10 -5.0063 16.3966
3 16 10 -5.0063 16.3966 13.1983 0 15.5396 13.1983 -5.0063 15.5396
3 16 6.8017 0 15.5396 10 0 16.3966 6.8017 -5.0063 15.5396
3 16 6.8017 -5.0063 15.5396 10 0 16.3966 10 -5.0063 16.3966
3 16 4.4604 0 13.1983 6.8017 0 15.5396 4.4604 -5.0063 13.1983
3 16 4.4604 -5.0063 13.1983 6.8017 0 15.5396 6.8017 -5.0063 15.5396
3 16 3.6034 0 10 4.4604 0 13.1983 3.6034 -5.0063 10
3 16 3.6034 -5.0063 10 4.4604 0 13.1983 4.4604 -5.0063 13.1983
3 16 4.4604 0 6.8017 3.6034 0 10 4.4604 -5.0063 6.8017
3 16 4.4604 -5.0063 6.8017 3.6034 0 10 3.6034 -5.0063 10
3 16 6.8017 0 4.4604 4.4604 0 6.8017 6.8017 -5.0063 4.4604
3 16 6.8017 -5.0063 4.4604 4.4604 0 6.8017 4.4604 -5.0063 6.8017
3 16 10 0 3.6034 6.8017 0 4.4604 10 -5.0063 3.6034
3 16 10 -5.0063 3.6034 6.8017 0 4.4604 6.8017 -5.0063 4.4604
3 16 13.1983 0 4.4604 10 0 3.6034 13.1983 -5.0063 4.4604
3 16 13.1983 -5.0063 4.4604 10 0 3.6034 10 -5.0063 3.6034
3 16 15.5396 0 6.8017 13.1983 0 4.4604 15.5396 -5.0063 6.8017
3 16 15.5396 -5.0063 6.8017 13.1983 0 4.4604 13.1983 -5.0063 4.4604
3 16 16.3966 0 10 15.5396 0 6.8017 16.3966 -5.0063 10
3 16 16.3966 -5.0063 10 15.5396 0 6.8017 15.5396 -5.0063 6.8017
3 16 15.5396 0 13.1983 16.3966 0 10 15.5396 -5.0063 13.1983
3 16 15.5396 -5.0063 13.1983 16.3966 0 10 16.3966 -5.0063 10
3 16 17.3124 0 14.2218 14.2218 0 17.3123 17.3124 -5.25 14.2218
3 16 17.3124 -5.25 14.2218 14.2218 0 17.3123 14.2218 -5.25 17.3123
2 24 53.11 -3.8512 37.8621 52.7111 -1.3988 37.7736
2 24 55.078 -2.6488 35.6551 54.717 -1.3988 35.7677
2 24 54.7825 -1.6486 35.1826 54.0287 -1.25 34.4287
2 24 54.5045 -1.6486 35.4606 53.6751 -1.25 34.7823
2 24 51.5402 0 35.4749 51.2575 0 35.8706
2 24 51.5402 -5.25 35.4749 51.2575 -5.25 35.8706
2 24 51.7339 -5.25 37.8101 50.249 -5.25 37.9599
2 24 51.7338 -0.3064 37.8101 50.249 0 37.9599
2 24 51.5697 -5.25 34.9894 51.3348 -5.25 34.5633
2 24 51.5697 0 34.9894 51.3348 0 34.5633
2 24 51.3348 0 34.5633 48.3858 0 31.6142
2 24 51.3348 -5.25 34.5633 48.3858 -5.25 31.6142
2 24 53.11 -3.8512 37.8621 53.6501 -4.8514 38.09
2 24 55.286 -3.8512 35.6861 55.67 -4.8514 36.0701
2 24 53.6751 -1.25 34.7823 49.4464 -1.25 30.5536
2 24 53.3141 0 34.8949 49.2096 0 30.7904
2 24 54.7825 -1.6486 35.1826 55.1665 -2.6488 35.5666
2 24 55.078 -2.6488 35.6551 54.5045 -1.6486 35.4606
2 24 53.6501 -4.8514 38.09 54.4793 -5.25 38.7685
2 24 55.67 -4.8514 36.0701 56.4239 -5.25 36.8239
2 24 48.0841 0 35.7034 45.76 0 34.24
2 24 47.1082 0 37.3333 44.4359 0 35.5641
2 24 53.11 -3.8512 37.8621 52.7111 -1.3988 37.7736
2 24 51.7339 -5.25 37.8101 52.7111 -5.25 37.7736
2 24 51.7338 -0.3064 37.8101 52.7111 -1.3988 37.7736
2 24 51.5402 0 35.4749 51.5697 0 34.9894
2 24 51.5402 -5.25 35.4749 51.5697 -5.25 34.9894
2 24 55.286 -3.8512 35.6861 55.1665 -2.6488 35.5666
2 24 52.7111 -5.25 37.7736 53.6501 -5.25 38.09
2 24 53.11 -3.8512 37.8621 53.6501 -4.8514 38.09
2 24 54.0287 -1.25 34.4287 49.8 -1.25 30.2
2 24 53.6751 -1.25 34.7823 49.4464 -1.25 30.5536
2 24 51.2575 0 35.8706 50.8059 0 36.0524
2 24 51.2575 -5.25 35.8706 50.8059 -5.25 36.0524
2 24 50.249 0 37.9599 51.7338 -0.3064 37.8101
2 24 53.3141 0 34.8949 54.1514 -0.4066 35.5781
2 24 53.6501 -5.25 38.09 54.4793 -5.25 38.7685
2 24 53.6501 -4.8514 38.09 54.4793 -5.25 38.7685
2 24 52.7111 -1.3988 37.7736 51.7338 -0.3064 37.8101
2 24 54.717 -1.3988 35.7677 54.1514 -0.4066 35.5781
2 24 50.249 -5.25 37.9599 47.1082 -5.25 37.3333
2 24 50.249 0 37.9599 47.1082 0 37.3333
2 24 53.6751 -1.25 34.7823 54.5045 -1.6486 35.4606
2 24 53.3141 0 34.8949 54.1514 -0.4066 35.5781
2 24 50.8059 0 36.0524 48.0841 0 35.7034
2 24 50.8059 -5.25 36.0524 48.0841 -5.25 35.7034
2 24 47.1082 -5.25 37.3333 44.4359 -5.25 35.5641
2 24 47.1082 0 37.3333 44.4359 0 35.5641
2 24 48.0841 -5.25 35.7034 45.76 -5.25 34.24
2 24 48.0841 0 35.7034 45.76 0 34.24
2 24 54.5045 -1.6486 35.4606 55.078 -2.6488 35.6551
2 24 55.078 -2.6488 35.6551 54.717 -1.3988 35.7677
2 24 54.1514 -0.4066 35.5781 54.717 -1.3988 35.7677
2 24 48.0841 0 35.7034 50.8059 0 36.0524
2 24 47.1082 0 37.3333 50.249 0 37.9599
2 24 53.3141 0 34.8949 49.2096 0 30.7904
2 24 51.3348 0 34.5633 48.3858 0 31.6142
2 24 51.5402 0 35.4749 51.2575 0 35.8706
2 24 51.3348 0 34.5633 51.5697 0 34.9894
2 24 50.8059 0 36.0524 51.2575 0 35.8706
2 24 51.5402 0 35.4749 51.5697 0 34.9894
2 24 54.7825 -1.6486 35.1826 55.1665 -2.6488 35.5666
2 24 54.7825 -1.6486 35.1826 54.0287 -1.25 34.4287
2 24 54.0287 -1.25 34.4287 49.8 -1.25 30.2
2 24 55.67 -4.8514 36.0701 56.4239 -5.25 36.8239
2 24 55.1665 -2.6488 35.5666 55.286 -3.8512 35.6861
2 24 55.67 -4.8514 36.0701 55.286 -3.8512 35.6861
2 24 45.76 -5.25 34.24 48.0841 -5.25 35.7034
2 24 48.0841 -5.25 35.7034 50.8059 -5.25 36.0524
2 24 51.5402 -5.25 35.4749 51.5697 -5.25 34.9894
2 24 50.8059 -5.25 36.0524 51.2575 -5.25 35.8706
2 24 51.5697 -5.25 34.9894 51.3348 -5.25 34.5633
2 24 48.3858 -5.25 31.6142 51.3348 -5.25 34.5633
2 24 51.5402 -5.25 35.4749 51.2575 -5.25 35.8706
2 24 44.2323 -1.3989 25.2831 44.3449 -2.6488 24.922
2 24 42.2264 -1.3988 27.2889 42.138 -3.8512 26.89
2 24 44.5251 0 28.4598 44.1294 0 28.7425
2 24 44.5251 -5.25 28.4598 44.1294 -5.25 28.7425
2 24 44.2966 0 31.9159 43.9476 0 29.1941
2 24 44.2966 -5.25 31.9159 43.9476 -5.25 29.1941
2 24 45.0106 -5.25 28.4303 45.4367 -5.25 28.6652
2 24 45.0106 0 28.4303 45.4367 0 28.6652
2 24 48.3858 0 31.6142 45.4367 0 28.6652
2 24 48.3858 -5.25 31.6142 45.4367 -5.25 28.6652
2 24 42.1899 -0.3064 28.2662 42.2264 -1.3988 27.2889
2 24 42.1899 -5.25 28.2661 42.2264 -5.25 27.2889
2 24 49.2096 0 30.7904 45.1051 0 26.686
2 24 49.4464 -1.25 30.5536 45.2177 -1.25 26.3249
2 24 44.4219 -0.4066 25.8486 45.1051 0 26.686
2 24 42.1899 -0.3064 28.2662 42.0401 0 29.751
2 24 45.2177 -1.25 26.3249 44.5394 -1.6486 25.4955
2 24 45.5713 -1.25 25.9713 44.8174 -1.6486 25.2175
2 24 42.2264 -1.3988 27.2889 42.138 -3.8512 26.89
2 24 42.138 -3.8512 26.89 41.91 -4.8514 26.3499
2 24 42.2264 -5.25 27.2889 41.91 -5.25 26.3499
2 24 44.5251 0 28.4598 45.0106 0 28.4303
2 24 44.5251 -5.25 28.4598 45.0106 -5.25 28.4303
2 24 44.4334 -2.6488 24.8335 44.3139 -3.8512 24.714
2 24 49.8 -1.25 30.2 45.5713 -1.25 25.9713
2 24 49.4464 -1.25 30.5536 45.2177 -1.25 26.3249
2 24 42.138 -3.8512 26.89 41.91 -4.8514 26.3499
2 24 44.3139 -3.8512 24.714 43.9299 -4.8514 24.33
2 24 44.1294 0 28.7425 43.9476 0 29.1941
2 24 44.1294 -5.25 28.7425 43.9476 -5.25 29.1941
2 24 44.3449 -2.6488 24.922 44.5394 -1.6486 25.4955
2 24 44.8174 -1.6486 25.2175 44.4334 -2.6488 24.8335
2 24 44.2323 -1.3989 25.2831 44.4219 -0.4066 25.8486
2 24 42.2264 -1.3988 27.2889 42.1899 -0.3064 28.2662
2 24 43.9299 -4.8514 24.33 43.1761 -5.25 23.5761
2 24 41.91 -4.8514 26.3499 41.2315 -5.25 25.5207
2 24 41.91 -5.25 26.3499 41.2315 -5.25 25.5207
2 24 41.91 -4.8514 26.3499 41.2315 -5.25 25.5207
2 24 45.76 -5.25 34.24 44.2966 -5.25 31.9159
2 24 45.76 0 34.24 44.2966 0 31.9159
2 24 42.6667 -5.25 32.8918 42.0401 -5.25 29.751
2 24 42.6667 0 32.8918 42.0401 0 29.751
2 24 42.1899 -0.3064 28.2662 42.0401 0 29.751
2 24 42.1899 -5.25 28.2661 42.0401 -5.25 29.751
2 24 44.4359 -5.25 35.5641 42.6667 -5.25 32.8918
2 24 44.4359 0 35.5641 42.6667 0 32.8918
2 24 45.2177 -1.25 26.3249 44.5394 -1.6486 25.4955
2 24 45.1051 0 26.686 44.4219 -0.4066 25.8486
2 24 44.3449 -2.6488 24.922 44.2323 -1.3989 25.2831
2 24 44.5394 -1.6486 25.4955 44.3449 -2.6488 24.922
2 24 44.4219 -0.4066 25.8486 44.2323 -1.3989 25.2831
2 24 45.76 0 34.24 44.2966 0 31.9159
2 24 44.4359 0 35.5641 42.6667 0 32.8918
2 24 44.2966 0 31.9159 43.9476 0 29.1941
2 24 42.0401 0 29.751 42.6667 0 32.8918
2 24 49.2096 0 30.7904 45.1051 0 26.686
2 24 48.3858 0 31.6142 45.4367 0 28.6652
2 24 44.5251 0 28.4598 44.1294 0 28.7425
2 24 45.4367 0 28.6652 45.0106 0 28.4303
2 24 43.9476 0 29.1941 44.1294 0 28.7425
2 24 44.5251 0 28.4598 45.0106 0 28.4303
2 24 44.8174 -1.6486 25.2175 45.5713 -1.25 25.9713
2 24 44.8174 -1.6486 25.2175 44.4334 -2.6488 24.8335
2 24 49.8 -1.25 30.2 45.5713 -1.25 25.9713
2 24 44.4334 -2.6488 24.8335 44.3139 -3.8512 24.714
2 24 44.3139 -3.8512 24.714 43.9299 -4.8514 24.33
2 24 43.9299 -4.8514 24.33 43.1761 -5.25 23.5761
2 24 43.9476 -5.25 29.1941 44.2966 -5.25 31.9159
2 24 45.76 -5.25 34.24 44.2966 -5.25 31.9159
2 24 45.0106 -5.25 28.4303 44.5251 -5.25 28.4598
2 24 43.9476 -5.25 29.1941 44.1294 -5.25 28.7425
2 24 45.0106 -5.25 28.4303 45.4367 -5.25 28.6652
2 24 48.3858 -5.25 31.6142 45.4367 -5.25 28.6652
2 24 44.5251 -5.25 28.4598 44.1294 -5.25 28.7425
2 24 33.11 -3.8512 17.8621 32.7111 -1.3988 17.7736
2 24 35.078 -2.6488 15.6551 34.717 -1.3988 15.7677
2 24 34.7825 -1.6486 15.1826 34.0287 -1.25 14.4287
2 24 34.5045 -1.6486 15.4606 33.6751 -1.25 14.7823
2 24 31.5402 0 15.4749 31.2575 0 15.8706
2 24 31.5402 -5.25 15.4749 31.2575 -5.25 15.8706
2 24 31.7339 -5.25 17.8101 30.249 -5.25 17.9599
2 24 31.7338 -0.3064 17.8101 30.249 0 17.9599
2 24 31.5697 -5.25 14.9894 31.3348 -5.25 14.5633
2 24 31.5697 0 14.9894 31.3348 0 14.5633
2 24 31.3348 0 14.5633 28.3858 0 11.6142
2 24 31.3348 -5.25 14.5633 28.3858 -5.25 11.6142
2 24 33.11 -3.8512 17.8621 33.6501 -4.8514 18.09
2 24 35.286 -3.8512 15.6861 35.67 -4.8514 16.0701
2 24 33.6751 -1.25 14.7823 29.4464 -1.25 10.5536
2 24 33.3141 0 14.8949 29.2096 0 10.7904
2 24 34.7825 -1.6486 15.1826 35.1665 -2.6488 15.5666
2 24 35.078 -2.6488 15.6551 34.5045 -1.6486 15.4606
2 24 33.6501 -4.8514 18.09 34.4793 -5.25 18.7685
2 24 35.67 -4.8514 16.0701 36.4239 -5.25 16.8239
2 24 28.0841 0 15.7034 25.76 0 14.24
2 24 27.1082 0 17.3333 24.4359 0 15.5641
2 24 33.11 -3.8512 17.8621 32.7111 -1.3988 17.7736
2 24 31.7339 -5.25 17.8101 32.7111 -5.25 17.7736
2 24 31.7338 -0.3064 17.8101 32.7111 -1.3988 17.7736
2 24 31.5402 0 15.4749 31.5697 0 14.9894
2 24 31.5402 -5.25 15.4749 31.5697 -5.25 14.9894
2 24 35.286 -3.8512 15.6861 35.1665 -2.6488 15.5666
2 24 32.7111 -5.25 17.7736 33.6501 -5.25 18.09
2 24 33.11 -3.8512 17.8621 33.6501 -4.8514 18.09
2 24 34.0287 -1.25 14.4287 29.8 -1.25 10.2
2 24 33.6751 -1.25 14.7823 29.4464 -1.25 10.5536
2 24 31.2575 0 15.8706 30.8059 0 16.0524
2 24 31.2575 -5.25 15.8706 30.8059 -5.25 16.0524
2 24 30.249 0 17.9599 31.7338 -0.3064 17.8101
2 24 33.3141 0 14.8949 34.1514 -0.4066 15.5781
2 24 33.6501 -5.25 18.09 34.4793 -5.25 18.7685
2 24 33.6501 -4.8514 18.09 34.4793 -5.25 18.7685
2 24 32.7111 -1.3988 17.7736 31.7338 -0.3064 17.8101
2 24 34.717 -1.3988 15.7677 34.1514 -0.4066 15.5781
2 24 30.249 -5.25 17.9599 27.1082 -5.25 17.3333
2 24 30.249 0 17.9599 27.1082 0 17.3333
2 24 33.6751 -1.25 14.7823 34.5045 -1.6486 15.4606
2 24 33.3141 0 14.8949 34.1514 -0.4066 15.5781
2 24 30.8059 0 16.0524 28.0841 0 15.7034
2 24 30.8059 -5.25 16.0524 28.0841 -5.25 15.7034
2 24 27.1082 -5.25 17.3333 24.4359 -5.25 15.5641
2 24 27.1082 0 17.3333 24.4359 0 15.5641
2 24 28.0841 -5.25 15.7034 25.76 -5.25 14.24
2 24 28.0841 0 15.7034 25.76 0 14.24
2 24 34.5045 -1.6486 15.4606 35.078 -2.6488 15.6551
2 24 35.078 -2.6488 15.6551 34.717 -1.3988 15.7677
2 24 34.1514 -0.4066 15.5781 34.717 -1.3988 15.7677
2 24 28.0841 0 15.7034 30.8059 0 16.0524
2 24 27.1082 0 17.3333 30.249 0 17.9599
2 24 33.3141 0 14.8949 29.2096 0 10.7904
2 24 31.3348 0 14.5633 28.3858 0 11.6142
2 24 31.5402 0 15.4749 31.2575 0 15.8706
2 24 31.3348 0 14.5633 31.5697 0 14.9894
2 24 30.8059 0 16.0524 31.2575 0 15.8706
2 24 31.5402 0 15.4749 31.5697 0 14.9894
2 24 34.7825 -1.6486 15.1826 35.1665 -2.6488 15.5666
2 24 34.7825 -1.6486 15.1826 34.0287 -1.25 14.4287
2 24 34.0287 -1.25 14.4287 29.8 -1.25 10.2
2 24 35.67 -4.8514 16.0701 36.4239 -5.25 16.8239
2 24 35.1665 -2.6488 15.5666 35.286 -3.8512 15.6861
2 24 35.67 -4.8514 16.0701 35.286 -3.8512 15.6861
2 24 25.76 -5.25 14.24 28.0841 -5.25 15.7034
2 24 28.0841 -5.25 15.7034 30.8059 -5.25 16.0524
2 24 31.5402 -5.25 15.4749 31.5697 -5.25 14.9894
2 24 30.8059 -5.25 16.0524 31.2575 -5.25 15.8706
2 24 31.5697 -5.25 14.9894 31.3348 -5.25 14.5633
2 24 28.3858 -5.25 11.6142 31.3348 -5.25 14.5633
2 24 31.5402 -5.25 15.4749 31.2575 -5.25 15.8706
2 24 24.2323 -1.3989 5.2831 24.3449 -2.6488 4.922
2 24 22.2264 -1.3988 7.2889 22.138 -3.8512 6.89
2 24 24.5251 0 8.4598 24.1294 0 8.7425
2 24 24.5251 -5.25 8.4598 24.1294 -5.25 8.7425
2 24 24.2966 0 11.9159 23.9476 0 9.1941
2 24 24.2966 -5.25 11.9159 23.9476 -5.25 9.1941
2 24 25.0106 -5.25 8.4303 25.4367 -5.25 8.6652
2 24 25.0106 0 8.4303 25.4367 0 8.6652
2 24 28.3858 0 11.6142 25.4367 0 8.6652
2 24 28.3858 -5.25 11.6142 25.4367 -5.25 8.6652
2 24 22.1899 -0.3064 8.2662 22.2264 -1.3988 7.2889
2 24 22.1899 -5.25 8.2661 22.2264 -5.25 7.2889
2 24 29.2096 0 10.7904 25.1051 0 6.686
2 24 29.4464 -1.25 10.5536 25.2177 -1.25 6.3249
2 24 24.4219 -0.4066 5.8486 25.1051 0 6.686
2 24 22.1899 -0.3064 8.2662 22.0401 0 9.751
2 24 25.2177 -1.25 6.3249 24.5394 -1.6486 5.4955
2 24 25.5713 -1.25 5.9713 24.8174 -1.6486 5.2175
2 24 22.2264 -1.3988 7.2889 22.138 -3.8512 6.89
2 24 22.138 -3.8512 6.89 21.91 -4.8514 6.3499
2 24 22.2264 -5.25 7.2889 21.91 -5.25 6.3499
2 24 24.5251 0 8.4598 25.0106 0 8.4303
2 24 24.5251 -5.25 8.4598 25.0106 -5.25 8.4303
2 24 24.4334 -2.6488 4.8335 24.3139 -3.8512 4.714
2 24 29.8 -1.25 10.2 25.5713 -1.25 5.9713
2 24 29.4464 -1.25 10.5536 25.2177 -1.25 6.3249
2 24 22.138 -3.8512 6.89 21.91 -4.8514 6.3499
2 24 24.3139 -3.8512 4.714 23.9299 -4.8514 4.33
2 24 24.1294 0 8.7425 23.9476 0 9.1941
2 24 24.1294 -5.25 8.7425 23.9476 -5.25 9.1941
2 24 24.3449 -2.6488 4.922 24.5394 -1.6486 5.4955
2 24 24.8174 -1.6486 5.2175 24.4334 -2.6488 4.8335
2 24 24.2323 -1.3989 5.2831 24.4219 -0.4066 5.8486
2 24 22.2264 -1.3988 7.2889 22.1899 -0.3064 8.2662
2 24 23.9299 -4.8514 4.33 23.1761 -5.25 3.5761
2 24 21.91 -4.8514 6.3499 21.2315 -5.25 5.5207
2 24 21.91 -5.25 6.3499 21.2315 -5.25 5.5207
2 24 21.91 -4.8514 6.3499 21.2315 -5.25 5.5207
2 24 25.76 -5.25 14.24 24.2966 -5.25 11.9159
2 24 25.76 0 14.24 24.2966 0 11.9159
2 24 22.6667 -5.25 12.8918 22.0401 -5.25 9.751
2 24 22.6667 0 12.8918 22.0401 0 9.751
2 24 22.1899 -0.3064 8.2662 22.0401 0 9.751
2 24 22.1899 -5.25 8.2661 22.0401 -5.25 9.751
2 24 24.4359 -5.25 15.5641 22.6667 -5.25 12.8918
2 24 24.4359 0 15.5641 22.6667 0 12.8918
2 24 25.2177 -1.25 6.3249 24.5394 -1.6486 5.4955
2 24 25.1051 0 6.686 24.4219 -0.4066 5.8486
2 24 24.3449 -2.6488 4.922 24.2323 -1.3989 5.2831
2 24 24.5394 -1.6486 5.4955 24.3449 -2.6488 4.922
2 24 24.4219 -0.4066 5.8486 24.2323 -1.3989 5.2831
2 24 25.76 0 14.24 24.2966 0 11.9159
2 24 24.4359 0 15.5641 22.6667 0 12.8918
2 24 24.2966 0 11.9159 23.9476 0 9.1941
2 24 22.0401 0 9.751 22.6667 0 12.8918
2 24 29.2096 0 10.7904 25.1051 0 6.686
2 24 28.3858 0 11.6142 25.4367 0 8.6652
2 24 24.5251 0 8.4598 24.1294 0 8.7425
2 24 25.4367 0 8.6652 25.0106 0 8.4303
2 24 23.9476 0 9.1941 24.1294 0 8.7425
2 24 24.5251 0 8.4598 25.0106 0 8.4303
2 24 24.8174 -1.6486 5.2175 25.5713 -1.25 5.9713
2 24 24.8174 -1.6486 5.2175 24.4334 -2.6488 4.8335
2 24 29.8 -1.25 10.2 25.5713 -1.25 5.9713
2 24 24.4334 -2.6488 4.8335 24.3139 -3.8512 4.714
2 24 24.3139 -3.8512 4.714 23.9299 -4.8514 4.33
2 24 23.9299 -4.8514 4.33 23.1761 -5.25 3.5761
2 24 23.9476 -5.25 9.1941 24.2966 -5.25 11.9159
2 24 25.76 -5.25 14.24 24.2966 -5.25 11.9159
2 24 25.0106 -5.25 8.4303 24.5251 -5.25 8.4598
2 24 23.9476 -5.25 9.1941 24.1294 -5.25 8.7425
2 24 25.0106 -5.25 8.4303 25.4367 -5.25 8.6652
2 24 28.3858 -5.25 11.6142 25.4367 -5.25 8.6652
2 24 24.5251 -5.25 8.4598 24.1294 -5.25 8.7425
2 24 62.2577 -4.7982 46.2496 63.1948 -2.6489 46.25
2 24 62.2577 -4.7982 46.2496 64.0106 -4.8378 44.4107
2 24 64.0106 -4.8378 44.4107 64.5224 -2.6489 44.9224
2 24 63.9831 -1.6355 46.2502 65.205 -1.2524 46.4147
2 24 64.031 0 46.25 64.91 0 46.5228
2 24 63.1948 -2.6489 46.25 63.9831 -1.6355 46.2502
2 24 63.9831 -1.6355 46.2502 64.9064 -1.6486 45.3064
2 24 64.5224 -2.6489 44.9224 64.9064 -1.6486 45.3064
2 24 65.3651 0 47.8369 64.9813 0 48.7813
2 24 65.7 -1.25 48.1719 65.1905 -1.25 49.2253
2 24 61.1441 -5.25 46.2664 62.2577 -4.7982 46.2496
2 24 62.2577 -4.7982 46.2496 64.0106 -4.8378 44.4107
2 24 63.265 -5.25 43.6651 64.0106 -4.8378 44.4107
2 24 -6.25 -5.25 46.25 -6.25 0 46.25
2 24 -6.25 -5.25 46.25 58.7195 -5.25 46.25
2 24 -6.25 0 46.25 58.7195 0 46.25
2 24 64.91 0 46.5228 64.031 0 46.25
2 24 64.9813 0 48.7813 64.0369 0 49.1651
2 24 58.7195 0 46.25 59.9758 0 46.3611
2 24 58.7195 -5.25 46.25 59.9758 -5.25 46.3611
2 24 63.9831 -1.6355 46.2502 65.205 -1.2524 46.4147
2 24 63.9831 -1.6355 46.2502 64.9064 -1.6486 45.3064
2 24 64.9064 -1.6486 45.3064 65.6602 -1.25 46.0603
2 24 64.9813 0 48.7813 64.0369 0 49.1651
2 24 65.1905 -1.25 49.2253 64.0369 -1.25 49.5
2 24 66.2 -8 50 -10 -8 50
2 24 66.2 -8 50 66.2 -8 46.6001
2 24 66.2 -8 46.6001 49.8 -8 30.2
2 24 64.0369 0 49.1651 -7.8369 0 49.1651
2 24 64.0369 -1.25 49.5 -8.1719 -1.25 49.5
2 24 64.91 0 46.5228 65.3651 0 47.296
2 24 65.205 -1.2524 46.4147 65.7 -1.25 47.1904
2 24 65.3651 0 47.8369 65.3651 0 47.296
2 24 65.7 -1.25 48.1719 65.7 -1.25 47.1904
2 24 -10 -8 50 66.2 -8 50
2 24 -10 -8 50 -10 -1.25 50
2 24 66.2 -8 50 66.2 -1.25 50
2 24 -10 -1.25 50 66.2 -1.25 50
2 24 59.9758 0 46.3611 61.232 0 46.25
2 24 59.9758 -5.25 46.3611 61.1441 -5.25 46.2664
2 24 66.2 -8 46.6001 66.2 -1.25 46.6001
2 24 66.2 -8 46.6001 66.2 -8 50
2 24 66.2 -1.25 46.6001 66.2 -1.25 50
2 24 66.2 -8 50 66.2 -1.25 50
2 24 56.4239 -5.25 36.8239 63.265 -5.25 43.6651
2 24 64.031 0 46.25 61.232 0 46.25
2 24 64.91 0 46.5228 65.3651 0 47.296
2 24 65.3651 0 47.296 65.3651 0 47.8369
2 24 64.9813 0 48.7813 65.3651 0 47.8369
2 24 63.265 -5.25 43.6651 64.0106 -4.8378 44.4107
2 24 64.9064 -1.6486 45.3064 65.6602 -1.25 46.0603
2 24 64.9064 -1.6486 45.3064 64.5224 -2.6489 44.9224
2 24 64.0106 -4.8378 44.4107 64.5224 -2.6489 44.9224
2 24 49.8 -8 30.2 66.2 -8 46.6001
2 24 56.4239 -5.25 36.8239 63.265 -5.25 43.6651
2 24 65.6602 -1.25 46.0603 66.2 -1.25 46.6001
2 24 66.2 -8 46.6001 66.2 -1.25 46.6001
2 24 66.2 -1.25 50 66.2 -1.25 46.6001
2 24 65.7 -1.25 48.1719 65.7 -1.25 47.1904
2 24 65.7 -1.25 48.1719 65.1905 -1.25 49.2253
2 24 66.2 -1.25 50 -10 -1.25 50
2 24 64.0369 -1.25 49.5 -8.1719 -1.25 49.5
2 24 65.1905 -1.25 49.2253 64.0369 -1.25 49.5
2 24 65.205 -1.2524 46.4147 65.7 -1.25 47.1904
2 24 65.6602 -1.25 46.0603 66.2 -1.25 46.6001
2 24 47.1082 -5.25 37.3333 44.4359 -5.25 35.5641
2 24 47.1082 -5.25 37.3333 50.249 -5.25 37.9599
2 24 61.1441 -5.25 46.2664 59.9758 -5.25 46.3611
2 24 59.9758 -5.25 46.3611 58.7195 -5.25 46.25
2 24 54.4793 -5.25 38.7685 53.6501 -5.25 38.09
2 24 63.1948 -2.6489 46.25 62.2577 -4.7982 46.2496
2 24 64.031 0 46.25 61.232 0 46.25
2 24 63.9831 -1.6355 46.2502 63.1948 -2.6489 46.25
2 24 61.1441 -5.25 46.2664 62.2577 -4.7982 46.2496
2 24 61.232 0 46.25 59.9758 0 46.3611
2 24 64.0369 0 49.1651 -7.8369 0 49.1651
2 24 59.9758 0 46.3611 58.7195 0 46.25
2 24 58.7195 0 46.25 -6.25 0 46.25
2 24 53.6501 -5.25 38.09 52.7111 -5.25 37.7736
2 24 52.7111 -5.25 37.7736 51.7339 -5.25 37.8101
2 24 50.249 -5.25 37.9599 51.7339 -5.25 37.8101
2 24 -6.25 -5.25 46.25 58.7195 -5.25 46.25
2 24 -7.8369 0 49.1651 -8.7813 0 48.7813
2 24 -8.7813 0 48.7813 -9.1162 -1.25 49.1162
2 24 -8.1719 -1.25 49.5 -9.1162 -1.25 49.1162
2 24 -8.1719 -1.25 49.5 -9.1162 -1.25 49.1162
2 24 -7.8369 0 49.1651 -8.7813 0 48.7813
2 24 -6.2496 -4.7982 -22.2577 -4.4107 -4.8378 -24.0106
2 24 -6.2496 -4.7982 -22.2577 -6.25 -3.8512 -22.9558
2 24 -4.4107 -4.8378 -24.0106 -4.8029 -3.8512 -24.4029
2 24 -9.5 -1.25 -24.0369 -9.2253 -1.25 -25.1906
2 24 -9.1651 0 -24.0369 -8.7813 0 -24.9813
2 24 -9.2253 -1.25 -25.1906 -8.7813 0 -24.9813
2 24 -6.2502 -1.6355 -23.9831 -5.3064 -1.6486 -24.9064
2 24 -6.2502 -1.6355 -23.9831 -6.4147 -1.2524 -25.205
2 24 -5.3064 -1.6486 -24.9064 -6.0603 -1.25 -25.6602
2 24 -6.2502 -1.6355 -23.9831 -6.4147 -1.2524 -25.205
2 24 -6.4147 -1.2524 -25.205 -6.5228 0 -24.91
2 24 -6.25 0 -24.031 -6.5228 0 -24.91
2 24 -7.1904 -1.25 -25.7 -7.296 0 -25.3651
2 24 -7.1904 -1.25 -25.7 -6.4147 -1.2524 -25.205
2 24 -7.296 0 -25.3651 -6.5228 0 -24.91
2 24 -6.4147 -1.2524 -25.205 -6.5228 0 -24.91
2 24 -4.4107 -4.8378 -24.0106 -6.2496 -4.7982 -22.2577
2 24 -4.4107 -4.8378 -24.0106 -3.6651 -5.25 -23.265
2 24 -6.2496 -4.7982 -22.2577 -6.2664 -5.25 -21.1441
2 24 -6.25 -5.25 46.25 -6.25 -5.25 -18.7195
2 24 -6.25 -5.25 46.25 -6.25 0 46.25
2 24 -6.25 0 46.25 -6.25 0 -18.7195
2 24 -6.25 0 -18.7195 -6.3611 0 -19.9758
2 24 -6.25 -5.25 -18.7195 -6.3611 -5.25 -19.9758
2 24 -9.1162 -1.25 49.1162 -8.7813 0 48.7813
2 24 -9.1162 -1.25 49.1162 -9.5 -1.25 48.1719
2 24 -8.7813 0 48.7813 -9.1651 0 47.8369
2 24 -5.3064 -1.6486 -24.9064 -6.2502 -1.6355 -23.9831
2 24 -5.3064 -1.6486 -24.9064 -4.9224 -2.6489 -24.5224
2 24 -6.2502 -1.6355 -23.9831 -6.25 -2.6489 -23.1948
2 24 -10 -8 -26.2 -6.6001 -8 -26.2
2 24 -10 -8 50 -10 -8 -26.2
2 24 -6.6001 -8 -26.2 9.8 -8 -9.8
2 24 -9.2253 -1.25 -25.1906 -8.7813 0 -24.9813
2 24 -9.2253 -1.25 -25.1906 -8.1719 -1.25 -25.7
2 24 -8.7813 0 -24.9813 -7.8369 0 -25.3651
2 24 -9.1651 0 -24.0369 -9.1651 0 47.8369
2 24 -9.5 -1.25 -24.0369 -9.5 -1.25 48.1719
2 24 -8.1719 -1.25 -25.7 -7.1904 -1.25 -25.7
2 24 -7.8369 0 -25.3651 -7.296 0 -25.3651
2 24 -7.1904 -1.25 -25.7 -7.296 0 -25.3651
2 24 -10 -8 50 -10 -1.25 50
2 24 -10 -8 50 -10 -8 -26.2
2 24 -10 -1.25 50 -10 -1.25 -26.2
2 24 -10 -8 -26.2 -10 -1.25 -26.2
2 24 -6.3611 -5.25 -19.9758 -6.2664 -5.25 -21.1441
2 24 -6.3611 0 -19.9758 -6.25 0 -21.232
2 24 -6.6001 -8 -26.2 -10 -8 -26.2
2 24 -6.6001 -8 -26.2 -6.6001 -1.25 -26.2
2 24 -10 -8 -26.2 -10 -1.25 -26.2
2 24 -6.6001 -1.25 -26.2 -10 -1.25 -26.2
2 24 -3.6651 -5.25 -23.265 3.1761 -5.25 -16.4239
2 24 -6.25 -3.8512 -22.9558 -6.25 -2.6489 -23.1948
2 24 -4.8029 -3.8512 -24.4029 -4.9224 -2.6489 -24.5224
2 24 -6.4147 -1.2524 -25.205 -7.1904 -1.25 -25.7
2 24 -6.0603 -1.25 -25.6602 -6.6001 -1.25 -26.2
2 24 -6.25 0 -21.232 -6.25 0 -24.031
2 24 -6.25 0 -24.031 -6.5228 0 -24.91
2 24 -9.1651 0 -24.0369 -8.7813 0 -24.9813
2 24 -7.296 0 -25.3651 -7.8369 0 -25.3651
2 24 -6.5228 0 -24.91 -7.296 0 -25.3651
2 24 -8.7813 0 -24.9813 -7.8369 0 -25.3651
2 24 -3.6651 -5.25 -23.265 -4.4107 -4.8378 -24.0106
2 24 -4.4107 -4.8378 -24.0106 -4.8029 -3.8512 -24.4029
2 24 -3.6651 -5.25 -23.265 3.1761 -5.25 -16.4239
2 24 -6.6001 -8 -26.2 9.8 -8 -9.8
2 24 -4.8029 -3.8512 -24.4029 -4.9224 -2.6489 -24.5224
2 24 -4.9224 -2.6489 -24.5224 -5.3064 -1.6486 -24.9064
2 24 -6.6001 -1.25 -26.2 -6.0603 -1.25 -25.6602
2 24 -6.6001 -8 -26.2 -6.6001 -1.25 -26.2
2 24 -5.3064 -1.6486 -24.9064 -6.0603 -1.25 -25.6602
2 24 -6.6001 -1.25 -26.2 -10 -1.25 -26.2
2 24 -7.1904 -1.25 -25.7 -8.1719 -1.25 -25.7
2 24 -9.5 -1.25 48.1719 -9.5 -1.25 -24.0369
2 24 -10 -1.25 50 -10 -1.25 -26.2
2 24 -9.5 -1.25 -24.0369 -9.2253 -1.25 -25.1906
2 24 -8.1719 -1.25 -25.7 -9.2253 -1.25 -25.1906
2 24 -9.1162 -1.25 49.1162 -9.5 -1.25 48.1719
2 24 -8.7813 0 48.7813 -9.1651 0 47.8369
2 24 2.6667 -5.25 -7.1082 2.0401 -5.25 -10.249
2 24 2.6667 -5.25 -7.1082 4.4359 -5.25 -4.4359
2 24 -6.2664 -5.25 -21.1441 -6.3611 -5.25 -19.9758
2 24 -6.2502 -1.6355 -23.9831 -6.25 -2.6489 -23.1948
2 24 -6.25 -2.6489 -23.1948 -6.25 -3.8512 -22.9558
2 24 -6.25 0 -24.031 -6.25 0 -21.232
2 24 -6.25 -3.8512 -22.9558 -6.2496 -4.7982 -22.2577
2 24 -6.2664 -5.25 -21.1441 -6.2496 -4.7982 -22.2577
2 24 -6.25 0 -21.232 -6.3611 0 -19.9758
2 24 -9.1651 0 -24.0369 -9.1651 0 47.8369
2 24 -6.3611 0 -19.9758 -6.25 0 -18.7195
2 24 -6.25 0 46.25 -6.25 0 -18.7195
2 24 2.2264 -5.25 -12.7111 1.91 -5.25 -13.6501
2 24 1.2315 -5.25 -14.4793 1.91 -5.25 -13.6501
2 24 -6.3611 -5.25 -19.9758 -6.25 -5.25 -18.7195
2 24 2.2264 -5.25 -12.7111 2.1899 -5.25 -11.7339
2 24 2.0401 -5.25 -10.249 2.1899 -5.25 -11.7339
2 24 -6.25 -5.25 46.25 -6.25 -5.25 -18.7195
2 24 13.11 -3.8512 -2.1379 12.7111 -1.3988 -2.2264
2 24 15.078 -2.6488 -4.3449 14.717 -1.3988 -4.2323
2 24 14.7825 -1.6486 -4.8174 14.0287 -1.25 -5.5713
2 24 14.5045 -1.6486 -4.5394 13.6751 -1.25 -5.2177
2 24 11.5402 0 -4.5251 11.2575 0 -4.1294
2 24 11.5402 -5.25 -4.5251 11.2575 -5.25 -4.1294
2 24 11.7339 -5.25 -2.1899 10.249 -5.25 -2.0401
2 24 11.7338 -0.3064 -2.1899 10.249 0 -2.0401
2 24 11.5697 -5.25 -5.0106 11.3348 -5.25 -5.4367
2 24 11.5697 0 -5.0106 11.3348 0 -5.4367
2 24 11.3348 0 -5.4367 8.3858 0 -8.3858
2 24 11.3348 -5.25 -5.4367 8.3858 -5.25 -8.3858
2 24 13.11 -3.8512 -2.1379 13.6501 -4.8514 -1.91
2 24 15.286 -3.8512 -4.3139 15.67 -4.8514 -3.9299
2 24 13.6751 -1.25 -5.2177 9.4464 -1.25 -9.4464
2 24 13.3141 0 -5.1051 9.2096 0 -9.2096
2 24 14.7825 -1.6486 -4.8174 15.1665 -2.6488 -4.4334
2 24 15.078 -2.6488 -4.3449 14.5045 -1.6486 -4.5394
2 24 13.6501 -4.8514 -1.91 14.4793 -5.25 -1.2315
2 24 15.67 -4.8514 -3.9299 16.4239 -5.25 -3.1761
2 24 8.0841 0 -4.2966 5.76 0 -5.76
2 24 7.1082 0 -2.6667 4.4359 0 -4.4359
2 24 13.11 -3.8512 -2.1379 12.7111 -1.3988 -2.2264
2 24 11.7339 -5.25 -2.1899 12.7111 -5.25 -2.2264
2 24 11.7338 -0.3064 -2.1899 12.7111 -1.3988 -2.2264
2 24 11.5402 0 -4.5251 11.5697 0 -5.0106
2 24 11.5402 -5.25 -4.5251 11.5697 -5.25 -5.0106
2 24 15.286 -3.8512 -4.3139 15.1665 -2.6488 -4.4334
2 24 12.7111 -5.25 -2.2264 13.6501 -5.25 -1.91
2 24 13.11 -3.8512 -2.1379 13.6501 -4.8514 -1.91
2 24 14.0287 -1.25 -5.5713 9.8 -1.25 -9.8
2 24 13.6751 -1.25 -5.2177 9.4464 -1.25 -9.4464
2 24 11.2575 0 -4.1294 10.8059 0 -3.9476
2 24 11.2575 -5.25 -4.1294 10.8059 -5.25 -3.9476
2 24 10.249 0 -2.0401 11.7338 -0.3064 -2.1899
2 24 13.3141 0 -5.1051 14.1514 -0.4066 -4.4219
2 24 13.6501 -5.25 -1.91 14.4793 -5.25 -1.2315
2 24 13.6501 -4.8514 -1.91 14.4793 -5.25 -1.2315
2 24 12.7111 -1.3988 -2.2264 11.7338 -0.3064 -2.1899
2 24 14.717 -1.3988 -4.2323 14.1514 -0.4066 -4.4219
2 24 10.249 -5.25 -2.0401 7.1082 -5.25 -2.6667
2 24 10.249 0 -2.0401 7.1082 0 -2.6667
2 24 13.6751 -1.25 -5.2177 14.5045 -1.6486 -4.5394
2 24 13.3141 0 -5.1051 14.1514 -0.4066 -4.4219
2 24 10.8059 0 -3.9476 8.0841 0 -4.2966
2 24 10.8059 -5.25 -3.9476 8.0841 -5.25 -4.2966
2 24 7.1082 -5.25 -2.6667 4.4359 -5.25 -4.4359
2 24 7.1082 0 -2.6667 4.4359 0 -4.4359
2 24 8.0841 -5.25 -4.2966 5.76 -5.25 -5.76
2 24 8.0841 0 -4.2966 5.76 0 -5.76
2 24 14.5045 -1.6486 -4.5394 15.078 -2.6488 -4.3449
2 24 15.078 -2.6488 -4.3449 14.717 -1.3988 -4.2323
2 24 14.1514 -0.4066 -4.4219 14.717 -1.3988 -4.2323
2 24 8.0841 0 -4.2966 10.8059 0 -3.9476
2 24 7.1082 0 -2.6667 10.249 0 -2.0401
2 24 13.3141 0 -5.1051 9.2096 0 -9.2096
2 24 11.3348 0 -5.4367 8.3858 0 -8.3858
2 24 11.5402 0 -4.5251 11.2575 0 -4.1294
2 24 11.3348 0 -5.4367 11.5697 0 -5.0106
2 24 10.8059 0 -3.9476 11.2575 0 -4.1294
2 24 11.5402 0 -4.5251 11.5697 0 -5.0106
2 24 14.7825 -1.6486 -4.8174 15.1665 -2.6488 -4.4334
2 24 14.7825 -1.6486 -4.8174 14.0287 -1.25 -5.5713
2 24 14.0287 -1.25 -5.5713 9.8 -1.25 -9.8
2 24 15.67 -4.8514 -3.9299 16.4239 -5.25 -3.1761
2 24 15.1665 -2.6488 -4.4334 15.286 -3.8512 -4.3139
2 24 15.67 -4.8514 -3.9299 15.286 -3.8512 -4.3139
2 24 5.76 -5.25 -5.76 8.0841 -5.25 -4.2966
2 24 8.0841 -5.25 -4.2966 10.8059 -5.25 -3.9476
2 24 11.5402 -5.25 -4.5251 11.5697 -5.25 -5.0106
2 24 10.8059 -5.25 -3.9476 11.2575 -5.25 -4.1294
2 24 11.5697 -5.25 -5.0106 11.3348 -5.25 -5.4367
2 24 8.3858 -5.25 -8.3858 11.3348 -5.25 -5.4367
2 24 11.5402 -5.25 -4.5251 11.2575 -5.25 -4.1294
2 24 4.2323 -1.3989 -14.717 4.3449 -2.6488 -15.078
2 24 2.2264 -1.3988 -12.7111 2.1379 -3.8512 -13.11
2 24 4.5251 0 -11.5402 4.1294 0 -11.2575
2 24 4.5251 -5.25 -11.5402 4.1294 -5.25 -11.2575
2 24 4.2966 0 -8.0841 3.9476 0 -10.8059
2 24 4.2966 -5.25 -8.0841 3.9476 -5.25 -10.8059
2 24 5.0106 -5.25 -11.5697 5.4367 -5.25 -11.3348
2 24 5.0106 0 -11.5697 5.4367 0 -11.3348
2 24 8.3858 0 -8.3858 5.4367 0 -11.3348
2 24 8.3858 -5.25 -8.3858 5.4367 -5.25 -11.3348
2 24 2.1899 -0.3064 -11.7338 2.2264 -1.3988 -12.7111
2 24 2.1899 -5.25 -11.7339 2.2264 -5.25 -12.7111
2 24 9.2096 0 -9.2096 5.1051 0 -13.3141
2 24 9.4464 -1.25 -9.4464 5.2177 -1.25 -13.6751
2 24 4.4219 -0.4066 -14.1514 5.1051 0 -13.3141
2 24 2.1899 -0.3064 -11.7338 2.0401 0 -10.249
2 24 5.2177 -1.25 -13.6751 4.5394 -1.6486 -14.5045
2 24 5.5713 -1.25 -14.0287 4.8174 -1.6486 -14.7825
2 24 2.2264 -1.3988 -12.7111 2.1379 -3.8512 -13.11
2 24 2.1379 -3.8512 -13.11 1.91 -4.8514 -13.6501
2 24 2.2264 -5.25 -12.7111 1.91 -5.25 -13.6501
2 24 4.5251 0 -11.5402 5.0106 0 -11.5697
2 24 4.5251 -5.25 -11.5402 5.0106 -5.25 -11.5697
2 24 4.4334 -2.6488 -15.1665 4.3139 -3.8512 -15.286
2 24 9.8 -1.25 -9.8 5.5713 -1.25 -14.0287
2 24 9.4464 -1.25 -9.4464 5.2177 -1.25 -13.6751
2 24 2.1379 -3.8512 -13.11 1.91 -4.8514 -13.6501
2 24 4.3139 -3.8512 -15.286 3.9299 -4.8514 -15.67
2 24 4.1294 0 -11.2575 3.9476 0 -10.8059
2 24 4.1294 -5.25 -11.2575 3.9476 -5.25 -10.8059
2 24 4.3449 -2.6488 -15.078 4.5394 -1.6486 -14.5045
2 24 4.8174 -1.6486 -14.7825 4.4334 -2.6488 -15.1665
2 24 4.2323 -1.3989 -14.717 4.4219 -0.4066 -14.1514
2 24 2.2264 -1.3988 -12.7111 2.1899 -0.3064 -11.7338
2 24 3.1761 -5.25 -16.4239 3.9299 -4.8514 -15.67
2 24 1.2315 -5.25 -14.4793 1.91 -4.8514 -13.6501
2 24 1.91 -5.25 -13.6501 1.2315 -5.25 -14.4793
2 24 1.91 -4.8514 -13.6501 1.2315 -5.25 -14.4793
2 24 5.76 -5.25 -5.76 4.2966 -5.25 -8.0841
2 24 5.76 0 -5.76 4.2966 0 -8.0841
2 24 2.6667 -5.25 -7.1082 2.0401 -5.25 -10.249
2 24 2.6667 0 -7.1082 2.0401 0 -10.249
2 24 2.1899 -0.3064 -11.7338 2.0401 0 -10.249
2 24 2.1899 -5.25 -11.7339 2.0401 -5.25 -10.249
2 24 4.4359 -5.25 -4.4359 2.6667 -5.25 -7.1082
2 24 4.4359 0 -4.4359 2.6667 0 -7.1082
2 24 5.2177 -1.25 -13.6751 4.5394 -1.6486 -14.5045
2 24 5.1051 0 -13.3141 4.4219 -0.4066 -14.1514
2 24 4.3449 -2.6488 -15.078 4.2323 -1.3989 -14.717
2 24 4.5394 -1.6486 -14.5045 4.3449 -2.6488 -15.078
2 24 4.4219 -0.4066 -14.1514 4.2323 -1.3989 -14.717
2 24 5.76 0 -5.76 4.2966 0 -8.0841
2 24 4.4359 0 -4.4359 2.6667 0 -7.1082
2 24 4.2966 0 -8.0841 3.9476 0 -10.8059
2 24 2.0401 0 -10.249 2.6667 0 -7.1082
2 24 9.2096 0 -9.2096 5.1051 0 -13.3141
2 24 8.3858 0 -8.3858 5.4367 0 -11.3348
2 24 4.5251 0 -11.5402 4.1294 0 -11.2575
2 24 5.4367 0 -11.3348 5.0106 0 -11.5697
2 24 3.9476 0 -10.8059 4.1294 0 -11.2575
2 24 4.5251 0 -11.5402 5.0106 0 -11.5697
2 24 4.8174 -1.6486 -14.7825 5.5713 -1.25 -14.0287
2 24 4.8174 -1.6486 -14.7825 4.4334 -2.6488 -15.1665
2 24 9.8 -1.25 -9.8 5.5713 -1.25 -14.0287
2 24 4.4334 -2.6488 -15.1665 4.3139 -3.8512 -15.286
2 24 4.3139 -3.8512 -15.286 3.9299 -4.8514 -15.67
2 24 3.1761 -5.25 -16.4239 3.9299 -4.8514 -15.67
2 24 3.9476 -5.25 -10.8059 4.2966 -5.25 -8.0841
2 24 5.76 -5.25 -5.76 4.2966 -5.25 -8.0841
2 24 5.0106 -5.25 -11.5697 4.5251 -5.25 -11.5402
2 24 3.9476 -5.25 -10.8059 4.1294 -5.25 -11.2575
2 24 5.0106 -5.25 -11.5697 5.4367 -5.25 -11.3348
2 24 8.3858 -5.25 -8.3858 5.4367 -5.25 -11.3348
2 24 4.5251 -5.25 -11.5402 4.1294 -5.25 -11.2575
2 24 43.1761 -5.25 23.5761 36.4239 -5.25 16.8239
2 24 23.1761 -5.25 3.5761 16.4239 -5.25 -3.1761
2 24 23.1761 -5.25 3.5761 16.4239 -5.25 -3.1761
2 24 29.8 -8 10.2 9.8 -8 -9.8
2 24 43.1761 -5.25 23.5761 36.4239 -5.25 16.8239
2 24 49.8 -8 30.2 29.8 -8 10.2
2 24 42.1899 -5.25 28.2661 42.2264 -5.25 27.2889
2 24 42.2264 -5.25 27.2889 41.91 -5.25 26.3499
2 24 41.2315 -5.25 25.5207 41.91 -5.25 26.3499
2 24 42.6667 -5.25 32.8918 42.0401 -5.25 29.751
2 24 42.1899 -5.25 28.2661 42.0401 -5.25 29.751
2 24 44.4359 -5.25 35.5641 42.6667 -5.25 32.8918
2 24 32.7111 -5.25 17.7736 31.7339 -5.25 17.8101
2 24 32.7111 -5.25 17.7736 33.6501 -5.25 18.09
2 24 34.4793 -5.25 18.7685 33.6501 -5.25 18.09
2 24 30.249 -5.25 17.9599 27.1082 -5.25 17.3333
2 24 31.7339 -5.25 17.8101 30.249 -5.25 17.9599
2 24 27.1082 -5.25 17.3333 24.4359 -5.25 15.5641
2 24 22.1899 -5.25 8.2661 22.2264 -5.25 7.2889
2 24 22.2264 -5.25 7.2889 21.91 -5.25 6.3499
2 24 21.2315 -5.25 5.5207 21.91 -5.25 6.3499
2 24 22.6667 -5.25 12.8918 22.0401 -5.25 9.751
2 24 22.1899 -5.25 8.2661 22.0401 -5.25 9.751
2 24 24.4359 -5.25 15.5641 22.6667 -5.25 12.8918
2 24 11.7339 -5.25 -2.1899 10.249 -5.25 -2.0401
2 24 11.7339 -5.25 -2.1899 12.7111 -5.25 -2.2264
2 24 12.7111 -5.25 -2.2264 13.6501 -5.25 -1.91
2 24 14.4793 -5.25 -1.2315 13.6501 -5.25 -1.91
2 24 10.249 -5.25 -2.0401 7.1082 -5.25 -2.6667
2 24 4.4359 -5.25 -4.4359 7.1082 -5.25 -2.6667
2 24 9.8 -8 -9.8 29.8 -8 10.2
2 24 49.8 -8 30.2 29.8 -8 10.2
2 24 15.5396 0 33.1983 13.1983 0 35.5396
2 24 17.3124 0 34.2218 14.2218 0 37.3123
2 24 14.2218 0 37.3123 10 0 38.4436
2 24 13.1983 0 35.5396 10 0 36.3966
2 24 10 0 36.3966 6.8017 0 35.5396
2 24 10 0 38.4436 5.7782 0 37.3123
2 24 6.8017 0 35.5396 4.4604 0 33.1983
2 24 5.7782 0 37.3123 2.6876 0 34.2218
2 24 4.4604 0 33.1983 3.6034 0 30
2 24 2.6876 0 34.2218 1.5564 0 30
2 24 3.6034 0 30 4.4604 0 26.8017
2 24 1.5564 0 30 2.6876 0 25.7782
2 24 4.4604 0 26.8017 6.8017 0 24.4604
2 24 2.6876 0 25.7782 5.7782 0 22.6877
2 24 6.8017 0 24.4604 10 0 23.6034
2 24 5.7782 0 22.6877 10 0 21.5565
2 24 10 0 23.6034 13.1983 0 24.4604
2 24 10 0 21.5565 14.2218 0 22.6877
2 24 13.1983 0 24.4604 15.5396 0 26.8017
2 24 14.2218 0 22.6877 17.3124 0 25.7782
2 24 15.5396 0 26.8017 16.3966 0 30
2 24 17.3124 0 25.7782 18.4436 0 30
2 24 15.5396 0 33.1983 16.3966 0 30
2 24 17.3124 0 34.2218 18.4436 0 30
2 24 10 -5.25 38.4436 14.2218 -5.25 37.3123
2 24 10 0 38.4436 14.2218 0 37.3123
2 24 10 -5.25 38.4436 5.7782 -5.25 37.3123
2 24 10 0 38.4436 5.7782 0 37.3123
2 24 5.7782 -5.25 37.3123 2.6876 -5.25 34.2218
2 24 5.7782 0 37.3123 2.6876 0 34.2218
2 24 2.6876 -5.25 34.2218 1.5564 -5.25 30
2 24 2.6876 0 34.2218 1.5564 0 30
2 24 1.5564 -5.25 30 2.6876 -5.25 25.7782
2 24 1.5564 0 30 2.6876 0 25.7782
2 24 2.6876 -5.25 25.7782 5.7782 -5.25 22.6877
2 24 2.6876 0 25.7782 5.7782 0 22.6877
2 24 5.7782 -5.25 22.6877 10 -5.25 21.5565
2 24 5.7782 0 22.6877 10 0 21.5565
2 24 10 -5.25 21.5565 14.2218 -5.25 22.6877
2 24 10 0 21.5565 14.2218 0 22.6877
2 24 14.2218 -5.25 22.6877 17.3124 -5.25 25.7782
2 24 14.2218 0 22.6877 17.3124 0 25.7782
2 24 17.3124 -5.25 25.7782 18.4436 -5.25 30
2 24 17.3124 0 25.7782 18.4436 0 30
2 24 18.4436 -5.25 30 17.3124 -5.25 34.2218
2 24 18.4436 0 30 17.3124 0 34.2218
2 24 13.1983 0 35.5396 15.5396 0 33.1983
2 24 13.1983 -5.0063 35.5396 15.5396 -5.0063 33.1983
2 24 13.1983 0 35.5396 10 0 36.3966
2 24 13.1983 -5.0063 35.5396 10 -5.0063 36.3966
2 24 10 0 36.3966 6.8017 0 35.5396
2 24 10 -5.0063 36.3966 6.8017 -5.0063 35.5396
2 24 6.8017 0 35.5396 4.4604 0 33.1983
2 24 6.8017 -5.0063 35.5396 4.4604 -5.0063 33.1983
2 24 4.4604 0 33.1983 3.6034 0 30
2 24 4.4604 -5.0063 33.1983 3.6034 -5.0063 30
2 24 3.6034 0 30 4.4604 0 26.8017
2 24 3.6034 -5.0063 30 4.4604 -5.0063 26.8017
2 24 4.4604 0 26.8017 6.8017 0 24.4604
2 24 4.4604 -5.0063 26.8017 6.8017 -5.0063 24.4604
2 24 6.8017 0 24.4604 10 0 23.6034
2 24 6.8017 -5.0063 24.4604 10 -5.0063 23.6034
2 24 10 0 23.6034 13.1983 0 24.4604
2 24 10 -5.0063 23.6034 13.1983 -5.0063 24.4604
2 24 13.1983 0 24.4604 15.5396 0 26.8017
2 24 13.1983 -5.0063 24.4604 15.5396 -5.0063 26.8017
2 24 15.5396 0 26.8017 16.3966 0 30
2 24 15.5396 -5.0063 26.8017 16.3966 -5.0063 30
2 24 15.5396 0 33.1983 16.3966 0 30
2 24 15.5396 -5.0063 33.1983 16.3966 -5.0063 30
2 24 14.2218 0 37.3123 17.3124 0 34.2218
2 24 14.2218 -5.25 37.3123 17.3124 -5.25 34.2218
2 24 35.5396 0 33.1983 33.1983 0 35.5396
2 24 37.3124 0 34.2218 34.2218 0 37.3123
2 24 34.2218 0 37.3123 30 0 38.4436
2 24 33.1983 0 35.5396 30 0 36.3966
2 24 30 0 36.3966 26.8017 0 35.5396
2 24 30 0 38.4436 25.7782 0 37.3123
2 24 26.8017 0 35.5396 24.4604 0 33.1983
2 24 25.7782 0 37.3123 22.6877 0 34.2218
2 24 24.4604 0 33.1983 23.6034 0 30
2 24 22.6877 0 34.2218 21.5565 0 30
2 24 23.6034 0 30 24.4604 0 26.8017
2 24 21.5565 0 30 22.6877 0 25.7782
2 24 24.4604 0 26.8017 26.8017 0 24.4604
2 24 22.6877 0 25.7782 25.7782 0 22.6877
2 24 26.8017 0 24.4604 30 0 23.6034
2 24 25.7782 0 22.6877 30 0 21.5565
2 24 30 0 23.6034 33.1983 0 24.4604
2 24 30 0 21.5565 34.2218 0 22.6877
2 24 33.1983 0 24.4604 35.5396 0 26.8017
2 24 34.2218 0 22.6877 37.3124 0 25.7782
2 24 35.5396 0 26.8017 36.3966 0 30
2 24 37.3124 0 25.7782 38.4436 0 30
2 24 35.5396 0 33.1983 36.3966 0 30
2 24 37.3124 0 34.2218 38.4436 0 30
2 24 30 -5.25 38.4436 34.2218 -5.25 37.3123
2 24 30 0 38.4436 34.2218 0 37.3123
2 24 30 -5.25 38.4436 25.7782 -5.25 37.3123
2 24 30 0 38.4436 25.7782 0 37.3123
2 24 25.7782 -5.25 37.3123 22.6877 -5.25 34.2218
2 24 25.7782 0 37.3123 22.6877 0 34.2218
2 24 22.6877 -5.25 34.2218 21.5565 -5.25 30
2 24 22.6877 0 34.2218 21.5565 0 30
2 24 21.5565 -5.25 30 22.6877 -5.25 25.7782
2 24 21.5565 0 30 22.6877 0 25.7782
2 24 22.6877 -5.25 25.7782 25.7782 -5.25 22.6877
2 24 22.6877 0 25.7782 25.7782 0 22.6877
2 24 25.7782 -5.25 22.6877 30 -5.25 21.5565
2 24 25.7782 0 22.6877 30 0 21.5565
2 24 30 -5.25 21.5565 34.2218 -5.25 22.6877
2 24 30 0 21.5565 34.2218 0 22.6877
2 24 34.2218 -5.25 22.6877 37.3124 -5.25 25.7782
2 24 34.2218 0 22.6877 37.3124 0 25.7782
2 24 37.3124 -5.25 25.7782 38.4436 -5.25 30
2 24 37.3124 0 25.7782 38.4436 0 30
2 24 38.4436 -5.25 30 37.3124 -5.25 34.2218
2 24 38.4436 0 30 37.3124 0 34.2218
2 24 33.1983 0 35.5396 35.5396 0 33.1983
2 24 33.1983 -5.0063 35.5396 35.5396 -5.0063 33.1983
2 24 33.1983 0 35.5396 30 0 36.3966
2 24 33.1983 -5.0063 35.5396 30 -5.0063 36.3966
2 24 30 0 36.3966 26.8017 0 35.5396
2 24 30 -5.0063 36.3966 26.8017 -5.0063 35.5396
2 24 26.8017 0 35.5396 24.4604 0 33.1983
2 24 26.8017 -5.0063 35.5396 24.4604 -5.0063 33.1983
2 24 24.4604 0 33.1983 23.6034 0 30
2 24 24.4604 -5.0063 33.1983 23.6034 -5.0063 30
2 24 23.6034 0 30 24.4604 0 26.8017
2 24 23.6034 -5.0063 30 24.4604 -5.0063 26.8017
2 24 24.4604 0 26.8017 26.8017 0 24.4604
2 24 24.4604 -5.0063 26.8017 26.8017 -5.0063 24.4604
2 24 26.8017 0 24.4604 30 0 23.6034
2 24 26.8017 -5.0063 24.4604 30 -5.0063 23.6034
2 24 30 0 23.6034 33.1983 0 24.4604
2 24 30 -5.0063 23.6034 33.1983 -5.0063 24.4604
2 24 33.1983 0 24.4604 35.5396 0 26.8017
2 24 33.1983 -5.0063 24.4604 35.5396 -5.0063 26.8017
2 24 35.5396 0 26.8017 36.3966 0 30
2 24 35.5396 -5.0063 26.8017 36.3966 -5.0063 30
2 24 35.5396 0 33.1983 36.3966 0 30
2 24 35.5396 -5.0063 33.1983 36.3966 -5.0063 30
2 24 34.2218 0 37.3123 37.3124 0 34.2218
2 24 34.2218 -5.25 37.3123 37.3124 -5.25 34.2218
2 24 15.5396 0 13.1983 13.1983 0 15.5396
2 24 17.3124 0 14.2218 14.2218 0 17.3123
2 24 14.2218 0 17.3123 10 0 18.4436
2 24 13.1983 0 15.5396 10 0 16.3966
2 24 10 0 16.3966 6.8017 0 15.5396
2 24 10 0 18.4436 5.7782 0 17.3123
2 24 6.8017 0 15.5396 4.4604 0 13.1983
2 24 5.7782 0 17.3123 2.6876 0 14.2218
2 24 4.4604 0 13.1983 3.6034 0 10
2 24 2.6876 0 14.2218 1.5564 0 10
2 24 3.6034 0 10 4.4604 0 6.8017
2 24 1.5564 0 10 2.6876 0 5.7782
2 24 4.4604 0 6.8017 6.8017 0 4.4604
2 24 2.6876 0 5.7782 5.7782 0 2.6877
2 24 6.8017 0 4.4604 10 0 3.6034
2 24 5.7782 0 2.6877 10 0 1.5564
2 24 10 0 3.6034 13.1983 0 4.4604
2 24 10 0 1.5564 14.2218 0 2.6877
2 24 13.1983 0 4.4604 15.5396 0 6.8017
2 24 14.2218 0 2.6877 17.3124 0 5.7782
2 24 15.5396 0 6.8017 16.3966 0 10
2 24 17.3124 0 5.7782 18.4436 0 10
2 24 15.5396 0 13.1983 16.3966 0 10
2 24 17.3124 0 14.2218 18.4436 0 10
2 24 10 -5.25 18.4436 14.2218 -5.25 17.3123
2 24 10 0 18.4436 14.2218 0 17.3123
2 24 10 -5.25 18.4436 5.7782 -5.25 17.3123
2 24 10 0 18.4436 5.7782 0 17.3123
2 24 5.7782 -5.25 17.3123 2.6876 -5.25 14.2218
2 24 5.7782 0 17.3123 2.6876 0 14.2218
2 24 2.6876 -5.25 14.2218 1.5564 -5.25 10
2 24 2.6876 0 14.2218 1.5564 0 10
2 24 1.5564 -5.25 10 2.6876 -5.25 5.7782
2 24 1.5564 0 10 2.6876 0 5.7782
2 24 2.6876 -5.25 5.7782 5.7782 -5.25 2.6877
2 24 2.6876 0 5.7782 5.7782 0 2.6877
2 24 5.7782 -5.25 2.6877 10 -5.25 1.5564
2 24 5.7782 0 2.6877 10 0 1.5564
2 24 10 -5.25 1.5564 14.2218 -5.25 2.6877
2 24 10 0 1.5564 14.2218 0 2.6877
2 24 14.2218 -5.25 2.6877 17.3124 -5.25 5.7782
2 24 14.2218 0 2.6877 17.3124 0 5.7782
2 24 17.3124 -5.25 5.7782 18.4436 -5.25 10
2 24 17.3124 0 5.7782 18.4436 0 10
2 24 18.4436 -5.25 10 17.3124 -5.25 14.2218
2 24 18.4436 0 10 17.3124 0 14.2218
2 24 13.1983 0 15.5396 15.5396 0 13.1983
2 24 13.1983 -5.0063 15.5396 15.5396 -5.0063 13.1983
2 24 13.1983 0 15.5396 10 0 16.3966
2 24 13.1983 -5.0063 15.5396 10 -5.0063 16.3966
2 24 10 0 16.3966 6.8017 0 15.5396
2 24 10 -5.0063 16.3966 6.8017 -5.0063 15.5396
2 24 6.8017 0 15.5396 4.4604 0 13.1983
2 24 6.8017 -5.0063 15.5396 4.4604 -5.0063 13.1983
2 24 4.4604 0 13.1983 3.6034 0 10
2 24 4.4604 -5.0063 13.1983 3.6034 -5.0063 10
2 24 3.6034 0 10 4.4604 0 6.8017
2 24 3.6034 -5.0063 10 4.4604 -5.0063 6.8017
2 24 4.4604 0 6.8017 6.8017 0 4.4604
2 24 4.4604 -5.0063 6.8017 6.8017 -5.0063 4.4604
2 24 6.8017 0 4.4604 10 0 3.6034
2 24 6.8017 -5.0063 4.4604 10 -5.0063 3.6034
2 24 10 0 3.6034 13.1983 0 4.4604
2 24 10 -5.0063 3.6034 13.1983 -5.0063 4.4604
2 24 13.1983 0 4.4604 15.5396 0 6.8017
2 24 13.1983 -5.0063 4.4604 15.5396 -5.0063 6.8017
2 24 15.5396 0 6.8017 16.3966 0 10
2 24 15.5396 -5.0063 6.8017 16.3966 -5.0063 10
2 24 15.5396 0 13.1983 16.3966 0 10
2 24 15.5396 -5.0063 13.1983 16.3966 -5.0063 10
2 24 14.2218 0 17.3123 17.3124 0 14.2218
2 24 14.2218 -5.25 17.3123 17.3124 -5.25 14.2218
0 STEP
