0 Plate, Round Corner 2 x 2
0 Name: bl_7904.dat
0 Author: 
0 BL_Item_No 7904
0 BFC CERTIFY CCW
3 16 29.7216 -0.0011 25.2987 30 0 30 29.7216 -8 25.2987
3 16 29.7216 -8 25.2987 30 0 30 30 -8 30
3 16 23.2604 -8 7.7797 23.2571 -1.8937 7.7747 26.3247 -8 13.2541
3 16 26.3247 -8 13.2541 23.2571 -1.8937 7.7747 26.3247 -0.0011 13.2541
3 16 21.1328 -5.25 4.8852 18.6322 -5.2444 7.3421 21.7926 -4.6911 5.7259
3 16 21.7926 -4.6911 5.7259 18.6322 -5.2444 7.3421 19.2716 -4.7452 8.1772
3 16 26.3247 -0.0011 13.2541 23.2571 -1.8937 7.7747 23.4477 0 8.0698
3 16 23.2604 -8 7.7797 18.2533 -8 1.7467 21.1328 -5.25 4.8852
3 16 21.1328 -5.25 4.8852 18.2533 -8 1.7467 18.2529 -5.25 1.7471
3 16 21.7926 -4.6911 5.7259 22.0314 -3.7666 6.042 23.2604 -8 7.7797
3 16 23.2604 -8 7.7797 22.0314 -3.7666 6.042 23.2571 -1.8937 7.7747
3 16 23.2571 -1.8937 7.7747 22.0314 -3.7666 6.042 22.1365 -1.7766 6.1831
3 16 22.0314 -3.7666 6.042 19.536 -3.7666 8.5374 22.1365 -1.7766 6.1831
3 16 22.1365 -1.7766 6.1831 19.536 -3.7666 8.5374 19.6368 -1.8216 8.6773
3 16 22.1365 -1.7766 6.1831 19.6368 -1.8216 8.6773 22.4658 -0.4225 6.6339
3 16 22.4658 -0.4225 6.6339 19.6368 -1.8216 8.6773 19.904 -0.5261 9.0487
3 16 21.7926 -4.6911 5.7259 19.2716 -4.7452 8.1772 22.0314 -3.7666 6.042
3 16 22.0314 -3.7666 6.042 19.2716 -4.7452 8.1772 19.536 -3.7666 8.5374
3 16 29.7216 -0.0011 25.2987 29.7216 -8 25.2987 28.4971 -0.0011 19.1427
3 16 28.4971 -0.0011 19.1427 29.7216 -8 25.2987 28.4971 -8 19.1427
3 16 22.1365 -1.7766 6.1831 22.4658 -0.4225 6.6339 23.2571 -1.8937 7.7747
3 16 23.2571 -1.8937 7.7747 22.4658 -0.4225 6.6339 23.4477 0 8.0698
3 16 22.4658 -0.4225 6.6339 19.904 -0.5261 9.0487 23.4477 0 8.0698
3 16 23.4477 0 8.0698 19.904 -0.5261 9.0487 20.5827 0 10.0626
3 16 28.4971 -0.0011 19.1427 28.4971 -8 19.1427 26.3247 -0.0011 13.2541
3 16 26.3247 -0.0011 13.2541 28.4971 -8 19.1427 26.3247 -8 13.2541
3 16 20.5827 0 10.0626 23.0652 0 14.5533 23.4477 0 8.0698
3 16 23.4477 0 8.0698 23.0652 0 14.5533 26.3247 -0.0011 13.2541
3 16 25.8 -5.25 18.0463 -6.25 -5.25 26.25 25.8 -5.25 26.25
3 16 20.5811 -5.25 10.0636 -6.25 -5.25 26.25 23.0652 -5.25 14.5533
3 16 18.6322 -5.2444 7.3421 -6.25 -5.25 26.25 19.3056 -5.2488 8.2358
3 16 19.536 -3.7666 8.5374 19.2716 -4.7452 8.1772 20.5811 -5.25 10.0636
3 16 19.2716 -4.7452 8.1772 19.3056 -5.2488 8.2358 20.5811 -5.25 10.0636
3 16 25.8 -5.25 18.0463 25.8 0 18.0464 24.7728 -5.25 16.0048
3 16 24.7728 -5.25 16.0048 25.8 0 18.0464 24.7728 0 16.0048
3 16 25.8 -5.25 26.25 25.8 0 26.25 25.8 -5.25 18.0463
3 16 25.8 -5.25 18.0463 25.8 0 26.25 25.8 0 18.0464
3 16 28.4971 -0.0011 19.1427 26.3247 -0.0011 13.2541 25.8 0 18.0464
3 16 25.8 0 18.0464 26.3247 -0.0011 13.2541 24.7728 0 16.0048
3 16 19.3056 -5.2488 8.2358 19.2716 -4.7452 8.1772 18.6322 -5.2444 7.3421
3 16 19.3056 -5.2488 8.2358 -6.25 -5.25 26.25 20.5811 -5.25 10.0636
3 16 23.2604 -8 7.7797 21.1328 -5.25 4.8852 21.7926 -4.6911 5.7259
3 16 25.8 -5.25 18.0463 24.7728 -5.25 16.0048 -6.25 -5.25 26.25
3 16 23.0652 -5.25 14.5533 -6.25 -5.25 26.25 24.7728 -5.25 16.0048
3 16 23.2604 -8 7.7797 -10 -8 30 18.2533 -8 1.7467
3 16 28.4971 -8 19.1427 -10 -8 30 26.3247 -8 13.2541
3 16 18.6322 -5.2444 7.3421 21.1328 -5.25 4.8852 15.6451 -5.25 4.3549
3 16 15.6451 -5.25 4.3549 21.1328 -5.25 4.8852 18.2529 -5.25 1.7471
3 16 20.5811 -5.25 10.0636 23.0652 -5.25 14.5533 20.5827 0 10.0626
3 16 20.5827 0 10.0626 23.0652 -5.25 14.5533 23.0652 0 14.5533
3 16 19.536 -3.7666 8.5374 20.5811 -5.25 10.0636 19.6368 -1.8216 8.6773
3 16 25.8 -5.25 26.25 -6.25 -5.25 26.25 25.8 0 26.25
3 16 25.8 0 26.25 -6.25 -5.25 26.25 -6.25 0 26.25
3 16 30 0 30 29.7216 -0.0011 25.2987 25.8 0 26.25
3 16 30 0 30 -10 0 30 30 -8 30
3 16 30 -8 30 -10 0 30 -10 -8 30
3 16 29.7216 -0.0011 25.2987 28.4971 -0.0011 19.1427 25.8 0 26.25
3 16 25.8 0 26.25 28.4971 -0.0011 19.1427 25.8 0 18.0464
3 16 29.7216 -8 25.2987 30 -8 30 -10 -8 30
3 16 -10 -8 30 28.4971 -8 19.1427 29.7216 -8 25.2987
3 16 26.3247 -8 13.2541 -10 -8 30 23.2604 -8 7.7797
3 16 20.5811 -5.25 10.0636 20.5827 0 10.0626 19.6368 -1.8216 8.6773
3 16 19.6368 -1.8216 8.6773 20.5827 0 10.0626 19.904 -0.5261 9.0487
3 16 15.6451 -5.25 4.3549 -6.25 -5.25 26.25 18.6322 -5.2444 7.3421
3 16 30 0 30 25.8 0 26.25 -10 0 30
3 16 -10 0 30 25.8 0 26.25 -6.25 0 26.25
3 16 24.7728 -5.25 16.0048 24.7728 0 16.0048 23.0652 -5.25 14.5533
3 16 23.0652 -5.25 14.5533 24.7728 0 16.0048 23.0652 0 14.5533
3 16 26.3247 -0.0011 13.2541 23.0652 0 14.5533 24.7728 0 16.0048
3 16 -5.2986 -0.0011 -9.7216 -5.2987 -8 -9.7216 -10 0 -10
3 16 -10 0 -10 -5.2987 -8 -9.7216 -10 -8 -10
3 16 6.7459 -0.0011 -6.3247 12.2253 -1.8937 -3.2571 6.7459 -8 -6.3247
3 16 6.7459 -8 -6.3247 12.2253 -1.8937 -3.2571 12.2203 -8 -3.2604
3 16 15.1148 -5.25 -1.1328 14.2741 -4.6911 -1.7926 12.6579 -5.2444 1.3678
3 16 12.6579 -5.2444 1.3678 14.2741 -4.6911 -1.7926 11.8228 -4.7452 0.7284
3 16 6.7459 -0.0011 -6.3247 11.9302 0 -3.4477 12.2253 -1.8937 -3.2571
3 16 18.2529 -5.25 1.7471 18.2533 -8 1.7467 15.1148 -5.25 -1.1328
3 16 15.1148 -5.25 -1.1328 18.2533 -8 1.7467 12.2203 -8 -3.2604
3 16 14.2741 -4.6911 -1.7926 12.2203 -8 -3.2604 13.958 -3.7666 -2.0314
3 16 12.2203 -8 -3.2604 12.2253 -1.8937 -3.2571 13.958 -3.7666 -2.0314
3 16 12.2253 -1.8937 -3.2571 13.8169 -1.7766 -2.1365 13.958 -3.7666 -2.0314
3 16 13.958 -3.7666 -2.0314 13.8169 -1.7766 -2.1365 11.4626 -3.7666 0.464
3 16 11.4626 -3.7666 0.464 13.8169 -1.7766 -2.1365 11.3227 -1.8216 0.3632
3 16 13.8169 -1.7766 -2.1365 13.3661 -0.4225 -2.4658 11.3227 -1.8216 0.3632
3 16 11.3227 -1.8216 0.3632 13.3661 -0.4225 -2.4658 10.9513 -0.5261 0.096
3 16 14.2741 -4.6911 -1.7926 13.958 -3.7666 -2.0314 11.8228 -4.7452 0.7284
3 16 11.8228 -4.7452 0.7284 13.958 -3.7666 -2.0314 11.4626 -3.7666 0.464
3 16 -5.2986 -0.0011 -9.7216 0.8573 -0.0011 -8.4971 -5.2987 -8 -9.7216
3 16 -5.2987 -8 -9.7216 0.8573 -0.0011 -8.4971 0.8573 -8 -8.4971
3 16 11.9302 0 -3.4477 13.3661 -0.4225 -2.4658 12.2253 -1.8937 -3.2571
3 16 12.2253 -1.8937 -3.2571 13.3661 -0.4225 -2.4658 13.8169 -1.7766 -2.1365
3 16 13.3661 -0.4225 -2.4658 11.9302 0 -3.4477 10.9513 -0.5261 0.096
3 16 10.9513 -0.5261 0.096 11.9302 0 -3.4477 9.9374 0 -0.5827
3 16 0.8573 -0.0011 -8.4971 6.7459 -0.0011 -6.3247 0.8573 -8 -8.4971
3 16 0.8573 -8 -8.4971 6.7459 -0.0011 -6.3247 6.7459 -8 -6.3247
3 16 9.9374 0 -0.5827 11.9302 0 -3.4477 5.4467 0 -3.0652
3 16 5.4467 0 -3.0652 11.9302 0 -3.4477 6.7459 -0.0011 -6.3247
3 16 1.9537 -5.25 -5.8 -6.25 -5.25 -5.8 -6.25 -5.25 26.25
3 16 9.9364 -5.25 -0.5811 5.4467 -5.25 -3.0652 -6.25 -5.25 26.25
3 16 12.6579 -5.2444 1.3678 11.7642 -5.2488 0.6944 -6.25 -5.25 26.25
3 16 11.4626 -3.7666 0.464 9.9364 -5.25 -0.5811 11.8228 -4.7452 0.7284
3 16 11.8228 -4.7452 0.7284 9.9364 -5.25 -0.5811 11.7642 -5.2488 0.6944
3 16 1.9537 -5.25 -5.8 3.9952 -5.25 -4.7728 1.9536 0 -5.8
3 16 1.9536 0 -5.8 3.9952 -5.25 -4.7728 3.9952 0 -4.7728
3 16 -6.25 -5.25 -5.8 1.9537 -5.25 -5.8 -6.25 0 -5.8
3 16 -6.25 0 -5.8 1.9537 -5.25 -5.8 1.9536 0 -5.8
3 16 3.9952 0 -4.7728 6.7459 -0.0011 -6.3247 1.9536 0 -5.8
3 16 1.9536 0 -5.8 6.7459 -0.0011 -6.3247 0.8573 -0.0011 -8.4971
3 16 11.7642 -5.2488 0.6944 12.6579 -5.2444 1.3678 11.8228 -4.7452 0.7284
3 16 11.7642 -5.2488 0.6944 9.9364 -5.25 -0.5811 -6.25 -5.25 26.25
3 16 12.2203 -8 -3.2604 14.2741 -4.6911 -1.7926 15.1148 -5.25 -1.1328
3 16 1.9537 -5.25 -5.8 -6.25 -5.25 26.25 3.9952 -5.25 -4.7728
3 16 5.4467 -5.25 -3.0652 3.9952 -5.25 -4.7728 -6.25 -5.25 26.25
3 16 12.2203 -8 -3.2604 18.2533 -8 1.7467 -10 -8 30
3 16 0.8573 -8 -8.4971 6.7459 -8 -6.3247 -10 -8 30
3 16 12.6579 -5.2444 1.3678 15.6451 -5.25 4.3549 15.1148 -5.25 -1.1328
3 16 15.1148 -5.25 -1.1328 15.6451 -5.25 4.3549 18.2529 -5.25 1.7471
3 16 9.9364 -5.25 -0.5811 9.9374 0 -0.5827 5.4467 -5.25 -3.0652
3 16 5.4467 -5.25 -3.0652 9.9374 0 -0.5827 5.4467 0 -3.0652
3 16 11.4626 -3.7666 0.464 11.3227 -1.8216 0.3632 9.9364 -5.25 -0.5811
3 16 -6.25 -5.25 -5.8 -6.25 0 -5.8 -6.25 -5.25 26.25
3 16 -6.25 -5.25 26.25 -6.25 0 -5.8 -6.25 0 26.25
3 16 -10 0 -10 -6.25 0 -5.8 -5.2986 -0.0011 -9.7216
3 16 -10 0 -10 -10 -8 -10 -10 0 30
3 16 -10 0 30 -10 -8 -10 -10 -8 30
3 16 -5.2986 -0.0011 -9.7216 -6.25 0 -5.8 0.8573 -0.0011 -8.4971
3 16 0.8573 -0.0011 -8.4971 -6.25 0 -5.8 1.9536 0 -5.8
3 16 -5.2987 -8 -9.7216 -10 -8 30 -10 -8 -10
3 16 -10 -8 30 -5.2987 -8 -9.7216 0.8573 -8 -8.4971
3 16 6.7459 -8 -6.3247 12.2203 -8 -3.2604 -10 -8 30
3 16 9.9364 -5.25 -0.5811 11.3227 -1.8216 0.3632 9.9374 0 -0.5827
3 16 9.9374 0 -0.5827 11.3227 -1.8216 0.3632 10.9513 -0.5261 0.096
3 16 15.6451 -5.25 4.3549 12.6579 -5.2444 1.3678 -6.25 -5.25 26.25
3 16 -10 0 -10 -10 0 30 -6.25 0 -5.8
3 16 -6.25 0 -5.8 -10 0 30 -6.25 0 26.25
3 16 3.9952 -5.25 -4.7728 5.4467 -5.25 -3.0652 3.9952 0 -4.7728
3 16 3.9952 0 -4.7728 5.4467 -5.25 -3.0652 5.4467 0 -3.0652
3 16 6.7459 -0.0011 -6.3247 3.9952 0 -4.7728 5.4467 0 -3.0652
3 16 15.5396 0 13.1983 13.1983 0 15.5396 17.3124 0 14.2218
3 16 17.3124 0 14.2218 13.1983 0 15.5396 14.2218 0 17.3123
3 16 14.2218 0 17.3123 13.1983 0 15.5396 10 0 18.4436
3 16 10 0 18.4436 13.1983 0 15.5396 10 0 16.3966
3 16 10 0 16.3966 6.8017 0 15.5396 10 0 18.4436
3 16 10 0 18.4436 6.8017 0 15.5396 5.7782 0 17.3123
3 16 6.8017 0 15.5396 4.4604 0 13.1983 5.7782 0 17.3123
3 16 5.7782 0 17.3123 4.4604 0 13.1983 2.6876 0 14.2218
3 16 4.4604 0 13.1983 3.6034 0 10 2.6876 0 14.2218
3 16 2.6876 0 14.2218 3.6034 0 10 1.5564 0 10
3 16 3.6034 0 10 4.4604 0 6.8017 1.5564 0 10
3 16 1.5564 0 10 4.4604 0 6.8017 2.6876 0 5.7782
3 16 4.4604 0 6.8017 6.8017 0 4.4604 2.6876 0 5.7782
3 16 2.6876 0 5.7782 6.8017 0 4.4604 5.7782 0 2.6877
3 16 6.8017 0 4.4604 10 0 3.6034 5.7782 0 2.6877
3 16 5.7782 0 2.6877 10 0 3.6034 10 0 1.5564
3 16 10 0 3.6034 13.1983 0 4.4604 10 0 1.5564
3 16 10 0 1.5564 13.1983 0 4.4604 14.2218 0 2.6877
3 16 13.1983 0 4.4604 15.5396 0 6.8017 14.2218 0 2.6877
3 16 14.2218 0 2.6877 15.5396 0 6.8017 17.3124 0 5.7782
3 16 15.5396 0 6.8017 16.3966 0 10 17.3124 0 5.7782
3 16 17.3124 0 5.7782 16.3966 0 10 18.4436 0 10
3 16 16.3966 0 10 15.5396 0 13.1983 18.4436 0 10
3 16 18.4436 0 10 15.5396 0 13.1983 17.3124 0 14.2218
3 16 10 -5.25 18.4436 14.2218 -5.25 17.3123 10 0 18.4436
3 16 10 0 18.4436 14.2218 -5.25 17.3123 14.2218 0 17.3123
3 16 5.7782 -5.25 17.3123 10 -5.25 18.4436 5.7782 0 17.3123
3 16 5.7782 0 17.3123 10 -5.25 18.4436 10 0 18.4436
3 16 2.6876 -5.25 14.2218 5.7782 -5.25 17.3123 2.6876 0 14.2218
3 16 2.6876 0 14.2218 5.7782 -5.25 17.3123 5.7782 0 17.3123
3 16 1.5564 -5.25 10 2.6876 -5.25 14.2218 1.5564 0 10
3 16 1.5564 0 10 2.6876 -5.25 14.2218 2.6876 0 14.2218
3 16 2.6876 -5.25 5.7782 1.5564 -5.25 10 2.6876 0 5.7782
3 16 2.6876 0 5.7782 1.5564 -5.25 10 1.5564 0 10
3 16 5.7782 -5.25 2.6877 2.6876 -5.25 5.7782 5.7782 0 2.6877
3 16 5.7782 0 2.6877 2.6876 -5.25 5.7782 2.6876 0 5.7782
3 16 10 -5.25 1.5564 5.7782 -5.25 2.6877 10 0 1.5564
3 16 10 0 1.5564 5.7782 -5.25 2.6877 5.7782 0 2.6877
3 16 14.2218 -5.25 2.6877 10 -5.25 1.5564 14.2218 0 2.6877
3 16 14.2218 0 2.6877 10 -5.25 1.5564 10 0 1.5564
3 16 17.3124 -5.25 5.7782 14.2218 -5.25 2.6877 17.3124 0 5.7782
3 16 17.3124 0 5.7782 14.2218 -5.25 2.6877 14.2218 0 2.6877
3 16 18.4436 -5.25 10 17.3124 -5.25 5.7782 18.4436 0 10
3 16 18.4436 0 10 17.3124 -5.25 5.7782 17.3124 0 5.7782
3 16 17.3124 -5.25 14.2218 18.4436 -5.25 10 17.3124 0 14.2218
3 16 17.3124 0 14.2218 18.4436 -5.25 10 18.4436 0 10
3 16 13.1983 0 15.5396 15.5396 0 13.1983 13.1983 -5.0063 15.5396
3 16 13.1983 -5.0063 15.5396 15.5396 0 13.1983 15.5396 -5.0063 13.1983
3 16 10 0 16.3966 13.1983 0 15.5396 10 -5.0063 16.3966
3 16 10 -5.0063 16.3966 13.1983 0 15.5396 13.1983 -5.0063 15.5396
3 16 6.8017 0 15.5396 10 0 16.3966 6.8017 -5.0063 15.5396
3 16 6.8017 -5.0063 15.5396 10 0 16.3966 10 -5.0063 16.3966
3 16 4.4604 0 13.1983 6.8017 0 15.5396 4.4604 -5.0063 13.1983
3 16 4.4604 -5.0063 13.1983 6.8017 0 15.5396 6.8017 -5.0063 15.5396
3 16 3.6034 0 10 4.4604 0 13.1983 3.6034 -5.0063 10
3 16 3.6034 -5.0063 10 4.4604 0 13.1983 4.4604 -5.0063 13.1983
3 16 4.4604 0 6.8017 3.6034 0 10 4.4604 -5.0063 6.8017
3 16 4.4604 -5.0063 6.8017 3.6034 0 10 3.6034 -5.0063 10
3 16 6.8017 0 4.4604 4.4604 0 6.8017 6.8017 -5.0063 4.4604
3 16 6.8017 -5.0063 4.4604 4.4604 0 6.8017 4.4604 -5.0063 6.8017
3 16 10 0 3.6034 6.8017 0 4.4604 10 -5.0063 3.6034
3 16 10 -5.0063 3.6034 6.8017 0 4.4604 6.8017 -5.0063 4.4604
3 16 13.1983 0 4.4604 10 0 3.6034 13.1983 -5.0063 4.4604
3 16 13.1983 -5.0063 4.4604 10 0 3.6034 10 -5.0063 3.6034
3 16 15.5396 0 6.8017 13.1983 0 4.4604 15.5396 -5.0063 6.8017
3 16 15.5396 -5.0063 6.8017 13.1983 0 4.4604 13.1983 -5.0063 4.4604
3 16 16.3966 0 10 15.5396 0 6.8017 16.3966 -5.0063 10
3 16 16.3966 -5.0063 10 15.5396 0 6.8017 15.5396 -5.0063 6.8017
3 16 15.5396 0 13.1983 16.3966 0 10 15.5396 -5.0063 13.1983
3 16 15.5396 -5.0063 13.1983 16.3966 0 10 16.3966 -5.0063 10
3 16 17.3124 0 14.2218 14.2218 0 17.3123 17.3124 -5.25 14.2218
3 16 17.3124 -5.25 14.2218 14.2218 0 17.3123 14.2218 -5.25 17.3123
3 16 20 -12.45 20 23.126 -12.45 14.5856 25.4144 -12.45 16.874
3 16 25.4144 -12.45 16.874 26.252 -12.45 20 20 -12.45 20
3 16 26.252 -12.45 20 25.4144 -12.45 23.126 20 -12.45 20
3 16 25.4144 -12.45 23.126 23.126 -12.45 25.4144 20 -12.45 20
3 16 23.126 -12.45 25.4144 20 -12.45 26.252 20 -12.45 20
3 16 20 -12.45 26.252 16.874 -12.45 25.4144 20 -12.45 20
3 16 16.874 -12.45 25.4144 14.5856 -12.45 23.126 20 -12.45 20
3 16 14.5856 -12.45 23.126 13.748 -12.45 20 20 -12.45 20
3 16 13.748 -12.45 20 14.5856 -12.45 16.874 20 -12.45 20
3 16 14.5856 -12.45 16.874 16.874 -12.45 14.5856 20 -12.45 20
3 16 16.874 -12.45 14.5856 20 -12.45 13.748 20 -12.45 20
3 16 20 -12.45 13.748 23.126 -12.45 14.5856 20 -12.45 20
3 16 23.126 -8 14.5856 25.4144 -8 16.874 23.126 -12.45 14.5856
3 16 23.126 -12.45 14.5856 25.4144 -8 16.874 25.4144 -12.45 16.874
3 16 25.4144 -8 16.874 26.252 -8 20 25.4144 -12.45 16.874
3 16 25.4144 -12.45 16.874 26.252 -8 20 26.252 -12.45 20
3 16 26.252 -8 20 25.4144 -8 23.126 26.252 -12.45 20
3 16 26.252 -12.45 20 25.4144 -8 23.126 25.4144 -12.45 23.126
3 16 25.4144 -8 23.126 23.126 -8 25.4144 25.4144 -12.45 23.126
3 16 25.4144 -12.45 23.126 23.126 -8 25.4144 23.126 -12.45 25.4144
3 16 23.126 -8 25.4144 20 -8 26.252 23.126 -12.45 25.4144
3 16 23.126 -12.45 25.4144 20 -8 26.252 20 -12.45 26.252
3 16 20 -8 26.252 16.874 -8 25.4144 20 -12.45 26.252
3 16 20 -12.45 26.252 16.874 -8 25.4144 16.874 -12.45 25.4144
3 16 16.874 -8 25.4144 14.5856 -8 23.126 16.874 -12.45 25.4144
3 16 16.874 -12.45 25.4144 14.5856 -8 23.126 14.5856 -12.45 23.126
3 16 14.5856 -8 23.126 13.748 -8 20 14.5856 -12.45 23.126
3 16 14.5856 -12.45 23.126 13.748 -8 20 13.748 -12.45 20
3 16 13.748 -8 20 14.5856 -8 16.874 13.748 -12.45 20
3 16 13.748 -12.45 20 14.5856 -8 16.874 14.5856 -12.45 16.874
3 16 14.5856 -8 16.874 16.874 -8 14.5856 14.5856 -12.45 16.874
3 16 14.5856 -12.45 16.874 16.874 -8 14.5856 16.874 -12.45 14.5856
3 16 16.874 -8 14.5856 20 -8 13.748 16.874 -12.45 14.5856
3 16 16.874 -12.45 14.5856 20 -8 13.748 20 -12.45 13.748
3 16 20 -8 13.748 23.126 -8 14.5856 20 -12.45 13.748
3 16 20 -12.45 13.748 23.126 -8 14.5856 23.126 -12.45 14.5856
3 16 0 -12.45 20 3.126 -12.45 14.5856 5.4144 -12.45 16.874
3 16 5.4144 -12.45 16.874 6.252 -12.45 20 0 -12.45 20
3 16 6.252 -12.45 20 5.4144 -12.45 23.126 0 -12.45 20
3 16 5.4144 -12.45 23.126 3.126 -12.45 25.4144 0 -12.45 20
3 16 3.126 -12.45 25.4144 0 -12.45 26.252 0 -12.45 20
3 16 0 -12.45 26.252 -3.126 -12.45 25.4144 0 -12.45 20
3 16 -3.126 -12.45 25.4144 -5.4144 -12.45 23.126 0 -12.45 20
3 16 -5.4144 -12.45 23.126 -6.252 -12.45 20 0 -12.45 20
3 16 -6.252 -12.45 20 -5.4144 -12.45 16.874 0 -12.45 20
3 16 -5.4144 -12.45 16.874 -3.126 -12.45 14.5856 0 -12.45 20
3 16 -3.126 -12.45 14.5856 0 -12.45 13.748 0 -12.45 20
3 16 0 -12.45 13.748 3.126 -12.45 14.5856 0 -12.45 20
3 16 3.126 -8 14.5856 5.4144 -8 16.874 3.126 -12.45 14.5856
3 16 3.126 -12.45 14.5856 5.4144 -8 16.874 5.4144 -12.45 16.874
3 16 5.4144 -8 16.874 6.252 -8 20 5.4144 -12.45 16.874
3 16 5.4144 -12.45 16.874 6.252 -8 20 6.252 -12.45 20
3 16 6.252 -8 20 5.4144 -8 23.126 6.252 -12.45 20
3 16 6.252 -12.45 20 5.4144 -8 23.126 5.4144 -12.45 23.126
3 16 5.4144 -8 23.126 3.126 -8 25.4144 5.4144 -12.45 23.126
3 16 5.4144 -12.45 23.126 3.126 -8 25.4144 3.126 -12.45 25.4144
3 16 3.126 -8 25.4144 0 -8 26.252 3.126 -12.45 25.4144
3 16 3.126 -12.45 25.4144 0 -8 26.252 0 -12.45 26.252
3 16 0 -8 26.252 -3.126 -8 25.4144 0 -12.45 26.252
3 16 0 -12.45 26.252 -3.126 -8 25.4144 -3.126 -12.45 25.4144
3 16 -3.126 -8 25.4144 -5.4144 -8 23.126 -3.126 -12.45 25.4144
3 16 -3.126 -12.45 25.4144 -5.4144 -8 23.126 -5.4144 -12.45 23.126
3 16 -5.4144 -8 23.126 -6.252 -8 20 -5.4144 -12.45 23.126
3 16 -5.4144 -12.45 23.126 -6.252 -8 20 -6.252 -12.45 20
3 16 -6.252 -8 20 -5.4144 -8 16.874 -6.252 -12.45 20
3 16 -6.252 -12.45 20 -5.4144 -8 16.874 -5.4144 -12.45 16.874
3 16 -5.4144 -8 16.874 -3.126 -8 14.5856 -5.4144 -12.45 16.874
3 16 -5.4144 -12.45 16.874 -3.126 -8 14.5856 -3.126 -12.45 14.5856
3 16 -3.126 -8 14.5856 0 -8 13.748 -3.126 -12.45 14.5856
3 16 -3.126 -12.45 14.5856 0 -8 13.748 0 -12.45 13.748
3 16 0 -8 13.748 3.126 -8 14.5856 0 -12.45 13.748
3 16 0 -12.45 13.748 3.126 -8 14.5856 3.126 -12.45 14.5856
3 16 0 -12.45 0 3.126 -12.45 -5.4144 5.4144 -12.45 -3.126
3 16 5.4144 -12.45 -3.126 6.252 -12.45 0 0 -12.45 0
3 16 6.252 -12.45 0 5.4144 -12.45 3.126 0 -12.45 0
3 16 5.4144 -12.45 3.126 3.126 -12.45 5.4144 0 -12.45 0
3 16 3.126 -12.45 5.4144 0 -12.45 6.252 0 -12.45 0
3 16 0 -12.45 6.252 -3.126 -12.45 5.4144 0 -12.45 0
3 16 -3.126 -12.45 5.4144 -5.4144 -12.45 3.126 0 -12.45 0
3 16 -5.4144 -12.45 3.126 -6.252 -12.45 0 0 -12.45 0
3 16 -6.252 -12.45 0 -5.4144 -12.45 -3.126 0 -12.45 0
3 16 -5.4144 -12.45 -3.126 -3.126 -12.45 -5.4144 0 -12.45 0
3 16 -3.126 -12.45 -5.4144 0 -12.45 -6.252 0 -12.45 0
3 16 0 -12.45 -6.252 3.126 -12.45 -5.4144 0 -12.45 0
3 16 3.126 -8 -5.4144 5.4144 -8 -3.126 3.126 -12.45 -5.4144
3 16 3.126 -12.45 -5.4144 5.4144 -8 -3.126 5.4144 -12.45 -3.126
3 16 5.4144 -8 -3.126 6.252 -8 0 5.4144 -12.45 -3.126
3 16 5.4144 -12.45 -3.126 6.252 -8 0 6.252 -12.45 0
3 16 6.252 -8 0 5.4144 -8 3.126 6.252 -12.45 0
3 16 6.252 -12.45 0 5.4144 -8 3.126 5.4144 -12.45 3.126
3 16 5.4144 -8 3.126 3.126 -8 5.4144 5.4144 -12.45 3.126
3 16 5.4144 -12.45 3.126 3.126 -8 5.4144 3.126 -12.45 5.4144
3 16 3.126 -8 5.4144 0 -8 6.252 3.126 -12.45 5.4144
3 16 3.126 -12.45 5.4144 0 -8 6.252 0 -12.45 6.252
3 16 0 -8 6.252 -3.126 -8 5.4144 0 -12.45 6.252
3 16 0 -12.45 6.252 -3.126 -8 5.4144 -3.126 -12.45 5.4144
3 16 -3.126 -8 5.4144 -5.4144 -8 3.126 -3.126 -12.45 5.4144
3 16 -3.126 -12.45 5.4144 -5.4144 -8 3.126 -5.4144 -12.45 3.126
3 16 -5.4144 -8 3.126 -6.252 -8 0 -5.4144 -12.45 3.126
3 16 -5.4144 -12.45 3.126 -6.252 -8 0 -6.252 -12.45 0
3 16 -6.252 -8 0 -5.4144 -8 -3.126 -6.252 -12.45 0
3 16 -6.252 -12.45 0 -5.4144 -8 -3.126 -5.4144 -12.45 -3.126
3 16 -5.4144 -8 -3.126 -3.126 -8 -5.4144 -5.4144 -12.45 -3.126
3 16 -5.4144 -12.45 -3.126 -3.126 -8 -5.4144 -3.126 -12.45 -5.4144
3 16 -3.126 -8 -5.4144 0 -8 -6.252 -3.126 -12.45 -5.4144
3 16 -3.126 -12.45 -5.4144 0 -8 -6.252 0 -12.45 -6.252
3 16 0 -8 -6.252 3.126 -8 -5.4144 0 -12.45 -6.252
3 16 0 -12.45 -6.252 3.126 -8 -5.4144 3.126 -12.45 -5.4144
2 24 29.7216 -0.0011 25.2987 30 0 30
2 24 30 0 30 30 -8 30
2 24 29.7216 -8 25.2987 30 -8 30
2 24 23.2604 -8 7.7797 26.3247 -8 13.2541
2 24 21.1328 -5.25 4.8852 21.7926 -4.6911 5.7259
2 24 18.6322 -5.2444 7.3421 19.2716 -4.7452 8.1772
2 24 26.3247 -0.0011 13.2541 23.4477 0 8.0698
2 24 23.2604 -8 7.7797 18.2533 -8 1.7467
2 24 21.1328 -5.25 4.8852 18.2529 -5.25 1.7471
2 24 21.7926 -4.6911 5.7259 22.0314 -3.7666 6.042
2 24 22.0314 -3.7666 6.042 22.1365 -1.7766 6.1831
2 24 22.0314 -3.7666 6.042 22.1365 -1.7766 6.1831
2 24 19.536 -3.7666 8.5374 19.6368 -1.8216 8.6773
2 24 22.1365 -1.7766 6.1831 22.4658 -0.4225 6.6339
2 24 19.6368 -1.8216 8.6773 19.904 -0.5261 9.0487
2 24 22.4658 -0.4225 6.6339 19.904 -0.5261 9.0487
2 24 21.7926 -4.6911 5.7259 22.0314 -3.7666 6.042
2 24 19.2716 -4.7452 8.1772 19.536 -3.7666 8.5374
2 24 29.7216 -0.0011 25.2987 28.4971 -0.0011 19.1427
2 24 29.7216 -8 25.2987 28.4971 -8 19.1427
2 24 22.1365 -1.7766 6.1831 22.4658 -0.4225 6.6339
2 24 23.4477 0 8.0698 22.4658 -0.4225 6.6339
2 24 22.4658 -0.4225 6.6339 19.904 -0.5261 9.0487
2 24 22.4658 -0.4225 6.6339 23.4477 0 8.0698
2 24 19.904 -0.5261 9.0487 20.5827 0 10.0626
2 24 26.3247 -0.0011 13.2541 28.4971 -0.0011 19.1427
2 24 26.3247 -8 13.2541 28.4971 -8 19.1427
2 24 20.5827 0 10.0626 23.0652 0 14.5533
2 24 23.4477 0 8.0698 26.3247 -0.0011 13.2541
2 24 -6.25 -5.25 26.25 25.8 -5.25 26.25
2 24 25.8 -5.25 18.0463 25.8 -5.25 26.25
2 24 20.5811 -5.25 10.0636 23.0652 -5.25 14.5533
2 24 18.6322 -5.2444 7.3421 19.3056 -5.2488 8.2358
2 24 19.536 -3.7666 8.5374 19.2716 -4.7452 8.1772
2 24 20.5811 -5.25 10.0636 19.3056 -5.2488 8.2358
2 24 25.8 -5.25 18.0463 25.8 0 18.0464
2 24 25.8 -5.25 18.0463 24.7728 -5.25 16.0048
2 24 25.8 0 18.0464 24.7728 0 16.0048
2 24 25.8 -5.25 26.25 25.8 0 26.25
2 24 25.8 -5.25 26.25 25.8 -5.25 18.0463
2 24 25.8 0 26.25 25.8 0 18.0464
2 24 25.8 -5.25 18.0463 25.8 0 18.0464
2 24 26.3247 -0.0011 13.2541 28.4971 -0.0011 19.1427
2 24 25.8 0 18.0464 24.7728 0 16.0048
2 24 19.2716 -4.7452 8.1772 18.6322 -5.2444 7.3421
2 24 19.3056 -5.2488 8.2358 18.6322 -5.2444 7.3421
2 24 20.5811 -5.25 10.0636 19.3056 -5.2488 8.2358
2 24 21.1328 -5.25 4.8852 21.7926 -4.6911 5.7259
2 24 25.8 -5.25 18.0463 24.7728 -5.25 16.0048
2 24 23.0652 -5.25 14.5533 24.7728 -5.25 16.0048
2 24 23.2604 -8 7.7797 18.2533 -8 1.7467
2 24 28.4971 -8 19.1427 26.3247 -8 13.2541
2 24 21.1328 -5.25 4.8852 18.2529 -5.25 1.7471
2 24 20.5811 -5.25 10.0636 23.0652 -5.25 14.5533
2 24 23.0652 -5.25 14.5533 23.0652 0 14.5533
2 24 20.5827 0 10.0626 23.0652 0 14.5533
2 24 19.536 -3.7666 8.5374 19.6368 -1.8216 8.6773
2 24 25.8 -5.25 26.25 -6.25 -5.25 26.25
2 24 25.8 -5.25 26.25 25.8 0 26.25
2 24 -6.25 -5.25 26.25 -6.25 0 26.25
2 24 25.8 0 26.25 -6.25 0 26.25
2 24 30 0 30 29.7216 -0.0011 25.2987
2 24 30 0 30 -10 0 30
2 24 30 0 30 30 -8 30
2 24 -10 0 30 -10 -8 30
2 24 30 -8 30 -10 -8 30
2 24 28.4971 -0.0011 19.1427 29.7216 -0.0011 25.2987
2 24 25.8 0 18.0464 25.8 0 26.25
2 24 -10 -8 30 30 -8 30
2 24 29.7216 -8 25.2987 30 -8 30
2 24 28.4971 -8 19.1427 29.7216 -8 25.2987
2 24 23.2604 -8 7.7797 26.3247 -8 13.2541
2 24 20.5827 0 10.0626 19.904 -0.5261 9.0487
2 24 19.6368 -1.8216 8.6773 19.904 -0.5261 9.0487
2 24 30 0 30 -10 0 30
2 24 25.8 0 26.25 -6.25 0 26.25
2 24 24.7728 -5.25 16.0048 23.0652 -5.25 14.5533
2 24 24.7728 0 16.0048 23.0652 0 14.5533
2 24 23.0652 -5.25 14.5533 23.0652 0 14.5533
2 24 23.0652 0 14.5533 24.7728 0 16.0048
2 24 -5.2986 -0.0011 -9.7216 -10 0 -10
2 24 -5.2987 -8 -9.7216 -10 -8 -10
2 24 -10 0 -10 -10 -8 -10
2 24 6.7459 -8 -6.3247 12.2203 -8 -3.2604
2 24 15.1148 -5.25 -1.1328 14.2741 -4.6911 -1.7926
2 24 12.6579 -5.2444 1.3678 11.8228 -4.7452 0.7284
2 24 6.7459 -0.0011 -6.3247 11.9302 0 -3.4477
2 24 18.2529 -5.25 1.7471 15.1148 -5.25 -1.1328
2 24 18.2533 -8 1.7467 12.2203 -8 -3.2604
2 24 14.2741 -4.6911 -1.7926 13.958 -3.7666 -2.0314
2 24 13.958 -3.7666 -2.0314 13.8169 -1.7766 -2.1365
2 24 13.958 -3.7666 -2.0314 13.8169 -1.7766 -2.1365
2 24 11.4626 -3.7666 0.464 11.3227 -1.8216 0.3632
2 24 13.8169 -1.7766 -2.1365 13.3661 -0.4225 -2.4658
2 24 13.3661 -0.4225 -2.4658 10.9513 -0.5261 0.096
2 24 11.3227 -1.8216 0.3632 10.9513 -0.5261 0.096
2 24 14.2741 -4.6911 -1.7926 13.958 -3.7666 -2.0314
2 24 11.8228 -4.7452 0.7284 11.4626 -3.7666 0.464
2 24 -5.2986 -0.0011 -9.7216 0.8573 -0.0011 -8.4971
2 24 -5.2987 -8 -9.7216 0.8573 -8 -8.4971
2 24 11.9302 0 -3.4477 13.3661 -0.4225 -2.4658
2 24 13.8169 -1.7766 -2.1365 13.3661 -0.4225 -2.4658
2 24 13.3661 -0.4225 -2.4658 11.9302 0 -3.4477
2 24 13.3661 -0.4225 -2.4658 10.9513 -0.5261 0.096
2 24 10.9513 -0.5261 0.096 9.9374 0 -0.5827
2 24 6.7459 -0.0011 -6.3247 0.8573 -0.0011 -8.4971
2 24 6.7459 -8 -6.3247 0.8573 -8 -8.4971
2 24 9.9374 0 -0.5827 5.4467 0 -3.0652
2 24 11.9302 0 -3.4477 6.7459 -0.0011 -6.3247
2 24 -6.25 -5.25 26.25 -6.25 -5.25 -5.8
2 24 1.9537 -5.25 -5.8 -6.25 -5.25 -5.8
2 24 9.9364 -5.25 -0.5811 5.4467 -5.25 -3.0652
2 24 12.6579 -5.2444 1.3678 11.7642 -5.2488 0.6944
2 24 11.4626 -3.7666 0.464 11.8228 -4.7452 0.7284
2 24 9.9364 -5.25 -0.5811 11.7642 -5.2488 0.6944
2 24 1.9537 -5.25 -5.8 3.9952 -5.25 -4.7728
2 24 1.9537 -5.25 -5.8 1.9536 0 -5.8
2 24 1.9536 0 -5.8 3.9952 0 -4.7728
2 24 -6.25 -5.25 -5.8 1.9537 -5.25 -5.8
2 24 -6.25 -5.25 -5.8 -6.25 0 -5.8
2 24 1.9537 -5.25 -5.8 1.9536 0 -5.8
2 24 -6.25 0 -5.8 1.9536 0 -5.8
2 24 3.9952 0 -4.7728 1.9536 0 -5.8
2 24 6.7459 -0.0011 -6.3247 0.8573 -0.0011 -8.4971
2 24 11.8228 -4.7452 0.7284 12.6579 -5.2444 1.3678
2 24 11.7642 -5.2488 0.6944 12.6579 -5.2444 1.3678
2 24 9.9364 -5.25 -0.5811 11.7642 -5.2488 0.6944
2 24 15.1148 -5.25 -1.1328 14.2741 -4.6911 -1.7926
2 24 1.9537 -5.25 -5.8 3.9952 -5.25 -4.7728
2 24 5.4467 -5.25 -3.0652 3.9952 -5.25 -4.7728
2 24 18.2533 -8 1.7467 12.2203 -8 -3.2604
2 24 0.8573 -8 -8.4971 6.7459 -8 -6.3247
2 24 18.2529 -5.25 1.7471 15.1148 -5.25 -1.1328
2 24 9.9364 -5.25 -0.5811 5.4467 -5.25 -3.0652
2 24 9.9374 0 -0.5827 5.4467 0 -3.0652
2 24 5.4467 -5.25 -3.0652 5.4467 0 -3.0652
2 24 11.4626 -3.7666 0.464 11.3227 -1.8216 0.3632
2 24 -6.25 -5.25 -5.8 -6.25 0 -5.8
2 24 -6.25 -5.25 -5.8 -6.25 -5.25 26.25
2 24 -6.25 0 -5.8 -6.25 0 26.25
2 24 -6.25 -5.25 26.25 -6.25 0 26.25
2 24 -10 0 -10 -5.2986 -0.0011 -9.7216
2 24 -10 0 -10 -10 -8 -10
2 24 -10 0 -10 -10 0 30
2 24 -10 -8 -10 -10 -8 30
2 24 -10 0 30 -10 -8 30
2 24 0.8573 -0.0011 -8.4971 -5.2986 -0.0011 -9.7216
2 24 1.9536 0 -5.8 -6.25 0 -5.8
2 24 -10 -8 30 -10 -8 -10
2 24 -5.2987 -8 -9.7216 -10 -8 -10
2 24 0.8573 -8 -8.4971 -5.2987 -8 -9.7216
2 24 12.2203 -8 -3.2604 6.7459 -8 -6.3247
2 24 11.3227 -1.8216 0.3632 10.9513 -0.5261 0.096
2 24 9.9374 0 -0.5827 10.9513 -0.5261 0.096
2 24 -10 0 30 -10 0 -10
2 24 -6.25 0 26.25 -6.25 0 -5.8
2 24 3.9952 -5.25 -4.7728 5.4467 -5.25 -3.0652
2 24 5.4467 -5.25 -3.0652 5.4467 0 -3.0652
2 24 3.9952 0 -4.7728 5.4467 0 -3.0652
2 24 5.4467 0 -3.0652 3.9952 0 -4.7728
2 24 15.5396 0 13.1983 13.1983 0 15.5396
2 24 17.3124 0 14.2218 14.2218 0 17.3123
2 24 14.2218 0 17.3123 10 0 18.4436
2 24 13.1983 0 15.5396 10 0 16.3966
2 24 10 0 16.3966 6.8017 0 15.5396
2 24 10 0 18.4436 5.7782 0 17.3123
2 24 6.8017 0 15.5396 4.4604 0 13.1983
2 24 5.7782 0 17.3123 2.6876 0 14.2218
2 24 4.4604 0 13.1983 3.6034 0 10
2 24 2.6876 0 14.2218 1.5564 0 10
2 24 3.6034 0 10 4.4604 0 6.8017
2 24 1.5564 0 10 2.6876 0 5.7782
2 24 4.4604 0 6.8017 6.8017 0 4.4604
2 24 2.6876 0 5.7782 5.7782 0 2.6877
2 24 6.8017 0 4.4604 10 0 3.6034
2 24 5.7782 0 2.6877 10 0 1.5564
2 24 10 0 3.6034 13.1983 0 4.4604
2 24 10 0 1.5564 14.2218 0 2.6877
2 24 13.1983 0 4.4604 15.5396 0 6.8017
2 24 14.2218 0 2.6877 17.3124 0 5.7782
2 24 15.5396 0 6.8017 16.3966 0 10
2 24 17.3124 0 5.7782 18.4436 0 10
2 24 15.5396 0 13.1983 16.3966 0 10
2 24 17.3124 0 14.2218 18.4436 0 10
2 24 10 -5.25 18.4436 14.2218 -5.25 17.3123
2 24 10 0 18.4436 14.2218 0 17.3123
2 24 10 -5.25 18.4436 5.7782 -5.25 17.3123
2 24 10 0 18.4436 5.7782 0 17.3123
2 24 5.7782 -5.25 17.3123 2.6876 -5.25 14.2218
2 24 5.7782 0 17.3123 2.6876 0 14.2218
2 24 2.6876 -5.25 14.2218 1.5564 -5.25 10
2 24 2.6876 0 14.2218 1.5564 0 10
2 24 1.5564 -5.25 10 2.6876 -5.25 5.7782
2 24 1.5564 0 10 2.6876 0 5.7782
2 24 2.6876 -5.25 5.7782 5.7782 -5.25 2.6877
2 24 2.6876 0 5.7782 5.7782 0 2.6877
2 24 5.7782 -5.25 2.6877 10 -5.25 1.5564
2 24 5.7782 0 2.6877 10 0 1.5564
2 24 10 -5.25 1.5564 14.2218 -5.25 2.6877
2 24 10 0 1.5564 14.2218 0 2.6877
2 24 14.2218 -5.25 2.6877 17.3124 -5.25 5.7782
2 24 14.2218 0 2.6877 17.3124 0 5.7782
2 24 17.3124 -5.25 5.7782 18.4436 -5.25 10
2 24 17.3124 0 5.7782 18.4436 0 10
2 24 18.4436 -5.25 10 17.3124 -5.25 14.2218
2 24 18.4436 0 10 17.3124 0 14.2218
2 24 13.1983 0 15.5396 15.5396 0 13.1983
2 24 13.1983 -5.0063 15.5396 15.5396 -5.0063 13.1983
2 24 13.1983 0 15.5396 10 0 16.3966
2 24 13.1983 -5.0063 15.5396 10 -5.0063 16.3966
2 24 10 0 16.3966 6.8017 0 15.5396
2 24 10 -5.0063 16.3966 6.8017 -5.0063 15.5396
2 24 6.8017 0 15.5396 4.4604 0 13.1983
2 24 6.8017 -5.0063 15.5396 4.4604 -5.0063 13.1983
2 24 4.4604 0 13.1983 3.6034 0 10
2 24 4.4604 -5.0063 13.1983 3.6034 -5.0063 10
2 24 3.6034 0 10 4.4604 0 6.8017
2 24 3.6034 -5.0063 10 4.4604 -5.0063 6.8017
2 24 4.4604 0 6.8017 6.8017 0 4.4604
2 24 4.4604 -5.0063 6.8017 6.8017 -5.0063 4.4604
2 24 6.8017 0 4.4604 10 0 3.6034
2 24 6.8017 -5.0063 4.4604 10 -5.0063 3.6034
2 24 10 0 3.6034 13.1983 0 4.4604
2 24 10 -5.0063 3.6034 13.1983 -5.0063 4.4604
2 24 13.1983 0 4.4604 15.5396 0 6.8017
2 24 13.1983 -5.0063 4.4604 15.5396 -5.0063 6.8017
2 24 15.5396 0 6.8017 16.3966 0 10
2 24 15.5396 -5.0063 6.8017 16.3966 -5.0063 10
2 24 15.5396 0 13.1983 16.3966 0 10
2 24 15.5396 -5.0063 13.1983 16.3966 -5.0063 10
2 24 14.2218 0 17.3123 17.3124 0 14.2218
2 24 14.2218 -5.25 17.3123 17.3124 -5.25 14.2218
2 24 23.126 -12.45 14.5856 25.4144 -12.45 16.874
2 24 25.4144 -12.45 16.874 26.252 -12.45 20
2 24 26.252 -12.45 20 25.4144 -12.45 23.126
2 24 25.4144 -12.45 23.126 23.126 -12.45 25.4144
2 24 23.126 -12.45 25.4144 20 -12.45 26.252
2 24 20 -12.45 26.252 16.874 -12.45 25.4144
2 24 16.874 -12.45 25.4144 14.5856 -12.45 23.126
2 24 14.5856 -12.45 23.126 13.748 -12.45 20
2 24 13.748 -12.45 20 14.5856 -12.45 16.874
2 24 14.5856 -12.45 16.874 16.874 -12.45 14.5856
2 24 16.874 -12.45 14.5856 20 -12.45 13.748
2 24 23.126 -12.45 14.5856 20 -12.45 13.748
2 24 23.126 -8 14.5856 25.4144 -8 16.874
2 24 23.126 -12.45 14.5856 25.4144 -12.45 16.874
2 24 25.4144 -8 16.874 26.252 -8 20
2 24 25.4144 -12.45 16.874 26.252 -12.45 20
2 24 26.252 -8 20 25.4144 -8 23.126
2 24 26.252 -12.45 20 25.4144 -12.45 23.126
2 24 25.4144 -8 23.126 23.126 -8 25.4144
2 24 25.4144 -12.45 23.126 23.126 -12.45 25.4144
2 24 23.126 -8 25.4144 20 -8 26.252
2 24 23.126 -12.45 25.4144 20 -12.45 26.252
2 24 20 -8 26.252 16.874 -8 25.4144
2 24 20 -12.45 26.252 16.874 -12.45 25.4144
2 24 16.874 -8 25.4144 14.5856 -8 23.126
2 24 16.874 -12.45 25.4144 14.5856 -12.45 23.126
2 24 14.5856 -8 23.126 13.748 -8 20
2 24 14.5856 -12.45 23.126 13.748 -12.45 20
2 24 13.748 -8 20 14.5856 -8 16.874
2 24 13.748 -12.45 20 14.5856 -12.45 16.874
2 24 14.5856 -8 16.874 16.874 -8 14.5856
2 24 14.5856 -12.45 16.874 16.874 -12.45 14.5856
2 24 16.874 -8 14.5856 20 -8 13.748
2 24 16.874 -12.45 14.5856 20 -12.45 13.748
2 24 23.126 -8 14.5856 20 -8 13.748
2 24 23.126 -12.45 14.5856 20 -12.45 13.748
2 24 3.126 -12.45 14.5856 5.4144 -12.45 16.874
2 24 5.4144 -12.45 16.874 6.252 -12.45 20
2 24 6.252 -12.45 20 5.4144 -12.45 23.126
2 24 5.4144 -12.45 23.126 3.126 -12.45 25.4144
2 24 3.126 -12.45 25.4144 0 -12.45 26.252
2 24 0 -12.45 26.252 -3.126 -12.45 25.4144
2 24 -3.126 -12.45 25.4144 -5.4144 -12.45 23.126
2 24 -5.4144 -12.45 23.126 -6.252 -12.45 20
2 24 -6.252 -12.45 20 -5.4144 -12.45 16.874
2 24 -5.4144 -12.45 16.874 -3.126 -12.45 14.5856
2 24 -3.126 -12.45 14.5856 0 -12.45 13.748
2 24 3.126 -12.45 14.5856 0 -12.45 13.748
2 24 3.126 -8 14.5856 5.4144 -8 16.874
2 24 3.126 -12.45 14.5856 5.4144 -12.45 16.874
2 24 5.4144 -8 16.874 6.252 -8 20
2 24 5.4144 -12.45 16.874 6.252 -12.45 20
2 24 6.252 -8 20 5.4144 -8 23.126
2 24 6.252 -12.45 20 5.4144 -12.45 23.126
2 24 5.4144 -8 23.126 3.126 -8 25.4144
2 24 5.4144 -12.45 23.126 3.126 -12.45 25.4144
2 24 3.126 -8 25.4144 0 -8 26.252
2 24 3.126 -12.45 25.4144 0 -12.45 26.252
2 24 0 -8 26.252 -3.126 -8 25.4144
2 24 0 -12.45 26.252 -3.126 -12.45 25.4144
2 24 -3.126 -8 25.4144 -5.4144 -8 23.126
2 24 -3.126 -12.45 25.4144 -5.4144 -12.45 23.126
2 24 -5.4144 -8 23.126 -6.252 -8 20
2 24 -5.4144 -12.45 23.126 -6.252 -12.45 20
2 24 -6.252 -8 20 -5.4144 -8 16.874
2 24 -6.252 -12.45 20 -5.4144 -12.45 16.874
2 24 -5.4144 -8 16.874 -3.126 -8 14.5856
2 24 -5.4144 -12.45 16.874 -3.126 -12.45 14.5856
2 24 -3.126 -8 14.5856 0 -8 13.748
2 24 -3.126 -12.45 14.5856 0 -12.45 13.748
2 24 3.126 -8 14.5856 0 -8 13.748
2 24 3.126 -12.45 14.5856 0 -12.45 13.748
2 24 3.126 -12.45 -5.4144 5.4144 -12.45 -3.126
2 24 5.4144 -12.45 -3.126 6.252 -12.45 0
2 24 6.252 -12.45 0 5.4144 -12.45 3.126
2 24 5.4144 -12.45 3.126 3.126 -12.45 5.4144
2 24 3.126 -12.45 5.4144 0 -12.45 6.252
2 24 0 -12.45 6.252 -3.126 -12.45 5.4144
2 24 -3.126 -12.45 5.4144 -5.4144 -12.45 3.126
2 24 -5.4144 -12.45 3.126 -6.252 -12.45 0
2 24 -6.252 -12.45 0 -5.4144 -12.45 -3.126
2 24 -5.4144 -12.45 -3.126 -3.126 -12.45 -5.4144
2 24 -3.126 -12.45 -5.4144 0 -12.45 -6.252
2 24 3.126 -12.45 -5.4144 0 -12.45 -6.252
2 24 3.126 -8 -5.4144 5.4144 -8 -3.126
2 24 3.126 -12.45 -5.4144 5.4144 -12.45 -3.126
2 24 5.4144 -8 -3.126 6.252 -8 0
2 24 5.4144 -12.45 -3.126 6.252 -12.45 0
2 24 6.252 -8 0 5.4144 -8 3.126
2 24 6.252 -12.45 0 5.4144 -12.45 3.126
2 24 5.4144 -8 3.126 3.126 -8 5.4144
2 24 5.4144 -12.45 3.126 3.126 -12.45 5.4144
2 24 3.126 -8 5.4144 0 -8 6.252
2 24 3.126 -12.45 5.4144 0 -12.45 6.252
2 24 0 -8 6.252 -3.126 -8 5.4144
2 24 0 -12.45 6.252 -3.126 -12.45 5.4144
2 24 -3.126 -8 5.4144 -5.4144 -8 3.126
2 24 -3.126 -12.45 5.4144 -5.4144 -12.45 3.126
2 24 -5.4144 -8 3.126 -6.252 -8 0
2 24 -5.4144 -12.45 3.126 -6.252 -12.45 0
2 24 -6.252 -8 0 -5.4144 -8 -3.126
2 24 -6.252 -12.45 0 -5.4144 -12.45 -3.126
2 24 -5.4144 -8 -3.126 -3.126 -8 -5.4144
2 24 -5.4144 -12.45 -3.126 -3.126 -12.45 -5.4144
2 24 -3.126 -8 -5.4144 0 -8 -6.252
2 24 -3.126 -12.45 -5.4144 0 -12.45 -6.252
2 24 3.126 -8 -5.4144 0 -8 -6.252
2 24 3.126 -12.45 -5.4144 0 -12.45 -6.252
0 STEP
