0 Slope 45 1 x 1 x 2/3 Double Concave
0 Name: bl_7827.dat
0 Author: 
0 BL_Item_No 7827
0 BFC CERTIFY CCW
3 16 -8.0089 -1.25 9.3 8.0089 -1.25 9.3 -7.674 0 8.9651
3 16 -7.674 0 8.9651 8.0089 -1.25 9.3 7.674 0 8.9651
3 16 -8.9219 -1.25 8.9219 -8.0089 -1.25 9.3 -8.5869 0 8.5869
3 16 -8.5869 0 8.5869 -8.0089 -1.25 9.3 -7.674 0 8.9651
3 16 -8.9651 0 7.674 -9.3 -1.25 8.0089 -8.5869 0 8.5869
3 16 -8.5869 0 8.5869 -9.3 -1.25 8.0089 -8.9219 -1.25 8.9219
3 16 -10 -1.25 10 10 -1.25 10 -8.0089 -1.25 9.3
3 16 -8.0089 -1.25 9.3 10 -1.25 10 8.0089 -1.25 9.3
3 16 -8.9219 -1.25 8.9219 -9.3 -1.25 8.0089 -10 -1.25 10
3 16 7.674 0 8.9651 6.25 0 6.25 -7.674 0 8.9651
3 16 -7.674 0 8.9651 6.25 0 6.25 -6.25 0 6.25
3 16 -6.25 0 -6.25 -8.5869 0 -8.5869 -8.9651 0 -7.674
3 16 6.25 0 6.25 8.5869 0 8.5869 8.9651 0 7.674
3 16 10 -1.25 10 8.9219 -1.25 8.9219 8.0089 -1.25 9.3
3 16 8.9651 0 -7.674 9.3 -1.25 -8.0089 8.5869 0 -8.5869
3 16 8.5869 0 -8.5869 9.3 -1.25 -8.0089 8.9219 -1.25 -8.9219
3 16 7.674 0 8.9651 8.0089 -1.25 9.3 8.5869 0 8.5869
3 16 8.5869 0 8.5869 8.0089 -1.25 9.3 8.9219 -1.25 8.9219
3 16 -7.674 0 -8.9651 -8.0089 -1.25 -9.3 -8.5869 0 -8.5869
3 16 -8.5869 0 -8.5869 -8.0089 -1.25 -9.3 -8.9219 -1.25 -8.9219
3 16 8.9219 -1.25 8.9219 9.3 -1.25 8.0089 8.5869 0 8.5869
3 16 8.5869 0 8.5869 9.3 -1.25 8.0089 8.9651 0 7.674
3 16 8.9219 -1.25 -8.9219 8.0089 -1.25 -9.3 8.5869 0 -8.5869
3 16 8.5869 0 -8.5869 8.0089 -1.25 -9.3 7.674 0 -8.9651
3 16 -8.9219 -1.25 -8.9219 -9.3 -1.25 -8.0089 -8.5869 0 -8.5869
3 16 -8.5869 0 -8.5869 -9.3 -1.25 -8.0089 -8.9651 0 -7.674
3 16 -6.25 0 6.25 -8.9651 0 7.674 -8.5869 0 8.5869
3 16 9.3 -1.25 -8.0089 8.9651 0 -7.674 9.3 -1.25 8.0089
3 16 9.3 -1.25 8.0089 8.9651 0 -7.674 8.9651 0 7.674
3 16 7.674 0 -8.9651 8.0089 -1.25 -9.3 -7.674 0 -8.9651
3 16 -7.674 0 -8.9651 8.0089 -1.25 -9.3 -8.0089 -1.25 -9.3
3 16 -9.3 -1.25 -8.0089 -9.3 -1.25 8.0089 -8.9651 0 -7.674
3 16 -8.9651 0 -7.674 -9.3 -1.25 8.0089 -8.9651 0 7.674
3 16 -6.25 0 -6.25 -7.674 0 -8.9651 -8.5869 0 -8.5869
3 16 -8.9219 -1.25 -8.9219 -8.0089 -1.25 -9.3 -10 -1.25 -10
3 16 10 -1.25 -10 8.9219 -1.25 -8.9219 9.3 -1.25 -8.0089
3 16 6.25 0 -6.25 8.5869 0 -8.5869 7.674 0 -8.9651
3 16 10 -1.25 10 9.3 -1.25 8.0089 8.9219 -1.25 8.9219
3 16 7.674 0 8.9651 8.5869 0 8.5869 6.25 0 6.25
3 16 6.25 0 6.25 8.9651 0 7.674 6.25 0 -6.25
3 16 6.25 0 -6.25 8.9651 0 7.674 8.9651 0 -7.674
3 16 6.25 0 -6.25 8.9651 0 -7.674 8.5869 0 -8.5869
3 16 10 -1.25 -10 8.0089 -1.25 -9.3 8.9219 -1.25 -8.9219
3 16 10 -1.25 10 10 -1.25 -10 9.3 -1.25 8.0089
3 16 9.3 -1.25 8.0089 10 -1.25 -10 9.3 -1.25 -8.0089
3 16 -6.25 0 6.25 -8.5869 0 8.5869 -7.674 0 8.9651
3 16 -8.9651 0 -7.674 -8.9651 0 7.674 -6.25 0 -6.25
3 16 -6.25 0 -6.25 -8.9651 0 7.674 -6.25 0 6.25
3 16 -10 -1.25 -10 -10 -1.25 10 -9.3 -1.25 -8.0089
3 16 -9.3 -1.25 -8.0089 -10 -1.25 10 -9.3 -1.25 8.0089
3 16 -10 -1.25 10 -8.0089 -1.25 9.3 -8.9219 -1.25 8.9219
3 16 -7.674 0 -8.9651 -6.25 0 -6.25 7.674 0 -8.9651
3 16 7.674 0 -8.9651 -6.25 0 -6.25 6.25 0 -6.25
3 16 -10 -1.25 -10 -9.3 -1.25 -8.0089 -8.9219 -1.25 -8.9219
3 16 10 -1.25 -10 -10 -1.25 -10 8.0089 -1.25 -9.3
3 16 8.0089 -1.25 -9.3 -10 -1.25 -10 -8.0089 -1.25 -9.3
3 16 -7.3974 -13.0218 10 -10 -1.25 10 -10 -13.0218 10
3 16 -9.049 -14.8805 10 -9.5551 -14.2609 10 -9.049 -14.8805 8.0508
3 16 -9.049 -14.8805 8.0508 -9.5551 -14.2609 10 -9.5551 -14.2609 6.9517
3 16 -8.2523 -15.3451 10 -9.049 -14.8805 10 -8.2523 -15.3451 8.8751
3 16 -8.2523 -15.3451 8.8751 -9.049 -14.8805 10 -9.049 -14.8805 8.0508
3 16 -9.8444 -13.6414 10 -10 -13.0218 10 -9.8444 -13.6414 5.8525
3 16 -9.8444 -13.6414 5.8525 -10 -13.0218 10 -10 -13.0218 4.7534
3 16 -9.5551 -14.2609 10 -9.8444 -13.6414 10 -9.5551 -14.2609 6.9517
3 16 -9.5551 -14.2609 6.9517 -9.8444 -13.6414 10 -9.8444 -13.6414 5.8525
3 16 -7.3974 -15.5 10 -8.2523 -15.3451 10 -7.3974 -15.5 9.1499
3 16 -7.3974 -15.5 9.1499 -8.2523 -15.3451 10 -8.2523 -15.3451 8.8751
3 16 -10 -1.25 10 -7.3974 -13.0218 10 10 -1.25 10
3 16 10 -1.25 10 -7.3974 -13.0218 10 10 -15.5 10
3 16 10 -15.5 10 -7.3974 -15.5 10 9.1499 -15.5 9.1499
3 16 9.1499 -15.5 9.1499 -7.3974 -15.5 10 -7.3974 -15.5 9.1499
3 16 9.1499 -15.5 9.1499 -7.3974 -15.5 9.1499 -8.2523 -15.3451 8.8751
3 16 9.1499 -15.5 9.1499 -8.2523 -15.3451 8.8751 -9.049 -14.8805 8.0508
3 16 9.1499 -15.5 9.1499 -9.049 -14.8805 8.0508 -9.5551 -14.2609 6.9517
3 16 9.1499 -15.5 9.1499 -9.5551 -14.2609 6.9517 -9.8444 -13.6414 5.8525
3 16 9.1499 -15.5 9.1499 -9.8444 -13.6414 5.8525 -10 -13.0218 4.7534
3 16 9.1499 -15.5 9.1499 -10 -13.0218 4.7534 -10 -4.7041 -10
3 16 -10 -13.0218 4.7534 -10 -13.0218 10 -10 -1.25 10
3 16 10 -15.5 10 -7.3974 -13.0218 10 -7.3974 -15.5 10
3 16 -7.3974 -13.0218 10 -10 -13.0218 10 -9.8444 -13.6414 10
3 16 -7.3974 -13.0218 10 -9.5551 -14.2609 10 -9.049 -14.8805 10
3 16 -8.2523 -15.3451 10 -7.3974 -13.0218 10 -9.049 -14.8805 10
3 16 -10 -4.7041 -10 -10 -1.25 -10 4.7534 -13.0218 -10
3 16 4.7534 -13.0218 -10 -10 -1.25 -10 10 -1.25 -10
3 16 10 -13.0218 -10 10 -1.25 -10 10 -13.0218 -7.3974
3 16 10 -14.8805 -9.049 10 -14.2609 -9.5551 10 -13.0218 -7.3974
3 16 10 -14.2609 -9.5551 10 -13.6414 -9.8444 10 -13.0218 -7.3974
3 16 10 -13.0218 -7.3974 10 -15.5 -7.3974 10 -15.3451 -8.2523
3 16 9.1499 -15.5 9.1499 -10 -4.7041 -10 4.7534 -13.0218 -10
3 16 10 -15.5 10 10 -13.0218 -7.3974 10 -1.25 10
3 16 10 -1.25 10 10 -13.0218 -7.3974 10 -1.25 -10
3 16 5.8525 -13.6414 -9.8444 10 -13.6414 -9.8444 6.9517 -14.2609 -9.5551
3 16 6.9517 -14.2609 -9.5551 10 -13.6414 -9.8444 10 -14.2609 -9.5551
3 16 4.7534 -13.0218 -10 10 -13.0218 -10 5.8525 -13.6414 -9.8444
3 16 5.8525 -13.6414 -9.8444 10 -13.0218 -10 10 -13.6414 -9.8444
3 16 6.9517 -14.2609 -9.5551 10 -14.2609 -9.5551 8.0508 -14.8805 -9.049
3 16 8.0508 -14.8805 -9.049 10 -14.2609 -9.5551 10 -14.8805 -9.049
3 16 8.0508 -14.8805 -9.049 10 -14.8805 -9.049 8.8751 -15.3451 -8.2523
3 16 8.8751 -15.3451 -8.2523 10 -14.8805 -9.049 10 -15.3451 -8.2523
3 16 10 -15.5 -7.3974 9.1499 -15.5 -7.3974 10 -15.3451 -8.2523
3 16 10 -15.3451 -8.2523 9.1499 -15.5 -7.3974 8.8751 -15.3451 -8.2523
3 16 10 -15.5 10 9.1499 -15.5 9.1499 10 -15.5 -7.3974
3 16 10 -15.5 -7.3974 9.1499 -15.5 9.1499 9.1499 -15.5 -7.3974
3 16 9.1499 -15.5 9.1499 4.7534 -13.0218 -10 5.8525 -13.6414 -9.8444
3 16 9.1499 -15.5 9.1499 5.8525 -13.6414 -9.8444 6.9517 -14.2609 -9.5551
3 16 9.1499 -15.5 9.1499 6.9517 -14.2609 -9.5551 8.0508 -14.8805 -9.049
3 16 10 -15.5 10 10 -15.5 -7.3974 10 -13.0218 -7.3974
3 16 9.1499 -15.5 9.1499 8.8751 -15.3451 -8.2523 9.1499 -15.5 -7.3974
3 16 9.1499 -15.5 9.1499 8.0508 -14.8805 -9.049 8.8751 -15.3451 -8.2523
3 16 -7.3974 -15.5 10 -7.3974 -13.0218 10 -8.2523 -15.3451 10
3 16 -7.3974 -13.0218 10 -9.8444 -13.6414 10 -9.5551 -14.2609 10
3 16 10 -13.0218 -7.3974 10 -15.3451 -8.2523 10 -14.8805 -9.049
3 16 10 -13.0218 -7.3974 10 -13.6414 -9.8444 10 -13.0218 -10
3 16 -10 -1.25 10 -10 -1.25 -10 -10 -13.0218 4.7534
3 16 -10 -13.0218 4.7534 -10 -1.25 -10 -10 -4.7041 -10
3 16 4.7534 -13.0218 -10 10 -1.25 -10 10 -13.0218 -10
3 16 6.25 -10.5654 6.25 6.25 -10.5654 -6.25 -3.41 -5.25 -3.41
3 16 -3.41 -5.25 -3.41 6.25 -10.5654 -6.25 -3.41 -5.25 -6.25
3 16 -6.25 0 -6.25 -3.41 -5.25 -6.25 6.25 0 -6.25
3 16 6.25 0 -6.25 -3.41 -5.25 -6.25 6.25 -10.5654 -6.25
3 16 -6.25 0 -6.25 -6.25 0 6.25 -6.25 -5.25 -3.41
3 16 -6.25 -5.25 -3.41 -6.25 0 6.25 -6.25 -10.5654 6.25
3 16 6.25 -10.5654 -6.25 6.25 -10.5654 6.25 6.25 0 -6.25
3 16 6.25 0 -6.25 6.25 -10.5654 6.25 6.25 0 6.25
3 16 -6.25 0 6.25 6.25 0 6.25 -6.25 -10.5654 6.25
3 16 -6.25 -10.5654 6.25 6.25 0 6.25 6.25 -10.5654 6.25
3 16 -3.41 -5.25 -6.25 -6.25 -5.25 -6.25 -3.41 -5.25 -3.41
3 16 -3.41 -5.25 -3.41 -6.25 -5.25 -6.25 -6.25 -5.25 -3.41
3 16 6.25 -10.5654 6.25 -3.41 -5.25 -3.41 -6.25 -10.5654 6.25
3 16 -6.25 -10.5654 6.25 -3.41 -5.25 -3.41 -6.25 -5.25 -3.41
3 16 -6.25 -5.25 -6.25 -6.25 0 -6.25 -6.25 -5.25 -3.41
3 16 -6.25 -5.25 -6.25 -3.41 -5.25 -6.25 -6.25 0 -6.25
2 24 -8.0089 -1.25 9.3 8.0089 -1.25 9.3
2 24 -7.674 0 8.9651 7.674 0 8.9651
2 24 -8.0089 -1.25 9.3 -8.9219 -1.25 8.9219
2 24 -7.674 0 8.9651 -8.5869 0 8.5869
2 24 -8.5869 0 8.5869 -8.9651 0 7.674
2 24 -8.9219 -1.25 8.9219 -9.3 -1.25 8.0089
2 24 -10 -1.25 10 10 -1.25 10
2 24 -8.0089 -1.25 9.3 8.0089 -1.25 9.3
2 24 -8.9219 -1.25 8.9219 -9.3 -1.25 8.0089
2 24 7.674 0 8.9651 -7.674 0 8.9651
2 24 6.25 0 6.25 -6.25 0 6.25
2 24 -8.5869 0 -8.5869 -8.9651 0 -7.674
2 24 8.5869 0 8.5869 8.9651 0 7.674
2 24 8.0089 -1.25 9.3 8.9219 -1.25 8.9219
2 24 8.9651 0 -7.674 8.5869 0 -8.5869
2 24 9.3 -1.25 -8.0089 8.9219 -1.25 -8.9219
2 24 7.674 0 8.9651 8.5869 0 8.5869
2 24 8.0089 -1.25 9.3 8.9219 -1.25 8.9219
2 24 -7.674 0 -8.9651 -8.5869 0 -8.5869
2 24 -8.0089 -1.25 -9.3 -8.9219 -1.25 -8.9219
2 24 8.9219 -1.25 8.9219 9.3 -1.25 8.0089
2 24 8.5869 0 8.5869 8.9651 0 7.674
2 24 8.9219 -1.25 -8.9219 8.0089 -1.25 -9.3
2 24 8.5869 0 -8.5869 7.674 0 -8.9651
2 24 -8.9219 -1.25 -8.9219 -9.3 -1.25 -8.0089
2 24 -8.5869 0 -8.5869 -8.9651 0 -7.674
2 24 -8.9651 0 7.674 -8.5869 0 8.5869
2 24 9.3 -1.25 -8.0089 9.3 -1.25 8.0089
2 24 8.9651 0 -7.674 8.9651 0 7.674
2 24 -7.674 0 -8.9651 7.674 0 -8.9651
2 24 -8.0089 -1.25 -9.3 8.0089 -1.25 -9.3
2 24 -9.3 -1.25 8.0089 -9.3 -1.25 -8.0089
2 24 -8.9651 0 7.674 -8.9651 0 -7.674
2 24 -8.5869 0 -8.5869 -7.674 0 -8.9651
2 24 -8.9219 -1.25 -8.9219 -8.0089 -1.25 -9.3
2 24 8.9219 -1.25 -8.9219 9.3 -1.25 -8.0089
2 24 8.5869 0 -8.5869 7.674 0 -8.9651
2 24 8.9219 -1.25 8.9219 9.3 -1.25 8.0089
2 24 7.674 0 8.9651 8.5869 0 8.5869
2 24 6.25 0 6.25 6.25 0 -6.25
2 24 8.9651 0 7.674 8.9651 0 -7.674
2 24 8.5869 0 -8.5869 8.9651 0 -7.674
2 24 8.9219 -1.25 -8.9219 8.0089 -1.25 -9.3
2 24 10 -1.25 10 10 -1.25 -10
2 24 9.3 -1.25 -8.0089 9.3 -1.25 8.0089
2 24 -7.674 0 8.9651 -8.5869 0 8.5869
2 24 -8.9651 0 -7.674 -8.9651 0 7.674
2 24 -6.25 0 6.25 -6.25 0 -6.25
2 24 -10 -1.25 10 -10 -1.25 -10
2 24 -9.3 -1.25 8.0089 -9.3 -1.25 -8.0089
2 24 -8.0089 -1.25 9.3 -8.9219 -1.25 8.9219
2 24 -7.674 0 -8.9651 7.674 0 -8.9651
2 24 -6.25 0 -6.25 6.25 0 -6.25
2 24 -8.9219 -1.25 -8.9219 -9.3 -1.25 -8.0089
2 24 -10 -1.25 -10 10 -1.25 -10
2 24 -8.0089 -1.25 -9.3 8.0089 -1.25 -9.3
2 24 -10 -1.25 10 -10 -13.0218 10
2 24 -9.049 -14.8805 10 -9.5551 -14.2609 10
2 24 -9.049 -14.8805 8.0508 -9.5551 -14.2609 6.9517
2 24 -9.049 -14.8805 10 -8.2523 -15.3451 10
2 24 -9.049 -14.8805 8.0508 -8.2523 -15.3451 8.8751
2 24 -9.8444 -13.6414 10 -10 -13.0218 10
2 24 -9.8444 -13.6414 5.8525 -10 -13.0218 4.7534
2 24 -9.5551 -14.2609 10 -9.8444 -13.6414 10
2 24 -9.5551 -14.2609 6.9517 -9.8444 -13.6414 5.8525
2 24 -8.2523 -15.3451 10 -7.3974 -15.5 10
2 24 -8.2523 -15.3451 8.8751 -7.3974 -15.5 9.1499
2 24 -10 -1.25 10 10 -1.25 10
2 24 10 -1.25 10 10 -15.5 10
2 24 -7.3974 -15.5 10 10 -15.5 10
2 24 -7.3974 -15.5 9.1499 9.1499 -15.5 9.1499
2 24 -7.3974 -15.5 9.1499 -8.2523 -15.3451 8.8751
2 24 9.1499 -15.5 9.1499 -7.3974 -15.5 9.1499
2 24 -8.2523 -15.3451 8.8751 -9.049 -14.8805 8.0508
2 24 -9.049 -14.8805 8.0508 -9.5551 -14.2609 6.9517
2 24 -9.5551 -14.2609 6.9517 -9.8444 -13.6414 5.8525
2 24 -9.8444 -13.6414 5.8525 -10 -13.0218 4.7534
2 24 -10 -13.0218 4.7534 -10 -4.7041 -10
2 24 9.1499 -15.5 9.1499 -10 -4.7041 -10
2 24 -10 -13.0218 10 -10 -1.25 10
2 24 10 -15.5 10 -7.3974 -15.5 10
2 24 -10 -13.0218 10 -9.8444 -13.6414 10
2 24 -9.5551 -14.2609 10 -9.049 -14.8805 10
2 24 -9.049 -14.8805 10 -8.2523 -15.3451 10
2 24 -10 -4.7041 -10 -10 -1.25 -10
2 24 -10 -4.7041 -10 4.7534 -13.0218 -10
2 24 -10 -1.25 -10 10 -1.25 -10
2 24 10 -13.0218 -10 10 -1.25 -10
2 24 10 -14.8805 -9.049 10 -14.2609 -9.5551
2 24 10 -14.2609 -9.5551 10 -13.6414 -9.8444
2 24 10 -15.5 -7.3974 10 -15.3451 -8.2523
2 24 -10 -4.7041 -10 4.7534 -13.0218 -10
2 24 9.1499 -15.5 9.1499 -10 -4.7041 -10
2 24 10 -15.5 10 10 -1.25 10
2 24 10 -1.25 -10 10 -1.25 10
2 24 5.8525 -13.6414 -9.8444 6.9517 -14.2609 -9.5551
2 24 10 -13.6414 -9.8444 10 -14.2609 -9.5551
2 24 4.7534 -13.0218 -10 5.8525 -13.6414 -9.8444
2 24 10 -13.6414 -9.8444 10 -13.0218 -10
2 24 6.9517 -14.2609 -9.5551 8.0508 -14.8805 -9.049
2 24 10 -14.2609 -9.5551 10 -14.8805 -9.049
2 24 8.0508 -14.8805 -9.049 8.8751 -15.3451 -8.2523
2 24 10 -14.8805 -9.049 10 -15.3451 -8.2523
2 24 10 -15.3451 -8.2523 10 -15.5 -7.3974
2 24 8.8751 -15.3451 -8.2523 9.1499 -15.5 -7.3974
2 24 10 -15.5 10 10 -15.5 -7.3974
2 24 9.1499 -15.5 9.1499 9.1499 -15.5 -7.3974
2 24 4.7534 -13.0218 -10 5.8525 -13.6414 -9.8444
2 24 5.8525 -13.6414 -9.8444 6.9517 -14.2609 -9.5551
2 24 6.9517 -14.2609 -9.5551 8.0508 -14.8805 -9.049
2 24 10 -15.5 -7.3974 10 -15.5 10
2 24 8.8751 -15.3451 -8.2523 9.1499 -15.5 -7.3974
2 24 9.1499 -15.5 9.1499 9.1499 -15.5 -7.3974
2 24 8.0508 -14.8805 -9.049 8.8751 -15.3451 -8.2523
2 24 -7.3974 -15.5 10 -8.2523 -15.3451 10
2 24 -9.8444 -13.6414 10 -9.5551 -14.2609 10
2 24 10 -14.8805 -9.049 10 -15.3451 -8.2523
2 24 10 -13.0218 -10 10 -13.6414 -9.8444
2 24 -10 -1.25 10 -10 -1.25 -10
2 24 -10 -1.25 -10 -10 -4.7041 -10
2 24 -10 -13.0218 4.7534 -10 -4.7041 -10
2 24 10 -1.25 -10 10 -13.0218 -10
2 24 6.25 -10.5654 6.25 6.25 -10.5654 -6.25
2 24 6.25 -10.5654 6.25 -3.41 -5.25 -3.41
2 24 6.25 -10.5654 -6.25 -3.41 -5.25 -6.25
2 24 -3.41 -5.25 -3.41 -3.41 -5.25 -6.25
2 24 -6.25 0 -6.25 6.25 0 -6.25
2 24 -3.41 -5.25 -6.25 6.25 -10.5654 -6.25
2 24 6.25 0 -6.25 6.25 -10.5654 -6.25
2 24 -6.25 0 -6.25 -6.25 0 6.25
2 24 -6.25 0 6.25 -6.25 -10.5654 6.25
2 24 -6.25 -5.25 -3.41 -6.25 -10.5654 6.25
2 24 6.25 -10.5654 -6.25 6.25 -10.5654 6.25
2 24 6.25 -10.5654 -6.25 6.25 0 -6.25
2 24 6.25 -10.5654 6.25 6.25 0 6.25
2 24 6.25 0 -6.25 6.25 0 6.25
2 24 -6.25 0 6.25 6.25 0 6.25
2 24 -6.25 0 6.25 -6.25 -10.5654 6.25
2 24 6.25 0 6.25 6.25 -10.5654 6.25
2 24 -6.25 -10.5654 6.25 6.25 -10.5654 6.25
2 24 -3.41 -5.25 -6.25 -6.25 -5.25 -6.25
2 24 -3.41 -5.25 -6.25 -3.41 -5.25 -3.41
2 24 -6.25 -5.25 -6.25 -6.25 -5.25 -3.41
2 24 -3.41 -5.25 -3.41 -6.25 -5.25 -3.41
2 24 6.25 -10.5654 6.25 -3.41 -5.25 -3.41
2 24 6.25 -10.5654 6.25 -6.25 -10.5654 6.25
2 24 -3.41 -5.25 -3.41 -6.25 -5.25 -3.41
2 24 -6.25 -10.5654 6.25 -6.25 -5.25 -3.41
2 24 -6.25 0 -6.25 -6.25 -5.25 -6.25
2 24 -6.25 -5.25 -3.41 -6.25 -5.25 -6.25
2 24 -3.41 -5.25 -6.25 -6.25 -5.25 -6.25
2 24 -6.25 0 -6.25 -6.25 -5.25 -6.25
0 STEP
