0 Minifigure, Utensil Forearm Crutch
0 Name: bl_7185.dat
0 Author: 
0 BL_Item_No 7185
0 BFC CERTIFY CCW
3 16 -2 -28.5 -3.4641 0 -28.5 -4 -2.1159 -38.2498 -3.3944
3 16 -2.1159 -38.2498 -3.3944 0 -28.5 -4 -0.2122 -38.6057 -3.9913
3 16 -3.4641 -28.5 -2 -2 -28.5 -3.4641 -3.5088 -37.9971 -1.9202
3 16 -3.5088 -37.9971 -1.9202 -2 -28.5 -3.4641 -2.1159 -38.2498 -3.3944
3 16 0 -28.5 -4 2 -28.5 -3.4641 2.2787 -31.4288 -3.2875
3 16 -4 -28.5 0 -3.4641 -28.5 -2 -4 -37.917 0
3 16 -4 -37.917 0 -3.4641 -28.5 -2 -3.5088 -37.9971 -1.9202
3 16 3.4641 -28.5 -2 4 -28.5 0 3.616 -30.0915 -1.7102
3 16 3.616 -30.0915 -1.7102 4 -28.5 0 4 -29.7075 0
3 16 3.616 -30.0915 -1.7102 4 -29.7075 0 6.2024 -30.241 -1.9956
3 16 6.2024 -30.241 -1.9956 4 -29.7075 0 6.2018 -29.7075 0
3 16 4.9378 -33.7075 -4 4.295 -32.5464 -3.8278 6.2018 -33.7075 -4.0042
3 16 6.2018 -33.7075 -4.0042 4.295 -32.5464 -3.8278 6.2018 -31.7246 -3.4875
3 16 6.2024 -30.241 -1.9956 6.2018 -31.7246 -3.4875 3.5045 -31.9973 -3.616
3 16 3.5045 -31.9973 -3.616 6.2018 -31.7246 -3.4875 4.295 -32.5464 -3.8278
3 16 6.2018 -37.7075 0 4 -37.7075 0 6.2024 -37.174 -1.9956
3 16 6.2024 -37.174 -1.9956 4 -37.7075 0 3.616 -37.3235 -1.7102
3 16 4.9378 -33.7075 -4 6.2018 -33.7075 -4.0042 4.295 -34.8686 -3.8278
3 16 4.295 -34.8686 -3.8278 6.2018 -33.7075 -4.0042 6.2018 -35.6904 -3.4875
3 16 6.2024 -37.174 -1.9956 3.616 -37.3235 -1.7102 3.5045 -35.4177 -3.616
3 16 3.5045 -35.4177 -3.616 3.616 -37.3235 -1.7102 2.2787 -35.9862 -3.2875
3 16 3.616 -37.3235 -1.7102 4 -37.7075 0 3.593 -39.3405 -1.7559
3 16 3.593 -39.3405 -1.7559 4 -37.7075 0 4 -39.4297 0
3 16 2.2787 -35.9862 -3.2875 2.2787 -31.4288 -3.2875 3.5045 -35.4177 -3.616
3 16 3.5045 -35.4177 -3.616 2.2787 -31.4288 -3.2875 3.5045 -31.9973 -3.616
3 16 -3.5088 -37.9971 -1.9202 -3.7719 -39.7119 -1.7948 -4 -37.917 0
3 16 -4 -37.917 0 -3.7719 -39.7119 -1.7948 -4.222 -39.6242 0
3 16 -2.1159 -38.2498 -3.3944 -2.5006 -39.9438 -3.1853 -3.5088 -37.9971 -1.9202
3 16 -3.5088 -37.9971 -1.9202 -2.5006 -39.9438 -3.1853 -3.7719 -39.7119 -1.7948
3 16 3.593 -39.3405 -1.7559 2.8768 -41.3044 -1.6388 1.8082 -38.9896 -3.5679
3 16 1.8082 -38.9896 -3.5679 2.8768 -41.3044 -1.6388 1.0871 -41.0591 -3.3881
3 16 4 -39.4297 0 3.2818 -41.3202 0 3.593 -39.3405 -1.7559
3 16 3.593 -39.3405 -1.7559 3.2818 -41.3202 0 2.8768 -41.3044 -1.6388
3 16 -0.2122 -38.6057 -3.9913 -0.5357 -40.7729 -3.7652 -1.4214 -40.6167 -3.6697
3 16 1.8082 -38.9896 -3.5679 1.0871 -41.0591 -3.3881 -0.2122 -38.6057 -3.9913
3 16 -0.2122 -38.6057 -3.9913 1.0871 -41.0591 -3.3881 -0.5357 -40.7729 -3.7652
3 16 3.5 -8 0 3.5021 -28.5 0 3.0311 -8 -1.75
3 16 3.0311 -8 -1.75 3.5021 -28.5 0 3.0311 -28.5 -1.75
3 16 0 0 0 4 0 0 3.4641 0 -2
3 16 -2 0 -3.4641 0 0 0 0 0 -4
3 16 0 0 0 2 0 -3.4641 0 0 -4
3 16 1.75 -8 -3.0311 1.7425 -28.5 -3.0358 0 -8 -3.5
3 16 0 -8 -3.5 1.7425 -28.5 -3.0358 0 -28.5 -3.5
3 16 0 0 0 -2 0 -3.4641 -3.4641 0 -2
3 16 0 0 0 3.4641 0 -2 2 0 -3.4641
3 16 -2.5006 -39.9438 -3.1853 -7.3033 -51.8033 -3.1103 -3.7719 -39.7119 -1.7948
3 16 -3.7719 -39.7119 -1.7948 -7.3033 -51.8033 -3.1103 -8.4346 -51.3559 -1.7602
3 16 -6.6295 -53.6153 -2.104 -7.3709 -55.5231 -3.033 -6.6295 -53.6153 2.104
3 16 -6.6295 -53.6153 2.104 -7.3709 -55.5231 -3.033 -7.3709 -55.5231 3.033
3 16 -7.206 -55.5535 -3.6857 -6.4282 -53.3323 -3.2707 -6.6163 -55.6388 -4.2557
3 16 -6.6163 -55.6388 -4.2557 -6.4282 -53.3323 -3.2707 -5.9552 -52.3397 -3.6949
3 16 -0.5357 -40.7729 -3.7652 1.0871 -41.0591 -3.3881 -0.6695 -40.7493 -4.3402
3 16 -0.6695 -40.7493 -4.3402 1.0871 -41.0591 -3.3881 4.387 -41.2951 -4.3229
3 16 1.0705 -55.3364 -3.9351 5.133 -41.269 -3.9227 1.1649 -55.325 -3.0832
3 16 1.1649 -55.325 -3.0832 5.133 -41.269 -3.9227 5.2031 -41.2666 -3.0987
3 16 3.2818 -41.3202 0 4.5349 -41.2899 0 2.8768 -41.3044 -1.6388
3 16 2.8768 -41.3044 -1.6388 4.5349 -41.2899 0 4.8241 -41.2798 -2.0524
3 16 5.133 -41.269 -3.9227 2.8768 -41.3044 -1.6388 5.2031 -41.2666 -3.0987
3 16 2.8768 -41.3044 -1.6388 4.8241 -41.2798 -2.0524 5.2031 -41.2666 -3.0987
3 16 0.3373 -55.4139 -4.3052 4.387 -41.2951 -4.3229 1.0705 -55.3364 -3.9351
3 16 1.0705 -55.3364 -3.9351 4.387 -41.2951 -4.3229 5.133 -41.269 -3.9227
3 16 -6.6163 -55.6388 -4.2557 -5.9552 -52.3397 -3.6949 -0.6695 -40.7493 -4.3402
3 16 -0.6695 -40.7493 -4.3402 -5.9552 -52.3397 -3.6949 -1.4214 -40.6167 -3.6697
3 16 -6.6163 -55.6388 -4.2557 -0.6695 -40.7493 -4.3402 0.3373 -55.4139 -4.3052
3 16 0.3373 -55.4139 -4.3052 -0.6695 -40.7493 -4.3402 4.387 -41.2951 -4.3229
3 16 0.4814 -55.4001 0 0.7753 -55.3698 -2.0344 4.5349 -41.2899 0
3 16 4.5349 -41.2899 0 0.7753 -55.3698 -2.0344 4.8241 -41.2798 -2.0524
3 16 6.2018 -33.7075 -4.0042 6.2018 -31.7246 -3.4875 18.5 -33.7075 -4
3 16 18.5 -33.7075 -4 6.2018 -31.7246 -3.4875 18.5 -31.7075 -3.4641
3 16 6.2018 -31.7246 -3.4875 6.2024 -30.241 -1.9956 18.5 -31.7075 -3.4641
3 16 18.5 -31.7075 -3.4641 6.2024 -30.241 -1.9956 18.5 -30.2434 -2
3 16 -3.5 -8 0 -4 -8 0 -3.0311 -8 -1.75
3 16 -3.0311 -8 -1.75 -4 -8 0 -3.4641 -8 -2
3 16 3.4641 0 -2 4 0 0 3.4641 -8 -2
3 16 3.4641 -8 -2 4 0 0 4 -8 0
3 16 -3.0311 -8 -1.75 -3.4641 -8 -2 -1.75 -8 -3.0311
3 16 -1.75 -8 -3.0311 -3.4641 -8 -2 -2 -8 -3.4641
3 16 -1.75 -8 -3.0311 -2 -8 -3.4641 0 -8 -3.5
3 16 0 -8 -3.5 -2 -8 -3.4641 0 -8 -4
3 16 1.75 -8 -3.0311 0 -8 -3.5 2 -8 -3.4641
3 16 2 -8 -3.4641 0 -8 -3.5 0 -8 -4
3 16 3.4641 -8 -2 4 -8 0 3.0311 -8 -1.75
3 16 3.0311 -8 -1.75 4 -8 0 3.5 -8 0
3 16 -1.75 -8 -3.0311 0 -8 -3.5 -1.7425 -28.5 -3.0358
3 16 -1.7425 -28.5 -3.0358 0 -8 -3.5 0 -28.5 -3.5
3 16 -3.0311 -8 -1.75 -1.75 -8 -3.0311 -3.0311 -28.5 -1.75
3 16 -3.0311 -28.5 -1.75 -1.75 -8 -3.0311 -1.7425 -28.5 -3.0358
3 16 3.4641 -8 -2 3.0311 -8 -1.75 2 -8 -3.4641
3 16 2 -8 -3.4641 3.0311 -8 -1.75 1.75 -8 -3.0311
3 16 -3.5 -8 0 -3.0311 -8 -1.75 -3.5 -28.5 0
3 16 -3.5 -28.5 0 -3.0311 -8 -1.75 -3.0311 -28.5 -1.75
3 16 2.2787 -31.4288 -3.2875 2 -28.5 -3.4641 3.616 -30.0915 -1.7102
3 16 3.616 -30.0915 -1.7102 2 -28.5 -3.4641 3.4641 -28.5 -2
3 16 3.0311 -28.5 -1.75 3.5021 -28.5 0 3.4641 -28.5 -2
3 16 3.4641 -28.5 -2 3.5021 -28.5 0 4 -28.5 0
3 16 -3.4641 -28.5 -2 -4 -28.5 0 -3.0311 -28.5 -1.75
3 16 -3.0311 -28.5 -1.75 -4 -28.5 0 -3.5 -28.5 0
3 16 -3.4641 -28.5 -2 -3.0311 -28.5 -1.75 -2 -28.5 -3.4641
3 16 -2 -28.5 -3.4641 -3.0311 -28.5 -1.75 -1.7425 -28.5 -3.0358
3 16 -2 -28.5 -3.4641 -1.7425 -28.5 -3.0358 0 -28.5 -4
3 16 0 -28.5 -4 -1.7425 -28.5 -3.0358 0 -28.5 -3.5
3 16 0 -28.5 -3.5 1.7425 -28.5 -3.0358 0 -28.5 -4
3 16 0 -28.5 -4 1.7425 -28.5 -3.0358 2 -28.5 -3.4641
3 16 3.4641 -28.5 -2 2 -28.5 -3.4641 3.0311 -28.5 -1.75
3 16 3.0311 -28.5 -1.75 2 -28.5 -3.4641 1.7425 -28.5 -3.0358
3 16 1.75 -8 -3.0311 3.0311 -8 -1.75 1.7425 -28.5 -3.0358
3 16 1.7425 -28.5 -3.0358 3.0311 -8 -1.75 3.0311 -28.5 -1.75
3 16 0 -8 -4 -2 -8 -3.4641 0 0 -4
3 16 0 0 -4 -2 -8 -3.4641 -2 0 -3.4641
3 16 6.2018 -37.7075 0 6.2024 -37.174 -1.9956 18.5 -37.7075 0
3 16 18.5 -37.7075 0 6.2024 -37.174 -1.9956 18.5 -37.1716 -2
3 16 18.5 -33.7075 -4 18.5 -33.7075 0 18.5 -35.7075 -3.4641
3 16 18.5 -33.7075 0 18.5 -33.7075 -4 18.5 -31.7075 -3.4641
3 16 6.2018 -35.6904 -3.4875 18.5 -35.7075 -3.4641 6.2024 -37.174 -1.9956
3 16 6.2024 -37.174 -1.9956 18.5 -35.7075 -3.4641 18.5 -37.1716 -2
3 16 18.5 -35.7075 -3.4641 18.5 -33.7075 0 18.5 -37.1716 -2
3 16 18.5 -33.7075 0 18.5 -30.2434 -2 18.5 -29.7075 0
3 16 18.5 -33.7075 0 18.5 -37.7075 0 18.5 -37.1716 -2
3 16 18.5 -31.7075 -3.4641 18.5 -30.2434 -2 18.5 -33.7075 0
3 16 6.2018 -33.7075 -4.0042 18.5 -33.7075 -4 6.2018 -35.6904 -3.4875
3 16 6.2018 -35.6904 -3.4875 18.5 -33.7075 -4 18.5 -35.7075 -3.4641
3 16 6.2024 -30.241 -1.9956 6.2018 -29.7075 0 18.5 -30.2434 -2
3 16 18.5 -30.2434 -2 6.2018 -29.7075 0 18.5 -29.7075 0
3 16 -3.4641 0 -2 -3.4641 -8 -2 -4 0 0
3 16 -4 0 0 -3.4641 -8 -2 -4 -8 0
3 16 -2 -8 -3.4641 -3.4641 -8 -2 -2 0 -3.4641
3 16 -2 0 -3.4641 -3.4641 -8 -2 -3.4641 0 -2
3 16 2 0 -3.4641 3.4641 0 -2 2 -8 -3.4641
3 16 2 -8 -3.4641 3.4641 0 -2 3.4641 -8 -2
3 16 0 0 0 -3.4641 0 -2 -4 0 0
3 16 0 0 -4 2 0 -3.4641 0 -8 -4
3 16 0 -8 -4 2 0 -3.4641 2 -8 -3.4641
3 16 -0.6695 -40.7493 -4.3402 -1.4214 -40.6167 -3.6697 -0.5357 -40.7729 -3.7652
3 16 -3.7719 -39.7119 -1.7948 -8.4346 -51.3559 -1.7602 -4.222 -39.6242 0
3 16 -4.222 -39.6242 0 -8.4346 -51.3559 -1.7602 -8.8439 -51.1979 0
3 16 5.2031 -41.2666 -3.0987 4.8241 -41.2798 -2.0524 1.1649 -55.325 -3.0832
3 16 1.1649 -55.325 -3.0832 4.8241 -41.2798 -2.0524 0.7753 -55.3698 -2.0344
3 16 2.2787 -35.9862 -3.2875 3.616 -37.3235 -1.7102 1.8082 -38.9896 -3.5679
3 16 1.8082 -38.9896 -3.5679 3.616 -37.3235 -1.7102 3.593 -39.3405 -1.7559
3 16 4.295 -34.8686 -3.8278 3.5045 -35.4177 -3.616 4.295 -32.5464 -3.8278
3 16 4.295 -32.5464 -3.8278 3.5045 -35.4177 -3.616 3.5045 -31.9973 -3.616
3 16 4.9378 -33.7075 -4 4.295 -34.8686 -3.8278 4.295 -32.5464 -3.8278
3 16 2.2787 -35.9862 -3.2875 -0.2122 -38.6057 -3.9913 2.2787 -31.4288 -3.2875
3 16 2.2787 -31.4288 -3.2875 -0.2122 -38.6057 -3.9913 0 -28.5 -4
3 16 2.2787 -35.9862 -3.2875 1.8082 -38.9896 -3.5679 -0.2122 -38.6057 -3.9913
3 16 -0.2122 -38.6057 3.9907 0 -28.5 4 -2.1159 -38.2498 3.3943
3 16 -2.1159 -38.2498 3.3943 0 -28.5 4 -2 -28.5 3.4641
3 16 -3.4641 -28.5 2 -3.508 -37.9972 1.9197 -2 -28.5 3.4641
3 16 -2 -28.5 3.4641 -3.508 -37.9972 1.9197 -2.1159 -38.2498 3.3943
3 16 0 -28.5 4 2.2787 -31.4288 3.2875 2 -28.5 3.4641
3 16 -4 -28.5 0 -4 -37.917 0 -3.4641 -28.5 2
3 16 -3.4641 -28.5 2 -4 -37.917 0 -3.508 -37.9972 1.9197
3 16 3.4641 -28.5 2 3.616 -30.0915 1.7102 4 -28.5 0
3 16 4 -28.5 0 3.616 -30.0915 1.7102 4 -29.7075 0
3 16 3.616 -30.0915 1.7102 6.2024 -30.241 1.9956 4 -29.7075 0
3 16 4 -29.7075 0 6.2024 -30.241 1.9956 6.2018 -29.7075 0
3 16 4.9378 -33.7075 4 6.2018 -33.7075 4.0042 4.295 -32.5464 3.8278
3 16 4.295 -32.5464 3.8278 6.2018 -33.7075 4.0042 6.2018 -31.7246 3.4875
3 16 6.2024 -30.241 1.9956 3.616 -30.0915 1.7102 3.5045 -31.9973 3.616
3 16 3.5045 -31.9973 3.616 3.616 -30.0915 1.7102 2.2787 -31.4288 3.2875
3 16 6.2018 -37.7075 0 6.2024 -37.174 1.9956 4 -37.7075 0
3 16 4 -37.7075 0 6.2024 -37.174 1.9956 3.616 -37.3235 1.7102
3 16 4.9378 -33.7075 4 4.295 -34.8686 3.8278 6.2018 -33.7075 4.0042
3 16 6.2018 -33.7075 4.0042 4.295 -34.8686 3.8278 6.2018 -35.6904 3.4875
3 16 6.2024 -37.174 1.9956 6.2018 -35.6904 3.4875 3.5045 -35.4177 3.616
3 16 3.5045 -35.4177 3.616 6.2018 -35.6904 3.4875 4.295 -34.8686 3.8278
3 16 4 -39.4297 0 4 -37.7075 0 3.5928 -39.3404 1.7557
3 16 3.5928 -39.3404 1.7557 4 -37.7075 0 3.616 -37.3235 1.7102
3 16 2.2787 -31.4288 3.2875 2.2787 -35.9862 3.2875 3.5045 -31.9973 3.616
3 16 3.5045 -31.9973 3.616 2.2787 -35.9862 3.2875 3.5045 -35.4177 3.616
3 16 -3.508 -37.9972 1.9197 -4 -37.917 0 -3.7719 -39.7119 1.7948
3 16 -3.7719 -39.7119 1.7948 -4 -37.917 0 -4.222 -39.6242 0
3 16 -2.1159 -38.2498 3.3943 -3.508 -37.9972 1.9197 -2.5006 -39.9438 3.1853
3 16 -2.5006 -39.9438 3.1853 -3.508 -37.9972 1.9197 -3.7719 -39.7119 1.7948
3 16 3.5928 -39.3404 1.7557 1.8081 -38.9896 3.5676 2.8768 -41.3044 1.6388
3 16 2.8768 -41.3044 1.6388 1.8081 -38.9896 3.5676 1.0871 -41.0591 3.3881
3 16 4 -39.4297 0 3.5928 -39.3404 1.7557 3.2818 -41.3202 0
3 16 3.2818 -41.3202 0 3.5928 -39.3404 1.7557 2.8768 -41.3044 1.6388
3 16 1.8081 -38.9896 3.5676 -0.2122 -38.6057 3.9907 1.0871 -41.0591 3.3881
3 16 1.0871 -41.0591 3.3881 -0.2122 -38.6057 3.9907 -0.5357 -40.7729 3.7652
3 16 3.5021 -28.5 0 3.5 -8 0 3.0311 -28.5 1.75
3 16 3.0311 -28.5 1.75 3.5 -8 0 3.0311 -8 1.75
3 16 4 0 0 0 0 0 3.4641 0 2
3 16 0 0 0 -2 0 3.4641 0 0 4
3 16 2 0 3.4641 0 0 0 0 0 4
3 16 1.7425 -28.5 3.0358 1.75 -8 3.0311 0 -28.5 3.5
3 16 0 -28.5 3.5 1.75 -8 3.0311 0 -8 3.5
3 16 -2 0 3.4641 0 0 0 -3.4641 0 2
3 16 3.4641 0 2 0 0 0 2 0 3.4641
3 16 -2.5006 -39.9438 3.1853 -3.7719 -39.7119 1.7948 -7.3033 -51.8033 3.1103
3 16 -7.3033 -51.8033 3.1103 -3.7719 -39.7119 1.7948 -8.4346 -51.3559 1.7602
3 16 -2.5006 -39.9438 3.1853 -7.3033 -51.8033 3.1103 -1.4214 -40.6167 3.6697
3 16 -1.4214 -40.6167 3.6697 -7.3033 -51.8033 3.1103 -5.9552 -52.3397 3.6949
3 16 -7.3709 -55.5231 3.033 -7.3709 -55.5231 -3.033 -7.206 -55.5535 3.6857
3 16 -7.206 -55.5535 3.6857 -7.3709 -55.5231 -3.033 -7.206 -55.5535 -3.6857
3 16 -7.206 -55.5535 3.6857 -6.4282 -53.3323 3.2707 -7.3709 -55.5231 3.033
3 16 -7.3709 -55.5231 3.033 -6.4282 -53.3323 3.2707 -6.6295 -53.6153 2.104
3 16 1.0871 -41.0591 3.3881 4.387 -41.2951 4.3229 2.8768 -41.3044 1.6388
3 16 2.8768 -41.3044 1.6388 4.387 -41.2951 4.3229 5.133 -41.269 3.9227
3 16 1.0705 -55.3364 3.9351 1.1649 -55.325 3.0832 5.133 -41.269 3.9227
3 16 5.133 -41.269 3.9227 1.1649 -55.325 3.0832 5.2031 -41.2666 3.0987
3 16 3.2818 -41.3202 0 2.8768 -41.3044 1.6388 4.5349 -41.2899 0
3 16 4.5349 -41.2899 0 2.8768 -41.3044 1.6388 4.8241 -41.2798 2.0524
3 16 5.133 -41.269 3.9227 4.387 -41.2951 4.3229 1.0705 -55.3364 3.9351
3 16 1.0705 -55.3364 3.9351 4.387 -41.2951 4.3229 0.3373 -55.4139 4.3052
3 16 -1.4214 -40.6167 3.6697 -5.9552 -52.3397 3.6949 -0.6695 -40.7493 4.3402
3 16 -0.6695 -40.7493 4.3402 -5.9552 -52.3397 3.6949 -6.6163 -55.6388 4.2557
3 16 -6.6163 -55.6388 4.2557 0.3373 -55.4139 4.3052 -0.6695 -40.7493 4.3402
3 16 -0.6695 -40.7493 4.3402 0.3373 -55.4139 4.3052 4.387 -41.2951 4.3229
3 16 4.8241 -41.2798 2.0524 0.7753 -55.3698 2.0344 4.5349 -41.2899 0
3 16 4.5349 -41.2899 0 0.7753 -55.3698 2.0344 0.4814 -55.4001 0
3 16 18.5 -31.7075 3.4641 6.2018 -31.7246 3.4875 18.5 -33.7075 4
3 16 18.5 -33.7075 4 6.2018 -31.7246 3.4875 6.2018 -33.7075 4.0042
3 16 18.5 -30.2434 2 6.2024 -30.241 1.9956 18.5 -31.7075 3.4641
3 16 18.5 -31.7075 3.4641 6.2024 -30.241 1.9956 6.2018 -31.7246 3.4875
3 16 -4 -8 0 -3.5 -8 0 -3.4641 -8 2
3 16 -3.4641 -8 2 -3.5 -8 0 -3.0311 -8 1.75
3 16 4 -8 0 4 0 0 3.4641 -8 2
3 16 3.4641 -8 2 4 0 0 3.4641 0 2
3 16 -3.4641 -8 2 -3.0311 -8 1.75 -2 -8 3.4641
3 16 -2 -8 3.4641 -3.0311 -8 1.75 -1.75 -8 3.0311
3 16 -2 -8 3.4641 -1.75 -8 3.0311 0 -8 4
3 16 0 -8 4 -1.75 -8 3.0311 0 -8 3.5
3 16 0 -8 4 0 -8 3.5 2 -8 3.4641
3 16 2 -8 3.4641 0 -8 3.5 1.75 -8 3.0311
3 16 3.0311 -8 1.75 3.5 -8 0 3.4641 -8 2
3 16 3.4641 -8 2 3.5 -8 0 4 -8 0
3 16 0 -28.5 3.5 0 -8 3.5 -1.7425 -28.5 3.0358
3 16 -1.7425 -28.5 3.0358 0 -8 3.5 -1.75 -8 3.0311
3 16 -1.7425 -28.5 3.0358 -1.75 -8 3.0311 -3.0311 -28.5 1.75
3 16 -3.0311 -28.5 1.75 -1.75 -8 3.0311 -3.0311 -8 1.75
3 16 3.0311 -8 1.75 3.4641 -8 2 1.75 -8 3.0311
3 16 1.75 -8 3.0311 3.4641 -8 2 2 -8 3.4641
3 16 -3.0311 -28.5 1.75 -3.0311 -8 1.75 -3.5 -28.5 0
3 16 -3.5 -28.5 0 -3.0311 -8 1.75 -3.5 -8 0
3 16 2.2787 -31.4288 3.2875 3.616 -30.0915 1.7102 2 -28.5 3.4641
3 16 2 -28.5 3.4641 3.616 -30.0915 1.7102 3.4641 -28.5 2
3 16 3.4641 -28.5 2 4 -28.5 0 3.0311 -28.5 1.75
3 16 3.0311 -28.5 1.75 4 -28.5 0 3.5021 -28.5 0
3 16 -3.0311 -28.5 1.75 -3.5 -28.5 0 -3.4641 -28.5 2
3 16 -3.4641 -28.5 2 -3.5 -28.5 0 -4 -28.5 0
3 16 -1.7425 -28.5 3.0358 -3.0311 -28.5 1.75 -2 -28.5 3.4641
3 16 -2 -28.5 3.4641 -3.0311 -28.5 1.75 -3.4641 -28.5 2
3 16 0 -28.5 3.5 -1.7425 -28.5 3.0358 0 -28.5 4
3 16 0 -28.5 4 -1.7425 -28.5 3.0358 -2 -28.5 3.4641
3 16 0 -28.5 3.5 0 -28.5 4 1.7425 -28.5 3.0358
3 16 1.7425 -28.5 3.0358 0 -28.5 4 2 -28.5 3.4641
3 16 1.7425 -28.5 3.0358 2 -28.5 3.4641 3.0311 -28.5 1.75
3 16 3.0311 -28.5 1.75 2 -28.5 3.4641 3.4641 -28.5 2
3 16 1.7425 -28.5 3.0358 3.0311 -28.5 1.75 1.75 -8 3.0311
3 16 1.75 -8 3.0311 3.0311 -28.5 1.75 3.0311 -8 1.75
3 16 -2 0 3.4641 -2 -8 3.4641 0 0 4
3 16 0 0 4 -2 -8 3.4641 0 -8 4
3 16 18.5 -37.1716 2 6.2024 -37.174 1.9956 18.5 -37.7075 0
3 16 18.5 -37.7075 0 6.2024 -37.174 1.9956 6.2018 -37.7075 0
3 16 18.5 -33.7075 0 18.5 -33.7075 4 18.5 -35.7075 3.4641
3 16 18.5 -31.7075 3.4641 18.5 -33.7075 4 18.5 -33.7075 0
3 16 18.5 -35.7075 3.4641 6.2018 -35.6904 3.4875 18.5 -37.1716 2
3 16 18.5 -37.1716 2 6.2018 -35.6904 3.4875 6.2024 -37.174 1.9956
3 16 18.5 -33.7075 0 18.5 -35.7075 3.4641 18.5 -37.1716 2
3 16 18.5 -30.2434 2 18.5 -33.7075 0 18.5 -29.7075 0
3 16 18.5 -37.1716 2 18.5 -37.7075 0 18.5 -33.7075 0
3 16 18.5 -33.7075 0 18.5 -30.2434 2 18.5 -31.7075 3.4641
3 16 18.5 -35.7075 3.4641 18.5 -33.7075 4 6.2018 -35.6904 3.4875
3 16 6.2018 -35.6904 3.4875 18.5 -33.7075 4 6.2018 -33.7075 4.0042
3 16 18.5 -30.2434 2 18.5 -29.7075 0 6.2024 -30.241 1.9956
3 16 6.2024 -30.241 1.9956 18.5 -29.7075 0 6.2018 -29.7075 0
3 16 -4 -8 0 -3.4641 -8 2 -4 0 0
3 16 -4 0 0 -3.4641 -8 2 -3.4641 0 2
3 16 -2 0 3.4641 -3.4641 0 2 -2 -8 3.4641
3 16 -2 -8 3.4641 -3.4641 0 2 -3.4641 -8 2
3 16 2 -8 3.4641 3.4641 -8 2 2 0 3.4641
3 16 2 0 3.4641 3.4641 -8 2 3.4641 0 2
3 16 -4 0 0 -3.4641 0 2 0 0 0
3 16 0 -8 4 2 -8 3.4641 0 0 4
3 16 0 0 4 2 -8 3.4641 2 0 3.4641
3 16 -0.6695 -40.7493 4.3402 -0.5357 -40.7729 3.7652 -1.4214 -40.6167 3.6697
3 16 -8.8439 -51.1979 0 -8.4346 -51.3559 1.7602 -4.222 -39.6242 0
3 16 -4.222 -39.6242 0 -8.4346 -51.3559 1.7602 -3.7719 -39.7119 1.7948
3 16 0.7753 -55.3698 2.0344 4.8241 -41.2798 2.0524 1.1649 -55.325 3.0832
3 16 1.1649 -55.325 3.0832 4.8241 -41.2798 2.0524 5.2031 -41.2666 3.0987
3 16 2.2787 -35.9862 3.2875 1.8081 -38.9896 3.5676 3.616 -37.3235 1.7102
3 16 3.616 -37.3235 1.7102 1.8081 -38.9896 3.5676 3.5928 -39.3404 1.7557
3 16 4.295 -34.8686 3.8278 4.295 -32.5464 3.8278 3.5045 -35.4177 3.616
3 16 3.5045 -35.4177 3.616 4.295 -32.5464 3.8278 3.5045 -31.9973 3.616
3 16 4.9378 -33.7075 4 4.295 -32.5464 3.8278 4.295 -34.8686 3.8278
3 16 0 -28.5 4 -0.2122 -38.6057 3.9907 2.2787 -31.4288 3.2875
3 16 2.2787 -31.4288 3.2875 -0.2122 -38.6057 3.9907 2.2787 -35.9862 3.2875
3 16 2.2787 -35.9862 3.2875 -0.2122 -38.6057 3.9907 1.8081 -38.9896 3.5676
3 16 -8.8592 -52.2214 0 -8.5059 -52.352 1.4512 -8.8439 -51.1979 0
3 16 -8.8439 -51.1979 0 -8.5059 -52.352 1.4512 -8.4346 -51.3559 1.7602
3 16 6.2024 -37.174 -1.9956 3.5045 -35.4177 -3.616 6.2018 -35.6904 -3.4875
3 16 6.2018 -35.6904 -3.4875 3.5045 -35.4177 -3.616 4.295 -34.8686 -3.8278
3 16 2.2787 -35.9862 3.2875 3.616 -37.3235 1.7102 3.5045 -35.4177 3.616
3 16 3.5045 -35.4177 3.616 3.616 -37.3235 1.7102 6.2024 -37.174 1.9956
3 16 2.2787 -31.4288 -3.2875 3.616 -30.0915 -1.7102 3.5045 -31.9973 -3.616
3 16 3.5045 -31.9973 -3.616 3.616 -30.0915 -1.7102 6.2024 -30.241 -1.9956
3 16 6.2024 -30.241 1.9956 3.5045 -31.9973 3.616 6.2018 -31.7246 3.4875
3 16 6.2018 -31.7246 3.4875 3.5045 -31.9973 3.616 4.295 -32.5464 3.8278
3 16 -0.5357 -40.7729 3.7652 -0.6695 -40.7493 4.3402 1.0871 -41.0591 3.3881
3 16 1.0871 -41.0591 3.3881 -0.6695 -40.7493 4.3402 4.387 -41.2951 4.3229
3 16 -6.6163 -55.6388 4.2557 -0.6445 -55.4926 0 0.3373 -55.4139 4.3052
3 16 -7.206 -55.5535 3.6857 -7.206 -55.5535 -3.6857 -6.6163 -55.6388 4.2557
3 16 -6.6163 -55.6388 4.2557 -7.206 -55.5535 -3.6857 -6.6163 -55.6388 -4.2557
3 16 0.4814 -55.4001 0 -0.6445 -55.4926 0 0.7753 -55.3698 -2.0344
3 16 0.7753 -55.3698 -2.0344 -0.6445 -55.4926 0 0.3373 -55.4139 -4.3052
3 16 -0.6445 -55.4926 0 -6.6163 -55.6388 -4.2557 0.3373 -55.4139 -4.3052
3 16 0.7753 -55.3698 2.0344 1.1649 -55.325 3.0832 0.3373 -55.4139 4.3052
3 16 0.3373 -55.4139 4.3052 1.1649 -55.325 3.0832 1.0705 -55.3364 3.9351
3 16 0.7753 -55.3698 -2.0344 0.3373 -55.4139 -4.3052 1.1649 -55.325 -3.0832
3 16 1.1649 -55.325 -3.0832 0.3373 -55.4139 -4.3052 1.0705 -55.3364 -3.9351
3 16 0.3373 -55.4139 4.3052 -0.6445 -55.4926 0 0.7753 -55.3698 2.0344
3 16 0.7753 -55.3698 2.0344 -0.6445 -55.4926 0 0.4814 -55.4001 0
3 16 -6.6163 -55.6388 4.2557 -6.6163 -55.6388 -4.2557 -0.6445 -55.4926 0
3 16 5.133 -41.269 -3.9227 4.387 -41.2951 -4.3229 2.8768 -41.3044 -1.6388
3 16 2.8768 -41.3044 -1.6388 4.387 -41.2951 -4.3229 1.0871 -41.0591 -3.3881
3 16 5.133 -41.269 3.9227 5.2031 -41.2666 3.0987 2.8768 -41.3044 1.6388
3 16 2.8768 -41.3044 1.6388 5.2031 -41.2666 3.0987 4.8241 -41.2798 2.0524
3 16 -2.5006 -39.9438 -3.1853 -1.4214 -40.6167 -3.6697 -7.3033 -51.8033 -3.1103
3 16 -7.3033 -51.8033 -3.1103 -1.4214 -40.6167 -3.6697 -5.9552 -52.3397 -3.6949
3 16 -2.5006 -39.9438 3.1853 -1.4214 -40.6167 3.6697 -2.1159 -38.2498 3.3943
3 16 -2.1159 -38.2498 3.3943 -1.4214 -40.6167 3.6697 -0.2122 -38.6057 3.9907
3 16 -0.2122 -38.6057 -3.9913 -1.4214 -40.6167 -3.6697 -2.1159 -38.2498 -3.3944
3 16 -2.1159 -38.2498 -3.3944 -1.4214 -40.6167 -3.6697 -2.5006 -39.9438 -3.1853
3 16 -0.2122 -38.6057 3.9907 -1.4214 -40.6167 3.6697 -0.5357 -40.7729 3.7652
3 16 -7.4918 -53.2663 1.7011 -7.4918 -53.2663 -1.7011 -6.6295 -53.6153 2.104
3 16 -6.6295 -53.6153 2.104 -7.4918 -53.2663 -1.7011 -6.6295 -53.6153 -2.104
3 16 -8.5059 -52.352 -1.4512 -8.4346 -51.3559 -1.7602 -7.6082 -52.7089 -2.6261
3 16 -7.6082 -52.7089 -2.6261 -8.4346 -51.3559 -1.7602 -7.3033 -51.8033 -3.1103
3 16 -8.5059 -52.352 1.4512 -8.8592 -52.2214 0 -7.9099 -53.0938 1.0047
3 16 -7.9099 -53.0938 1.0047 -8.8592 -52.2214 0 -8.1176 -53.014 0
3 16 -8.4346 -51.3559 -1.7602 -8.5059 -52.352 -1.4512 -8.8439 -51.1979 0
3 16 -8.8439 -51.1979 0 -8.5059 -52.352 -1.4512 -8.8592 -52.2214 0
3 16 -7.6082 -52.7089 -2.6261 -7.3033 -51.8033 -3.1103 -6.4282 -53.3323 -3.2707
3 16 -6.4282 -53.3323 -3.2707 -7.3033 -51.8033 -3.1103 -5.9552 -52.3397 -3.6949
3 16 -7.4918 -53.2663 -1.7011 -7.6082 -52.7089 -2.6261 -6.6295 -53.6153 -2.104
3 16 -6.6295 -53.6153 -2.104 -7.6082 -52.7089 -2.6261 -6.4282 -53.3323 -3.2707
3 16 -7.9099 -53.0938 -1.0047 -8.5059 -52.352 -1.4512 -7.4918 -53.2663 -1.7011
3 16 -7.4918 -53.2663 -1.7011 -8.5059 -52.352 -1.4512 -7.6082 -52.7089 -2.6261
3 16 -7.6082 -52.7089 2.6261 -6.4282 -53.3323 3.2707 -7.3033 -51.8033 3.1103
3 16 -7.3033 -51.8033 3.1103 -6.4282 -53.3323 3.2707 -5.9552 -52.3397 3.6949
3 16 -7.3033 -51.8033 3.1103 -8.4346 -51.3559 1.7602 -7.6082 -52.7089 2.6261
3 16 -7.6082 -52.7089 2.6261 -8.4346 -51.3559 1.7602 -8.5059 -52.352 1.4512
3 16 -8.1176 -53.014 0 -8.8592 -52.2214 0 -7.9099 -53.0938 -1.0047
3 16 -7.9099 -53.0938 -1.0047 -8.8592 -52.2214 0 -8.5059 -52.352 -1.4512
3 16 -7.4918 -53.2663 1.7011 -6.6295 -53.6153 2.104 -7.6082 -52.7089 2.6261
3 16 -7.6082 -52.7089 2.6261 -6.6295 -53.6153 2.104 -6.4282 -53.3323 3.2707
3 16 -7.6082 -52.7089 2.6261 -8.5059 -52.352 1.4512 -7.4918 -53.2663 1.7011
3 16 -7.4918 -53.2663 1.7011 -8.5059 -52.352 1.4512 -7.9099 -53.0938 1.0047
3 16 -7.206 -55.5535 -3.6857 -7.3709 -55.5231 -3.033 -6.4282 -53.3323 -3.2707
3 16 -6.4282 -53.3323 -3.2707 -7.3709 -55.5231 -3.033 -6.6295 -53.6153 -2.104
3 16 -5.9552 -52.3397 3.6949 -6.4282 -53.3323 3.2707 -6.6163 -55.6388 4.2557
3 16 -6.6163 -55.6388 4.2557 -6.4282 -53.3323 3.2707 -7.206 -55.5535 3.6857
3 16 -7.9099 -53.0938 1.0047 -7.9099 -53.0938 -1.0047 -7.4918 -53.2663 1.7011
3 16 -7.4918 -53.2663 1.7011 -7.9099 -53.0938 -1.0047 -7.4918 -53.2663 -1.7011
3 16 -8.1176 -53.014 0 -7.9099 -53.0938 -1.0047 -7.9099 -53.0938 1.0047
2 24 -2 -28.5 -3.4641 0 -28.5 -4
2 24 -2 -28.5 -3.4641 -3.4641 -28.5 -2
2 24 0 -28.5 -4 2 -28.5 -3.4641
2 24 -3.4641 -28.5 -2 -4 -28.5 0
2 24 3.4641 -28.5 -2 4 -28.5 0
2 24 3.616 -30.0915 -1.7102 4 -29.7075 0
2 24 3.616 -30.0915 -1.7102 4 -29.7075 0
2 24 4.9378 -33.7075 -4 4.295 -32.5464 -3.8278
2 24 4.295 -32.5464 -3.8278 3.5045 -31.9973 -3.616
2 24 4 -37.7075 0 3.616 -37.3235 -1.7102
2 24 4.9378 -33.7075 -4 4.295 -34.8686 -3.8278
2 24 3.616 -37.3235 -1.7102 2.2787 -35.9862 -3.2875
2 24 3.5045 -35.4177 -3.616 2.2787 -35.9862 -3.2875
2 24 3.616 -37.3235 -1.7102 4 -37.7075 0
2 24 2.2787 -35.9862 -3.2875 2.2787 -31.4288 -3.2875
2 24 2.2787 -35.9862 -3.2875 3.5045 -35.4177 -3.616
2 24 2.2787 -31.4288 -3.2875 3.5045 -31.9973 -3.616
2 24 2.8768 -41.3044 -1.6388 1.0871 -41.0591 -3.3881
2 24 2.8768 -41.3044 -1.6388 3.2818 -41.3202 0
2 24 -0.5357 -40.7729 -3.7652 -1.4214 -40.6167 -3.6697
2 24 1.0871 -41.0591 -3.3881 -0.5357 -40.7729 -3.7652
2 24 3.5 -8 0 3.0311 -8 -1.75
2 24 3.5021 -28.5 0 3.0311 -28.5 -1.75
2 24 4 0 0 3.4641 0 -2
2 24 -2 0 -3.4641 0 0 -4
2 24 0 0 -4 2 0 -3.4641
2 24 1.75 -8 -3.0311 0 -8 -3.5
2 24 1.7425 -28.5 -3.0358 0 -28.5 -3.5
2 24 -2 0 -3.4641 -3.4641 0 -2
2 24 3.4641 0 -2 2 0 -3.4641
2 24 -6.6295 -53.6153 -2.104 -6.6295 -53.6153 2.104
2 24 -7.3709 -55.5231 -3.033 -7.3709 -55.5231 3.033
2 24 -7.206 -55.5535 -3.6857 -6.6163 -55.6388 -4.2557
2 24 -6.4282 -53.3323 -3.2707 -5.9552 -52.3397 -3.6949
2 24 -0.5357 -40.7729 -3.7652 1.0871 -41.0591 -3.3881
2 24 -0.6695 -40.7493 -4.3402 4.387 -41.2951 -4.3229
2 24 1.0705 -55.3364 -3.9351 5.133 -41.269 -3.9227
2 24 1.0705 -55.3364 -3.9351 1.1649 -55.325 -3.0832
2 24 5.133 -41.269 -3.9227 5.2031 -41.2666 -3.0987
2 24 3.2818 -41.3202 0 2.8768 -41.3044 -1.6388
2 24 4.5349 -41.2899 0 4.8241 -41.2798 -2.0524
2 24 5.133 -41.269 -3.9227 5.2031 -41.2666 -3.0987
2 24 4.8241 -41.2798 -2.0524 5.2031 -41.2666 -3.0987
2 24 1.0705 -55.3364 -3.9351 0.3373 -55.4139 -4.3052
2 24 5.133 -41.269 -3.9227 4.387 -41.2951 -4.3229
2 24 -5.9552 -52.3397 -3.6949 -1.4214 -40.6167 -3.6697
2 24 -0.6695 -40.7493 -4.3402 -1.4214 -40.6167 -3.6697
2 24 -6.6163 -55.6388 -4.2557 0.3373 -55.4139 -4.3052
2 24 4.387 -41.2951 -4.3229 -0.6695 -40.7493 -4.3402
2 24 0.4814 -55.4001 0 0.7753 -55.3698 -2.0344
2 24 4.5349 -41.2899 0 4.8241 -41.2798 -2.0524
2 24 18.5 -33.7075 -4 18.5 -31.7075 -3.4641
2 24 18.5 -31.7075 -3.4641 18.5 -30.2434 -2
2 24 -3.5 -8 0 -3.0311 -8 -1.75
2 24 -4 -8 0 -3.4641 -8 -2
2 24 3.4641 0 -2 4 0 0
2 24 3.4641 -8 -2 4 -8 0
2 24 -3.0311 -8 -1.75 -1.75 -8 -3.0311
2 24 -3.4641 -8 -2 -2 -8 -3.4641
2 24 -1.75 -8 -3.0311 0 -8 -3.5
2 24 -2 -8 -3.4641 0 -8 -4
2 24 0 -8 -3.5 1.75 -8 -3.0311
2 24 0 -8 -4 2 -8 -3.4641
2 24 3.4641 -8 -2 4 -8 0
2 24 3.0311 -8 -1.75 3.5 -8 0
2 24 0 -8 -3.5 -1.75 -8 -3.0311
2 24 0 -28.5 -3.5 -1.7425 -28.5 -3.0358
2 24 -1.75 -8 -3.0311 -3.0311 -8 -1.75
2 24 -1.7425 -28.5 -3.0358 -3.0311 -28.5 -1.75
2 24 2 -8 -3.4641 3.4641 -8 -2
2 24 1.75 -8 -3.0311 3.0311 -8 -1.75
2 24 -3.0311 -8 -1.75 -3.5 -8 0
2 24 -3.0311 -28.5 -1.75 -3.5 -28.5 0
2 24 2.2787 -31.4288 -3.2875 3.616 -30.0915 -1.7102
2 24 2 -28.5 -3.4641 3.4641 -28.5 -2
2 24 3.0311 -28.5 -1.75 3.5021 -28.5 0
2 24 3.4641 -28.5 -2 4 -28.5 0
2 24 -3.4641 -28.5 -2 -4 -28.5 0
2 24 -3.0311 -28.5 -1.75 -3.5 -28.5 0
2 24 -3.4641 -28.5 -2 -2 -28.5 -3.4641
2 24 -3.0311 -28.5 -1.75 -1.7425 -28.5 -3.0358
2 24 -2 -28.5 -3.4641 0 -28.5 -4
2 24 -1.7425 -28.5 -3.0358 0 -28.5 -3.5
2 24 0 -28.5 -3.5 1.7425 -28.5 -3.0358
2 24 0 -28.5 -4 2 -28.5 -3.4641
2 24 3.4641 -28.5 -2 2 -28.5 -3.4641
2 24 3.0311 -28.5 -1.75 1.7425 -28.5 -3.0358
2 24 3.0311 -8 -1.75 1.75 -8 -3.0311
2 24 3.0311 -28.5 -1.75 1.7425 -28.5 -3.0358
2 24 0 -8 -4 -2 -8 -3.4641
2 24 0 0 -4 -2 0 -3.4641
2 24 18.5 -37.7075 0 18.5 -37.1716 -2
2 24 18.5 -33.7075 -4 18.5 -35.7075 -3.4641
2 24 18.5 -33.7075 -4 18.5 -31.7075 -3.4641
2 24 18.5 -37.1716 -2 18.5 -35.7075 -3.4641
2 24 18.5 -35.7075 -3.4641 18.5 -37.1716 -2
2 24 18.5 -30.2434 -2 18.5 -29.7075 0
2 24 18.5 -37.1716 -2 18.5 -37.7075 0
2 24 18.5 -31.7075 -3.4641 18.5 -30.2434 -2
2 24 18.5 -33.7075 -4 18.5 -35.7075 -3.4641
2 24 18.5 -30.2434 -2 18.5 -29.7075 0
2 24 -3.4641 0 -2 -4 0 0
2 24 -3.4641 -8 -2 -4 -8 0
2 24 -2 -8 -3.4641 -3.4641 -8 -2
2 24 -2 0 -3.4641 -3.4641 0 -2
2 24 3.4641 0 -2 2 0 -3.4641
2 24 3.4641 -8 -2 2 -8 -3.4641
2 24 -3.4641 0 -2 -4 0 0
2 24 0 0 -4 2 0 -3.4641
2 24 0 -8 -4 2 -8 -3.4641
2 24 -0.5357 -40.7729 -3.7652 -1.4214 -40.6167 -3.6697
2 24 -0.6695 -40.7493 -4.3402 -1.4214 -40.6167 -3.6697
2 24 5.2031 -41.2666 -3.0987 4.8241 -41.2798 -2.0524
2 24 1.1649 -55.325 -3.0832 0.7753 -55.3698 -2.0344
2 24 3.616 -37.3235 -1.7102 2.2787 -35.9862 -3.2875
2 24 3.5045 -35.4177 -3.616 4.295 -34.8686 -3.8278
2 24 3.5045 -31.9973 -3.616 4.295 -32.5464 -3.8278
2 24 4.295 -34.8686 -3.8278 4.9378 -33.7075 -4
2 24 4.295 -32.5464 -3.8278 4.9378 -33.7075 -4
2 24 2.2787 -31.4288 -3.2875 2.2787 -35.9862 -3.2875
2 24 0 -28.5 4 -2 -28.5 3.4641
2 24 -2 -28.5 3.4641 -3.4641 -28.5 2
2 24 0 -28.5 4 2 -28.5 3.4641
2 24 -4 -28.5 0 -3.4641 -28.5 2
2 24 4 -28.5 0 3.4641 -28.5 2
2 24 4 -29.7075 0 3.616 -30.0915 1.7102
2 24 4 -29.7075 0 3.616 -30.0915 1.7102
2 24 4.9378 -33.7075 4 4.295 -32.5464 3.8278
2 24 3.616 -30.0915 1.7102 2.2787 -31.4288 3.2875
2 24 3.5045 -31.9973 3.616 2.2787 -31.4288 3.2875
2 24 4 -37.7075 0 3.616 -37.3235 1.7102
2 24 4.9378 -33.7075 4 4.295 -34.8686 3.8278
2 24 4.295 -34.8686 3.8278 3.5045 -35.4177 3.616
2 24 4 -37.7075 0 3.616 -37.3235 1.7102
2 24 2.2787 -31.4288 3.2875 2.2787 -35.9862 3.2875
2 24 2.2787 -31.4288 3.2875 3.5045 -31.9973 3.616
2 24 2.2787 -35.9862 3.2875 3.5045 -35.4177 3.616
2 24 2.8768 -41.3044 1.6388 1.0871 -41.0591 3.3881
2 24 3.2818 -41.3202 0 2.8768 -41.3044 1.6388
2 24 1.0871 -41.0591 3.3881 -0.5357 -40.7729 3.7652
2 24 3.5021 -28.5 0 3.0311 -28.5 1.75
2 24 3.5 -8 0 3.0311 -8 1.75
2 24 4 0 0 3.4641 0 2
2 24 -2 0 3.4641 0 0 4
2 24 0 0 4 2 0 3.4641
2 24 1.7425 -28.5 3.0358 0 -28.5 3.5
2 24 1.75 -8 3.0311 0 -8 3.5
2 24 -2 0 3.4641 -3.4641 0 2
2 24 3.4641 0 2 2 0 3.4641
2 24 -1.4214 -40.6167 3.6697 -5.9552 -52.3397 3.6949
2 24 -7.3709 -55.5231 3.033 -7.3709 -55.5231 -3.033
2 24 -7.3709 -55.5231 3.033 -7.206 -55.5535 3.6857
2 24 -7.3709 -55.5231 -3.033 -7.206 -55.5535 -3.6857
2 24 -7.3709 -55.5231 3.033 -7.206 -55.5535 3.6857
2 24 -6.6295 -53.6153 2.104 -6.4282 -53.3323 3.2707
2 24 1.0871 -41.0591 3.3881 2.8768 -41.3044 1.6388
2 24 4.387 -41.2951 4.3229 5.133 -41.269 3.9227
2 24 1.0705 -55.3364 3.9351 1.1649 -55.325 3.0832
2 24 1.0705 -55.3364 3.9351 5.133 -41.269 3.9227
2 24 5.133 -41.269 3.9227 5.2031 -41.2666 3.0987
2 24 3.2818 -41.3202 0 2.8768 -41.3044 1.6388
2 24 4.5349 -41.2899 0 4.8241 -41.2798 2.0524
2 24 5.133 -41.269 3.9227 4.387 -41.2951 4.3229
2 24 1.0705 -55.3364 3.9351 0.3373 -55.4139 4.3052
2 24 -1.4214 -40.6167 3.6697 -5.9552 -52.3397 3.6949
2 24 -1.4214 -40.6167 3.6697 -0.6695 -40.7493 4.3402
2 24 0.3373 -55.4139 4.3052 -6.6163 -55.6388 4.2557
2 24 4.387 -41.2951 4.3229 -0.6695 -40.7493 4.3402
2 24 4.5349 -41.2899 0 4.8241 -41.2798 2.0524
2 24 0.4814 -55.4001 0 0.7753 -55.3698 2.0344
2 24 18.5 -31.7075 3.4641 18.5 -33.7075 4
2 24 18.5 -31.7075 3.4641 18.5 -30.2434 2
2 24 -4 -8 0 -3.4641 -8 2
2 24 -3.5 -8 0 -3.0311 -8 1.75
2 24 4 -8 0 3.4641 -8 2
2 24 4 0 0 3.4641 0 2
2 24 -3.4641 -8 2 -2 -8 3.4641
2 24 -3.0311 -8 1.75 -1.75 -8 3.0311
2 24 -2 -8 3.4641 0 -8 4
2 24 -1.75 -8 3.0311 0 -8 3.5
2 24 0 -8 4 2 -8 3.4641
2 24 0 -8 3.5 1.75 -8 3.0311
2 24 3.5 -8 0 3.0311 -8 1.75
2 24 4 -8 0 3.4641 -8 2
2 24 0 -28.5 3.5 -1.7425 -28.5 3.0358
2 24 0 -8 3.5 -1.75 -8 3.0311
2 24 -1.7425 -28.5 3.0358 -3.0311 -28.5 1.75
2 24 -1.75 -8 3.0311 -3.0311 -8 1.75
2 24 1.75 -8 3.0311 3.0311 -8 1.75
2 24 2 -8 3.4641 3.4641 -8 2
2 24 -3.5 -28.5 0 -3.0311 -28.5 1.75
2 24 -3.5 -8 0 -3.0311 -8 1.75
2 24 2.2787 -31.4288 3.2875 3.616 -30.0915 1.7102
2 24 2 -28.5 3.4641 3.4641 -28.5 2
2 24 4 -28.5 0 3.4641 -28.5 2
2 24 3.5021 -28.5 0 3.0311 -28.5 1.75
2 24 -3.5 -28.5 0 -3.0311 -28.5 1.75
2 24 -4 -28.5 0 -3.4641 -28.5 2
2 24 -3.0311 -28.5 1.75 -1.7425 -28.5 3.0358
2 24 -3.4641 -28.5 2 -2 -28.5 3.4641
2 24 -1.7425 -28.5 3.0358 0 -28.5 3.5
2 24 -2 -28.5 3.4641 0 -28.5 4
2 24 0 -28.5 3.5 1.7425 -28.5 3.0358
2 24 0 -28.5 4 2 -28.5 3.4641
2 24 3.0311 -28.5 1.75 1.7425 -28.5 3.0358
2 24 3.4641 -28.5 2 2 -28.5 3.4641
2 24 3.0311 -28.5 1.75 1.7425 -28.5 3.0358
2 24 3.0311 -8 1.75 1.75 -8 3.0311
2 24 -2 0 3.4641 0 0 4
2 24 -2 -8 3.4641 0 -8 4
2 24 18.5 -37.7075 0 18.5 -37.1716 2
2 24 18.5 -33.7075 4 18.5 -35.7075 3.4641
2 24 18.5 -33.7075 4 18.5 -31.7075 3.4641
2 24 18.5 -37.1716 2 18.5 -35.7075 3.4641
2 24 18.5 -35.7075 3.4641 18.5 -37.1716 2
2 24 18.5 -29.7075 0 18.5 -30.2434 2
2 24 18.5 -37.7075 0 18.5 -37.1716 2
2 24 18.5 -31.7075 3.4641 18.5 -30.2434 2
2 24 18.5 -33.7075 4 18.5 -35.7075 3.4641
2 24 18.5 -29.7075 0 18.5 -30.2434 2
2 24 -4 -8 0 -3.4641 -8 2
2 24 -4 0 0 -3.4641 0 2
2 24 -2 0 3.4641 -3.4641 0 2
2 24 -2 -8 3.4641 -3.4641 -8 2
2 24 3.4641 -8 2 2 -8 3.4641
2 24 3.4641 0 2 2 0 3.4641
2 24 -4 0 0 -3.4641 0 2
2 24 0 -8 4 2 -8 3.4641
2 24 0 0 4 2 0 3.4641
2 24 -0.5357 -40.7729 3.7652 -1.4214 -40.6167 3.6697
2 24 -0.6695 -40.7493 4.3402 -1.4214 -40.6167 3.6697
2 24 1.1649 -55.325 3.0832 0.7753 -55.3698 2.0344
2 24 5.2031 -41.2666 3.0987 4.8241 -41.2798 2.0524
2 24 3.616 -37.3235 1.7102 2.2787 -35.9862 3.2875
2 24 3.5045 -35.4177 3.616 4.295 -34.8686 3.8278
2 24 3.5045 -31.9973 3.616 4.295 -32.5464 3.8278
2 24 4.295 -32.5464 3.8278 4.9378 -33.7075 4
2 24 4.295 -34.8686 3.8278 4.9378 -33.7075 4
2 24 2.2787 -31.4288 3.2875 2.2787 -35.9862 3.2875
2 24 4.295 -34.8686 -3.8278 3.5045 -35.4177 -3.616
2 24 3.616 -37.3235 1.7102 2.2787 -35.9862 3.2875
2 24 3.5045 -35.4177 3.616 2.2787 -35.9862 3.2875
2 24 3.616 -30.0915 -1.7102 2.2787 -31.4288 -3.2875
2 24 3.5045 -31.9973 -3.616 2.2787 -31.4288 -3.2875
2 24 4.295 -32.5464 3.8278 3.5045 -31.9973 3.616
2 24 1.0871 -41.0591 3.3881 -0.5357 -40.7729 3.7652
2 24 4.387 -41.2951 4.3229 -0.6695 -40.7493 4.3402
2 24 -6.6163 -55.6388 4.2557 0.3373 -55.4139 4.3052
2 24 -7.206 -55.5535 3.6857 -6.6163 -55.6388 4.2557
2 24 -7.206 -55.5535 -3.6857 -6.6163 -55.6388 -4.2557
2 24 0.4814 -55.4001 0 0.7753 -55.3698 -2.0344
2 24 -6.6163 -55.6388 -4.2557 0.3373 -55.4139 -4.3052
2 24 0.7753 -55.3698 2.0344 1.1649 -55.325 3.0832
2 24 1.1649 -55.325 3.0832 1.0705 -55.3364 3.9351
2 24 0.3373 -55.4139 4.3052 1.0705 -55.3364 3.9351
2 24 0.7753 -55.3698 -2.0344 1.1649 -55.325 -3.0832
2 24 0.3373 -55.4139 -4.3052 1.0705 -55.3364 -3.9351
2 24 1.1649 -55.325 -3.0832 1.0705 -55.3364 -3.9351
2 24 0.4814 -55.4001 0 0.7753 -55.3698 2.0344
2 24 4.387 -41.2951 -4.3229 5.133 -41.269 -3.9227
2 24 1.0871 -41.0591 -3.3881 2.8768 -41.3044 -1.6388
2 24 5.133 -41.269 3.9227 5.2031 -41.2666 3.0987
2 24 4.8241 -41.2798 2.0524 5.2031 -41.2666 3.0987
2 24 -1.4214 -40.6167 -3.6697 -5.9552 -52.3397 -3.6949
2 24 -0.5357 -40.7729 3.7652 -1.4214 -40.6167 3.6697
2 24 -6.6295 -53.6153 2.104 -6.6295 -53.6153 -2.104
2 24 -5.9552 -52.3397 -3.6949 -6.4282 -53.3323 -3.2707
2 24 -6.6295 -53.6153 -2.104 -6.4282 -53.3323 -3.2707
2 24 -5.9552 -52.3397 3.6949 -6.4282 -53.3323 3.2707
2 24 -6.6295 -53.6153 2.104 -6.4282 -53.3323 3.2707
2 24 -7.3709 -55.5231 -3.033 -7.206 -55.5535 -3.6857
2 24 -6.6295 -53.6153 -2.104 -6.4282 -53.3323 -3.2707
2 24 -6.4282 -53.3323 3.2707 -5.9552 -52.3397 3.6949
2 24 -7.206 -55.5535 3.6857 -6.6163 -55.6388 4.2557
0 STEP
