0 Brick, Round 1 x 1 Quarter
0 Name: bl_7532.dat
0 Author: 
0 BL_Item_No 7532
0 BFC CERTIFY CCW
3 16 -6.2104 -5.25 -1.6739 -6.2104 -7.2159 -1.6739 -6.626 -5.1208 -1.1164
3 16 -6.626 -5.1208 -1.1164 -6.2104 -7.2159 -1.6739 -8.1262 -7.2159 1.5476
3 16 -6.0796 -5.0432 -0.346 -5.5467 -5.25 -0.935 -6.626 -5.1208 -1.1164
3 16 -6.626 -5.1208 -1.1164 -5.5467 -5.25 -0.935 -6.2104 -5.25 -1.6739
3 16 -5.8331 -5.4916 4.7527 -6.0769 -21.25 5.6824 -5.653 -21.25 4.1527
3 16 -10 0 10 -10 -24 10 10 0 10
3 16 10 0 10 -10 -24 10 10 -24 10
3 16 -3.8859 -5.25 0.7378 -1.8436 -5.25 -1.8436 -5.5467 -5.25 -0.935
3 16 -5.5467 -5.25 -0.935 -1.8436 -5.25 -1.8436 -3.4516 -5.25 -3.4516
3 16 -5.5437 0 6.25 -5.5418 -21.25 6.25 -5.9273 0 6.0606
3 16 -5.9273 0 6.0606 -5.5418 -21.25 6.25 -5.9273 -21.25 6.0606
3 16 -5.5467 -5.25 -0.935 -3.4516 -5.25 -3.4516 -6.2104 -5.25 -1.6739
3 16 -6.2104 -5.25 -1.6739 -3.4516 -5.25 -3.4516 -4.1421 -5.25 -4.1421
3 16 -6.2104 -7.2159 -1.6739 -6.2104 -5.25 -1.6739 -4.1421 -7.2159 -4.1421
3 16 -4.1421 -7.2159 -4.1421 -6.2104 -5.25 -1.6739 -4.1421 -5.25 -4.1421
3 16 -1.8436 -21.25 -1.8436 -1.8436 -5.25 -1.8436 -3.8859 -21.25 0.7378
3 16 -3.8859 -21.25 0.7378 -1.8436 -5.25 -1.8436 -3.8859 -5.25 0.7378
3 16 -9.563 -24 5.8418 -10 -24 10 -9.563 0 5.8418
3 16 -9.563 0 5.8418 -10 -24 10 -10 0 10
3 16 -9.563 -24 5.8418 -8.1262 -7.2159 1.5476 -8.1262 -24 1.5476
3 16 -10 -24 10 -9.563 -24 5.8418 -2.3918 -24 5.7742
3 16 -2.3918 -24 5.7742 -9.563 -24 5.8418 -4.4194 -24 4.4194
3 16 -5.653 -21.25 4.1527 -3.8859 -21.25 0.7378 -5.2095 -5.0897 3.0624
3 16 -5.2095 -5.0897 3.0624 -3.8859 -21.25 0.7378 -3.8859 -5.25 0.7378
3 16 -2.3918 -24 5.7742 0 -24 6.25 -10 -24 10
3 16 -10 -24 10 0 -24 6.25 10 -24 10
3 16 -4.4194 -24 4.4194 -9.563 -24 5.8418 -5.7742 -24 2.3918
3 16 -5.653 -21.25 4.1527 -5.5418 -21.25 6.25 6.25 -21.25 6.25
3 16 -6.4076 -24 -1.3732 -5.8585 -24 -2.1142 -6.25 -24 0
3 16 -5.653 -21.25 4.1527 6.25 -21.25 6.25 -3.8859 -21.25 0.7378
3 16 -9.563 -24 5.8418 -8.1262 -24 1.5476 -5.7742 -24 2.3918
3 16 -5.7742 -24 2.3918 -8.1262 -24 1.5476 -6.25 -24 0
3 16 -6.2104 -7.2159 -1.6739 -6.4076 -24 -1.3732 -8.1262 -7.2159 1.5476
3 16 -8.1262 -7.2159 1.5476 -6.4076 -24 -1.3732 -8.1262 -24 1.5476
3 16 -4.1421 -24 -4.1421 -5.8585 -24 -2.1142 -4.1421 -7.2159 -4.1421
3 16 -4.1421 -7.2159 -4.1421 -5.8585 -24 -2.1142 -6.2104 -7.2159 -1.6739
3 16 -1.8436 -21.25 -1.8436 -3.8859 -21.25 0.7378 6.25 -21.25 6.25
3 16 -6.4076 -24 -1.3732 -6.2104 -7.2159 -1.6739 -5.8585 -24 -2.1142
3 16 -4.4194 -24 -4.4194 -5.7742 -24 -2.3918 -4.1421 -24 -4.1421
3 16 -4.1421 -24 -4.1421 -5.7742 -24 -2.3918 -5.8585 -24 -2.1142
3 16 -5.5467 -5.25 -0.935 -6.0796 -5.0432 -0.346 -3.8859 -5.25 0.7378
3 16 -3.8859 -5.25 0.7378 -6.0796 -5.0432 -0.346 -5.8535 -5.0823 1.5306
3 16 -6.626 -5.1208 -1.1164 -8.1262 -7.2159 1.5476 -6.9339 -4.7332 -0.6415
3 16 -6.2475 -4.625 0.1756 -6.0796 -5.0432 -0.346 -6.9339 -4.7332 -0.6415
3 16 -6.9339 -4.7332 -0.6415 -6.0796 -5.0432 -0.346 -6.626 -5.1208 -1.1164
3 16 -6.0796 -5.0432 -0.346 -6.2475 -4.625 0.1756 -5.8535 -5.0823 1.5306
3 16 -5.8535 -5.0823 1.5306 -6.2475 -4.625 0.1756 -5.9543 -4.6146 1.8988
3 16 -6.9339 -4.7332 -0.6415 -7.1653 -3.7666 -0.2642 -6.2475 -4.625 0.1756
3 16 -6.2475 -4.625 0.1756 -7.1653 -3.7666 -0.2642 -6.2119 -3.7666 0.6891
3 16 -7.1653 -3.7666 -0.2642 -6.9339 -4.7332 -0.6415 -8.1262 -7.2159 1.5476
3 16 -6.2475 -4.625 0.1756 -6.2119 -3.7666 0.6891 -5.9543 -4.6146 1.8988
3 16 -5.9543 -4.6146 1.8988 -6.2119 -3.7666 0.6891 -5.8877 -3.7742 2.0964
3 16 -5.3106 -4.625 3.2955 -5.2095 -5.0897 3.0624 -5.9543 -4.6146 1.8988
3 16 -5.9543 -4.6146 1.8988 -5.2095 -5.0897 3.0624 -5.8535 -5.0823 1.5306
3 16 -5.9543 -4.6146 1.8988 -5.8877 -3.7742 2.0964 -5.3106 -4.625 3.2955
3 16 -5.3106 -4.625 3.2955 -5.8877 -3.7742 2.0964 -5.3106 -3.6378 3.2955
3 16 -5.3106 -4.625 3.2955 -5.8331 -5.4916 4.7527 -5.2095 -5.0897 3.0624
3 16 -5.653 -21.25 4.1527 -5.2095 -5.0897 3.0624 -5.8331 -5.4916 4.7527
3 16 -6.1766 -1.6101 0.9912 -6.2119 -3.7666 0.6891 -7.2724 -1.441 -0.0828
3 16 -7.2724 -1.441 -0.0828 -6.2119 -3.7666 0.6891 -7.1653 -3.7666 -0.2642
3 16 -7.2724 -1.441 -0.0828 -7.1653 -3.7666 -0.2642 -8.1262 -7.2159 1.5476
3 16 -5.8238 -1.6395 2.2679 -5.8877 -3.7742 2.0964 -6.1766 -1.6101 0.9912
3 16 -6.1766 -1.6101 0.9912 -5.8877 -3.7742 2.0964 -6.2119 -3.7666 0.6891
3 16 -5.8331 -5.4916 4.7527 -5.3106 -4.625 3.2955 -5.3106 -3.6378 3.2955
3 16 -5.3179 -1.6187 3.2835 -5.3106 -3.6378 3.2955 -5.8238 -1.6395 2.2679
3 16 -5.8238 -1.6395 2.2679 -5.3106 -3.6378 3.2955 -5.8877 -3.7742 2.0964
3 16 -6.1766 -1.6101 0.9912 -7.2724 -1.441 -0.0828 -6.7094 -0.3874 1.2743
3 16 -6.7094 -0.3874 1.2743 -7.2724 -1.441 -0.0828 -7.5963 -0.3272 0.4936
3 16 -5.8331 -5.4916 4.7527 -5.3106 -3.6378 3.2955 -5.6087 -0.3361 3.9938
3 16 -5.6087 -0.3361 3.9938 -5.3106 -3.6378 3.2955 -5.3179 -1.6187 3.2835
3 16 -6.1766 -1.6101 0.9912 -6.7094 -0.3874 1.2743 -5.8238 -1.6395 2.2679
3 16 -5.8238 -1.6395 2.2679 -6.7094 -0.3874 1.2743 -6.2521 -0.3601 2.8103
3 16 -5.8238 -1.6395 2.2679 -6.2521 -0.3601 2.8103 -5.3179 -1.6187 3.2835
3 16 -5.3179 -1.6187 3.2835 -6.2521 -0.3601 2.8103 -5.6087 -0.3361 3.9938
3 16 -8.1262 -7.2159 1.5476 -7.5963 -0.3272 0.4936 -7.2724 -1.441 -0.0828
3 16 -6.7094 -0.3874 1.2743 -7.5963 -0.3272 0.4936 -7.6352 -0.0001 1.8958
3 16 -7.6352 -0.0001 1.8958 -7.5963 -0.3272 0.4936 -8.1262 0 1.5476
3 16 -6.7094 -0.3874 1.2743 -7.6352 -0.0001 1.8958 -6.2521 -0.3601 2.8103
3 16 -6.2521 -0.3601 2.8103 -7.6352 -0.0001 1.8958 -6.8993 0 3.7911
3 16 -8.1262 0 1.5476 -7.5963 -0.3272 0.4936 -8.1262 -7.2159 1.5476
3 16 -8.1262 0 1.5476 -8.1262 -7.2159 1.5476 -9.563 0 5.8418
3 16 -9.563 0 5.8418 -8.1262 -7.2159 1.5476 -9.563 -24 5.8418
3 16 -5.8331 -5.4916 4.7527 -5.6087 -0.3361 3.9938 -5.981 0 5.1945
3 16 -6.2521 -0.3601 2.8103 -6.8993 0 3.7911 -5.6087 -0.3361 3.9938
3 16 -5.6087 -0.3361 3.9938 -6.8993 0 3.7911 -5.981 0 5.1945
3 16 -8.1262 0 1.5476 -9.563 0 5.8418 -7.6352 -0.0001 1.8958
3 16 -9.563 0 5.8418 -6.8993 0 3.7911 -7.6352 -0.0001 1.8958
3 16 -10 0 10 -5.5437 0 6.25 -5.9273 0 6.0606
3 16 -6.0769 0 5.6824 -5.981 0 5.1945 -9.563 0 5.8418
3 16 -5.981 0 5.1945 -6.8993 0 3.7911 -9.563 0 5.8418
3 16 -10 0 10 -5.9273 0 6.0606 -9.563 0 5.8418
3 16 4.4194 -24 4.4194 2.3918 -24 5.7742 4.4194 -28.45 4.4194
3 16 4.4194 -28.45 4.4194 2.3918 -24 5.7742 2.3918 -28.45 5.7742
3 16 -6.25 -24 0 -8.1262 -24 1.5476 -6.4076 -24 -1.3732
3 16 -2.3918 -24 5.7742 -2.3918 -28.45 5.7742 0 -24 6.25
3 16 0 -24 6.25 -2.3918 -28.45 5.7742 0 -28.45 6.25
3 16 -5.7742 -28.45 2.3918 -4.4194 -28.45 4.4194 -5.7742 -24 2.3918
3 16 -5.7742 -24 2.3918 -4.4194 -28.45 4.4194 -4.4194 -24 4.4194
3 16 -4.4194 -24 4.4194 -4.4194 -28.45 4.4194 -2.3918 -24 5.7742
3 16 -2.3918 -24 5.7742 -4.4194 -28.45 4.4194 -2.3918 -28.45 5.7742
3 16 10 -24 10 0 -24 6.25 2.3918 -24 5.7742
3 16 2.3918 -24 5.7742 0 -24 6.25 2.3918 -28.45 5.7742
3 16 2.3918 -28.45 5.7742 0 -24 6.25 0 -28.45 6.25
3 16 -6.25 -28.45 0 -5.7742 -28.45 2.3918 -6.25 -24 0
3 16 -6.25 -24 0 -5.7742 -28.45 2.3918 -5.7742 -24 2.3918
3 16 4.4194 -24 4.4194 10 -24 10 2.3918 -24 5.7742
3 16 -4.4194 -28.45 -4.4194 -5.7742 -28.45 -2.3918 -4.4194 -24 -4.4194
3 16 -4.4194 -24 -4.4194 -5.7742 -28.45 -2.3918 -5.7742 -24 -2.3918
3 16 -5.7742 -24 -2.3918 -5.7742 -28.45 -2.3918 -5.8585 -24 -2.1142
3 16 -5.7742 -28.45 -2.3918 -6.25 -28.45 0 -5.8585 -24 -2.1142
3 16 0 -28.45 0 -4.4194 -28.45 4.4194 -5.7742 -28.45 2.3918
3 16 -4.4194 -28.45 4.4194 0 -28.45 0 -2.3918 -28.45 5.7742
3 16 0 -28.45 0 -5.7742 -28.45 2.3918 -6.25 -28.45 0
3 16 -2.3918 -28.45 5.7742 0 -28.45 0 0 -28.45 6.25
3 16 -6.25 -28.45 0 -5.7742 -28.45 -2.3918 0 -28.45 0
3 16 0 -28.45 6.25 0 -28.45 0 2.3918 -28.45 5.7742
3 16 0 -28.45 0 -5.7742 -28.45 -2.3918 -4.4194 -28.45 -4.4194
3 16 2.3918 -28.45 5.7742 0 -28.45 0 4.4194 -28.45 4.4194
3 16 -6.25 -24 0 -5.8585 -24 -2.1142 -6.25 -28.45 0
3 16 -1.6739 -5.25 -6.2104 -0.935 -5.25 -5.5467 -1.1164 -5.1208 -6.626
3 16 -1.1164 -5.1208 -6.626 -0.935 -5.25 -5.5467 -0.346 -5.0432 -6.0796
3 16 1.5476 -7.2159 -8.1262 -1.6739 -7.2159 -6.2104 -1.1164 -5.1208 -6.626
3 16 -1.1164 -5.1208 -6.626 -1.6739 -7.2159 -6.2104 -1.6739 -5.25 -6.2104
3 16 -4.1421 -5.25 -4.1421 -3.4516 -5.25 -3.4516 -1.6739 -5.25 -6.2104
3 16 -1.6739 -5.25 -6.2104 -3.4516 -5.25 -3.4516 -0.935 -5.25 -5.5467
3 16 -3.4516 -5.25 -3.4516 -1.8436 -5.25 -1.8436 -0.935 -5.25 -5.5467
3 16 -0.935 -5.25 -5.5467 -1.8436 -5.25 -1.8436 0.6441 -5.25 -3.8117
3 16 -4.1421 -7.2159 -4.1421 -4.1421 -5.25 -4.1421 -1.6739 -7.2159 -6.2104
3 16 -1.6739 -7.2159 -6.2104 -4.1421 -5.25 -4.1421 -1.6739 -5.25 -6.2104
3 16 -1.3732 -24 -6.4076 0 -24 -6.25 -2.1142 -24 -5.8585
3 16 0.6441 -21.25 -3.8117 6.25 -21.25 6.25 4.1527 -21.25 -5.653
3 16 0.6441 -21.25 -3.8117 0.6441 -5.25 -3.8117 -1.8436 -21.25 -1.8436
3 16 -1.8436 -21.25 -1.8436 0.6441 -5.25 -3.8117 -1.8436 -5.25 -1.8436
3 16 -1.3732 -24 -6.4076 -2.1142 -24 -5.8585 -1.6739 -7.2159 -6.2104
3 16 0.6441 -21.25 -3.8117 -1.8436 -21.25 -1.8436 6.25 -21.25 6.25
3 16 -4.4194 -24 -4.4194 -4.1421 -24 -4.1421 -2.3918 -24 -5.7742
3 16 -2.3918 -24 -5.7742 -4.1421 -24 -4.1421 -2.1142 -24 -5.8585
3 16 1.5476 -7.2159 -8.1262 -1.1164 -5.1208 -6.626 -0.6415 -4.7332 -6.9339
3 16 -1.1164 -5.1208 -6.626 -0.346 -5.0432 -6.0796 -0.6415 -4.7332 -6.9339
3 16 -0.6415 -4.7332 -6.9339 -0.346 -5.0432 -6.0796 0.1756 -4.625 -6.2475
3 16 -0.346 -5.0432 -6.0796 1.5306 -5.0823 -5.8535 0.1756 -4.625 -6.2475
3 16 0.1756 -4.625 -6.2475 1.5306 -5.0823 -5.8535 1.8988 -4.6146 -5.9543
3 16 0.6441 -5.25 -3.8117 3.0624 -5.0897 -5.2095 1.5306 -5.0823 -5.8535
3 16 4.1527 -21.25 -5.653 3.0624 -5.0897 -5.2095 0.6441 -21.25 -3.8117
3 16 0.6441 -21.25 -3.8117 3.0624 -5.0897 -5.2095 0.6441 -5.25 -3.8117
3 16 0.6891 -3.7666 -6.2119 -0.2642 -3.7666 -7.1653 0.1756 -4.625 -6.2475
3 16 0.1756 -4.625 -6.2475 -0.2642 -3.7666 -7.1653 -0.6415 -4.7332 -6.9339
3 16 1.5306 -5.0823 -5.8535 3.0624 -5.0897 -5.2095 1.8988 -4.6146 -5.9543
3 16 1.8988 -4.6146 -5.9543 3.0624 -5.0897 -5.2095 3.2955 -4.625 -5.3106
3 16 2.0964 -3.7742 -5.8877 0.6891 -3.7666 -6.2119 1.8988 -4.6146 -5.9543
3 16 1.8988 -4.6146 -5.9543 0.6891 -3.7666 -6.2119 0.1756 -4.625 -6.2475
3 16 3.2955 -4.625 -5.3106 3.0624 -5.0897 -5.2095 4.7527 -5.4916 -5.8331
3 16 3.0624 -5.0897 -5.2095 4.1527 -21.25 -5.653 4.7527 -5.4916 -5.8331
3 16 -0.2642 -3.7666 -7.1653 0.6891 -3.7666 -6.2119 -0.0828 -1.441 -7.2724
3 16 -0.0828 -1.441 -7.2724 0.6891 -3.7666 -6.2119 0.9912 -1.6101 -6.1766
3 16 0.6891 -3.7666 -6.2119 2.0964 -3.7742 -5.8877 0.9912 -1.6101 -6.1766
3 16 0.9912 -1.6101 -6.1766 2.0964 -3.7742 -5.8877 2.2679 -1.6395 -5.8238
3 16 -0.6415 -4.7332 -6.9339 -0.2642 -3.7666 -7.1653 1.5476 -7.2159 -8.1262
3 16 3.2955 -3.6378 -5.3106 2.0964 -3.7742 -5.8877 3.2955 -4.625 -5.3106
3 16 3.2955 -4.625 -5.3106 2.0964 -3.7742 -5.8877 1.8988 -4.6146 -5.9543
3 16 2.0964 -3.7742 -5.8877 3.2955 -3.6378 -5.3106 2.2679 -1.6395 -5.8238
3 16 2.2679 -1.6395 -5.8238 3.2955 -3.6378 -5.3106 3.2835 -1.6187 -5.3179
3 16 -0.0828 -1.441 -7.2724 1.5476 -7.2159 -8.1262 -0.2642 -3.7666 -7.1653
3 16 4.7527 -5.4916 -5.8331 3.2955 -3.6378 -5.3106 3.2955 -4.625 -5.3106
3 16 0.4936 -0.3272 -7.5963 -0.0828 -1.441 -7.2724 1.2743 -0.3874 -6.7094
3 16 1.2743 -0.3874 -6.7094 -0.0828 -1.441 -7.2724 0.9912 -1.6101 -6.1766
3 16 2.8103 -0.3601 -6.2521 1.2743 -0.3874 -6.7094 2.2679 -1.6395 -5.8238
3 16 2.2679 -1.6395 -5.8238 1.2743 -0.3874 -6.7094 0.9912 -1.6101 -6.1766
3 16 3.2955 -3.6378 -5.3106 4.7527 -5.4916 -5.8331 3.2835 -1.6187 -5.3179
3 16 -0.0828 -1.441 -7.2724 0.4936 -0.3272 -7.5963 1.5476 -7.2159 -8.1262
3 16 3.9938 -0.3361 -5.6087 2.8103 -0.3601 -6.2521 3.2835 -1.6187 -5.3179
3 16 3.2835 -1.6187 -5.3179 2.8103 -0.3601 -6.2521 2.2679 -1.6395 -5.8238
3 16 1.5476 -7.2159 -8.1262 0.4936 -0.3272 -7.5963 1.5476 0 -8.1262
3 16 3.9938 -0.3361 -5.6087 3.2835 -1.6187 -5.3179 4.7527 -5.4916 -5.8331
3 16 1.5476 0 -8.1262 0.4936 -0.3272 -7.5963 1.8958 -0.0001 -7.6352
3 16 1.8958 -0.0001 -7.6352 0.4936 -0.3272 -7.5963 1.2743 -0.3874 -6.7094
3 16 3.7911 0 -6.8993 1.8958 -0.0001 -7.6352 2.8103 -0.3601 -6.2521
3 16 2.8103 -0.3601 -6.2521 1.8958 -0.0001 -7.6352 1.2743 -0.3874 -6.7094
3 16 5.1945 0 -5.981 3.7911 0 -6.8993 3.9938 -0.3361 -5.6087
3 16 3.9938 -0.3361 -5.6087 3.7911 0 -6.8993 2.8103 -0.3601 -6.2521
3 16 5.1945 0 -5.981 3.9938 -0.3361 -5.6087 4.7527 -5.4916 -5.8331
3 16 1.5476 0 -8.1262 1.8958 -0.0001 -7.6352 5.8418 0 -9.5629
3 16 5.8418 0 -9.5629 1.8958 -0.0001 -7.6352 3.7911 0 -6.8993
3 16 6.0606 -21.25 -5.9273 6.0606 0 -5.9273 5.6908 -21.25 -6.0423
3 16 5.6908 -21.25 -6.0423 6.0606 0 -5.9273 5.6824 0 -6.0769
3 16 6.25 -21.25 6.25 6.25 0 6.25 6.25 -21.25 -5.5418
3 16 6.25 -21.25 -5.5418 6.25 0 6.25 6.25 0 -5.5437
3 16 5.8418 0 -9.5629 5.6824 0 -6.0769 6.0606 0 -5.9273
3 16 5.8418 -24 -9.5629 1.5476 -7.2159 -8.1262 5.8418 0 -9.5629
3 16 5.8418 0 -9.5629 1.5476 -7.2159 -8.1262 1.5476 0 -8.1262
3 16 6.25 0 6.25 10 0 10 6.25 0 -5.5437
3 16 6.25 0 -5.5437 10 0 10 10 0 -10
3 16 10 0 -10 5.8418 0 -9.5629 6.0606 0 -5.9273
3 16 5.8418 -24 -9.5629 5.8418 0 -9.5629 10 -24 -10
3 16 10 -24 -10 5.8418 0 -9.5629 10 0 -10
3 16 6.25 -21.25 -5.5418 4.1527 -21.25 -5.653 6.25 -21.25 6.25
3 16 2.3918 -24 -5.7742 5.8418 -24 -9.5629 4.4194 -24 -4.4194
3 16 5.8418 -24 -9.5629 2.3918 -24 -5.7742 1.5476 -24 -8.1262
3 16 1.5476 -24 -8.1262 2.3918 -24 -5.7742 0 -24 -6.25
3 16 10 -24 -10 5.7742 -24 -2.3918 5.8418 -24 -9.5629
3 16 5.8418 -24 -9.5629 5.7742 -24 -2.3918 4.4194 -24 -4.4194
3 16 5.7742 -24 2.3918 10 -24 10 4.4194 -24 4.4194
3 16 10 -24 10 5.7742 -24 2.3918 6.25 -24 0
3 16 10 -24 10 6.25 -24 0 10 -24 -10
3 16 10 -24 -10 6.25 -24 0 5.7742 -24 -2.3918
3 16 -2.3918 -24 -5.7742 -2.1142 -24 -5.8585 -2.3918 -28.45 -5.7742
3 16 -2.1142 -24 -5.8585 0 -28.45 -6.25 -2.3918 -28.45 -5.7742
3 16 -4.4194 -28.45 -4.4194 -4.4194 -24 -4.4194 -2.3918 -28.45 -5.7742
3 16 -2.3918 -28.45 -5.7742 -4.4194 -24 -4.4194 -2.3918 -24 -5.7742
3 16 0 -24 -6.25 -1.3732 -24 -6.4076 1.5476 -24 -8.1262
3 16 0 -28.45 0 2.3918 -28.45 -5.7742 4.4194 -28.45 -4.4194
3 16 5.7742 -28.45 -2.3918 0 -28.45 0 4.4194 -28.45 -4.4194
3 16 2.3918 -28.45 -5.7742 0 -28.45 0 0 -28.45 -6.25
3 16 6.25 -28.45 0 0 -28.45 0 5.7742 -28.45 -2.3918
3 16 0 -28.45 -6.25 0 -28.45 0 -2.3918 -28.45 -5.7742
3 16 5.7742 -28.45 2.3918 0 -28.45 0 6.25 -28.45 0
3 16 0 -28.45 0 -4.4194 -28.45 -4.4194 -2.3918 -28.45 -5.7742
3 16 4.4194 -28.45 4.4194 0 -28.45 0 5.7742 -28.45 2.3918
3 16 2.3918 -28.45 -5.7742 0 -28.45 -6.25 2.3918 -24 -5.7742
3 16 2.3918 -24 -5.7742 0 -28.45 -6.25 0 -24 -6.25
3 16 4.4194 -28.45 -4.4194 2.3918 -28.45 -5.7742 4.4194 -24 -4.4194
3 16 4.4194 -24 -4.4194 2.3918 -28.45 -5.7742 2.3918 -24 -5.7742
3 16 5.7742 -24 -2.3918 5.7742 -28.45 -2.3918 4.4194 -24 -4.4194
3 16 4.4194 -24 -4.4194 5.7742 -28.45 -2.3918 4.4194 -28.45 -4.4194
3 16 6.25 -24 0 6.25 -28.45 0 5.7742 -24 -2.3918
3 16 5.7742 -24 -2.3918 6.25 -28.45 0 5.7742 -28.45 -2.3918
3 16 6.25 -24 0 5.7742 -24 2.3918 6.25 -28.45 0
3 16 6.25 -28.45 0 5.7742 -24 2.3918 5.7742 -28.45 2.3918
3 16 5.7742 -24 2.3918 4.4194 -24 4.4194 5.7742 -28.45 2.3918
3 16 5.7742 -28.45 2.3918 4.4194 -24 4.4194 4.4194 -28.45 4.4194
3 16 10 0 10 10 -24 10 10 0 -10
3 16 10 0 -10 10 -24 10 10 -24 -10
3 16 5.8418 -24 -9.5629 1.5476 -24 -8.1262 1.5476 -7.2159 -8.1262
3 16 -1.6739 -7.2159 -6.2104 1.5476 -7.2159 -8.1262 -1.3732 -24 -6.4076
3 16 -1.3732 -24 -6.4076 1.5476 -7.2159 -8.1262 1.5476 -24 -8.1262
3 16 -4.1421 -24 -4.1421 -4.1421 -7.2159 -4.1421 -2.1142 -24 -5.8585
3 16 -2.1142 -24 -5.8585 -4.1421 -7.2159 -4.1421 -1.6739 -7.2159 -6.2104
3 16 0 -24 -6.25 0 -28.45 -6.25 -2.1142 -24 -5.8585
3 16 -0.935 -5.25 -5.5467 0.6441 -5.25 -3.8117 -0.346 -5.0432 -6.0796
3 16 -0.346 -5.0432 -6.0796 0.6441 -5.25 -3.8117 1.5306 -5.0823 -5.8535
3 16 -3.8859 -5.25 0.7378 -5.8535 -5.0823 1.5306 -5.2095 -5.0897 3.0624
3 16 6.25 0 -5.5437 6.0606 0 -5.9273 6.25 -21.25 -5.5418
3 16 6.25 -21.25 -5.5418 6.0606 0 -5.9273 6.0606 -21.25 -5.9273
3 16 6.25 0 -5.5437 10 0 -10 6.0606 0 -5.9273
3 16 5.6824 0 -6.0769 5.1945 0 -5.981 5.6908 -21.25 -6.0423
3 16 5.1945 0 -5.981 4.7527 -5.4916 -5.8331 5.6908 -21.25 -6.0423
3 16 5.6824 0 -6.0769 5.8418 0 -9.5629 5.1945 0 -5.981
3 16 5.8418 0 -9.5629 3.7911 0 -6.8993 5.1945 0 -5.981
3 16 5.6908 -21.25 -6.0423 4.7527 -5.4916 -5.8331 4.1527 -21.25 -5.653
3 16 6.25 -21.25 6.25 -5.5418 -21.25 6.25 6.25 0 6.25
3 16 6.25 0 6.25 -5.5418 -21.25 6.25 -5.5437 0 6.25
3 16 6.25 0 6.25 -5.5437 0 6.25 10 0 10
3 16 10 0 10 -5.5437 0 6.25 -10 0 10
3 16 -5.5418 -21.25 6.25 -5.653 -21.25 4.1527 -5.9273 -21.25 6.0606
3 16 -5.653 -21.25 4.1527 -6.0769 -21.25 5.6824 -5.9273 -21.25 6.0606
3 16 -6.0769 -21.25 5.6824 -6.0769 0 5.6824 -5.9273 -21.25 6.0606
3 16 -5.9273 -21.25 6.0606 -6.0769 0 5.6824 -5.9273 0 6.0606
3 16 -6.0769 0 5.6824 -9.563 0 5.8418 -5.9273 0 6.0606
3 16 -6.0769 0 5.6824 -6.0769 -21.25 5.6824 -5.981 0 5.1945
3 16 -5.8331 -5.4916 4.7527 -5.981 0 5.1945 -6.0769 -21.25 5.6824
3 16 6.25 -21.25 -5.5418 6.0606 -21.25 -5.9273 4.1527 -21.25 -5.653
3 16 6.0606 -21.25 -5.9273 5.6908 -21.25 -6.0423 4.1527 -21.25 -5.653
2 24 -6.2104 -5.25 -1.6739 -6.626 -5.1208 -1.1164
2 24 -6.626 -5.1208 -1.1164 -6.2104 -5.25 -1.6739
2 24 -6.0769 -21.25 5.6824 -5.653 -21.25 4.1527
2 24 -10 0 10 -10 -24 10
2 24 -10 0 10 10 0 10
2 24 -10 -24 10 10 -24 10
2 24 10 0 10 10 -24 10
2 24 -3.8859 -5.25 0.7378 -1.8436 -5.25 -1.8436
2 24 -5.5437 0 6.25 -5.9273 0 6.0606
2 24 -5.5418 -21.25 6.25 -5.9273 -21.25 6.0606
2 24 -5.9273 0 6.0606 -5.9273 -21.25 6.0606
2 24 -6.2104 -5.25 -1.6739 -4.1421 -5.25 -4.1421
2 24 -6.2104 -5.25 -1.6739 -4.1421 -5.25 -4.1421
2 24 -1.8436 -21.25 -1.8436 -3.8859 -21.25 0.7378
2 24 -1.8436 -5.25 -1.8436 -3.8859 -5.25 0.7378
2 24 -9.563 -24 5.8418 -10 -24 10
2 24 -10 -24 10 -10 0 10
2 24 -9.563 0 5.8418 -10 0 10
2 24 -9.563 -24 5.8418 -8.1262 -24 1.5476
2 24 -10 -24 10 -9.563 -24 5.8418
2 24 -2.3918 -24 5.7742 -4.4194 -24 4.4194
2 24 -5.653 -21.25 4.1527 -3.8859 -21.25 0.7378
2 24 -3.8859 -5.25 0.7378 -5.2095 -5.0897 3.0624
2 24 -2.3918 -24 5.7742 0 -24 6.25
2 24 -10 -24 10 10 -24 10
2 24 -4.4194 -24 4.4194 -5.7742 -24 2.3918
2 24 -5.5418 -21.25 6.25 6.25 -21.25 6.25
2 24 -5.8585 -24 -2.1142 -6.25 -24 0
2 24 -6.4076 -24 -1.3732 -5.8585 -24 -2.1142
2 24 -5.653 -21.25 4.1527 -3.8859 -21.25 0.7378
2 24 -9.563 -24 5.8418 -8.1262 -24 1.5476
2 24 -5.7742 -24 2.3918 -6.25 -24 0
2 24 -8.1262 -24 1.5476 -6.4076 -24 -1.3732
2 24 -4.1421 -24 -4.1421 -5.8585 -24 -2.1142
2 24 -3.8859 -21.25 0.7378 -1.8436 -21.25 -1.8436
2 24 -6.4076 -24 -1.3732 -5.8585 -24 -2.1142
2 24 -4.4194 -24 -4.4194 -5.7742 -24 -2.3918
2 24 -5.7742 -24 -2.3918 -5.8585 -24 -2.1142
2 24 -4.1421 -24 -4.1421 -5.8585 -24 -2.1142
2 24 -6.0796 -5.0432 -0.346 -5.8535 -5.0823 1.5306
2 24 -6.626 -5.1208 -1.1164 -6.9339 -4.7332 -0.6415
2 24 -6.0796 -5.0432 -0.346 -6.2475 -4.625 0.1756
2 24 -6.626 -5.1208 -1.1164 -6.9339 -4.7332 -0.6415
2 24 -6.0796 -5.0432 -0.346 -6.2475 -4.625 0.1756
2 24 -6.0796 -5.0432 -0.346 -5.8535 -5.0823 1.5306
2 24 -6.9339 -4.7332 -0.6415 -7.1653 -3.7666 -0.2642
2 24 -6.2475 -4.625 0.1756 -6.2119 -3.7666 0.6891
2 24 -6.9339 -4.7332 -0.6415 -7.1653 -3.7666 -0.2642
2 24 -6.2475 -4.625 0.1756 -6.2119 -3.7666 0.6891
2 24 -5.3106 -4.625 3.2955 -5.2095 -5.0897 3.0624
2 24 -5.8535 -5.0823 1.5306 -5.2095 -5.0897 3.0624
2 24 -5.3106 -4.625 3.2955 -5.3106 -3.6378 3.2955
2 24 -5.2095 -5.0897 3.0624 -5.3106 -4.625 3.2955
2 24 -6.2119 -3.7666 0.6891 -6.1766 -1.6101 0.9912
2 24 -7.1653 -3.7666 -0.2642 -7.2724 -1.441 -0.0828
2 24 -7.1653 -3.7666 -0.2642 -7.2724 -1.441 -0.0828
2 24 -6.2119 -3.7666 0.6891 -6.1766 -1.6101 0.9912
2 24 -5.3106 -4.625 3.2955 -5.3106 -3.6378 3.2955
2 24 -5.3106 -3.6378 3.2955 -5.3179 -1.6187 3.2835
2 24 -6.1766 -1.6101 0.9912 -6.7094 -0.3874 1.2743
2 24 -7.2724 -1.441 -0.0828 -7.5963 -0.3272 0.4936
2 24 -5.3106 -3.6378 3.2955 -5.3179 -1.6187 3.2835
2 24 -5.6087 -0.3361 3.9938 -5.3179 -1.6187 3.2835
2 24 -6.1766 -1.6101 0.9912 -6.7094 -0.3874 1.2743
2 24 -6.7094 -0.3874 1.2743 -6.2521 -0.3601 2.8103
2 24 -6.2521 -0.3601 2.8103 -5.6087 -0.3361 3.9938
2 24 -5.3179 -1.6187 3.2835 -5.6087 -0.3361 3.9938
2 24 -7.2724 -1.441 -0.0828 -7.5963 -0.3272 0.4936
2 24 -6.7094 -0.3874 1.2743 -7.6352 -0.0001 1.8958
2 24 -7.5963 -0.3272 0.4936 -8.1262 0 1.5476
2 24 -6.7094 -0.3874 1.2743 -7.6352 -0.0001 1.8958
2 24 -7.5963 -0.3272 0.4936 -8.1262 0 1.5476
2 24 -9.563 0 5.8418 -8.1262 0 1.5476
2 24 -5.6087 -0.3361 3.9938 -5.981 0 5.1945
2 24 -5.6087 -0.3361 3.9938 -5.981 0 5.1945
2 24 -8.1262 0 1.5476 -9.563 0 5.8418
2 24 -5.5437 0 6.25 -5.9273 0 6.0606
2 24 -5.981 0 5.1945 -6.0769 0 5.6824
2 24 -9.563 0 5.8418 -10 0 10
2 24 4.4194 -24 4.4194 2.3918 -24 5.7742
2 24 4.4194 -28.45 4.4194 2.3918 -28.45 5.7742
2 24 -6.4076 -24 -1.3732 -8.1262 -24 1.5476
2 24 -2.3918 -24 5.7742 0 -24 6.25
2 24 -2.3918 -28.45 5.7742 0 -28.45 6.25
2 24 -5.7742 -28.45 2.3918 -4.4194 -28.45 4.4194
2 24 -5.7742 -24 2.3918 -4.4194 -24 4.4194
2 24 -2.3918 -24 5.7742 -4.4194 -24 4.4194
2 24 -2.3918 -28.45 5.7742 -4.4194 -28.45 4.4194
2 24 0 -24 6.25 2.3918 -24 5.7742
2 24 2.3918 -24 5.7742 0 -24 6.25
2 24 2.3918 -28.45 5.7742 0 -28.45 6.25
2 24 -5.7742 -28.45 2.3918 -6.25 -28.45 0
2 24 -5.7742 -24 2.3918 -6.25 -24 0
2 24 2.3918 -24 5.7742 4.4194 -24 4.4194
2 24 -4.4194 -28.45 -4.4194 -5.7742 -28.45 -2.3918
2 24 -4.4194 -24 -4.4194 -5.7742 -24 -2.3918
2 24 -5.7742 -24 -2.3918 -5.8585 -24 -2.1142
2 24 -6.25 -28.45 0 -5.7742 -28.45 -2.3918
2 24 -4.4194 -28.45 4.4194 -5.7742 -28.45 2.3918
2 24 -4.4194 -28.45 4.4194 -2.3918 -28.45 5.7742
2 24 -5.7742 -28.45 2.3918 -6.25 -28.45 0
2 24 -2.3918 -28.45 5.7742 0 -28.45 6.25
2 24 -6.25 -28.45 0 -5.7742 -28.45 -2.3918
2 24 0 -28.45 6.25 2.3918 -28.45 5.7742
2 24 -5.7742 -28.45 -2.3918 -4.4194 -28.45 -4.4194
2 24 2.3918 -28.45 5.7742 4.4194 -28.45 4.4194
2 24 -6.25 -24 0 -5.8585 -24 -2.1142
2 24 -1.6739 -5.25 -6.2104 -1.1164 -5.1208 -6.626
2 24 -1.1164 -5.1208 -6.626 -1.6739 -5.25 -6.2104
2 24 -4.1421 -5.25 -4.1421 -1.6739 -5.25 -6.2104
2 24 -1.8436 -5.25 -1.8436 0.6441 -5.25 -3.8117
2 24 -4.1421 -5.25 -4.1421 -1.6739 -5.25 -6.2104
2 24 0 -24 -6.25 -2.1142 -24 -5.8585
2 24 -1.3732 -24 -6.4076 -2.1142 -24 -5.8585
2 24 0.6441 -21.25 -3.8117 4.1527 -21.25 -5.653
2 24 -1.8436 -21.25 -1.8436 0.6441 -21.25 -3.8117
2 24 -1.8436 -5.25 -1.8436 0.6441 -5.25 -3.8117
2 24 -1.3732 -24 -6.4076 -2.1142 -24 -5.8585
2 24 -1.8436 -21.25 -1.8436 0.6441 -21.25 -3.8117
2 24 -4.4194 -24 -4.4194 -2.3918 -24 -5.7742
2 24 -4.1421 -24 -4.1421 -2.1142 -24 -5.8585
2 24 -2.3918 -24 -5.7742 -2.1142 -24 -5.8585
2 24 -1.1164 -5.1208 -6.626 -0.6415 -4.7332 -6.9339
2 24 -1.1164 -5.1208 -6.626 -0.6415 -4.7332 -6.9339
2 24 -0.346 -5.0432 -6.0796 0.1756 -4.625 -6.2475
2 24 -0.346 -5.0432 -6.0796 1.5306 -5.0823 -5.8535
2 24 -0.346 -5.0432 -6.0796 0.1756 -4.625 -6.2475
2 24 3.0624 -5.0897 -5.2095 1.5306 -5.0823 -5.8535
2 24 0.6441 -5.25 -3.8117 3.0624 -5.0897 -5.2095
2 24 0.6441 -21.25 -3.8117 4.1527 -21.25 -5.653
2 24 0.6441 -5.25 -3.8117 3.0624 -5.0897 -5.2095
2 24 0.1756 -4.625 -6.2475 0.6891 -3.7666 -6.2119
2 24 -0.6415 -4.7332 -6.9339 -0.2642 -3.7666 -7.1653
2 24 1.5306 -5.0823 -5.8535 3.0624 -5.0897 -5.2095
2 24 3.0624 -5.0897 -5.2095 3.2955 -4.625 -5.3106
2 24 0.1756 -4.625 -6.2475 0.6891 -3.7666 -6.2119
2 24 3.0624 -5.0897 -5.2095 3.2955 -4.625 -5.3106
2 24 -0.2642 -3.7666 -7.1653 -0.0828 -1.441 -7.2724
2 24 0.6891 -3.7666 -6.2119 0.9912 -1.6101 -6.1766
2 24 0.6891 -3.7666 -6.2119 0.9912 -1.6101 -6.1766
2 24 -0.6415 -4.7332 -6.9339 -0.2642 -3.7666 -7.1653
2 24 3.2955 -4.625 -5.3106 3.2955 -3.6378 -5.3106
2 24 3.2955 -3.6378 -5.3106 3.2835 -1.6187 -5.3179
2 24 -0.2642 -3.7666 -7.1653 -0.0828 -1.441 -7.2724
2 24 3.2955 -4.625 -5.3106 3.2955 -3.6378 -5.3106
2 24 -0.0828 -1.441 -7.2724 0.4936 -0.3272 -7.5963
2 24 0.9912 -1.6101 -6.1766 1.2743 -0.3874 -6.7094
2 24 2.8103 -0.3601 -6.2521 1.2743 -0.3874 -6.7094
2 24 0.9912 -1.6101 -6.1766 1.2743 -0.3874 -6.7094
2 24 3.2955 -3.6378 -5.3106 3.2835 -1.6187 -5.3179
2 24 -0.0828 -1.441 -7.2724 0.4936 -0.3272 -7.5963
2 24 2.8103 -0.3601 -6.2521 3.9938 -0.3361 -5.6087
2 24 3.2835 -1.6187 -5.3179 3.9938 -0.3361 -5.6087
2 24 0.4936 -0.3272 -7.5963 1.5476 0 -8.1262
2 24 3.2835 -1.6187 -5.3179 3.9938 -0.3361 -5.6087
2 24 0.4936 -0.3272 -7.5963 1.5476 0 -8.1262
2 24 1.2743 -0.3874 -6.7094 1.8958 -0.0001 -7.6352
2 24 1.2743 -0.3874 -6.7094 1.8958 -0.0001 -7.6352
2 24 3.9938 -0.3361 -5.6087 5.1945 0 -5.981
2 24 3.9938 -0.3361 -5.6087 5.1945 0 -5.981
2 24 1.5476 0 -8.1262 5.8418 0 -9.5629
2 24 6.0606 -21.25 -5.9273 6.0606 0 -5.9273
2 24 6.0606 -21.25 -5.9273 5.6908 -21.25 -6.0423
2 24 6.0606 0 -5.9273 5.6824 0 -6.0769
2 24 6.25 -21.25 6.25 6.25 0 6.25
2 24 6.25 -21.25 6.25 6.25 -21.25 -5.5418
2 24 6.25 0 6.25 6.25 0 -5.5437
2 24 5.6824 0 -6.0769 6.0606 0 -5.9273
2 24 1.5476 0 -8.1262 5.8418 0 -9.5629
2 24 6.25 0 6.25 6.25 0 -5.5437
2 24 10 0 10 10 0 -10
2 24 5.8418 0 -9.5629 10 0 -10
2 24 5.8418 -24 -9.5629 10 -24 -10
2 24 5.8418 0 -9.5629 10 0 -10
2 24 10 -24 -10 10 0 -10
2 24 6.25 -21.25 6.25 6.25 -21.25 -5.5418
2 24 2.3918 -24 -5.7742 4.4194 -24 -4.4194
2 24 5.8418 -24 -9.5629 1.5476 -24 -8.1262
2 24 0 -24 -6.25 2.3918 -24 -5.7742
2 24 5.8418 -24 -9.5629 10 -24 -10
2 24 4.4194 -24 -4.4194 5.7742 -24 -2.3918
2 24 4.4194 -24 4.4194 5.7742 -24 2.3918
2 24 5.7742 -24 2.3918 6.25 -24 0
2 24 10 -24 10 10 -24 -10
2 24 5.7742 -24 -2.3918 6.25 -24 0
2 24 -2.3918 -24 -5.7742 -2.1142 -24 -5.8585
2 24 -2.3918 -28.45 -5.7742 0 -28.45 -6.25
2 24 -4.4194 -28.45 -4.4194 -2.3918 -28.45 -5.7742
2 24 -4.4194 -24 -4.4194 -2.3918 -24 -5.7742
2 24 -1.3732 -24 -6.4076 1.5476 -24 -8.1262
2 24 2.3918 -28.45 -5.7742 4.4194 -28.45 -4.4194
2 24 4.4194 -28.45 -4.4194 5.7742 -28.45 -2.3918
2 24 2.3918 -28.45 -5.7742 0 -28.45 -6.25
2 24 5.7742 -28.45 -2.3918 6.25 -28.45 0
2 24 0 -28.45 -6.25 -2.3918 -28.45 -5.7742
2 24 6.25 -28.45 0 5.7742 -28.45 2.3918
2 24 -4.4194 -28.45 -4.4194 -2.3918 -28.45 -5.7742
2 24 4.4194 -28.45 4.4194 5.7742 -28.45 2.3918
2 24 0 -28.45 -6.25 2.3918 -28.45 -5.7742
2 24 2.3918 -24 -5.7742 0 -24 -6.25
2 24 2.3918 -28.45 -5.7742 4.4194 -28.45 -4.4194
2 24 2.3918 -24 -5.7742 4.4194 -24 -4.4194
2 24 4.4194 -24 -4.4194 5.7742 -24 -2.3918
2 24 4.4194 -28.45 -4.4194 5.7742 -28.45 -2.3918
2 24 5.7742 -24 -2.3918 6.25 -24 0
2 24 5.7742 -28.45 -2.3918 6.25 -28.45 0
2 24 6.25 -24 0 5.7742 -24 2.3918
2 24 6.25 -28.45 0 5.7742 -28.45 2.3918
2 24 4.4194 -24 4.4194 5.7742 -24 2.3918
2 24 4.4194 -28.45 4.4194 5.7742 -28.45 2.3918
2 24 10 0 10 10 -24 10
2 24 10 0 10 10 0 -10
2 24 10 -24 10 10 -24 -10
2 24 10 0 -10 10 -24 -10
2 24 5.8418 -24 -9.5629 1.5476 -24 -8.1262
2 24 -1.3732 -24 -6.4076 1.5476 -24 -8.1262
2 24 -4.1421 -24 -4.1421 -2.1142 -24 -5.8585
2 24 -2.1142 -24 -5.8585 0 -24 -6.25
2 24 -0.346 -5.0432 -6.0796 1.5306 -5.0823 -5.8535
2 24 -5.8535 -5.0823 1.5306 -5.2095 -5.0897 3.0624
2 24 -3.8859 -5.25 0.7378 -5.2095 -5.0897 3.0624
2 24 6.25 0 -5.5437 6.0606 0 -5.9273
2 24 6.0606 0 -5.9273 6.0606 -21.25 -5.9273
2 24 6.25 -21.25 -5.5418 6.0606 -21.25 -5.9273
2 24 6.0606 0 -5.9273 6.25 0 -5.5437
2 24 5.1945 0 -5.981 5.6824 0 -6.0769
2 24 5.1945 0 -5.981 5.6824 0 -6.0769
2 24 4.1527 -21.25 -5.653 5.6908 -21.25 -6.0423
2 24 -5.5418 -21.25 6.25 6.25 -21.25 6.25
2 24 6.25 -21.25 6.25 6.25 0 6.25
2 24 -5.5437 0 6.25 6.25 0 6.25
2 24 -5.5437 0 6.25 6.25 0 6.25
2 24 -10 0 10 10 0 10
2 24 -5.5418 -21.25 6.25 -5.9273 -21.25 6.0606
2 24 -5.9273 -21.25 6.0606 -6.0769 -21.25 5.6824
2 24 -5.653 -21.25 4.1527 -6.0769 -21.25 5.6824
2 24 -6.0769 -21.25 5.6824 -5.9273 -21.25 6.0606
2 24 -6.0769 0 5.6824 -5.9273 0 6.0606
2 24 -5.9273 -21.25 6.0606 -5.9273 0 6.0606
2 24 -5.9273 0 6.0606 -6.0769 0 5.6824
2 24 -5.981 0 5.1945 -6.0769 0 5.6824
2 24 6.25 -21.25 -5.5418 6.0606 -21.25 -5.9273
2 24 4.1527 -21.25 -5.653 5.6908 -21.25 -6.0423
2 24 6.0606 -21.25 -5.9273 5.6908 -21.25 -6.0423
0 STEP
