0 Tile, Modified 2 x 2 Wedge Right
0 Name: bl_7829.dat
0 Author: 
0 BL_Item_No 7829
0 BFC CERTIFY CCW
3 16 13.9708 -1.25 22.0585 13.9708 -5.25 22.0585 13.6743 -1.25 20.7789
3 16 13.6743 -1.25 20.7789 13.9708 -5.25 22.0585 13.6743 -5.25 20.7789
3 16 13.7004 -5.25 19.1341 13.7009 0 19.134 13.6265 -5.25 20.1256
3 16 13.6265 -5.25 20.1256 13.7009 0 19.134 13.6265 0 20.1256
3 16 13.7009 0 19.134 13.7004 -5.25 19.1341 13.9279 0 18.1849
3 16 13.9279 0 18.1849 13.7004 -5.25 19.1341 13.9273 -5.25 18.1845
3 16 14.3124 0 17.211 14.3124 -5.25 17.2109 14.8206 0 16.3516
3 16 14.8206 0 16.3516 14.3124 -5.25 17.2109 14.8194 -5.25 16.3469
3 16 16.3008 -5.25 14.7956 16.2864 0 14.8059 15.5305 -5.25 15.4786
3 16 15.5305 -5.25 15.4786 16.2864 0 14.8059 15.5309 0 15.479
3 16 13.9279 0 18.1849 13.9273 -5.25 18.1845 14.3124 0 17.211
3 16 14.3124 0 17.211 13.9273 -5.25 18.1845 14.3124 -5.25 17.2109
3 16 14.8206 0 16.3516 14.8194 -5.25 16.3469 15.5309 0 15.479
3 16 15.5309 0 15.479 14.8194 -5.25 16.3469 15.5305 -5.25 15.4786
3 16 16.8377 -5.25 14.4521 16.8377 -1.25 14.4521 16.3008 -5.25 14.7956
3 16 16.3008 -5.25 14.7956 16.8377 -1.25 14.4521 16.2864 0 14.8059
3 16 16.005 -5.25 17.99 14.3124 -5.25 17.2109 13.9273 -5.25 18.1845
3 16 16.8377 -5.25 14.4521 16.005 -5.25 17.99 18.0392 -5.25 13.9215
3 16 13.6743 -5.25 20.7789 13.6265 -5.25 20.1256 13.6743 -1.25 20.7789
3 16 13.6743 -1.25 20.7789 13.6265 -5.25 20.1256 13.6265 0 20.1256
3 16 13.6743 -5.25 20.7789 16.005 -5.25 17.99 13.6265 -5.25 20.1256
3 16 10 -5.25 18.125 10 0 18.125 6.8907 -5.25 17.5065
3 16 6.8907 -5.25 17.5065 10 0 18.125 6.8907 0 17.5065
3 16 11.0471 0 18.4644 13.9279 0 18.1849 12.3918 0 15.7742
3 16 12.3918 0 15.7742 13.9279 0 18.1849 14.3124 0 17.211
3 16 14.3124 0 17.211 14.8206 0 16.3516 12.3918 0 15.7742
3 16 12.3918 0 4.2258 14.4194 0 5.5806 13.1093 0 2.4935
3 16 13.1093 0 2.4935 14.4194 0 5.5806 15.7453 0 4.2547
3 16 16.25 -5.25 10 15.7742 -5.25 12.3918 16.25 0 10
3 16 16.25 0 10 15.7742 -5.25 12.3918 15.7742 0 12.3918
3 16 10 -5.25 10 15.7742 -5.25 12.3918 16.25 -5.25 10
3 16 15.7742 0 12.3918 15.7742 -5.25 12.3918 14.4194 0 14.4194
3 16 14.4194 0 14.4194 15.7742 -5.25 12.3918 14.4194 -5.25 14.4194
3 16 15.7742 -5.25 12.3918 10 -5.25 10 14.4194 -5.25 14.4194
3 16 14.4194 0 14.4194 14.4194 -5.25 14.4194 12.3918 0 15.7742
3 16 12.3918 0 15.7742 14.4194 -5.25 14.4194 12.3918 -5.25 15.7742
3 16 14.4194 -5.25 14.4194 10 -5.25 10 12.3918 -5.25 15.7742
3 16 12.3918 0 15.7742 12.3918 -5.25 15.7742 10 0 16.25
3 16 10 0 16.25 12.3918 -5.25 15.7742 10 -5.25 16.25
3 16 12.3918 -5.25 15.7742 10 -5.25 10 10 -5.25 16.25
3 16 10 0 16.25 10 -5.25 16.25 7.6082 0 15.7742
3 16 7.6082 0 15.7742 10 -5.25 16.25 7.6082 -5.25 15.7742
3 16 10 -5.25 16.25 10 -5.25 10 7.6082 -5.25 15.7742
3 16 7.6082 0 15.7742 7.6082 -5.25 15.7742 5.5806 0 14.4194
3 16 5.5806 0 14.4194 7.6082 -5.25 15.7742 5.5806 -5.25 14.4194
3 16 7.6082 -5.25 15.7742 10 -5.25 10 5.5806 -5.25 14.4194
3 16 5.5806 0 14.4194 5.5806 -5.25 14.4194 4.2258 0 12.3918
3 16 4.2258 0 12.3918 5.5806 -5.25 14.4194 4.2258 -5.25 12.3918
3 16 5.5806 -5.25 14.4194 10 -5.25 10 4.2258 -5.25 12.3918
3 16 4.2258 0 12.3918 4.2258 -5.25 12.3918 3.75 0 10
3 16 3.75 0 10 4.2258 -5.25 12.3918 3.75 -5.25 10
3 16 4.2258 -5.25 12.3918 10 -5.25 10 3.75 -5.25 10
3 16 3.75 0 10 3.75 -5.25 10 4.2257 0 7.6082
3 16 4.2257 0 7.6082 3.75 -5.25 10 4.2257 -5.25 7.6082
3 16 3.75 -5.25 10 10 -5.25 10 4.2257 -5.25 7.6082
3 16 4.2257 0 7.6082 4.2257 -5.25 7.6082 5.5806 0 5.5806
3 16 5.5806 0 5.5806 4.2257 -5.25 7.6082 5.5806 -5.25 5.5806
3 16 4.2257 -5.25 7.6082 10 -5.25 10 5.5806 -5.25 5.5806
3 16 5.5806 0 5.5806 5.5806 -5.25 5.5806 7.6082 0 4.2258
3 16 7.6082 0 4.2258 5.5806 -5.25 5.5806 7.6082 -5.25 4.2258
3 16 5.5806 -5.25 5.5806 10 -5.25 10 7.6082 -5.25 4.2258
3 16 7.6082 0 4.2258 7.6082 -5.25 4.2258 10 0 3.75
3 16 10 0 3.75 7.6082 -5.25 4.2258 10 -5.25 3.75
3 16 7.6082 -5.25 4.2258 10 -5.25 10 10 -5.25 3.75
3 16 10 0 3.75 10 -5.25 3.75 12.3918 0 4.2258
3 16 12.3918 0 4.2258 10 -5.25 3.75 12.3918 -5.25 4.2258
3 16 10 -5.25 3.75 10 -5.25 10 12.3918 -5.25 4.2258
3 16 12.3918 0 4.2258 12.3918 -5.25 4.2258 14.4194 0 5.5806
3 16 14.4194 0 5.5806 12.3918 -5.25 4.2258 14.4194 -5.25 5.5806
3 16 12.3918 -5.25 4.2258 10 -5.25 10 14.4194 -5.25 5.5806
3 16 15.7742 0 7.6082 14.4194 0 5.5806 15.7742 -5.25 7.6082
3 16 15.7742 -5.25 7.6082 14.4194 0 5.5806 14.4194 -5.25 5.5806
3 16 14.4194 -5.25 5.5806 10 -5.25 10 15.7742 -5.25 7.6082
3 16 15.7742 0 7.6082 15.7742 -5.25 7.6082 16.25 0 10
3 16 16.25 0 10 15.7742 -5.25 7.6082 16.25 -5.25 10
3 16 10 -5.25 10 16.25 -5.25 10 15.7742 -5.25 7.6082
3 16 6.8907 -5.25 17.5065 6.8907 0 17.5065 4.2548 -5.25 15.7452
3 16 4.2548 -5.25 15.7452 6.8907 0 17.5065 4.2548 0 15.7452
3 16 4.2548 -5.25 15.7452 4.2548 0 15.7452 2.4935 -5.25 13.1093
3 16 2.4935 -5.25 13.1093 4.2548 0 15.7452 2.4935 0 13.1093
3 16 2.4935 -5.25 13.1093 2.4935 0 13.1093 1.875 -5.25 10
3 16 1.875 -5.25 10 2.4935 0 13.1093 1.875 0 10
3 16 1.875 -5.25 10 1.875 0 10 2.4935 -5.25 6.8907
3 16 2.4935 -5.25 6.8907 1.875 0 10 2.4935 0 6.8907
3 16 2.4935 -5.25 6.8907 2.4935 0 6.8907 4.2548 -5.25 4.2548
3 16 4.2548 -5.25 4.2548 2.4935 0 6.8907 4.2548 0 4.2548
3 16 4.2548 -5.25 4.2548 4.2548 0 4.2548 6.8907 -5.25 2.4935
3 16 6.8907 -5.25 2.4935 4.2548 0 4.2548 6.8907 0 2.4935
3 16 6.8907 -5.25 2.4935 6.8907 0 2.4935 10 -5.25 1.875
3 16 10 -5.25 1.875 6.8907 0 2.4935 10 0 1.875
3 16 10 -5.25 1.875 10 0 1.875 13.1093 -5.25 2.4935
3 16 13.1093 -5.25 2.4935 10 0 1.875 13.1093 0 2.4935
3 16 10 0 16.25 7.6082 0 15.7742 10 0 18.125
3 16 10 0 18.125 7.6082 0 15.7742 6.8907 0 17.5065
3 16 7.6082 0 15.7742 5.5806 0 14.4194 6.8907 0 17.5065
3 16 6.8907 0 17.5065 5.5806 0 14.4194 4.2548 0 15.7452
3 16 5.5806 0 14.4194 4.2258 0 12.3918 4.2548 0 15.7452
3 16 4.2548 0 15.7452 4.2258 0 12.3918 2.4935 0 13.1093
3 16 4.2258 0 12.3918 3.75 0 10 2.4935 0 13.1093
3 16 2.4935 0 13.1093 3.75 0 10 1.875 0 10
3 16 3.75 0 10 4.2257 0 7.6082 1.875 0 10
3 16 1.875 0 10 4.2257 0 7.6082 2.4935 0 6.8907
3 16 4.2257 0 7.6082 5.5806 0 5.5806 2.4935 0 6.8907
3 16 2.4935 0 6.8907 5.5806 0 5.5806 4.2548 0 4.2548
3 16 5.5806 0 5.5806 7.6082 0 4.2258 4.2548 0 4.2548
3 16 4.2548 0 4.2548 7.6082 0 4.2258 6.8907 0 2.4935
3 16 7.6082 0 4.2258 10 0 3.75 6.8907 0 2.4935
3 16 6.8907 0 2.4935 10 0 3.75 10 0 1.875
3 16 10 0 3.75 12.3918 0 4.2258 10 0 1.875
3 16 10 0 1.875 12.3918 0 4.2258 13.1093 0 2.4935
3 16 15.7453 0 4.2547 15.4278 -5.25 3.9539 13.1093 0 2.4935
3 16 13.1093 0 2.4935 15.4278 -5.25 3.9539 13.1093 -5.25 2.4935
3 16 -6.25 -5.25 -6.25 2.4935 -5.25 6.8907 4.2548 -5.25 4.2548
3 16 -6.25 -5.25 -6.25 4.2548 -5.25 4.2548 6.8907 -5.25 2.4935
3 16 9.0101 -5.25 19.5744 11.1146 -5.25 19.3852 11.0471 -5.25 18.4644
3 16 9.0101 -5.25 19.5744 10 -5.25 18.125 6.8907 -5.25 17.5065
3 16 7.6822 -5.25 26.25 11.1146 -5.25 19.3852 9.0101 -5.25 19.5744
3 16 10 -5.25 18.125 11.0471 -5.25 18.4644 10 0 18.125
3 16 10 0 18.125 11.0471 -5.25 18.4644 11.0471 0 18.4644
3 16 11.0471 0 18.4644 11.0471 -5.25 18.4644 11.1146 0 19.3852
3 16 11.1146 0 19.3852 11.0471 -5.25 18.4644 11.1146 -5.25 19.3852
3 16 10 -5.25 18.125 9.0101 -5.25 19.5744 11.0471 -5.25 18.4644
3 16 -8.8268 -1.25 28.8268 -8.4919 0 28.4919 -9.2125 -1.25 27.8844
3 16 -9.2125 -1.25 27.8844 -8.4919 0 28.4919 -8.8776 0 27.5494
3 16 -7.5494 0 28.8776 -8.4919 0 28.4919 -7.8844 -1.25 29.2125
3 16 -7.8844 -1.25 29.2125 -8.4919 0 28.4919 -8.8268 -1.25 28.8268
3 16 -6.25 0 26.25 -8.8776 0 27.5494 -8.4919 0 28.4919
3 16 -9.2125 -1.25 27.8844 -8.8776 0 27.5494 -9.2125 -1.25 -7.8844
3 16 -9.2125 -1.25 -7.8844 -8.8776 0 27.5494 -8.8776 0 -7.5494
3 16 -10 -1.25 30 -8.8268 -1.25 28.8268 -9.2125 -1.25 27.8844
3 16 -10 -8 30 -10 -1.25 30 -10 -8 -10
3 16 -10 -8 -10 -10 -1.25 30 -10 -1.25 -10
3 16 -6.25 0 26.25 -6.25 -5.25 26.25 -6.25 0 -6.25
3 16 -6.25 0 -6.25 -6.25 -5.25 26.25 -6.25 -5.25 -6.25
3 16 -6.25 0 26.25 -8.4919 0 28.4919 -7.5494 0 28.8776
3 16 -6.25 -5.25 -6.25 18.4234 -5.25 -6.25 -6.25 0 -6.25
3 16 -6.25 0 -6.25 18.4234 -5.25 -6.25 22.7474 0 -6.25
3 16 -8.8776 0 -7.5494 -8.4919 0 -8.4919 -9.2125 -1.25 -7.8844
3 16 -9.2125 -1.25 -7.8844 -8.4919 0 -8.4919 -8.8268 -1.25 -8.8268
3 16 -7.8844 -1.25 -9.2125 -7.5494 0 -8.8776 26.197 -1.25 -9.2125
3 16 26.197 -1.25 -9.2125 -7.5494 0 -8.8776 25.8621 0 -8.8776
3 16 -9.2125 -1.25 -7.8844 -8.8268 -1.25 -8.8268 -10 -1.25 -10
3 16 -10 -1.25 -10 -8.8268 -1.25 -8.8268 -7.8844 -1.25 -9.2125
3 16 -8.8268 -1.25 -8.8268 -8.4919 0 -8.4919 -7.8844 -1.25 -9.2125
3 16 -7.8844 -1.25 -9.2125 -8.4919 0 -8.4919 -7.5494 0 -8.8776
3 16 -6.25 0 -6.25 -7.5494 0 -8.8776 -8.4919 0 -8.4919
3 16 -6.25 0 -6.25 -8.4919 0 -8.4919 -8.8776 0 -7.5494
3 16 16.005 -8 17.99 -10 -8 -10 20.2849 -8 9.4301
3 16 7.6822 0 26.25 9.1333 0 28.6751 9.6176 0 28.1434
3 16 10 -8 30 10 -1.25 30 -10 -8 30
3 16 -10 -8 30 10 -1.25 30 -10 -1.25 30
3 16 9.8246 -1.25 28.4783 9.3403 -1.25 29.0101 10 -1.25 30
3 16 9.3403 -1.25 29.0101 9.1333 0 28.6751 8.6367 -1.25 29.2125
3 16 8.6367 -1.25 29.2125 9.1333 0 28.6751 8.4296 0 28.8776
3 16 9.3403 -1.25 29.0101 8.6367 -1.25 29.2125 10 -1.25 30
3 16 -7.8844 -1.25 29.2125 8.6367 -1.25 29.2125 -7.5494 0 28.8776
3 16 -7.5494 0 28.8776 8.6367 -1.25 29.2125 8.4296 0 28.8776
3 16 9.8246 -1.25 28.4783 13.6743 -1.25 20.7789 9.6176 0 28.1434
3 16 9.6176 0 28.1434 13.6743 -1.25 20.7789 13.6265 0 20.1256
3 16 9.6176 0 28.1434 9.1333 0 28.6751 9.8246 -1.25 28.4783
3 16 9.8246 -1.25 28.4783 9.1333 0 28.6751 9.3403 -1.25 29.0101
3 16 -6.25 0 26.25 7.6822 0 26.25 -6.25 -5.25 26.25
3 16 -6.25 -5.25 26.25 7.6822 0 26.25 7.6822 -5.25 26.25
3 16 7.6822 -5.25 26.25 7.6822 0 26.25 11.1146 -5.25 19.3852
3 16 11.1146 -5.25 19.3852 7.6822 0 26.25 11.1146 0 19.3852
3 16 -7.5494 0 28.8776 8.4296 0 28.8776 -6.25 0 26.25
3 16 -6.25 0 26.25 8.4296 0 28.8776 7.6822 0 26.25
3 16 9.6176 0 28.1434 13.6265 0 20.1256 7.6822 0 26.25
3 16 7.6822 0 26.25 13.6265 0 20.1256 11.1146 0 19.3852
3 16 10 -8 30 13.9708 -5.25 22.0585 10 -1.25 30
3 16 10 -1.25 30 13.9708 -5.25 22.0585 13.9708 -1.25 22.0585
3 16 16.8377 -5.25 14.4521 18.0392 -5.25 13.9215 16.8377 -1.25 14.4521
3 16 16.8377 -1.25 14.4521 18.0392 -5.25 13.9215 18.0392 -1.25 13.9215
3 16 27.1575 0 -7.85 27.5252 -1.25 -7.8844 26.8005 0 -8.4878
3 16 26.8005 0 -8.4878 27.5252 -1.25 -7.8844 27.1354 -1.25 -8.8227
3 16 26.6005 0 -5.8221 26.9109 -1.25 -5.6941 27.1606 0 -7.0805
3 16 27.1606 0 -7.0805 26.9109 -1.25 -5.6941 27.4951 -1.25 -7.0213
3 16 25.8621 0 -8.8776 26.8005 0 -8.4878 26.197 -1.25 -9.2125
3 16 26.197 -1.25 -9.2125 26.8005 0 -8.4878 27.1354 -1.25 -8.8227
3 16 26.197 -1.25 -9.2125 27.1354 -1.25 -8.8227 28.1002 -1.25 -10
3 16 25.295 -2.7334 -4.6963 26.2265 -1.6428 -4.8528 24.879 0 -5.1742
3 16 24.879 0 -5.1742 26.2265 -1.6428 -4.8528 25.869 0 -5.1704
3 16 26.6005 0 -5.8221 25.869 0 -5.1704 26.9109 -1.25 -5.6941
3 16 26.9109 -1.25 -5.6941 25.869 0 -5.1704 26.2265 -1.6428 -4.8528
3 16 28.1001 -8 -6.2 28.1002 -8 -10 28.1002 -1.25 -6.2
3 16 28.1002 -1.25 -6.2 28.1002 -8 -10 28.1002 -1.25 -10
3 16 22.0161 -3.7666 -6.25 25.295 -2.7334 -4.6963 22.7474 0 -6.25
3 16 22.7474 0 -6.25 25.295 -2.7334 -4.6963 24.879 0 -5.1742
3 16 25.3705 0 -7.0259 27.1575 0 -7.85 26.8005 0 -8.4878
3 16 25.3705 0 -7.0259 26.6005 0 -5.8221 27.1606 0 -7.0805
3 16 25.3705 0 -7.0259 26.8005 0 -8.4878 25.8621 0 -8.8776
3 16 25.3705 0 -7.0259 24.879 0 -5.1742 25.869 0 -5.1704
3 16 25.3705 0 -7.0259 25.869 0 -5.1704 26.6005 0 -5.8221
3 16 27.4951 -1.25 -7.0213 27.5252 -1.25 -7.8844 27.1606 0 -7.0805
3 16 27.1606 0 -7.0805 27.5252 -1.25 -7.8844 27.1575 0 -7.85
3 16 25.3705 0 -7.0259 27.1606 0 -7.0805 27.1575 0 -7.85
3 16 28.1002 -8 -10 28.1001 -8 -6.2 -10 -8 -10
3 16 20.2849 -8 9.4301 -10 -8 -10 28.1001 -8 -6.2
3 16 27.1354 -1.25 -8.8227 27.5252 -1.25 -7.8844 28.1002 -1.25 -10
3 16 27.6584 -1.25 -5.3167 28.1001 -8 -6.2 28.1002 -1.25 -6.2
3 16 27.4951 -1.25 -7.0213 26.9109 -1.25 -5.6941 28.1002 -1.25 -6.2
3 16 28.1002 -1.25 -6.2 26.9109 -1.25 -5.6941 27.6584 -1.25 -5.3167
3 16 21.4924 -5.25 7.0149 20.2849 -8 9.4301 26.17 -5.25 -2.34
3 16 26.17 -5.25 -2.34 20.2849 -8 9.4301 28.1001 -8 -6.2
3 16 22.0161 -3.7666 -6.25 26.8985 -3.7665 -3.7864 25.295 -2.7334 -4.6963
3 16 25.295 -2.7334 -4.6963 26.8985 -3.7665 -3.7864 26.9389 -2.7337 -3.8665
3 16 26.2265 -1.6428 -4.8528 27.2014 -1.6146 -4.3965 26.9109 -1.25 -5.6941
3 16 26.9109 -1.25 -5.6941 27.2014 -1.6146 -4.3965 27.6584 -1.25 -5.3167
3 16 18.4234 -5.25 -6.25 26.17 -5.25 -2.34 20.8462 -4.8164 -6.25
3 16 20.8462 -4.8164 -6.25 26.17 -5.25 -2.34 26.6585 -4.8165 -3.3159
3 16 20.8462 -4.8164 -6.25 26.6585 -4.8165 -3.3159 22.0161 -3.7666 -6.25
3 16 22.0161 -3.7666 -6.25 26.6585 -4.8165 -3.3159 26.8985 -3.7665 -3.7864
3 16 26.8985 -3.7665 -3.7864 26.6585 -4.8165 -3.3159 28.1001 -8 -6.2
3 16 25.295 -2.7334 -4.6963 26.9389 -2.7337 -3.8665 26.2265 -1.6428 -4.8528
3 16 26.2265 -1.6428 -4.8528 26.9389 -2.7337 -3.8665 27.2014 -1.6146 -4.3965
3 16 24.879 0 -5.1742 25.3705 0 -7.0259 22.7474 0 -6.25
3 16 17.2186 0 6.2704 18.7633 0 7.0572 19.1567 -3.0942 6.9454
3 16 19.1567 -3.0942 6.9454 18.7633 0 7.0572 19.4115 -2.7227 7.1104
3 16 20.3115 -1.2506 9.3769 19.5641 -1.25 8.9997 18.0392 -1.25 13.9215
3 16 18.0392 -1.25 13.9215 19.5641 -1.25 8.9997 16.8377 -1.25 14.4521
3 16 16.7559 0 5.486 16.5238 -5.0302 5.1567 15.7453 0 4.2547
3 16 15.7453 0 4.2547 16.5238 -5.0302 5.1567 15.4278 -5.25 3.9539
3 16 17.2186 0 6.2704 16.8668 -4.4513 5.6566 16.7559 0 5.486
3 16 16.7559 0 5.486 16.8668 -4.4513 5.6566 16.7559 -4.803 5.486
3 16 19.281 0 8.8169 19.5641 -1.25 8.9997 19.3847 0 7.8812
3 16 19.3847 0 7.8812 19.5641 -1.25 8.9997 19.8268 -1.6961 7.8795
3 16 20.3115 -1.2506 9.3769 20.8117 -1.6967 8.3767 19.5641 -1.25 8.9997
3 16 19.5641 -1.25 8.9997 20.8117 -1.6967 8.3767 19.8268 -1.6961 7.8795
3 16 19.3847 0 7.8812 19.8268 -1.6961 7.8795 18.7633 0 7.0572
3 16 18.7633 0 7.0572 19.8268 -1.6961 7.8795 19.4115 -2.7227 7.1104
3 16 17.2186 0 6.2704 16.7559 0 5.486 15.7742 0 7.6082
3 16 15.7742 0 7.6082 16.7559 0 5.486 14.4194 0 5.5806
3 16 19.5641 -1.25 8.9997 19.281 0 8.8169 16.8377 -1.25 14.4521
3 16 16.8377 -1.25 14.4521 19.281 0 8.8169 16.2864 0 14.8059
3 16 20.3115 -1.2506 9.3769 18.0392 -1.25 13.9215 18.0392 -5.25 13.9215
3 16 20.8117 -1.6967 8.3767 20.3115 -1.2506 9.3769 18.0392 -5.25 13.9215
3 16 21.0354 -2.7334 7.9291 20.8117 -1.6967 8.3767 18.0392 -5.25 13.9215
3 16 16.25 0 10 19.281 0 8.8169 15.7742 0 7.6082
3 16 15.7742 0 7.6082 19.281 0 8.8169 19.3847 0 7.8812
3 16 21.2236 -5.0103 7.5535 21.4924 -5.25 7.0149 16.5238 -5.0302 5.1567
3 16 16.5238 -5.0302 5.1567 21.4924 -5.25 7.0149 15.4278 -5.25 3.9539
3 16 16.7559 -4.803 5.486 16.8668 -4.4513 5.6566 21.2236 -5.0103 7.5535
3 16 21.2236 -5.0103 7.5535 16.8668 -4.4513 5.6566 21.1028 -4.4522 7.7945
3 16 16.8668 -4.4513 5.6566 19.1567 -3.0942 6.9454 21.1028 -4.4522 7.7945
3 16 21.1028 -4.4522 7.7945 19.1567 -3.0942 6.9454 21.0501 -3.1075 7.8997
3 16 19.1567 -3.0942 6.9454 19.4115 -2.7227 7.1104 21.0501 -3.1075 7.8997
3 16 21.0501 -3.1075 7.8997 19.4115 -2.7227 7.1104 21.0354 -2.7334 7.9291
3 16 19.4115 -2.7227 7.1104 19.8268 -1.6961 7.8795 21.0354 -2.7334 7.9291
3 16 21.0354 -2.7334 7.9291 19.8268 -1.6961 7.8795 20.8117 -1.6967 8.3767
3 16 -6.25 -5.25 26.25 7.6822 -5.25 26.25 9.0101 -5.25 19.5744
3 16 7.6822 0 26.25 8.4296 0 28.8776 9.1333 0 28.6751
3 16 -10 -1.25 30 10 -1.25 30 -7.8844 -1.25 29.2125
3 16 -7.8844 -1.25 29.2125 10 -1.25 30 8.6367 -1.25 29.2125
3 16 13.6743 -1.25 20.7789 9.8246 -1.25 28.4783 13.9708 -1.25 22.0585
3 16 13.9708 -1.25 22.0585 9.8246 -1.25 28.4783 10 -1.25 30
3 16 -7.8844 -1.25 29.2125 -8.8268 -1.25 28.8268 -10 -1.25 30
3 16 -10 -1.25 -10 -10 -1.25 30 -9.2125 -1.25 -7.8844
3 16 -9.2125 -1.25 -7.8844 -10 -1.25 30 -9.2125 -1.25 27.8844
3 16 -8.8776 0 27.5494 -6.25 0 26.25 -8.8776 0 -7.5494
3 16 -8.8776 0 -7.5494 -6.25 0 26.25 -6.25 0 -6.25
3 16 -10 -1.25 -10 -7.8844 -1.25 -9.2125 28.1002 -1.25 -10
3 16 28.1002 -1.25 -10 -7.8844 -1.25 -9.2125 26.197 -1.25 -9.2125
3 16 16.005 -5.25 17.99 13.9708 -5.25 22.0585 16.005 -8 17.99
3 16 16.005 -8 17.99 13.9708 -5.25 22.0585 10 -8 30
3 16 13.6743 -5.25 20.7789 13.9708 -5.25 22.0585 16.005 -5.25 17.99
3 16 16.005 -5.25 17.99 13.7004 -5.25 19.1341 13.6265 -5.25 20.1256
3 16 16.005 -5.25 17.99 13.9273 -5.25 18.1845 13.7004 -5.25 19.1341
3 16 16.005 -5.25 17.99 14.8194 -5.25 16.3469 14.3124 -5.25 17.2109
3 16 16.005 -5.25 17.99 15.5305 -5.25 15.4786 14.8194 -5.25 16.3469
3 16 16.005 -5.25 17.99 16.3008 -5.25 14.7956 15.5305 -5.25 15.4786
3 16 16.8377 -5.25 14.4521 16.3008 -5.25 14.7956 16.005 -5.25 17.99
3 16 19.281 0 8.8169 16.25 0 10 16.2864 0 14.8059
3 16 16.2864 0 14.8059 16.25 0 10 15.7742 0 12.3918
3 16 21.0354 -2.7334 7.9291 18.0392 -5.25 13.9215 21.0501 -3.1075 7.8997
3 16 21.0501 -3.1075 7.8997 18.0392 -5.25 13.9215 21.1028 -4.4522 7.7945
3 16 17.2186 0 6.2704 19.1567 -3.0942 6.9454 16.8668 -4.4513 5.6566
3 16 21.4924 -5.25 7.0149 21.2236 -5.0103 7.5535 20.2849 -8 9.4301
3 16 21.1028 -4.4522 7.7945 18.0392 -5.25 13.9215 21.2236 -5.0103 7.5535
3 16 21.2236 -5.0103 7.5535 18.0392 -5.25 13.9215 20.2849 -8 9.4301
3 16 20.2849 -8 9.4301 18.0392 -5.25 13.9215 16.005 -8 17.99
3 16 16.005 -8 17.99 18.0392 -5.25 13.9215 16.005 -5.25 17.99
3 16 16.7559 -4.803 5.486 16.5238 -5.0302 5.1567 16.7559 0 5.486
3 16 17.2186 0 6.2704 15.7742 0 7.6082 18.7633 0 7.0572
3 16 -6.25 -5.25 -6.25 6.8907 -5.25 2.4935 18.4234 -5.25 -6.25
3 16 6.8907 -5.25 2.4935 10 -5.25 1.875 18.4234 -5.25 -6.25
3 16 1.875 -5.25 10 2.4935 -5.25 6.8907 -6.25 -5.25 -6.25
3 16 25.8621 0 -8.8776 -7.5494 0 -8.8776 22.7474 0 -6.25
3 16 22.7474 0 -6.25 -7.5494 0 -8.8776 -6.25 0 -6.25
3 16 18.4234 -5.25 -6.25 15.4278 -5.25 3.9539 26.17 -5.25 -2.34
3 16 26.17 -5.25 -2.34 15.4278 -5.25 3.9539 21.4924 -5.25 7.0149
3 16 18.4234 -5.25 -6.25 13.1093 -5.25 2.4935 15.4278 -5.25 3.9539
3 16 18.4234 -5.25 -6.25 10 -5.25 1.875 13.1093 -5.25 2.4935
3 16 -10 -1.25 -10 28.1002 -1.25 -10 -10 -8 -10
3 16 -10 -8 -10 28.1002 -1.25 -10 28.1002 -8 -10
3 16 27.4951 -1.25 -7.0213 28.1002 -1.25 -6.2 27.5252 -1.25 -7.8844
3 16 27.5252 -1.25 -7.8844 28.1002 -1.25 -6.2 28.1002 -1.25 -10
3 16 15.7742 0 12.3918 14.4194 0 14.4194 16.2864 0 14.8059
3 16 16.2864 0 14.8059 14.4194 0 14.4194 15.5309 0 15.479
3 16 28.1001 -8 -6.2 26.6585 -4.8165 -3.3159 26.17 -5.25 -2.34
3 16 26.8985 -3.7665 -3.7864 28.1001 -8 -6.2 26.9389 -2.7337 -3.8665
3 16 28.1001 -8 -6.2 27.2014 -1.6146 -4.3965 26.9389 -2.7337 -3.8665
3 16 28.1001 -8 -6.2 27.6584 -1.25 -5.3167 27.2014 -1.6146 -4.3965
3 16 -6.25 -5.25 -6.25 -6.25 -5.25 26.25 1.875 -5.25 10
3 16 -10 -8 -10 16.005 -8 17.99 -10 -8 30
3 16 -10 -8 30 16.005 -8 17.99 10 -8 30
3 16 -6.25 -5.25 26.25 6.8907 -5.25 17.5065 4.2548 -5.25 15.7452
3 16 -6.25 -5.25 26.25 4.2548 -5.25 15.7452 2.4935 -5.25 13.1093
3 16 -6.25 -5.25 26.25 2.4935 -5.25 13.1093 1.875 -5.25 10
3 16 13.7009 0 19.134 11.1146 0 19.3852 13.6265 0 20.1256
3 16 21.2236 -5.0103 7.5535 16.5238 -5.0302 5.1567 16.7559 -4.803 5.486
3 16 13.9279 0 18.1849 11.0471 0 18.4644 13.7009 0 19.134
3 16 13.7009 0 19.134 11.0471 0 18.4644 11.1146 0 19.3852
3 16 14.4194 0 5.5806 16.7559 0 5.486 15.7453 0 4.2547
3 16 9.0101 -5.25 19.5744 6.8907 -5.25 17.5065 -6.25 -5.25 26.25
3 16 15.7742 0 7.6082 19.3847 0 7.8812 18.7633 0 7.0572
3 16 12.3918 0 15.7742 14.8206 0 16.3516 14.4194 0 14.4194
3 16 14.4194 0 14.4194 14.8206 0 16.3516 15.5309 0 15.479
3 16 12.3918 0 15.7742 10 0 16.25 11.0471 0 18.4644
3 16 11.0471 0 18.4644 10 0 16.25 10 0 18.125
3 16 22.7474 0 -6.25 20.8462 -4.8164 -6.25 22.0161 -3.7666 -6.25
3 16 22.7474 0 -6.25 18.4234 -5.25 -6.25 20.8462 -4.8164 -6.25
3 16 25.8621 0 -8.8776 22.7474 0 -6.25 25.3705 0 -7.0259
2 24 13.9708 -1.25 22.0585 13.9708 -5.25 22.0585
2 24 13.9708 -1.25 22.0585 13.6743 -1.25 20.7789
2 24 13.9708 -5.25 22.0585 13.6743 -5.25 20.7789
2 24 13.7004 -5.25 19.1341 13.6265 -5.25 20.1256
2 24 13.7009 0 19.134 13.6265 0 20.1256
2 24 13.7009 0 19.134 13.9279 0 18.1849
2 24 13.7004 -5.25 19.1341 13.9273 -5.25 18.1845
2 24 14.3124 0 17.211 14.8206 0 16.3516
2 24 14.3124 -5.25 17.2109 14.8194 -5.25 16.3469
2 24 16.3008 -5.25 14.7956 15.5305 -5.25 15.4786
2 24 16.2864 0 14.8059 15.5309 0 15.479
2 24 13.9279 0 18.1849 14.3124 0 17.211
2 24 13.9273 -5.25 18.1845 14.3124 -5.25 17.2109
2 24 14.8206 0 16.3516 15.5309 0 15.479
2 24 14.8194 -5.25 16.3469 15.5305 -5.25 15.4786
2 24 16.3008 -5.25 14.7956 16.8377 -5.25 14.4521
2 24 16.2864 0 14.8059 16.8377 -1.25 14.4521
2 24 14.3124 -5.25 17.2109 13.9273 -5.25 18.1845
2 24 16.005 -5.25 17.99 18.0392 -5.25 13.9215
2 24 16.8377 -5.25 14.4521 18.0392 -5.25 13.9215
2 24 13.6743 -5.25 20.7789 13.6265 -5.25 20.1256
2 24 13.6743 -1.25 20.7789 13.6265 0 20.1256
2 24 13.6743 -5.25 20.7789 13.6265 -5.25 20.1256
2 24 10 -5.25 18.125 6.8907 -5.25 17.5065
2 24 10 0 18.125 6.8907 0 17.5065
2 24 13.9279 0 18.1849 14.3124 0 17.211
2 24 14.3124 0 17.211 14.8206 0 16.3516
2 24 12.3918 0 4.2258 14.4194 0 5.5806
2 24 13.1093 0 2.4935 15.7453 0 4.2547
2 24 16.25 -5.25 10 15.7742 -5.25 12.3918
2 24 16.25 0 10 15.7742 0 12.3918
2 24 15.7742 -5.25 12.3918 16.25 -5.25 10
2 24 15.7742 0 12.3918 14.4194 0 14.4194
2 24 15.7742 -5.25 12.3918 14.4194 -5.25 14.4194
2 24 15.7742 -5.25 12.3918 14.4194 -5.25 14.4194
2 24 14.4194 0 14.4194 12.3918 0 15.7742
2 24 14.4194 -5.25 14.4194 12.3918 -5.25 15.7742
2 24 14.4194 -5.25 14.4194 12.3918 -5.25 15.7742
2 24 12.3918 0 15.7742 10 0 16.25
2 24 12.3918 -5.25 15.7742 10 -5.25 16.25
2 24 12.3918 -5.25 15.7742 10 -5.25 16.25
2 24 10 0 16.25 7.6082 0 15.7742
2 24 10 -5.25 16.25 7.6082 -5.25 15.7742
2 24 10 -5.25 16.25 7.6082 -5.25 15.7742
2 24 7.6082 0 15.7742 5.5806 0 14.4194
2 24 7.6082 -5.25 15.7742 5.5806 -5.25 14.4194
2 24 7.6082 -5.25 15.7742 5.5806 -5.25 14.4194
2 24 5.5806 0 14.4194 4.2258 0 12.3918
2 24 5.5806 -5.25 14.4194 4.2258 -5.25 12.3918
2 24 5.5806 -5.25 14.4194 4.2258 -5.25 12.3918
2 24 4.2258 0 12.3918 3.75 0 10
2 24 4.2258 -5.25 12.3918 3.75 -5.25 10
2 24 4.2258 -5.25 12.3918 3.75 -5.25 10
2 24 3.75 0 10 4.2257 0 7.6082
2 24 3.75 -5.25 10 4.2257 -5.25 7.6082
2 24 3.75 -5.25 10 4.2257 -5.25 7.6082
2 24 4.2257 0 7.6082 5.5806 0 5.5806
2 24 4.2257 -5.25 7.6082 5.5806 -5.25 5.5806
2 24 4.2257 -5.25 7.6082 5.5806 -5.25 5.5806
2 24 5.5806 0 5.5806 7.6082 0 4.2258
2 24 5.5806 -5.25 5.5806 7.6082 -5.25 4.2258
2 24 5.5806 -5.25 5.5806 7.6082 -5.25 4.2258
2 24 7.6082 0 4.2258 10 0 3.75
2 24 7.6082 -5.25 4.2258 10 -5.25 3.75
2 24 7.6082 -5.25 4.2258 10 -5.25 3.75
2 24 10 0 3.75 12.3918 0 4.2258
2 24 10 -5.25 3.75 12.3918 -5.25 4.2258
2 24 10 -5.25 3.75 12.3918 -5.25 4.2258
2 24 12.3918 0 4.2258 14.4194 0 5.5806
2 24 12.3918 -5.25 4.2258 14.4194 -5.25 5.5806
2 24 12.3918 -5.25 4.2258 14.4194 -5.25 5.5806
2 24 14.4194 0 5.5806 15.7742 0 7.6082
2 24 14.4194 -5.25 5.5806 15.7742 -5.25 7.6082
2 24 14.4194 -5.25 5.5806 15.7742 -5.25 7.6082
2 24 16.25 0 10 15.7742 0 7.6082
2 24 16.25 -5.25 10 15.7742 -5.25 7.6082
2 24 16.25 -5.25 10 15.7742 -5.25 7.6082
2 24 6.8907 -5.25 17.5065 4.2548 -5.25 15.7452
2 24 6.8907 0 17.5065 4.2548 0 15.7452
2 24 4.2548 -5.25 15.7452 2.4935 -5.25 13.1093
2 24 4.2548 0 15.7452 2.4935 0 13.1093
2 24 2.4935 -5.25 13.1093 1.875 -5.25 10
2 24 2.4935 0 13.1093 1.875 0 10
2 24 1.875 -5.25 10 2.4935 -5.25 6.8907
2 24 1.875 0 10 2.4935 0 6.8907
2 24 2.4935 -5.25 6.8907 4.2548 -5.25 4.2548
2 24 2.4935 0 6.8907 4.2548 0 4.2548
2 24 4.2548 -5.25 4.2548 6.8907 -5.25 2.4935
2 24 4.2548 0 4.2548 6.8907 0 2.4935
2 24 6.8907 -5.25 2.4935 10 -5.25 1.875
2 24 6.8907 0 2.4935 10 0 1.875
2 24 10 -5.25 1.875 13.1093 -5.25 2.4935
2 24 10 0 1.875 13.1093 0 2.4935
2 24 10 0 16.25 7.6082 0 15.7742
2 24 10 0 18.125 6.8907 0 17.5065
2 24 7.6082 0 15.7742 5.5806 0 14.4194
2 24 6.8907 0 17.5065 4.2548 0 15.7452
2 24 5.5806 0 14.4194 4.2258 0 12.3918
2 24 4.2548 0 15.7452 2.4935 0 13.1093
2 24 4.2258 0 12.3918 3.75 0 10
2 24 2.4935 0 13.1093 1.875 0 10
2 24 3.75 0 10 4.2257 0 7.6082
2 24 1.875 0 10 2.4935 0 6.8907
2 24 4.2257 0 7.6082 5.5806 0 5.5806
2 24 2.4935 0 6.8907 4.2548 0 4.2548
2 24 5.5806 0 5.5806 7.6082 0 4.2258
2 24 4.2548 0 4.2548 6.8907 0 2.4935
2 24 7.6082 0 4.2258 10 0 3.75
2 24 6.8907 0 2.4935 10 0 1.875
2 24 12.3918 0 4.2258 10 0 3.75
2 24 13.1093 0 2.4935 10 0 1.875
2 24 13.1093 0 2.4935 15.7453 0 4.2547
2 24 13.1093 -5.25 2.4935 15.4278 -5.25 3.9539
2 24 2.4935 -5.25 6.8907 4.2548 -5.25 4.2548
2 24 4.2548 -5.25 4.2548 6.8907 -5.25 2.4935
2 24 11.1146 -5.25 19.3852 11.0471 -5.25 18.4644
2 24 10 -5.25 18.125 6.8907 -5.25 17.5065
2 24 11.1146 -5.25 19.3852 7.6822 -5.25 26.25
2 24 10 -5.25 18.125 11.0471 -5.25 18.4644
2 24 11.0471 -5.25 18.4644 11.0471 0 18.4644
2 24 10 0 18.125 11.0471 0 18.4644
2 24 11.0471 0 18.4644 11.1146 0 19.3852
2 24 11.0471 -5.25 18.4644 11.1146 -5.25 19.3852
2 24 11.0471 -5.25 18.4644 10 -5.25 18.125
2 24 -8.8268 -1.25 28.8268 -9.2125 -1.25 27.8844
2 24 -8.4919 0 28.4919 -8.8776 0 27.5494
2 24 -8.4919 0 28.4919 -7.5494 0 28.8776
2 24 -8.8268 -1.25 28.8268 -7.8844 -1.25 29.2125
2 24 -8.8776 0 27.5494 -8.4919 0 28.4919
2 24 -9.2125 -1.25 27.8844 -9.2125 -1.25 -7.8844
2 24 -8.8776 0 27.5494 -8.8776 0 -7.5494
2 24 -8.8268 -1.25 28.8268 -9.2125 -1.25 27.8844
2 24 -10 -8 30 -10 -1.25 30
2 24 -10 -8 30 -10 -8 -10
2 24 -10 -1.25 30 -10 -1.25 -10
2 24 -10 -8 -10 -10 -1.25 -10
2 24 -6.25 0 26.25 -6.25 -5.25 26.25
2 24 -6.25 0 26.25 -6.25 0 -6.25
2 24 -6.25 -5.25 26.25 -6.25 -5.25 -6.25
2 24 -6.25 0 -6.25 -6.25 -5.25 -6.25
2 24 -8.4919 0 28.4919 -7.5494 0 28.8776
2 24 -6.25 -5.25 -6.25 18.4234 -5.25 -6.25
2 24 -6.25 -5.25 -6.25 -6.25 0 -6.25
2 24 -6.25 0 -6.25 22.7474 0 -6.25
2 24 -8.8776 0 -7.5494 -8.4919 0 -8.4919
2 24 -9.2125 -1.25 -7.8844 -8.8268 -1.25 -8.8268
2 24 -7.8844 -1.25 -9.2125 26.197 -1.25 -9.2125
2 24 -7.5494 0 -8.8776 25.8621 0 -8.8776
2 24 -9.2125 -1.25 -7.8844 -8.8268 -1.25 -8.8268
2 24 -8.8268 -1.25 -8.8268 -7.8844 -1.25 -9.2125
2 24 -8.8268 -1.25 -8.8268 -7.8844 -1.25 -9.2125
2 24 -8.4919 0 -8.4919 -7.5494 0 -8.8776
2 24 -7.5494 0 -8.8776 -8.4919 0 -8.4919
2 24 -8.4919 0 -8.4919 -8.8776 0 -7.5494
2 24 16.005 -8 17.99 20.2849 -8 9.4301
2 24 9.1333 0 28.6751 9.6176 0 28.1434
2 24 10 -8 30 10 -1.25 30
2 24 10 -8 30 -10 -8 30
2 24 10 -1.25 30 -10 -1.25 30
2 24 -10 -8 30 -10 -1.25 30
2 24 9.8246 -1.25 28.4783 9.3403 -1.25 29.0101
2 24 9.3403 -1.25 29.0101 8.6367 -1.25 29.2125
2 24 9.1333 0 28.6751 8.4296 0 28.8776
2 24 9.3403 -1.25 29.0101 8.6367 -1.25 29.2125
2 24 -7.8844 -1.25 29.2125 8.6367 -1.25 29.2125
2 24 -7.5494 0 28.8776 8.4296 0 28.8776
2 24 9.8246 -1.25 28.4783 13.6743 -1.25 20.7789
2 24 13.6743 -1.25 20.7789 13.6265 0 20.1256
2 24 9.6176 0 28.1434 13.6265 0 20.1256
2 24 9.1333 0 28.6751 9.6176 0 28.1434
2 24 9.3403 -1.25 29.0101 9.8246 -1.25 28.4783
2 24 -6.25 0 26.25 7.6822 0 26.25
2 24 -6.25 0 26.25 -6.25 -5.25 26.25
2 24 7.6822 0 26.25 7.6822 -5.25 26.25
2 24 -6.25 -5.25 26.25 7.6822 -5.25 26.25
2 24 7.6822 -5.25 26.25 7.6822 0 26.25
2 24 11.1146 -5.25 19.3852 7.6822 -5.25 26.25
2 24 11.1146 0 19.3852 7.6822 0 26.25
2 24 -7.5494 0 28.8776 8.4296 0 28.8776
2 24 -6.25 0 26.25 7.6822 0 26.25
2 24 9.6176 0 28.1434 13.6265 0 20.1256
2 24 7.6822 0 26.25 11.1146 0 19.3852
2 24 10 -8 30 10 -1.25 30
2 24 13.9708 -5.25 22.0585 13.9708 -1.25 22.0585
2 24 10 -1.25 30 13.9708 -1.25 22.0585
2 24 16.8377 -5.25 14.4521 18.0392 -5.25 13.9215
2 24 18.0392 -5.25 13.9215 18.0392 -1.25 13.9215
2 24 16.8377 -1.25 14.4521 18.0392 -1.25 13.9215
2 24 27.1575 0 -7.85 26.8005 0 -8.4878
2 24 27.5252 -1.25 -7.8844 27.1354 -1.25 -8.8227
2 24 26.6005 0 -5.8221 27.1606 0 -7.0805
2 24 26.9109 -1.25 -5.6941 27.4951 -1.25 -7.0213
2 24 25.8621 0 -8.8776 26.8005 0 -8.4878
2 24 26.197 -1.25 -9.2125 27.1354 -1.25 -8.8227
2 24 26.197 -1.25 -9.2125 27.1354 -1.25 -8.8227
2 24 25.295 -2.7334 -4.6963 26.2265 -1.6428 -4.8528
2 24 24.879 0 -5.1742 25.869 0 -5.1704
2 24 26.6005 0 -5.8221 25.869 0 -5.1704
2 24 26.9109 -1.25 -5.6941 26.2265 -1.6428 -4.8528
2 24 28.1001 -8 -6.2 28.1002 -8 -10
2 24 28.1001 -8 -6.2 28.1002 -1.25 -6.2
2 24 28.1002 -8 -10 28.1002 -1.25 -10
2 24 28.1002 -1.25 -6.2 28.1002 -1.25 -10
2 24 22.0161 -3.7666 -6.25 22.7474 0 -6.25
2 24 24.879 0 -5.1742 22.7474 0 -6.25
2 24 27.1575 0 -7.85 26.8005 0 -8.4878
2 24 26.6005 0 -5.8221 27.1606 0 -7.0805
2 24 26.8005 0 -8.4878 25.8621 0 -8.8776
2 24 24.879 0 -5.1742 25.869 0 -5.1704
2 24 26.6005 0 -5.8221 25.869 0 -5.1704
2 24 27.5252 -1.25 -7.8844 27.4951 -1.25 -7.0213
2 24 27.1575 0 -7.85 27.1606 0 -7.0805
2 24 27.1575 0 -7.85 27.1606 0 -7.0805
2 24 28.1002 -8 -10 28.1001 -8 -6.2
2 24 -10 -8 -10 28.1002 -8 -10
2 24 20.2849 -8 9.4301 28.1001 -8 -6.2
2 24 27.1354 -1.25 -8.8227 27.5252 -1.25 -7.8844
2 24 28.1001 -8 -6.2 28.1002 -1.25 -6.2
2 24 27.6584 -1.25 -5.3167 28.1002 -1.25 -6.2
2 24 27.4951 -1.25 -7.0213 26.9109 -1.25 -5.6941
2 24 28.1002 -1.25 -6.2 27.6584 -1.25 -5.3167
2 24 21.4924 -5.25 7.0149 26.17 -5.25 -2.34
2 24 28.1001 -8 -6.2 20.2849 -8 9.4301
2 24 26.8985 -3.7665 -3.7864 26.9389 -2.7337 -3.8665
2 24 26.9109 -1.25 -5.6941 26.2265 -1.6428 -4.8528
2 24 27.6584 -1.25 -5.3167 27.2014 -1.6146 -4.3965
2 24 18.4234 -5.25 -6.25 20.8462 -4.8164 -6.25
2 24 26.17 -5.25 -2.34 26.6585 -4.8165 -3.3159
2 24 22.0161 -3.7666 -6.25 20.8462 -4.8164 -6.25
2 24 26.8985 -3.7665 -3.7864 26.6585 -4.8165 -3.3159
2 24 26.8985 -3.7665 -3.7864 26.6585 -4.8165 -3.3159
2 24 25.295 -2.7334 -4.6963 26.2265 -1.6428 -4.8528
2 24 26.9389 -2.7337 -3.8665 27.2014 -1.6146 -4.3965
2 24 24.879 0 -5.1742 22.7474 0 -6.25
2 24 17.2186 0 6.2704 18.7633 0 7.0572
2 24 20.3115 -1.2506 9.3769 18.0392 -1.25 13.9215
2 24 19.5641 -1.25 8.9997 16.8377 -1.25 14.4521
2 24 18.0392 -1.25 13.9215 16.8377 -1.25 14.4521
2 24 15.7453 0 4.2547 16.7559 0 5.486
2 24 15.4278 -5.25 3.9539 16.5238 -5.0302 5.1567
2 24 17.2186 0 6.2704 16.8668 -4.4513 5.6566
2 24 16.7559 0 5.486 17.2186 0 6.2704
2 24 16.8668 -4.4513 5.6566 16.7559 -4.803 5.486
2 24 19.281 0 8.8169 19.3847 0 7.8812
2 24 19.5641 -1.25 8.9997 19.8268 -1.6961 7.8795
2 24 20.3115 -1.2506 9.3769 20.8117 -1.6967 8.3767
2 24 19.5641 -1.25 8.9997 19.8268 -1.6961 7.8795
2 24 18.7633 0 7.0572 19.3847 0 7.8812
2 24 19.4115 -2.7227 7.1104 19.8268 -1.6961 7.8795
2 24 17.2186 0 6.2704 16.7559 0 5.486
2 24 14.4194 0 5.5806 15.7742 0 7.6082
2 24 19.5641 -1.25 8.9997 16.8377 -1.25 14.4521
2 24 19.281 0 8.8169 16.2864 0 14.8059
2 24 16.8377 -1.25 14.4521 16.2864 0 14.8059
2 24 18.0392 -1.25 13.9215 18.0392 -5.25 13.9215
2 24 20.3115 -1.2506 9.3769 18.0392 -1.25 13.9215
2 24 20.3115 -1.2506 9.3769 20.8117 -1.6967 8.3767
2 24 20.8117 -1.6967 8.3767 21.0354 -2.7334 7.9291
2 24 15.7742 0 7.6082 16.25 0 10
2 24 19.281 0 8.8169 19.3847 0 7.8812
2 24 21.2236 -5.0103 7.5535 21.4924 -5.25 7.0149
2 24 16.5238 -5.0302 5.1567 15.4278 -5.25 3.9539
2 24 16.7559 -4.803 5.486 16.8668 -4.4513 5.6566
2 24 21.2236 -5.0103 7.5535 21.1028 -4.4522 7.7945
2 24 21.1028 -4.4522 7.7945 21.0501 -3.1075 7.8997
2 24 21.0501 -3.1075 7.8997 21.0354 -2.7334 7.9291
2 24 19.4115 -2.7227 7.1104 19.8268 -1.6961 7.8795
2 24 20.8117 -1.6967 8.3767 21.0354 -2.7334 7.9291
2 24 7.6822 -5.25 26.25 -6.25 -5.25 26.25
2 24 9.1333 0 28.6751 8.4296 0 28.8776
2 24 -10 -1.25 30 10 -1.25 30
2 24 8.6367 -1.25 29.2125 -7.8844 -1.25 29.2125
2 24 9.8246 -1.25 28.4783 13.6743 -1.25 20.7789
2 24 13.6743 -1.25 20.7789 13.9708 -1.25 22.0585
2 24 10 -1.25 30 13.9708 -1.25 22.0585
2 24 -8.8268 -1.25 28.8268 -7.8844 -1.25 29.2125
2 24 -10 -1.25 30 -10 -1.25 -10
2 24 -9.2125 -1.25 27.8844 -9.2125 -1.25 -7.8844
2 24 -8.8776 0 27.5494 -8.8776 0 -7.5494
2 24 -6.25 0 26.25 -6.25 0 -6.25
2 24 -10 -1.25 -10 28.1002 -1.25 -10
2 24 -7.8844 -1.25 -9.2125 26.197 -1.25 -9.2125
2 24 13.9708 -5.25 22.0585 16.005 -5.25 17.99
2 24 10 -8 30 16.005 -8 17.99
2 24 16.005 -5.25 17.99 13.9708 -5.25 22.0585
2 24 13.6743 -5.25 20.7789 13.9708 -5.25 22.0585
2 24 13.6265 -5.25 20.1256 13.7004 -5.25 19.1341
2 24 13.9273 -5.25 18.1845 13.7004 -5.25 19.1341
2 24 14.3124 -5.25 17.2109 14.8194 -5.25 16.3469
2 24 14.8194 -5.25 16.3469 15.5305 -5.25 15.4786
2 24 15.5305 -5.25 15.4786 16.3008 -5.25 14.7956
2 24 16.8377 -5.25 14.4521 16.3008 -5.25 14.7956
2 24 19.281 0 8.8169 16.2864 0 14.8059
2 24 16.25 0 10 15.7742 0 12.3918
2 24 21.0354 -2.7334 7.9291 21.0501 -3.1075 7.8997
2 24 21.0501 -3.1075 7.8997 21.1028 -4.4522 7.7945
2 24 17.2186 0 6.2704 16.8668 -4.4513 5.6566
2 24 21.4924 -5.25 7.0149 21.2236 -5.0103 7.5535
2 24 21.1028 -4.4522 7.7945 21.2236 -5.0103 7.5535
2 24 20.2849 -8 9.4301 16.005 -8 17.99
2 24 18.0392 -5.25 13.9215 16.005 -5.25 17.99
2 24 16.5238 -5.0302 5.1567 16.7559 -4.803 5.486
2 24 17.2186 0 6.2704 18.7633 0 7.0572
2 24 -6.25 -5.25 -6.25 18.4234 -5.25 -6.25
2 24 6.8907 -5.25 2.4935 10 -5.25 1.875
2 24 2.4935 -5.25 6.8907 1.875 -5.25 10
2 24 -7.5494 0 -8.8776 25.8621 0 -8.8776
2 24 -6.25 0 -6.25 22.7474 0 -6.25
2 24 26.17 -5.25 -2.34 21.4924 -5.25 7.0149
2 24 15.4278 -5.25 3.9539 13.1093 -5.25 2.4935
2 24 10 -5.25 1.875 13.1093 -5.25 2.4935
2 24 -10 -1.25 -10 28.1002 -1.25 -10
2 24 -10 -1.25 -10 -10 -8 -10
2 24 28.1002 -1.25 -10 28.1002 -8 -10
2 24 -10 -8 -10 28.1002 -8 -10
2 24 27.5252 -1.25 -7.8844 27.4951 -1.25 -7.0213
2 24 28.1002 -1.25 -10 28.1002 -1.25 -6.2
2 24 15.7742 0 12.3918 14.4194 0 14.4194
2 24 16.2864 0 14.8059 15.5309 0 15.479
2 24 26.17 -5.25 -2.34 26.6585 -4.8165 -3.3159
2 24 26.8985 -3.7665 -3.7864 26.9389 -2.7337 -3.8665
2 24 26.9389 -2.7337 -3.8665 27.2014 -1.6146 -4.3965
2 24 27.6584 -1.25 -5.3167 27.2014 -1.6146 -4.3965
2 24 -6.25 -5.25 -6.25 -6.25 -5.25 26.25
2 24 -10 -8 -10 -10 -8 30
2 24 16.005 -8 17.99 10 -8 30
2 24 -10 -8 30 10 -8 30
2 24 6.8907 -5.25 17.5065 4.2548 -5.25 15.7452
2 24 4.2548 -5.25 15.7452 2.4935 -5.25 13.1093
2 24 1.875 -5.25 10 2.4935 -5.25 13.1093
2 24 13.6265 0 20.1256 13.7009 0 19.134
2 24 16.5238 -5.0302 5.1567 16.7559 -4.803 5.486
2 24 13.9279 0 18.1849 13.7009 0 19.134
2 24 11.0471 0 18.4644 11.1146 0 19.3852
2 24 15.7453 0 4.2547 16.7559 0 5.486
2 24 19.3847 0 7.8812 18.7633 0 7.0572
2 24 12.3918 0 15.7742 14.4194 0 14.4194
2 24 14.8206 0 16.3516 15.5309 0 15.479
2 24 12.3918 0 15.7742 10 0 16.25
2 24 11.0471 0 18.4644 10 0 18.125
2 24 20.8462 -4.8164 -6.25 22.0161 -3.7666 -6.25
2 24 22.7474 0 -6.25 22.0161 -3.7666 -6.25
2 24 18.4234 -5.25 -6.25 20.8462 -4.8164 -6.25
0 STEP
