0 Hand Vecna Claw (fits Minifigure Hand)
0 Name: bl_7985.dat
0 Author: 
0 BL_Item_No 7985
0 BFC CERTIFY CCW
3 16 -2.1119 -18.1743 -7.8454 -2.245 -18.2616 -8.501 -1.5583 -18.1523 -8.1354
3 16 -2.1119 -18.1743 -7.8454 -2.8994 -18.3025 -8.2604 -2.641 -18.3048 -8.5529
3 16 -2.1119 -18.1743 -7.8454 -2.641 -18.3048 -8.5529 -2.245 -18.2616 -8.501
3 16 -2.1119 -18.1743 -7.8454 -1.5583 -18.1523 -8.1354 -1.3138 -18.0911 -7.8516
3 16 -2.1119 -18.1743 -7.8454 -1.3138 -18.0911 -7.8516 -1.4032 -18.0526 -7.4632
3 16 11.4815 -1.8478 -2.5799 9.9284 -2.2781 -2.8473 11.0968 -2.06 -5.2554
3 16 11.0968 -2.06 -5.2554 9.9284 -2.2781 -2.8473 9.5978 -2.4436 -4.5908
3 16 9.9284 -2.2781 -2.8473 9.835 -3.8621 -2.7753 9.5978 -2.4436 -4.5908
3 16 9.5978 -2.4436 -4.5908 9.835 -3.8621 -2.7753 9.5669 -4.1458 -4.5483
3 16 7.5503 -4.3852 -6.4753 7.5359 -2.7878 -6.5881 8.8761 -4.341 -5.876
3 16 8.8761 -4.341 -5.876 7.5359 -2.7878 -6.5881 8.8611 -2.6203 -5.9613
3 16 4.6356 -16.9763 -12.157 1.8435 -18.0307 -17.0753 7.5979 -16.5427 -14.6105
3 16 7.5979 -16.5427 -14.6105 1.8435 -18.0307 -17.0753 4.7826 -17.561 -18.6398
3 16 3.7509 -17.0977 -20.3095 0.6513 -17.5836 -19.0154 3.8031 -16.0358 -20.4338
3 16 3.8031 -16.0358 -20.4338 0.6513 -17.5836 -19.0154 0.5214 -15.3113 -19.2615
3 16 0.8434 -18.07 -18.7196 0.6513 -17.5836 -19.0154 3.8524 -17.6155 -19.9974
3 16 3.8524 -17.6155 -19.9974 0.6513 -17.5836 -19.0154 3.7509 -17.0977 -20.3095
3 16 0.8184 -14.5329 -18.7448 1.3064 -14.2941 -17.9041 4.2437 -15.2195 -19.9005
3 16 4.2437 -15.2195 -19.9005 1.3064 -14.2941 -17.9041 4.8611 -15.0222 -19.0501
3 16 0.6137 -14.8258 -19.1068 0.8184 -14.5329 -18.7448 3.946 -15.5146 -20.3028
3 16 3.946 -15.5146 -20.3028 0.8184 -14.5329 -18.7448 4.2437 -15.2195 -19.9005
3 16 3.8031 -16.0358 -20.4338 0.5214 -15.3113 -19.2615 3.946 -15.5146 -20.3028
3 16 3.946 -15.5146 -20.3028 0.5214 -15.3113 -19.2615 0.6137 -14.8258 -19.1068
3 16 4.8611 -15.0222 -19.0501 1.3064 -14.2941 -17.9041 7.7598 -14.0698 -14.9681
3 16 7.7598 -14.0698 -14.9681 1.3064 -14.2941 -17.9041 4.5812 -12.6448 -12.1371
3 16 8.2947 -14.5525 -3.7058 8.1012 -14.9255 -5.1591 9.0319 -14.1847 -3.6652
3 16 5.9485 -15.4973 -5.2407 5.6881 -14.5405 -5.7548 6.2461 -15.4807 -5.6057
3 16 6.2461 -15.4807 -5.6057 5.6881 -14.5405 -5.7548 6.0489 -14.5912 -5.952
3 16 6.2461 -15.4807 -5.6057 6.4404 -15.6264 -6.7279 8.1012 -14.9255 -5.1591
3 16 8.1012 -14.9255 -5.1591 6.4404 -15.6264 -6.7279 8.1463 -15.2575 -7.0415
3 16 8.1012 -14.9255 -5.1591 7.0493 -14.9508 -3.3776 6.7183 -15.0366 -3.6265
3 16 9.5022 -13.7483 -2.7918 9.0319 -14.1847 -3.6652 10.2709 -13.4539 -3.175
3 16 10.2709 -13.4539 -3.175 9.0319 -14.1847 -3.6652 10.0575 -14.491 -6.7242
3 16 5.9485 -15.4973 -5.2407 5.2839 -15.6439 -5.3237 5.6881 -14.5405 -5.7548
3 16 5.6881 -14.5405 -5.7548 5.2839 -15.6439 -5.3237 4.9923 -14.6271 -6.1038
3 16 2.1604 -16.0391 -4.5653 1.923 -15.8798 -5.0736 2.4841 -16.5412 -4.5083
3 16 2.4841 -16.5412 -4.5083 1.923 -15.8798 -5.0736 2.0186 -16.8234 -6.1992
3 16 -5.5816 -17.5627 -0.0811 -5.4993 -17.9425 -2.6399 -3.1163 -17.1987 -0.4454
3 16 -3.1163 -17.1987 -0.4454 -5.4993 -17.9425 -2.6399 -2.9611 -17.5377 -2.4334
3 16 -4.7101 -18.0964 -4.8281 -3.8026 -18.2045 -6.6654 -2.4715 -17.7401 -4.1943
3 16 -2.4715 -17.7401 -4.1943 -3.8026 -18.2045 -6.6654 -1.9107 -17.9145 -5.9462
3 16 -2.4715 -17.7401 -4.1943 -2.9611 -17.5377 -2.4334 -4.7101 -18.0964 -4.8281
3 16 -4.7101 -18.0964 -4.8281 -2.9611 -17.5377 -2.4334 -5.4993 -17.9425 -2.6399
3 16 -1.0152 -13.9521 7.8325 1.643 -13.875 7.5092 -0.3464 -13.8758 10.9424
3 16 -0.3464 -13.8758 10.9424 1.643 -13.875 7.5092 1.9539 -13.8502 10.9433
3 16 -1.5083 -14.1972 4.5991 -1.6635 -14.8276 1.5377 1.3051 -14.0413 4.3339
3 16 1.3051 -14.0413 4.3339 -1.6635 -14.8276 1.5377 0.9676 -14.7473 1.207
3 16 0.7849 -15.183 -0.4078 0.9676 -14.7473 1.207 -1.6252 -15.3299 -0.4614
3 16 -1.6252 -15.3299 -0.4614 0.9676 -14.7473 1.207 -1.6635 -14.8276 1.5377
3 16 0.7849 -15.183 -0.4078 -1.6252 -15.3299 -0.4614 0.5556 -15.7579 -2.6634
3 16 0.5556 -15.7579 -2.6634 -1.6252 -15.3299 -0.4614 -1.5194 -15.8299 -2.4956
3 16 -1.5194 -15.8299 -2.4956 -1.2866 -16.0777 -4.1834 0.5556 -15.7579 -2.6634
3 16 0.5556 -15.7579 -2.6634 -1.2866 -16.0777 -4.1834 0.4368 -16.0188 -4.3719
3 16 0.3832 -15.5431 -5.1494 0.402 -15.8819 -4.8957 -1.0154 -15.5272 -5.0097
3 16 -1.0154 -15.5272 -5.0097 0.402 -15.8819 -4.8957 -1.1261 -15.8796 -4.7413
3 16 -1.2866 -16.0777 -4.1834 -1.5194 -15.8299 -2.4956 -1.7824 -17.2882 -4.1023
3 16 -1.7824 -17.2882 -4.1023 -1.5194 -15.8299 -2.4956 -2.1903 -17.0489 -2.4095
3 16 0.402 -15.8819 -4.8957 0.4368 -16.0188 -4.3719 -1.1261 -15.8796 -4.7413
3 16 -1.1261 -15.8796 -4.7413 0.4368 -16.0188 -4.3719 -1.2866 -16.0777 -4.1834
3 16 -1.0154 -15.5272 -5.0097 -0.8461 -14.426 -5.2318 0.3832 -15.5431 -5.1494
3 16 0.3832 -15.5431 -5.1494 -0.8461 -14.426 -5.2318 0.3639 -14.4592 -5.3438
3 16 9.5406 -9.3298 -0.526 9.7778 -7.5784 -0.9305 9.3004 -8.6463 1.9835
3 16 9.3004 -8.6463 1.9835 9.7778 -7.5784 -0.9305 9.5328 -6.9874 1.5884
3 16 9.5239 -9.7117 -2.0188 9.7491 -7.9004 -2.3016 9.5406 -9.3298 -0.526
3 16 9.5406 -9.3298 -0.526 9.7491 -7.9004 -2.3016 9.7778 -7.5784 -0.9305
3 16 9.7491 -7.9004 -2.3016 9.5239 -9.7117 -2.0188 9.5346 -8.3112 -4.0315
3 16 9.5346 -8.3112 -4.0315 9.5239 -9.7117 -2.0188 9.371 -10.1244 -3.6952
3 16 9.2906 -8.5243 -4.9581 9.1518 -10.3692 -4.6669 8.5438 -8.8028 -5.9299
3 16 8.5438 -8.8028 -5.9299 9.1518 -10.3692 -4.6669 8.5185 -10.6053 -5.6471
3 16 9.1518 -10.3692 -4.6669 9.2906 -8.5243 -4.9581 9.371 -10.1244 -3.6952
3 16 9.371 -10.1244 -3.6952 9.2906 -8.5243 -4.9581 9.5346 -8.3112 -4.0315
3 16 8.5438 -8.8028 -5.9299 8.5185 -10.6053 -5.6471 7.5829 -8.976 -6.3626
3 16 7.5829 -8.976 -6.3626 8.5185 -10.6053 -5.6471 7.6155 -10.7483 -6.1599
3 16 6.4753 -10.8436 -6.4694 6.4329 -9.1308 -6.6055 7.6155 -10.7483 -6.1599
3 16 7.6155 -10.7483 -6.1599 6.4329 -9.1308 -6.6055 7.5829 -8.976 -6.3626
3 16 9.5669 -4.1458 -4.5483 9.835 -3.8621 -2.7753 10.8099 -4.4274 -4.4525
3 16 10.8099 -4.4274 -4.4525 9.835 -3.8621 -2.7753 10.7131 -4.121 -2.6715
3 16 8.8761 -4.341 -5.876 9.5669 -4.1458 -4.5483 10.791 -4.7944 -6.2206
3 16 10.791 -4.7944 -6.2206 9.5669 -4.1458 -4.5483 10.8099 -4.4274 -4.4525
3 16 7.6065 -2.318 8.3661 9.4199 -3.1709 1.1607 7.7156 -1.5554 8.1357
3 16 7.7156 -1.5554 8.1357 9.4199 -3.1709 1.1607 9.5608 -2.0319 1.2626
3 16 1.643 -13.875 7.5092 -1.0152 -13.9521 7.8325 1.3051 -14.0413 4.3339
3 16 1.3051 -14.0413 4.3339 -1.0152 -13.9521 7.8325 -1.5083 -14.1972 4.5991
3 16 5.481 -11.6338 11.0207 4.3153 -13.8794 10.9422 4.7707 -14.1293 10.9334
3 16 9.5978 -2.4436 -4.5908 8.8611 -2.6203 -5.9613 11.0968 -2.06 -5.2554
3 16 11.0968 -2.06 -5.2554 8.8611 -2.6203 -5.9613 10.6157 -2.2026 -7.73
3 16 7.576 -7.6717 9.5231 8.4283 -8.3127 9.1261 8.4964 -7.4868 8.908
3 16 6.525 -2.8588 9.1577 5.5 1.0788 8.2457 5.4906 -5.2501 9.6272
3 16 7.9178 -0.2818 7.7385 8.7411 -0.7081 7.314 8.5614 0.4464 7.181
3 16 6.6383 -3.7054 -5.9416 6.4004 -2.8927 -6.6717 6.4381 -4.3564 -6.6167
3 16 1.7696 -15.5602 -5.2993 0.3832 -15.5431 -5.1494 1.573 -14.4638 -5.4466
3 16 1.573 -14.4638 -5.4466 0.3832 -15.5431 -5.1494 0.3639 -14.4592 -5.3438
3 16 -0.3943 -15.1642 -8.1699 -2.0859 -15.0965 -7.9568 -0.6852 -14.7499 -6.5815
3 16 -0.6852 -14.7499 -6.5815 -2.5659 -14.8187 -6.8546 -0.8461 -14.426 -5.2318
3 16 -0.8461 -14.426 -5.2318 -2.5659 -14.8187 -6.8546 -3.1371 -14.3988 -5.1885
3 16 9.6809 -10.6332 2.7204 8.4283 -8.3127 9.1261 9.2333 -11.4268 2.8946
3 16 9.2333 -11.4268 2.8946 8.4283 -8.3127 9.1261 7.8258 -9.221 9.6961
3 16 9.6809 -10.6332 2.7204 9.8427 -9.5287 2.3355 8.4283 -8.3127 9.1261
3 16 8.4283 -8.3127 9.1261 9.8427 -9.5287 2.3355 8.4964 -7.4868 8.908
3 16 9.8427 -9.5287 2.3355 9.6219 -8.9098 2.063 8.4964 -7.4868 8.908
3 16 8.4964 -7.4868 8.908 9.6219 -8.9098 2.063 8.213 -6.8725 8.9547
3 16 3.946 -15.5146 -20.3028 4.2437 -15.2195 -19.9005 4.3917 -15.8654 -20.0033
3 16 4.3917 -15.8654 -20.0033 4.2437 -15.2195 -19.9005 4.6056 -15.7468 -19.7198
3 16 10.2709 -13.4539 -3.175 10.0575 -14.491 -6.7242 10.6759 -12.7812 -3.4513
3 16 10.6759 -12.7812 -3.4513 10.0575 -14.491 -6.7242 10.4659 -13.854 -6.9441
3 16 5.0182 -17.0055 -18.8698 5.0619 -15.6005 -19.0948 7.9184 -15.9944 -14.866
3 16 7.9184 -15.9944 -14.866 5.0619 -15.6005 -19.0948 7.9963 -14.6539 -15.0491
3 16 8.213 -6.8725 8.9547 7.576 -7.6717 9.5231 8.4964 -7.4868 8.908
3 16 9.5406 -9.3298 -0.526 9.3004 -8.6463 1.9835 10.0216 -9.5768 -0.0056
3 16 10.0216 -9.5768 -0.0056 9.3004 -8.6463 1.9835 9.6219 -8.9098 2.063
3 16 5.0182 -17.0055 -18.8698 4.7826 -17.561 -18.6398 4.5185 -17.1967 -19.5443
3 16 4.5185 -17.1967 -19.5443 4.7826 -17.561 -18.6398 4.1591 -17.7773 -19.5089
3 16 4.5185 -17.1967 -19.5443 4.1591 -17.7773 -19.5089 4.342 -17.1749 -19.8155
3 16 4.342 -17.1749 -19.8155 4.1591 -17.7773 -19.5089 3.8524 -17.6155 -19.9974
3 16 4.2836 -16.9438 -19.961 3.7509 -17.0977 -20.3095 4.3184 -16.1606 -20.0689
3 16 4.3184 -16.1606 -20.0689 3.7509 -17.0977 -20.3095 3.8031 -16.0358 -20.4338
3 16 3.8524 -17.6155 -19.9974 3.7509 -17.0977 -20.3095 4.342 -17.1749 -19.8155
3 16 4.342 -17.1749 -19.8155 3.7509 -17.0977 -20.3095 4.2836 -16.9438 -19.961
3 16 10.808 -11.4442 -3.8409 10.6759 -12.7812 -3.4513 10.5943 -12.4942 -7.2952
3 16 10.5943 -12.4942 -7.2952 10.6759 -12.7812 -3.4513 10.4659 -13.854 -6.9441
3 16 10.5862 -10.8964 -4.0204 10.808 -11.4442 -3.8409 10.3548 -11.8997 -7.3692
3 16 10.3548 -11.8997 -7.3692 10.808 -11.4442 -3.8409 10.5943 -12.4942 -7.2952
3 16 9.7014 -12.182 0.6116 10.1144 -11.4236 0.5016 9.2333 -11.4268 2.8946
3 16 9.2333 -11.4268 2.8946 10.1144 -11.4236 0.5016 9.6809 -10.6332 2.7204
3 16 10.1144 -11.4236 0.5016 10.2562 -10.2006 0.1892 9.6809 -10.6332 2.7204
3 16 9.6809 -10.6332 2.7204 10.2562 -10.2006 0.1892 9.8427 -9.5287 2.3355
3 16 10.2562 -10.2006 0.1892 10.0216 -9.5768 -0.0056 9.8427 -9.5287 2.3355
3 16 9.8427 -9.5287 2.3355 10.0216 -9.5768 -0.0056 9.6219 -8.9098 2.063
3 16 5.0619 -15.6005 -19.0948 4.8611 -15.0222 -19.0501 7.9963 -14.6539 -15.0491
3 16 7.9963 -14.6539 -15.0491 4.8611 -15.0222 -19.0501 7.7598 -14.0698 -14.9681
3 16 4.3184 -16.1606 -20.0689 3.8031 -16.0358 -20.4338 4.3917 -15.8654 -20.0033
3 16 4.3917 -15.8654 -20.0033 3.8031 -16.0358 -20.4338 3.946 -15.5146 -20.3028
3 16 9.0702 -12.6081 0.5306 9.7014 -12.182 0.6116 8.6856 -11.7801 2.9637
3 16 8.6856 -11.7801 2.9637 9.7014 -12.182 0.6116 9.2333 -11.4268 2.8946
3 16 9.2333 -11.4268 2.8946 7.8258 -9.221 9.6961 8.6856 -11.7801 2.9637
3 16 8.6856 -11.7801 2.9637 7.8258 -9.221 9.6961 7.6976 -9.3043 9.794
3 16 4.2437 -15.2195 -19.9005 4.8611 -15.0222 -19.0501 4.6056 -15.7468 -19.7198
3 16 4.6056 -15.7468 -19.7198 4.8611 -15.0222 -19.0501 5.0619 -15.6005 -19.0948
3 16 4.5936 -16.4589 -19.6279 4.3917 -15.8654 -20.0033 4.6056 -15.7468 -19.7198
3 16 4.5936 -16.4589 -19.6279 4.5185 -17.1967 -19.5443 4.342 -17.1749 -19.8155
3 16 5.0182 -17.0055 -18.8698 4.5185 -17.1967 -19.5443 4.5936 -16.4589 -19.6279
3 16 4.5936 -16.4589 -19.6279 4.3184 -16.1606 -20.0689 4.3917 -15.8654 -20.0033
3 16 4.5936 -16.4589 -19.6279 4.342 -17.1749 -19.8155 4.2836 -16.9438 -19.961
3 16 4.7826 -17.561 -18.6398 5.0182 -17.0055 -18.8698 7.5979 -16.5427 -14.6105
3 16 7.5979 -16.5427 -14.6105 5.0182 -17.0055 -18.8698 7.9184 -15.9944 -14.866
3 16 4.5936 -16.4589 -19.6279 5.0619 -15.6005 -19.0948 5.0182 -17.0055 -18.8698
3 16 4.5936 -16.4589 -19.6279 4.2836 -16.9438 -19.961 4.3184 -16.1606 -20.0689
3 16 6.2129 -15.2432 -4.1747 5.2839 -15.6439 -5.3237 5.9485 -15.4973 -5.2407
3 16 4.1591 -17.7773 -19.5089 1.1502 -18.2226 -18.2286 3.8524 -17.6155 -19.9974
3 16 3.8524 -17.6155 -19.9974 1.1502 -18.2226 -18.2286 0.8434 -18.07 -18.7196
3 16 4.7826 -17.561 -18.6398 1.8435 -18.0307 -17.0753 4.1591 -17.7773 -19.5089
3 16 4.1591 -17.7773 -19.5089 1.8435 -18.0307 -17.0753 1.1502 -18.2226 -18.2286
3 16 5.4791 -11.625 8.5885 5.4906 -5.2501 9.6272 5.5625 1.0819 7.4194
3 16 5.4791 -11.625 8.5885 5.5625 1.0819 7.4194 5.568 -11.6127 7.2971
3 16 5.568 -11.6127 7.2971 5.5625 1.0819 7.4194 5.6567 1.0812 6.9151
3 16 4.1807 -17.0899 -6.8409 3.7992 -17.0896 -7.3044 4.3703 -15.0452 -7.7194
3 16 4.3703 -15.0452 -7.7194 3.7992 -17.0896 -7.3044 3.9714 -15.154 -8.1851
3 16 9.5022 -13.7483 -2.7918 9.2241 -15.4632 -2.4212 9.0319 -14.1847 -3.6652
3 16 9.0319 -14.1847 -3.6652 9.2241 -15.4632 -2.4212 8.8849 -15.7124 -2.9572
3 16 8.1208 -16.0619 -3.0008 8.2947 -14.5525 -3.7058 8.8849 -15.7124 -2.9572
3 16 8.8849 -15.7124 -2.9572 8.2947 -14.5525 -3.7058 9.0319 -14.1847 -3.6652
3 16 8.2947 -14.5525 -3.7058 8.1208 -16.0619 -3.0008 7.4602 -14.849 -3.3506
3 16 7.4602 -14.849 -3.3506 8.1208 -16.0619 -3.0008 7.0586 -16.3494 -2.5173
3 16 9.2241 -15.4632 -2.4212 9.5022 -13.7483 -2.7918 9.121 -15.3464 -1.504
3 16 9.121 -15.3464 -1.504 9.5022 -13.7483 -2.7918 9.4279 -13.3825 -1.7717
3 16 6.1413 -16.5876 -2.9534 6.7183 -15.0366 -3.6265 6.548 -16.4763 -2.5648
3 16 6.548 -16.4763 -2.5648 6.7183 -15.0366 -3.6265 7.0493 -14.9508 -3.3776
3 16 6.548 -16.4763 -2.5648 7.0493 -14.9508 -3.3776 7.0586 -16.3494 -2.5173
3 16 7.0586 -16.3494 -2.5173 7.0493 -14.9508 -3.3776 7.4602 -14.849 -3.3506
3 16 6.7183 -15.0366 -3.6265 6.1413 -16.5876 -2.9534 6.2129 -15.2432 -4.1747
3 16 6.2129 -15.2432 -4.1747 6.1413 -16.5876 -2.9534 5.6902 -16.7163 -3.7222
3 16 8.2128 -14.6548 3.635 8.6856 -11.7801 2.9637 7.7224 -13.9721 7.3793
3 16 2.6134 -15.7498 -2.8775 3.0557 -16.258 -2.7085 3.1194 -15.1948 -0.7868
3 16 3.1194 -15.1948 -0.7868 3.0557 -16.258 -2.7085 3.6946 -15.957 -0.6925
3 16 8.679 -15.1077 0.8676 9.0702 -12.6081 0.5306 8.2128 -14.6548 3.635
3 16 8.2128 -14.6548 3.635 9.0702 -12.6081 0.5306 8.6856 -11.7801 2.9637
3 16 4.8081 -16.9353 -5.4729 5.2839 -15.6439 -5.3237 5.6902 -16.7163 -3.7222
3 16 5.6902 -16.7163 -3.7222 5.2839 -15.6439 -5.3237 6.2129 -15.2432 -4.1747
3 16 4.1807 -17.0899 -6.8409 4.3703 -15.0452 -7.7194 5.2839 -15.6439 -5.3237
3 16 5.2839 -15.6439 -5.3237 4.3703 -15.0452 -7.7194 4.9923 -14.6271 -6.1038
3 16 3.2371 -17.0713 -7.3807 3.3715 -15.1982 -8.2716 3.7992 -17.0896 -7.3044
3 16 3.7992 -17.0896 -7.3044 3.3715 -15.1982 -8.2716 3.9714 -15.154 -8.1851
3 16 3.2371 -17.0713 -7.3807 2.4491 -16.9928 -7.0671 3.3715 -15.1982 -8.2716
3 16 3.3715 -15.1982 -8.2716 2.4491 -16.9928 -7.0671 2.0714 -15.0544 -7.7316
3 16 2.4491 -16.9928 -7.0671 2.0918 -16.9142 -6.7304 2.0714 -15.0544 -7.7316
3 16 2.0714 -15.0544 -7.7316 2.0918 -16.9142 -6.7304 1.6359 -14.9625 -7.3982
3 16 2.0186 -16.8234 -6.1992 1.4968 -14.8148 -6.7846 2.0918 -16.9142 -6.7304
3 16 2.0918 -16.9142 -6.7304 1.4968 -14.8148 -6.7846 1.6359 -14.9625 -7.3982
3 16 3.0557 -16.258 -2.7085 2.6134 -15.7498 -2.8775 2.4841 -16.5412 -4.5083
3 16 2.4841 -16.5412 -4.5083 2.6134 -15.7498 -2.8775 2.1604 -16.0391 -4.5653
3 16 4.9135 -14.5666 7.3344 4.7707 -14.1293 10.9334 4.3311 -13.9511 7.375
3 16 4.3311 -13.9511 7.375 4.7707 -14.1293 10.9334 4.3153 -13.8794 10.9422
3 16 5.481 -11.6338 11.0207 5.6007 -14.1514 10.9327 6.2638 -13.9239 10.9403
3 16 7.7495 -14.9752 3.7289 7.2942 -14.3523 7.2804 6.5892 -15.1162 3.978
3 16 6.5892 -15.1162 3.978 7.2942 -14.3523 7.2804 6.4774 -14.5318 7.2788
3 16 7.7224 -13.9721 7.3793 7.3819 -13.3532 10.5007 7.2942 -14.3523 7.2804
3 16 7.2942 -14.3523 7.2804 7.3819 -13.3532 10.5007 6.9476 -13.7231 10.7753
3 16 8.679 -15.1077 0.8676 8.2128 -14.6548 3.635 8.2151 -15.4643 0.864
3 16 8.2151 -15.4643 0.864 8.2128 -14.6548 3.635 7.7495 -14.9752 3.7289
3 16 7.7495 -14.9752 3.7289 8.2128 -14.6548 3.635 7.2942 -14.3523 7.2804
3 16 7.2942 -14.3523 7.2804 8.2128 -14.6548 3.635 7.7224 -13.9721 7.3793
3 16 6.3034 -16.5763 -2.0243 6.548 -16.4763 -2.5648 7.0231 -16.4001 -1.9488
3 16 7.0231 -16.4001 -1.9488 6.548 -16.4763 -2.5648 7.0586 -16.3494 -2.5173
3 16 6.3034 -16.5763 -2.0243 5.7222 -16.7282 -2.5393 6.548 -16.4763 -2.5648
3 16 6.548 -16.4763 -2.5648 5.7222 -16.7282 -2.5393 6.1413 -16.5876 -2.9534
3 16 5.7222 -16.7282 -2.5393 6.3034 -16.5763 -2.0243 4.3562 -16.2967 -0.8692
3 16 8.1208 -16.0619 -3.0008 8.1108 -16.1614 -2.3926 7.0586 -16.3494 -2.5173
3 16 7.0586 -16.3494 -2.5173 8.1108 -16.1614 -2.3926 7.0231 -16.4001 -1.9488
3 16 7.0231 -16.4001 -1.9488 7.2434 -16.1354 -1.246 4.9089 -15.8701 1.1458
3 16 8.1108 -16.1614 -2.3926 8.6418 -15.9785 -2.4577 7.2434 -16.1354 -1.246
3 16 8.1108 -16.1614 -2.3926 8.1208 -16.0619 -3.0008 8.6418 -15.9785 -2.4577
3 16 8.6418 -15.9785 -2.4577 8.1208 -16.0619 -3.0008 8.8849 -15.7124 -2.9572
3 16 8.6418 -15.9785 -2.4577 8.7849 -15.8783 -2.1565 7.2434 -16.1354 -1.246
3 16 9.2241 -15.4632 -2.4212 9.121 -15.3464 -1.504 8.7849 -15.8783 -2.1565
3 16 8.7849 -15.8783 -2.1565 9.121 -15.3464 -1.504 8.6453 -15.7636 -1.3658
3 16 8.7849 -15.8783 -2.1565 8.6418 -15.9785 -2.4577 9.2241 -15.4632 -2.4212
3 16 9.2241 -15.4632 -2.4212 8.6418 -15.9785 -2.4577 8.8849 -15.7124 -2.9572
3 16 4.9135 -14.5666 7.3344 4.7188 -15.1118 4.0007 5.6095 -14.695 7.2771
3 16 5.6095 -14.695 7.2771 4.7188 -15.1118 4.0007 5.3701 -15.2857 3.9572
3 16 6.4774 -14.5318 7.2788 5.6095 -14.695 7.2771 6.5892 -15.1162 3.978
3 16 6.5892 -15.1162 3.978 5.6095 -14.695 7.2771 5.3701 -15.2857 3.9572
3 16 4.3562 -16.2967 -0.8692 4.9089 -15.8701 1.1458 3.6946 -15.957 -0.6925
3 16 3.6946 -15.957 -0.6925 4.9089 -15.8701 1.1458 4.2504 -15.6305 1.2792
3 16 4.3562 -16.2967 -0.8692 3.6946 -15.957 -0.6925 3.7686 -16.6323 -2.7672
3 16 3.7686 -16.6323 -2.7672 3.6946 -15.957 -0.6925 3.0557 -16.258 -2.7085
3 16 2.4841 -16.5412 -4.5083 3.114 -16.9104 -4.704 3.0557 -16.258 -2.7085
3 16 3.0557 -16.258 -2.7085 3.114 -16.9104 -4.704 3.7686 -16.6323 -2.7672
3 16 3.114 -16.9104 -4.704 2.4841 -16.5412 -4.5083 2.66 -17.1207 -6.1178
3 16 2.66 -17.1207 -6.1178 2.4841 -16.5412 -4.5083 2.0186 -16.8234 -6.1992
3 16 4.8081 -16.9353 -5.4729 5.6902 -16.7163 -3.7222 4.3096 -17.0938 -5.2163
3 16 4.3096 -17.0938 -5.2163 5.6902 -16.7163 -3.7222 5.1787 -16.8663 -3.4083
3 16 4.3096 -17.0938 -5.2163 5.1787 -16.8663 -3.4083 3.114 -16.9104 -4.704
3 16 3.114 -16.9104 -4.704 5.1787 -16.8663 -3.4083 3.7686 -16.6323 -2.7672
3 16 4.1807 -17.0899 -6.8409 4.8081 -16.9353 -5.4729 3.7253 -17.2426 -6.5266
3 16 3.7253 -17.2426 -6.5266 4.8081 -16.9353 -5.4729 4.3096 -17.0938 -5.2163
3 16 2.4491 -16.9928 -7.0671 3.2371 -17.0713 -7.3807 2.821 -17.1925 -6.537
3 16 2.821 -17.1925 -6.537 3.2371 -17.0713 -7.3807 3.3309 -17.2515 -6.7338
3 16 3.7992 -17.0896 -7.3044 4.1807 -17.0899 -6.8409 3.56 -17.2596 -6.7068
3 16 3.56 -17.2596 -6.7068 4.1807 -17.0899 -6.8409 3.7253 -17.2426 -6.5266
3 16 3.3313 -17.1518 -6.0505 3.56 -17.2596 -6.7068 3.7253 -17.2426 -6.5266
3 16 3.2371 -17.0713 -7.3807 3.7992 -17.0896 -7.3044 3.3309 -17.2515 -6.7338
3 16 3.3309 -17.2515 -6.7338 3.7992 -17.0896 -7.3044 3.56 -17.2596 -6.7068
3 16 2.0918 -16.9142 -6.7304 2.4491 -16.9928 -7.0671 2.6339 -17.1549 -6.3722
3 16 2.6339 -17.1549 -6.3722 2.4491 -16.9928 -7.0671 2.821 -17.1925 -6.537
3 16 2.0918 -16.9142 -6.7304 2.6339 -17.1549 -6.3722 2.0186 -16.8234 -6.1992
3 16 2.0186 -16.8234 -6.1992 2.6339 -17.1549 -6.3722 2.66 -17.1207 -6.1178
3 16 3.3313 -17.1518 -6.0505 2.66 -17.1207 -6.1178 2.6339 -17.1549 -6.3722
3 16 5.6095 -14.695 7.2771 5.6007 -14.1514 10.9327 4.9135 -14.5666 7.3344
3 16 4.9135 -14.5666 7.3344 5.6007 -14.1514 10.9327 4.7707 -14.1293 10.9334
3 16 5.6095 -14.695 7.2771 6.4774 -14.5318 7.2788 5.6007 -14.1514 10.9327
3 16 5.6007 -14.1514 10.9327 6.4774 -14.5318 7.2788 6.2638 -13.9239 10.9403
3 16 7.9088 -5.3268 8.8165 8.2483 -5.1198 8.5601 7.6537 -3.9243 8.678
3 16 6.525 -7.69 10.1846 7.576 -7.6717 9.5231 7.7138 -6.5122 9.1904
3 16 6.9476 -13.7231 10.7753 7.3819 -13.3532 10.5007 6.525 -11.625 11.021
3 16 6.525 -11.625 11.021 7.3819 -13.3532 10.5007 7.4853 -11.6147 10.418
3 16 9.6219 -8.9098 2.063 9.3004 -8.6463 1.9835 8.213 -6.8725 8.9547
3 16 8.213 -6.8725 8.9547 9.3004 -8.6463 1.9835 7.7138 -6.5122 9.1904
3 16 7.576 -7.6717 9.5231 6.525 -7.69 10.1846 7.6976 -9.3043 9.794
3 16 6.1262 -8.9474 -18.119 5.7689 -8.5327 -18.6227 5.8182 -8.2595 -18.5722
3 16 8.2483 -5.1198 8.5601 9.9871 -6.6658 1.4869 8.8694 -4.2044 7.9769
3 16 8.8694 -4.2044 7.9769 9.9871 -6.6658 1.4869 10.4594 -5.6539 1.4733
3 16 8.8627 -3.4515 7.821 8.8694 -4.2044 7.9769 10.4309 -4.167 1.4052
3 16 10.4309 -4.167 1.4052 8.8694 -4.2044 7.9769 10.4594 -5.6539 1.4733
3 16 5.7689 -8.5327 -18.6227 6.1262 -8.9474 -18.119 5.8341 -9.5306 -18.4773
3 16 11.2978 -7.0172 -4.2976 11.238 -5.0065 -4.3034 11.1957 -6.6024 -2.461
3 16 11.1957 -6.6024 -2.461 11.238 -5.0065 -4.3034 11.1369 -4.6865 -2.5034
3 16 9.7491 -7.9004 -2.3016 10.7938 -7.4191 -2.367 9.7778 -7.5784 -0.9305
3 16 9.7778 -7.5784 -0.9305 10.7938 -7.4191 -2.367 10.4545 -7.0295 -0.412
3 16 10.8099 -4.4274 -4.4525 10.7131 -4.121 -2.6715 11.238 -5.0065 -4.3034
3 16 11.238 -5.0065 -4.3034 10.7131 -4.121 -2.6715 11.1369 -4.6865 -2.5034
3 16 7.6537 -3.9243 8.678 8.2483 -5.1198 8.5601 8.8694 -4.2044 7.9769
3 16 6.1029 -9.8766 -18.0965 5.6148 -10.4693 -18.0215 5.9135 -9.7929 -18.3557
3 16 5.9135 -9.7929 -18.3557 5.6148 -10.4693 -18.0215 5.276 -10.2421 -18.484
3 16 1.6748 -10.3842 -17.2688 5.276 -10.2421 -18.484 2.0325 -10.7192 -16.6577
3 16 2.0325 -10.7192 -16.6577 5.276 -10.2421 -18.484 5.6148 -10.4693 -18.0215
3 16 5.276 -10.2421 -18.484 5.1333 -9.6804 -18.7592 5.9135 -9.7929 -18.3557
3 16 5.9135 -9.7929 -18.3557 5.1333 -9.6804 -18.7592 5.8341 -9.5306 -18.4773
3 16 1.5491 -9.7639 -17.515 5.1333 -9.6804 -18.7592 1.6748 -10.3842 -17.2688
3 16 1.6748 -10.3842 -17.2688 5.1333 -9.6804 -18.7592 5.276 -10.2421 -18.484
3 16 5.8341 -9.5306 -18.4773 5.1333 -9.6804 -18.7592 5.7689 -8.5327 -18.6227
3 16 5.7689 -8.5327 -18.6227 5.1333 -9.6804 -18.7592 5.097 -8.4403 -18.9372
3 16 5.1333 -9.6804 -18.7592 1.5491 -9.7639 -17.515 5.097 -8.4403 -18.9372
3 16 5.097 -8.4403 -18.9372 1.5491 -9.7639 -17.515 1.4423 -8.3049 -17.7095
3 16 1.4907 -7.714 -17.5797 1.7267 -7.3626 -17.1847 5.209 -7.9145 -18.8071
3 16 5.209 -7.9145 -18.8071 1.7267 -7.3626 -17.1847 5.492 -7.5936 -18.4286
3 16 5.7689 -8.5327 -18.6227 5.097 -8.4403 -18.9372 5.8182 -8.2595 -18.5722
3 16 5.8182 -8.2595 -18.5722 5.097 -8.4403 -18.9372 5.209 -7.9145 -18.8071
3 16 1.4423 -8.3049 -17.7095 1.4907 -7.714 -17.5797 5.097 -8.4403 -18.9372
3 16 5.097 -8.4403 -18.9372 1.4907 -7.714 -17.5797 5.209 -7.9145 -18.8071
3 16 5.209 -7.9145 -18.8071 5.492 -7.5936 -18.4286 5.8182 -8.2595 -18.5722
3 16 5.8182 -8.2595 -18.5722 5.492 -7.5936 -18.4286 6.0192 -8.0912 -18.3121
3 16 11.1957 -6.6024 -2.461 10.7938 -7.4191 -2.367 11.2978 -7.0172 -4.2976
3 16 11.2978 -7.0172 -4.2976 10.7938 -7.4191 -2.367 10.9347 -7.7658 -4.1664
3 16 7.9088 -5.3268 8.8165 9.5328 -6.9874 1.5884 8.2483 -5.1198 8.5601
3 16 8.2483 -5.1198 8.5601 9.5328 -6.9874 1.5884 9.9871 -6.6658 1.4869
3 16 8.4134 -7.3886 -15.0395 8.043 -6.7924 -14.8736 11.2137 -5.3584 -6.2388
3 16 11.2137 -5.3584 -6.2388 8.043 -6.7924 -14.8736 10.791 -4.7944 -6.2206
3 16 8.0241 -2.5386 8.1517 8.8627 -3.4515 7.821 9.9116 -3.4466 1.2601
3 16 9.9116 -3.4466 1.2601 8.8627 -3.4515 7.821 10.4309 -4.167 1.4052
3 16 7.6065 -2.318 8.3661 8.0241 -2.5386 8.1517 9.4199 -3.1709 1.1607
3 16 9.4199 -3.1709 1.1607 8.0241 -2.5386 8.1517 9.9116 -3.4466 1.2601
3 16 6.1262 -8.9474 -18.119 5.9135 -9.7929 -18.3557 5.8341 -9.5306 -18.4773
3 16 6.1262 -8.9474 -18.119 6.1029 -9.8766 -18.0965 5.9135 -9.7929 -18.3557
3 16 6.1262 -8.9474 -18.119 5.8182 -8.2595 -18.5722 6.0192 -8.0912 -18.3121
3 16 6.4381 -4.3564 -6.6167 7.5503 -4.3852 -6.4753 4.5727 -5.8515 -12.2846
3 16 4.5727 -5.8515 -12.2846 7.5503 -4.3852 -6.4753 8.043 -6.7924 -14.8736
3 16 6.4381 -4.3564 -6.6167 6.4004 -2.8927 -6.6717 7.5503 -4.3852 -6.4753
3 16 7.5503 -4.3852 -6.4753 6.4004 -2.8927 -6.6717 7.5359 -2.7878 -6.5881
3 16 4.9463 0.0807 -11.158 5.1293 0.3609 -10.5855 8.4933 -0.0228 -11.784
3 16 8.4933 -0.0228 -11.784 5.1293 0.3609 -10.5855 8.7213 0.1936 -11.2912
3 16 6.9672 0.9997 3.6641 6.3445 1.0455 5.223 9.3528 0.9303 4.0486
3 16 4.9301 -2.6341 -11.1719 8.5925 -2.2674 -11.8956 5.096 -3.0025 -10.6924
3 16 5.096 -3.0025 -10.6924 8.5925 -2.2674 -11.8956 8.9048 -2.5433 -11.3066
3 16 4.9301 -2.6341 -11.1719 4.8921 -1.9737 -11.3311 8.5925 -2.2674 -11.8956
3 16 8.5925 -2.2674 -11.8956 4.8921 -1.9737 -11.3311 8.4945 -1.7105 -12.0994
3 16 8.4157 -0.5217 -12.0599 8.4945 -1.7105 -12.0994 4.8658 -0.5601 -11.378
3 16 4.8658 -0.5601 -11.378 8.4945 -1.7105 -12.0994 4.8921 -1.9737 -11.3311
3 16 4.8658 -0.5601 -11.378 4.9463 0.0807 -11.158 8.4157 -0.5217 -12.0599
3 16 8.4157 -0.5217 -12.0599 4.9463 0.0807 -11.158 8.4933 -0.0228 -11.784
3 16 7.7138 -6.5122 9.1904 9.3004 -8.6463 1.9835 7.9088 -5.3268 8.8165
3 16 7.9088 -5.3268 8.8165 9.3004 -8.6463 1.9835 9.5328 -6.9874 1.5884
3 16 8.1719 -1.4221 7.8219 9.6804 -1.5588 4.1589 8.7411 -0.7081 7.314
3 16 8.7411 -0.7081 7.314 9.6804 -1.5588 4.1589 10.0783 -0.8776 4.294
3 16 7.5191 0.9388 7.7285 8.5614 0.4464 7.181 9.3528 0.9303 4.0486
3 16 9.3528 0.9303 4.0486 8.5614 0.4464 7.181 9.9399 0.4611 4.2214
3 16 8.5614 0.4464 7.181 8.7411 -0.7081 7.314 9.9399 0.4611 4.2214
3 16 9.9399 0.4611 4.2214 8.7411 -0.7081 7.314 10.0783 -0.8776 4.294
3 16 8.9048 -2.5433 -11.3066 9.444 -1.9564 -11.217 10.6157 -2.2026 -7.73
3 16 10.6157 -2.2026 -7.73 9.444 -1.9564 -11.217 10.9584 -1.5961 -7.8925
3 16 10.9584 -1.5961 -7.8925 9.444 -1.9564 -11.217 9.3585 -1.064 -11.2227
3 16 9.3585 -1.064 -11.2227 9.444 -1.9564 -11.217 9.2573 -1.9052 -11.6078
3 16 9.1667 -1.5804 -11.7376 8.4945 -1.7105 -12.0994 9.0937 -0.6958 -11.718
3 16 9.0937 -0.6958 -11.718 8.4945 -1.7105 -12.0994 8.4157 -0.5217 -12.0599
3 16 8.5925 -2.2674 -11.8956 9.2573 -1.9052 -11.6078 8.9048 -2.5433 -11.3066
3 16 8.9048 -2.5433 -11.3066 9.2573 -1.9052 -11.6078 9.444 -1.9564 -11.217
3 16 9.3585 -1.064 -11.2227 9.2573 -1.9052 -11.6078 9.1667 -1.5804 -11.7376
3 16 9.2573 -1.9052 -11.6078 8.5925 -2.2674 -11.8956 9.1667 -1.5804 -11.7376
3 16 9.1667 -1.5804 -11.7376 8.5925 -2.2674 -11.8956 8.4945 -1.7105 -12.0994
3 16 8.7213 0.1936 -11.2912 10.2562 0.5552 -7.9241 9.3082 -0.2841 -11.1752
3 16 9.3082 -0.2841 -11.1752 10.2562 0.5552 -7.9241 10.7818 0.1048 -7.9924
3 16 9.3585 -1.064 -11.2227 9.0937 -0.6958 -11.718 9.1377 -0.3961 -11.5637
3 16 9.0937 -0.6958 -11.718 8.4157 -0.5217 -12.0599 9.1377 -0.3961 -11.5637
3 16 9.1377 -0.3961 -11.5637 8.4157 -0.5217 -12.0599 8.4933 -0.0228 -11.784
3 16 9.3585 -1.064 -11.2227 9.1377 -0.3961 -11.5637 9.3082 -0.2841 -11.1752
3 16 8.4933 -0.0228 -11.784 8.7213 0.1936 -11.2912 9.1377 -0.3961 -11.5637
3 16 9.1377 -0.3961 -11.5637 8.7213 0.1936 -11.2912 9.3082 -0.2841 -11.1752
3 16 9.6804 -1.5588 4.1589 11.2251 -1.6956 0.1118 10.0783 -0.8776 4.294
3 16 10.0783 -0.8776 4.294 11.2251 -1.6956 0.1118 11.692 -1.0365 0.2429
3 16 9.9399 0.4611 4.2214 10.0783 -0.8776 4.294 11.5445 0.4684 0.2192
3 16 11.5445 0.4684 0.2192 10.0783 -0.8776 4.294 11.692 -1.0365 0.2429
3 16 9.3528 0.9303 4.0486 9.9399 0.4611 4.2214 11.0469 0.8811 0.0622
3 16 11.0469 0.8811 0.0622 9.9399 0.4611 4.2214 11.5445 0.4684 0.2192
3 16 5.1321 -13.1158 -0.0978 7.517 -12.6738 1.3201 7.6519 -13.3333 -1.0135
3 16 5.4621 -14.1335 -4.1357 3.8851 -14.3918 -5.1609 3.5301 -13.9665 -3.4733
3 16 3.5301 -13.9665 -3.4733 3.8851 -14.3918 -5.1609 1.573 -14.4638 -5.4466
3 16 0.8184 -14.5329 -18.7448 1.5388 -16.0797 -17.4783 1.3064 -14.2941 -17.9041
3 16 1.1502 -18.2226 -18.2286 1.8435 -18.0307 -17.0753 1.5388 -16.0797 -17.4783
3 16 1.5388 -16.0797 -17.4783 0.5214 -15.3113 -19.2615 0.6513 -17.5836 -19.0154
3 16 2.2992 -8.6936 -16.1612 4.5727 -5.8515 -12.2846 1.7267 -7.3626 -17.1847
3 16 1.4423 -8.3049 -17.7095 2.2992 -8.6936 -16.1612 1.4907 -7.714 -17.5797
3 16 6.4329 -9.1308 -6.6055 6.6852 -9.6985 -5.804 6.4381 -4.3564 -6.6167
3 16 6.4381 -4.3564 -6.6167 6.6852 -9.6985 -5.804 6.6383 -3.7054 -5.9416
3 16 2.2992 -8.6936 -16.1612 1.6748 -10.3842 -17.2688 2.0325 -10.7192 -16.6577
3 16 6.4381 -4.3564 -6.6167 4.5727 -5.8515 -12.2846 6.4329 -9.1308 -6.6055
3 16 6.4329 -9.1308 -6.6055 4.5727 -5.8515 -12.2846 4.5841 -9.9767 -12.1596
3 16 8.1719 -1.4221 7.8219 7.7156 -1.5554 8.1357 9.6804 -1.5588 4.1589
3 16 9.6804 -1.5588 4.1589 7.7156 -1.5554 8.1357 9.5608 -2.0319 1.2626
3 16 8.7411 -0.7081 7.314 7.9178 -0.2818 7.7385 8.1719 -1.4221 7.8219
3 16 7.9178 -0.2818 7.7385 8.5614 0.4464 7.181 7.5191 0.9388 7.7285
3 16 7.217 0.8732 -4.311 10.8078 0.7436 -5.2697 6.3763 0.6481 -6.7453
3 16 6.3763 0.6481 -6.7453 10.8078 0.7436 -5.2697 10.2562 0.5552 -7.9241
3 16 11.3598 0.2894 -5.4278 11.5177 -1.4567 -5.3922 10.7818 0.1048 -7.9924
3 16 10.7818 0.1048 -7.9924 11.5177 -1.4567 -5.3922 10.9584 -1.5961 -7.8925
3 16 11.0968 -2.06 -5.2554 10.6157 -2.2026 -7.73 11.5177 -1.4567 -5.3922
3 16 11.5177 -1.4567 -5.3922 10.6157 -2.2026 -7.73 10.9584 -1.5961 -7.8925
3 16 10.8078 0.7436 -5.2697 11.3598 0.2894 -5.4278 10.2562 0.5552 -7.9241
3 16 10.2562 0.5552 -7.9241 11.3598 0.2894 -5.4278 10.7818 0.1048 -7.9924
3 16 8.9048 -2.5433 -11.3066 7.5359 -2.7878 -6.5881 5.096 -3.0025 -10.6924
3 16 7.6395 0.9559 -2.2007 11.1722 0.8418 -2.3806 7.217 0.8732 -4.311
3 16 7.217 0.8732 -4.311 11.1722 0.8418 -2.3806 10.8078 0.7436 -5.2697
3 16 11.0469 0.8811 0.0622 11.1722 0.8418 -2.3806 7.6845 0.9926 -0.4101
3 16 7.6845 0.9926 -0.4101 11.1722 0.8418 -2.3806 7.6395 0.9559 -2.2007
3 16 11.9763 -1.2412 -2.493 11.8151 0.4096 -2.44 11.692 -1.0365 0.2429
3 16 11.692 -1.0365 0.2429 11.8151 0.4096 -2.44 11.5445 0.4684 0.2192
3 16 11.5177 -1.4567 -5.3922 11.3598 0.2894 -5.4278 11.9763 -1.2412 -2.493
3 16 11.9763 -1.2412 -2.493 11.3598 0.2894 -5.4278 11.8151 0.4096 -2.44
3 16 11.4815 -1.8478 -2.5799 11.9763 -1.2412 -2.493 11.2251 -1.6956 0.1118
3 16 11.2251 -1.6956 0.1118 11.9763 -1.2412 -2.493 11.692 -1.0365 0.2429
3 16 11.9763 -1.2412 -2.493 11.4815 -1.8478 -2.5799 11.5177 -1.4567 -5.3922
3 16 11.5177 -1.4567 -5.3922 11.4815 -1.8478 -2.5799 11.0968 -2.06 -5.2554
3 16 11.8151 0.4096 -2.44 11.1722 0.8418 -2.3806 11.5445 0.4684 0.2192
3 16 11.5445 0.4684 0.2192 11.1722 0.8418 -2.3806 11.0469 0.8811 0.0622
3 16 11.1722 0.8418 -2.3806 11.8151 0.4096 -2.44 10.8078 0.7436 -5.2697
3 16 10.8078 0.7436 -5.2697 11.8151 0.4096 -2.44 11.3598 0.2894 -5.4278
3 16 11.2137 -5.3584 -6.2388 10.791 -4.7944 -6.2206 11.238 -5.0065 -4.3034
3 16 11.238 -5.0065 -4.3034 10.791 -4.7944 -6.2206 10.8099 -4.4274 -4.4525
3 16 11.238 -5.0065 -4.3034 11.2978 -7.0172 -4.2976 11.2137 -5.3584 -6.2388
3 16 11.2137 -5.3584 -6.2388 11.2978 -7.0172 -4.2976 11.2423 -7.3902 -6.1555
3 16 10.8354 -8.1232 -6.074 11.2423 -7.3902 -6.1555 10.9347 -7.7658 -4.1664
3 16 10.9347 -7.7658 -4.1664 11.2423 -7.3902 -6.1555 11.2978 -7.0172 -4.2976
3 16 10.8481 -4.4098 -0.4022 10.4215 -3.7784 -0.5835 10.4309 -4.167 1.4052
3 16 10.4309 -4.167 1.4052 10.4215 -3.7784 -0.5835 9.9116 -3.4466 1.2601
3 16 10.7131 -4.121 -2.6715 10.4215 -3.7784 -0.5835 11.1369 -4.6865 -2.5034
3 16 11.1369 -4.6865 -2.5034 10.4215 -3.7784 -0.5835 10.8481 -4.4098 -0.4022
3 16 10.4545 -7.0295 -0.412 10.8816 -6.0976 -0.3892 9.9871 -6.6658 1.4869
3 16 9.9871 -6.6658 1.4869 10.8816 -6.0976 -0.3892 10.4594 -5.6539 1.4733
3 16 9.4199 -3.1709 1.1607 9.9116 -3.4466 1.2601 9.6983 -3.4461 -0.462
3 16 9.6983 -3.4461 -0.462 9.9116 -3.4466 1.2601 10.4215 -3.7784 -0.5835
3 16 10.7131 -4.121 -2.6715 9.835 -3.8621 -2.7753 10.4215 -3.7784 -0.5835
3 16 10.4215 -3.7784 -0.5835 9.835 -3.8621 -2.7753 9.6983 -3.4461 -0.462
3 16 9.8238 -2.1372 -0.3936 11.2251 -1.6956 0.1118 9.5608 -2.0319 1.2626
3 16 9.5608 -2.0319 1.2626 11.2251 -1.6956 0.1118 9.6804 -1.5588 4.1589
3 16 9.9284 -2.2781 -2.8473 11.4815 -1.8478 -2.5799 9.8238 -2.1372 -0.3936
3 16 9.8238 -2.1372 -0.3936 11.4815 -1.8478 -2.5799 11.2251 -1.6956 0.1118
3 16 9.8238 -2.1372 -0.3936 9.6983 -3.4461 -0.462 9.9284 -2.2781 -2.8473
3 16 9.9284 -2.2781 -2.8473 9.6983 -3.4461 -0.462 9.835 -3.8621 -2.7753
3 16 9.6983 -3.4461 -0.462 9.8238 -2.1372 -0.3936 9.4199 -3.1709 1.1607
3 16 9.4199 -3.1709 1.1607 9.8238 -2.1372 -0.3936 9.5608 -2.0319 1.2626
3 16 10.8816 -6.0976 -0.3892 10.8481 -4.4098 -0.4022 10.4594 -5.6539 1.4733
3 16 10.4594 -5.6539 1.4733 10.8481 -4.4098 -0.4022 10.4309 -4.167 1.4052
3 16 10.8481 -4.4098 -0.4022 10.8816 -6.0976 -0.3892 11.1369 -4.6865 -2.5034
3 16 11.1369 -4.6865 -2.5034 10.8816 -6.0976 -0.3892 11.1957 -6.6024 -2.461
3 16 9.7778 -7.5784 -0.9305 10.4545 -7.0295 -0.412 9.5328 -6.9874 1.5884
3 16 9.5328 -6.9874 1.5884 10.4545 -7.0295 -0.412 9.9871 -6.6658 1.4869
3 16 10.2562 -10.2006 0.1892 10.1144 -11.4236 0.5016 10.6526 -10.9467 -2.1988
3 16 10.6526 -10.9467 -2.1988 10.1144 -11.4236 0.5016 10.5342 -12.2123 -1.8051
3 16 10.0216 -9.5768 -0.0056 10.2562 -10.2006 0.1892 10.3983 -10.3706 -2.435
3 16 10.3983 -10.3706 -2.435 10.2562 -10.2006 0.1892 10.6526 -10.9467 -2.1988
3 16 10.1144 -11.4236 0.5016 9.7014 -12.182 0.6116 10.5342 -12.2123 -1.8051
3 16 10.5342 -12.2123 -1.8051 9.7014 -12.182 0.6116 10.1162 -12.9244 -1.6233
3 16 10.7938 -7.4191 -2.367 11.1957 -6.6024 -2.461 10.4545 -7.0295 -0.412
3 16 10.4545 -7.0295 -0.412 11.1957 -6.6024 -2.461 10.8816 -6.0976 -0.3892
3 16 9.5346 -8.3112 -4.0315 10.9347 -7.7658 -4.1664 9.7491 -7.9004 -2.3016
3 16 9.7491 -7.9004 -2.3016 10.9347 -7.7658 -4.1664 10.7938 -7.4191 -2.367
3 16 5.1293 0.3609 -10.5855 6.3763 0.6481 -6.7453 8.7213 0.1936 -11.2912
3 16 8.7213 0.1936 -11.2912 6.3763 0.6481 -6.7453 10.2562 0.5552 -7.9241
3 16 5.3383 -1.217 -9.907 4.9301 -2.6341 -11.1719 5.096 -3.0025 -10.6924
3 16 5.3383 -1.217 -9.907 4.8921 -1.9737 -11.3311 4.9301 -2.6341 -11.1719
3 16 5.3383 -1.217 -9.907 4.9463 0.0807 -11.158 4.8658 -0.5601 -11.378
3 16 5.3383 -1.217 -9.907 4.8658 -0.5601 -11.378 4.8921 -1.9737 -11.3311
3 16 6.6852 -9.6985 -5.804 7.2413 -14.0988 -3.9981 6.6383 -3.7054 -5.9416
3 16 6.6383 -3.7054 -5.9416 7.2413 -14.0988 -3.9981 7.217 0.8732 -4.311
3 16 7.6519 -13.3333 -1.0135 7.517 -12.6738 1.3201 7.6845 0.9926 -0.4101
3 16 7.6845 0.9926 -0.4101 7.517 -12.6738 1.3201 7.5263 1.0054 1.4225
3 16 7.517 -12.6738 1.3201 6.8358 -11.987 4.0446 7.5263 1.0054 1.4225
3 16 7.5263 1.0054 1.4225 6.8358 -11.987 4.0446 6.9672 0.9997 3.6641
3 16 6.3445 1.0455 5.223 6.9672 0.9997 3.6641 6.3597 -11.7994 5.1256
3 16 6.3597 -11.7994 5.1256 6.9672 0.9997 3.6641 6.8358 -11.987 4.0446
3 16 5.8509 1.077 6.2647 6.3445 1.0455 5.223 5.8492 -11.6319 6.224
3 16 5.8492 -11.6319 6.224 6.3445 1.0455 5.223 6.3597 -11.7994 5.1256
3 16 6.524 1.0307 8.3316 5.5625 1.0819 7.4194 5.5 1.0788 8.2457
3 16 7.6395 0.9559 -2.2007 7.217 0.8732 -4.311 7.5338 -13.7063 -2.474
3 16 7.5338 -13.7063 -2.474 7.217 0.8732 -4.311 7.2413 -14.0988 -3.9981
3 16 6.6852 -9.6985 -5.804 6.4329 -9.1308 -6.6055 6.4753 -10.8436 -6.4694
3 16 7.5338 -13.7063 -2.474 7.6519 -13.3333 -1.0135 7.6395 0.9559 -2.2007
3 16 7.6395 0.9559 -2.2007 7.6519 -13.3333 -1.0135 7.6845 0.9926 -0.4101
3 16 -6.4134 -13.2087 -0.4227 -5.7758 -12.5083 2.3548 -5.1485 -13.1243 -0.1314
3 16 -5.1485 -13.1243 -0.1314 -5.7758 -12.5083 2.3548 -3.8273 -12.1917 3.5553
3 16 -3.3404 -15.4901 -9.4384 -4.4659 -14.9814 -7.5 -2.0859 -15.0965 -7.9568
3 16 -3.1371 -14.3988 -5.1885 -5.486 -14.51 -5.5986 -3.5578 -13.962 -3.4554
3 16 -3.5578 -13.962 -3.4554 -5.486 -14.51 -5.5986 -6.3851 -13.9018 -3.2136
3 16 -6.4134 -13.2087 -0.4227 -5.1485 -13.1243 -0.1314 -6.3851 -13.9018 -3.2136
3 16 -6.3851 -13.9018 -3.2136 -5.1485 -13.1243 -0.1314 -3.5578 -13.962 -3.4554
3 16 -5.486 -14.51 -5.5986 -3.1371 -14.3988 -5.1885 -4.4659 -14.9814 -7.5
3 16 -4.4659 -14.9814 -7.5 -3.1371 -14.3988 -5.1885 -2.5659 -14.8187 -6.8546
3 16 -3.5173 -15.2892 7.6676 -2.386 -15.1034 7.8377 -2.5827 -14.3087 10.9273
3 16 -2.5827 -14.3087 10.9273 -2.386 -15.1034 7.8377 -1.8123 -14.3807 10.9234
3 16 8.8761 -4.341 -5.876 8.8611 -2.6203 -5.9613 9.5669 -4.1458 -4.5483
3 16 9.5669 -4.1458 -4.5483 8.8611 -2.6203 -5.9613 9.5978 -2.4436 -4.5908
3 16 7.5191 0.9388 7.7285 5.6567 1.0812 6.9151 5.5625 1.0819 7.4194
3 16 4.7188 -15.1118 4.0007 4.9135 -14.5666 7.3344 4.0984 -14.1437 3.9999
3 16 4.0984 -14.1437 3.9999 4.9135 -14.5666 7.3344 4.3311 -13.9511 7.375
3 16 4.0984 -14.1437 3.9999 3.6102 -14.5864 1.2408 4.7188 -15.1118 4.0007
3 16 4.7188 -15.1118 4.0007 3.6102 -14.5864 1.2408 4.2504 -15.6305 1.2792
3 16 3.1194 -15.1948 -0.7868 3.6946 -15.957 -0.6925 3.6102 -14.5864 1.2408
3 16 3.6102 -14.5864 1.2408 3.6946 -15.957 -0.6925 4.2504 -15.6305 1.2792
3 16 1.4968 -14.8148 -6.7846 1.573 -14.4638 -5.4466 2.9551 -14.8822 -7.1067
3 16 2.9551 -14.8822 -7.1067 1.573 -14.4638 -5.4466 3.8851 -14.3918 -5.1609
3 16 1.643 -13.875 7.5092 4.3311 -13.9511 7.375 1.9539 -13.8502 10.9433
3 16 1.9539 -13.8502 10.9433 4.3311 -13.9511 7.375 4.3153 -13.8794 10.9422
3 16 0.7849 -15.183 -0.4078 3.1194 -15.1948 -0.7868 0.9676 -14.7473 1.207
3 16 0.9676 -14.7473 1.207 3.1194 -15.1948 -0.7868 3.6102 -14.5864 1.2408
3 16 0.5556 -15.7579 -2.6634 2.6134 -15.7498 -2.8775 0.7849 -15.183 -0.4078
3 16 0.7849 -15.183 -0.4078 2.6134 -15.7498 -2.8775 3.1194 -15.1948 -0.7868
3 16 2.6134 -15.7498 -2.8775 0.5556 -15.7579 -2.6634 2.1604 -16.0391 -4.5653
3 16 2.1604 -16.0391 -4.5653 0.5556 -15.7579 -2.6634 0.4368 -16.0188 -4.3719
3 16 0.402 -15.8819 -4.8957 1.923 -15.8798 -5.0736 0.4368 -16.0188 -4.3719
3 16 0.4368 -16.0188 -4.3719 1.923 -15.8798 -5.0736 2.1604 -16.0391 -4.5653
3 16 0.3832 -15.5431 -5.1494 1.7696 -15.5602 -5.2993 0.402 -15.8819 -4.8957
3 16 0.402 -15.8819 -4.8957 1.7696 -15.5602 -5.2993 1.923 -15.8798 -5.0736
3 16 -4.2201 -18.0289 -6.9084 -4.4659 -14.9814 -7.5 -3.3126 -18.0975 -8.5974
3 16 -3.3126 -18.0975 -8.5974 -4.4659 -14.9814 -7.5 -3.3404 -15.4901 -9.4384
3 16 -4.4293 -11.625 7.2456 -4.8605 -11.6713 5.7885 -3.9577 -15.0338 7.6411
3 16 -3.9577 -15.0338 7.6411 -4.8605 -11.6713 5.7885 -4.8919 -16.0524 4.3955
3 16 -3.5173 -15.2892 7.6676 -3.9577 -15.0338 7.6411 -4.4537 -16.2571 4.3785
3 16 -4.4537 -16.2571 4.3785 -3.9577 -15.0338 7.6411 -4.8919 -16.0524 4.3955
3 16 -1.6635 -14.8276 1.5377 -2.303 -16.1255 1.6252 -1.6252 -15.3299 -0.4614
3 16 -1.6252 -15.3299 -0.4614 -2.303 -16.1255 1.6252 -2.3574 -16.7061 -0.5044
3 16 -2.1903 -17.0489 -2.4095 -1.5194 -15.8299 -2.4956 -2.3574 -16.7061 -0.5044
3 16 -2.3574 -16.7061 -0.5044 -1.5194 -15.8299 -2.4956 -1.6252 -15.3299 -0.4614
3 16 -1.5014 -14.6437 7.8839 -1.0152 -13.9521 7.8325 -0.6481 -14.1001 10.9345
3 16 -0.6481 -14.1001 10.9345 -1.0152 -13.9521 7.8325 -0.3464 -13.8758 10.9424
3 16 -3.3126 -18.0975 -8.5974 -2.8994 -18.3025 -8.2604 -4.2201 -18.0289 -6.9084
3 16 -4.2201 -18.0289 -6.9084 -2.8994 -18.3025 -8.2604 -3.8026 -18.2045 -6.6654
3 16 -2.8755 -18.0902 -9.0766 -2.641 -18.3048 -8.5529 -3.3126 -18.0975 -8.5974
3 16 -3.3126 -18.0975 -8.5974 -2.641 -18.3048 -8.5529 -2.8994 -18.3025 -8.2604
3 16 -3.3126 -18.0975 -8.5974 -3.3404 -15.4901 -9.4384 -2.8755 -18.0902 -9.0766
3 16 -2.8755 -18.0902 -9.0766 -3.3404 -15.4901 -9.4384 -2.8574 -15.6048 -9.9058
3 16 -2.8755 -18.0902 -9.0766 -2.2009 -18.0143 -9.1352 -2.641 -18.3048 -8.5529
3 16 -2.641 -18.3048 -8.5529 -2.2009 -18.0143 -9.1352 -2.245 -18.2616 -8.501
3 16 -2.8755 -18.0902 -9.0766 -2.8574 -15.6048 -9.9058 -2.2009 -18.0143 -9.1352
3 16 -2.2009 -18.0143 -9.1352 -2.8574 -15.6048 -9.9058 -2.1138 -15.5865 -9.878
3 16 -2.2009 -18.0143 -9.1352 -1.2338 -17.8673 -8.6514 -2.245 -18.2616 -8.501
3 16 -2.245 -18.2616 -8.501 -1.2338 -17.8673 -8.6514 -1.5583 -18.1523 -8.1354
3 16 -2.2009 -18.0143 -9.1352 -2.1138 -15.5865 -9.878 -1.2338 -17.8673 -8.6514
3 16 -1.2338 -17.8673 -8.6514 -2.1138 -15.5865 -9.878 -0.9113 -15.4399 -9.2671
3 16 -0.8103 -17.6746 -7.5666 -1.2849 -17.4954 -5.8784 -1.4032 -18.0526 -7.4632
3 16 -1.4032 -18.0526 -7.4632 -1.2849 -17.4954 -5.8784 -1.9107 -17.9145 -5.9462
3 16 -0.3943 -15.1642 -8.1699 -0.6852 -14.7499 -6.5815 -0.8103 -17.6746 -7.5666
3 16 -0.8103 -17.6746 -7.5666 -0.6852 -14.7499 -6.5815 -1.2849 -17.4954 -5.8784
3 16 -1.5583 -18.1523 -8.1354 -1.2338 -17.8673 -8.6514 -1.3138 -18.0911 -7.8516
3 16 -1.3138 -18.0911 -7.8516 -1.2338 -17.8673 -8.6514 -0.8216 -17.7726 -8.2423
3 16 -1.2338 -17.8673 -8.6514 -0.9113 -15.4399 -9.2671 -0.8216 -17.7726 -8.2423
3 16 -0.8216 -17.7726 -8.2423 -0.9113 -15.4399 -9.2671 -0.4463 -15.3418 -8.8459
3 16 -0.8216 -17.7726 -8.2423 -0.8103 -17.6746 -7.5666 -1.3138 -18.0911 -7.8516
3 16 -1.3138 -18.0911 -7.8516 -0.8103 -17.6746 -7.5666 -1.4032 -18.0526 -7.4632
3 16 -0.8103 -17.6746 -7.5666 -0.8216 -17.7726 -8.2423 -0.3943 -15.1642 -8.1699
3 16 -0.3943 -15.1642 -8.1699 -0.8216 -17.7726 -8.2423 -0.4463 -15.3418 -8.8459
3 16 -5.486 -14.51 -5.5986 -4.4659 -14.9814 -7.5 -5.1287 -17.908 -5.047
3 16 -5.1287 -17.908 -5.047 -4.4659 -14.9814 -7.5 -4.2201 -18.0289 -6.9084
3 16 -4.2201 -18.0289 -6.9084 -3.8026 -18.2045 -6.6654 -5.1287 -17.908 -5.047
3 16 -5.1287 -17.908 -5.047 -3.8026 -18.2045 -6.6654 -4.7101 -18.0964 -4.8281
3 16 -6.3851 -13.9018 -3.2136 -5.486 -14.51 -5.5986 -5.9891 -17.7601 -2.6671
3 16 -5.9891 -17.7601 -2.6671 -5.486 -14.51 -5.5986 -5.1287 -17.908 -5.047
3 16 -5.9891 -17.7601 -2.6671 -6.027 -17.3511 -0.0313 -6.3851 -13.9018 -3.2136
3 16 -6.3851 -13.9018 -3.2136 -6.027 -17.3511 -0.0313 -6.4134 -13.2087 -0.4227
3 16 -6.027 -17.3511 -0.0313 -5.3655 -16.5763 2.7111 -6.4134 -13.2087 -0.4227
3 16 -6.4134 -13.2087 -0.4227 -5.3655 -16.5763 2.7111 -5.7758 -12.5083 2.3548
3 16 -4.4537 -16.2571 4.3785 -4.8919 -16.0524 4.3955 -4.8886 -16.7429 2.736
3 16 -4.8886 -16.7429 2.736 -4.8919 -16.0524 4.3955 -5.3655 -16.5763 2.7111
3 16 -1.7824 -17.2882 -4.1023 -2.1903 -17.0489 -2.4095 -2.4715 -17.7401 -4.1943
3 16 -2.4715 -17.7401 -4.1943 -2.1903 -17.0489 -2.4095 -2.9611 -17.5377 -2.4334
3 16 -2.9611 -17.5377 -2.4334 -2.1903 -17.0489 -2.4095 -3.1163 -17.1987 -0.4454
3 16 -3.1163 -17.1987 -0.4454 -2.1903 -17.0489 -2.4095 -2.3574 -16.7061 -0.5044
3 16 -2.303 -16.1255 1.6252 -3.0588 -16.6241 1.7557 -2.3574 -16.7061 -0.5044
3 16 -2.3574 -16.7061 -0.5044 -3.0588 -16.6241 1.7557 -3.1163 -17.1987 -0.4454
3 16 -2.0388 -15.3651 4.6213 -2.8052 -15.8621 4.7127 -2.303 -16.1255 1.6252
3 16 -2.303 -16.1255 1.6252 -2.8052 -15.8621 4.7127 -3.0588 -16.6241 1.7557
3 16 -2.386 -15.1034 7.8377 -1.5014 -14.6437 7.8839 -1.8123 -14.3807 10.9234
3 16 -1.8123 -14.3807 10.9234 -1.5014 -14.6437 7.8839 -0.6481 -14.1001 10.9345
3 16 -3.9577 -15.0338 7.6411 -3.5173 -15.2892 7.6676 -2.995 -13.8964 10.9382
3 16 -2.995 -13.8964 10.9382 -3.5173 -15.2892 7.6676 -2.5827 -14.3087 10.9273
3 16 -3.9577 -15.0338 7.6411 -2.995 -13.8964 10.9382 -4.4293 -11.625 7.2456
3 16 -4.4293 -11.625 7.2456 -2.995 -13.8964 10.9382 -3.1804 -11.6251 11.021
3 16 -1.1261 -15.8796 -4.7413 -1.2849 -17.4954 -5.8784 -1.0154 -15.5272 -5.0097
3 16 -2.4715 -17.7401 -4.1943 -1.9107 -17.9145 -5.9462 -1.7824 -17.2882 -4.1023
3 16 -1.7824 -17.2882 -4.1023 -1.9107 -17.9145 -5.9462 -1.2849 -17.4954 -5.8784
3 16 4.6356 -16.9763 -12.157 6.2466 -15.7671 -7.3272 6.2439 -14.8788 -7.1485
3 16 3.3313 -17.1518 -6.0505 3.7253 -17.2426 -6.5266 4.3096 -17.0938 -5.2163
3 16 5.7222 -16.7282 -2.5393 5.1787 -16.8663 -3.4083 6.1413 -16.5876 -2.9534
3 16 6.1413 -16.5876 -2.9534 5.1787 -16.8663 -3.4083 5.6902 -16.7163 -3.7222
3 16 5.1787 -16.8663 -3.4083 5.7222 -16.7282 -2.5393 3.7686 -16.6323 -2.7672
3 16 3.7686 -16.6323 -2.7672 5.7222 -16.7282 -2.5393 4.3562 -16.2967 -0.8692
3 16 6.2439 -14.8788 -7.1485 6.0489 -14.5912 -5.952 7.2413 -14.0988 -3.9981
3 16 5.4621 -14.1335 -4.1357 5.6881 -14.5405 -5.7548 3.8851 -14.3918 -5.1609
3 16 3.8851 -14.3918 -5.1609 5.6881 -14.5405 -5.7548 4.9923 -14.6271 -6.1038
3 16 5.4621 -14.1335 -4.1357 7.5338 -13.7063 -2.474 7.2413 -14.0988 -3.9981
3 16 4.3703 -15.0452 -7.7194 2.9551 -14.8822 -7.1067 4.9923 -14.6271 -6.1038
3 16 4.9923 -14.6271 -6.1038 2.9551 -14.8822 -7.1067 3.8851 -14.3918 -5.1609
3 16 8.2151 -15.4643 0.864 7.7495 -14.9752 3.7289 6.8067 -15.6536 1.1891
3 16 6.8067 -15.6536 1.1891 7.7495 -14.9752 3.7289 6.5892 -15.1162 3.978
3 16 7.5979 -16.5427 -14.6105 7.9184 -15.9944 -14.866 10.0575 -14.491 -6.7242
3 16 10.0575 -14.491 -6.7242 7.9184 -15.9944 -14.866 10.4659 -13.854 -6.9441
3 16 7.9963 -14.6539 -15.0491 7.7598 -14.0698 -14.9681 10.5943 -12.4942 -7.2952
3 16 10.5943 -12.4942 -7.2952 7.7598 -14.0698 -14.9681 10.3548 -11.8997 -7.3692
3 16 10.5943 -12.4942 -7.2952 10.4659 -13.854 -6.9441 7.9963 -14.6539 -15.0491
3 16 7.9963 -14.6539 -15.0491 10.4659 -13.854 -6.9441 7.9184 -15.9944 -14.866
3 16 9.5239 -9.7117 -2.0188 10.3983 -10.3706 -2.435 9.371 -10.1244 -3.6952
3 16 9.371 -10.1244 -3.6952 10.3983 -10.3706 -2.435 10.5862 -10.8964 -4.0204
3 16 10.6526 -10.9467 -2.1988 10.808 -11.4442 -3.8409 10.3983 -10.3706 -2.435
3 16 10.3983 -10.3706 -2.435 10.808 -11.4442 -3.8409 10.5862 -10.8964 -4.0204
3 16 10.6759 -12.7812 -3.4513 10.808 -11.4442 -3.8409 10.5342 -12.2123 -1.8051
3 16 10.5342 -12.2123 -1.8051 10.808 -11.4442 -3.8409 10.6526 -10.9467 -2.1988
3 16 10.1162 -12.9244 -1.6233 10.2709 -13.4539 -3.175 10.5342 -12.2123 -1.8051
3 16 10.5342 -12.2123 -1.8051 10.2709 -13.4539 -3.175 10.6759 -12.7812 -3.4513
3 16 9.4279 -13.3825 -1.7717 9.5022 -13.7483 -2.7918 10.1162 -12.9244 -1.6233
3 16 10.1162 -12.9244 -1.6233 9.5022 -13.7483 -2.7918 10.2709 -13.4539 -3.175
3 16 9.4279 -13.3825 -1.7717 10.1162 -12.9244 -1.6233 9.0702 -12.6081 0.5306
3 16 9.0702 -12.6081 0.5306 10.1162 -12.9244 -1.6233 9.7014 -12.182 0.6116
3 16 6.1262 -8.9474 -18.119 8.4128 -9.1732 -14.9416 6.1029 -9.8766 -18.0965
3 16 8.4128 -9.1732 -14.9416 8.0531 -9.7464 -14.7192 6.1029 -9.8766 -18.0965
3 16 6.1029 -9.8766 -18.0965 8.0531 -9.7464 -14.7192 5.6148 -10.4693 -18.0215
3 16 8.4128 -9.1732 -14.9416 8.4134 -7.3886 -15.0395 11.2423 -7.3902 -6.1555
3 16 11.2423 -7.3902 -6.1555 8.4134 -7.3886 -15.0395 11.2137 -5.3584 -6.2388
3 16 8.0531 -9.7464 -14.7192 8.4128 -9.1732 -14.9416 10.8354 -8.1232 -6.074
3 16 10.8354 -8.1232 -6.074 8.4128 -9.1732 -14.9416 11.2423 -7.3902 -6.1555
3 16 8.0531 -9.7464 -14.7192 4.5841 -9.9767 -12.1596 5.6148 -10.4693 -18.0215
3 16 5.6148 -10.4693 -18.0215 4.5841 -9.9767 -12.1596 2.0325 -10.7192 -16.6577
3 16 5.492 -7.5936 -18.4286 8.043 -6.7924 -14.8736 6.0192 -8.0912 -18.3121
3 16 6.0192 -8.0912 -18.3121 8.043 -6.7924 -14.8736 8.4134 -7.3886 -15.0395
3 16 1.7267 -7.3626 -17.1847 4.5727 -5.8515 -12.2846 5.492 -7.5936 -18.4286
3 16 5.492 -7.5936 -18.4286 4.5727 -5.8515 -12.2846 8.043 -6.7924 -14.8736
3 16 7.7598 -14.0698 -14.9681 4.5812 -12.6448 -12.1371 7.6155 -10.7483 -6.1599
3 16 7.6155 -10.7483 -6.1599 4.5812 -12.6448 -12.1371 6.4753 -10.8436 -6.4694
3 16 1.5388 -16.0797 -17.4783 4.6356 -16.9763 -12.157 4.5812 -12.6448 -12.1371
3 16 6.2466 -15.7671 -7.3272 4.6356 -16.9763 -12.157 8.1463 -15.2575 -7.0415
3 16 8.1463 -15.2575 -7.0415 4.6356 -16.9763 -12.157 7.5979 -16.5427 -14.6105
3 16 8.5185 -10.6053 -5.6471 10.3548 -11.8997 -7.3692 7.6155 -10.7483 -6.1599
3 16 8.1463 -15.2575 -7.0415 6.4404 -15.6264 -6.7279 6.2466 -15.7671 -7.3272
3 16 6.2439 -14.8788 -7.1485 6.4404 -15.6264 -6.7279 6.0489 -14.5912 -5.952
3 16 6.0489 -14.5912 -5.952 6.4404 -15.6264 -6.7279 6.2461 -15.4807 -5.6057
3 16 8.0531 -9.7464 -14.7192 7.5829 -8.976 -6.3626 4.5841 -9.9767 -12.1596
3 16 4.5841 -9.9767 -12.1596 7.5829 -8.976 -6.3626 6.4329 -9.1308 -6.6055
3 16 9.121 -15.3464 -1.504 9.4279 -13.3825 -1.7717 8.679 -15.1077 0.8676
3 16 8.679 -15.1077 0.8676 9.4279 -13.3825 -1.7717 9.0702 -12.6081 0.5306
3 16 9.121 -15.3464 -1.504 8.679 -15.1077 0.8676 8.6453 -15.7636 -1.3658
3 16 8.6453 -15.7636 -1.3658 8.679 -15.1077 0.8676 8.2151 -15.4643 0.864
3 16 -0.3943 -15.1642 -8.1699 -0.4463 -15.3418 -8.8459 -2.0859 -15.0965 -7.9568
3 16 2.9551 -14.8822 -7.1067 3.3715 -15.1982 -8.2716 2.0714 -15.0544 -7.7316
3 16 3.3715 -15.1982 -8.2716 2.9551 -14.8822 -7.1067 3.9714 -15.154 -8.1851
3 16 3.9714 -15.154 -8.1851 2.9551 -14.8822 -7.1067 4.3703 -15.0452 -7.7194
3 16 1.4968 -14.8148 -6.7846 2.9551 -14.8822 -7.1067 1.6359 -14.9625 -7.3982
3 16 1.6359 -14.9625 -7.3982 2.9551 -14.8822 -7.1067 2.0714 -15.0544 -7.7316
3 16 -2.0859 -15.0965 -7.9568 -2.1138 -15.5865 -9.878 -2.8574 -15.6048 -9.9058
3 16 -2.8574 -15.6048 -9.9058 -3.3404 -15.4901 -9.4384 -2.0859 -15.0965 -7.9568
3 16 -0.4463 -15.3418 -8.8459 -0.9113 -15.4399 -9.2671 -2.0859 -15.0965 -7.9568
3 16 5.568 -11.6127 7.2971 1.682 -11.6258 11.0209 5.4791 -11.625 8.5885
3 16 1.682 -11.6258 11.0209 5.481 -11.6338 11.0207 5.4791 -11.625 8.5885
3 16 5.8492 -11.6319 6.224 3.7424 -12.1435 3.7591 0.2228 -11.6371 6.2013
3 16 0.2228 -11.6371 6.2013 3.7424 -12.1435 3.7591 -0.0273 -11.7493 5.3345
3 16 5.6567 1.0812 6.9151 5.8509 1.077 6.2647 5.568 -11.6127 7.2971
3 16 5.568 -11.6127 7.2971 5.8509 1.077 6.2647 5.8492 -11.6319 6.224
3 16 -2.386 -15.1034 7.8377 -3.5173 -15.2892 7.6676 -2.8052 -15.8621 4.7127
3 16 -2.8052 -15.8621 4.7127 -3.5173 -15.2892 7.6676 -4.4537 -16.2571 4.3785
3 16 1.643 -13.875 7.5092 1.3051 -14.0413 4.3339 4.3311 -13.9511 7.375
3 16 4.3311 -13.9511 7.375 1.3051 -14.0413 4.3339 4.0984 -14.1437 3.9999
3 16 4.0984 -14.1437 3.9999 1.3051 -14.0413 4.3339 3.6102 -14.5864 1.2408
3 16 3.6102 -14.5864 1.2408 1.3051 -14.0413 4.3339 0.9676 -14.7473 1.207
3 16 -2.8052 -15.8621 4.7127 -2.0388 -15.3651 4.6213 -2.386 -15.1034 7.8377
3 16 -2.386 -15.1034 7.8377 -2.0388 -15.3651 4.6213 -1.5014 -14.6437 7.8839
3 16 -4.8886 -16.7429 2.736 -3.0588 -16.6241 1.7557 -4.4537 -16.2571 4.3785
3 16 -4.4537 -16.2571 4.3785 -3.0588 -16.6241 1.7557 -2.8052 -15.8621 4.7127
3 16 4.7188 -15.1118 4.0007 4.2504 -15.6305 1.2792 5.3701 -15.2857 3.9572
3 16 5.3701 -15.2857 3.9572 4.2504 -15.6305 1.2792 4.9089 -15.8701 1.1458
3 16 6.5892 -15.1162 3.978 5.3701 -15.2857 3.9572 6.8067 -15.6536 1.1891
3 16 6.8067 -15.6536 1.1891 5.3701 -15.2857 3.9572 4.9089 -15.8701 1.1458
3 16 -2.0388 -15.3651 4.6213 -1.5083 -14.1972 4.5991 -1.5014 -14.6437 7.8839
3 16 -1.5014 -14.6437 7.8839 -1.5083 -14.1972 4.5991 -1.0152 -13.9521 7.8325
3 16 -1.5083 -14.1972 4.5991 -2.0388 -15.3651 4.6213 -1.6635 -14.8276 1.5377
3 16 -1.6635 -14.8276 1.5377 -2.0388 -15.3651 4.6213 -2.303 -16.1255 1.6252
3 16 6.525 -7.69 10.1846 6.525 -11.625 11.021 7.6976 -9.3043 9.794
3 16 7.6976 -9.3043 9.794 6.525 -11.625 11.021 7.4853 -11.6147 10.418
3 16 5.4906 -5.2501 9.6272 6.525 -5.2744 9.6711 6.525 -2.8588 9.1577
3 16 5.4906 -5.2501 9.6272 5.4791 -11.625 8.5885 5.481 -11.6338 11.0207
3 16 5.4906 -5.2501 9.6272 6.525 -7.69 10.1846 6.525 -5.2744 9.6711
3 16 6.525 -7.69 10.1846 5.481 -11.6338 11.0207 6.525 -11.625 11.021
3 16 -2.1119 -18.1743 -7.8454 -1.9107 -17.9145 -5.9462 -3.8026 -18.2045 -6.6654
3 16 3.3313 -17.1518 -6.0505 2.6339 -17.1549 -6.3722 2.821 -17.1925 -6.537
3 16 3.3313 -17.1518 -6.0505 2.821 -17.1925 -6.537 3.3309 -17.2515 -6.7338
3 16 3.3313 -17.1518 -6.0505 3.3309 -17.2515 -6.7338 3.56 -17.2596 -6.7068
3 16 6.6777 -13.7718 10.9444 7.2942 -14.3523 7.2804 6.9476 -13.7231 10.7753
3 16 -2.5827 -14.3087 10.9273 -1.8123 -14.3807 10.9234 -3.1804 -11.6251 11.021
3 16 1.682 -11.6258 11.0209 -0.3464 -13.8758 10.9424 1.9539 -13.8502 10.9433
3 16 -0.8461 -14.426 -5.2318 -0.0411 -14.3107 -4.8397 0.3639 -14.4592 -5.3438
3 16 2.8284 0 2.8284 2.8281 -11.0254 2.8289 4 0 0
3 16 4 0 0 2.8281 -11.0254 2.8289 3.9999 -11.9019 -0.007
3 16 2.8281 -11.0254 2.8289 2.8284 0 2.8284 0 -10.6554 4.0002
3 16 0 -10.6554 4.0002 2.8284 0 2.8284 0 0 4
3 16 -2.8284 -11.0131 2.8284 0 -10.6554 4.0002 -2.8284 0 2.8284
3 16 -2.8284 0 2.8284 0 -10.6554 4.0002 0 0 4
3 16 -4 -11.9236 0 -2.8284 -11.0131 2.8284 -4 0 0
3 16 -4 0 0 -2.8284 -11.0131 2.8284 -2.8284 0 2.8284
3 16 -2.831 -12.7937 -2.8257 -4 -11.9236 0 -2.8284 0 -2.8284
3 16 -2.8284 0 -2.8284 -4 -11.9236 0 -4 0 0
3 16 0.0022 -13.1327 -4 -2.831 -12.7937 -2.8257 0 0 -4
3 16 0 0 -4 -2.831 -12.7937 -2.8257 -2.8284 0 -2.8284
3 16 0.0022 -13.1327 -4 0 0 -4 2.8302 -12.7651 -2.8263
3 16 2.8302 -12.7651 -2.8263 0 0 -4 2.8284 0 -2.8284
3 16 2.8302 -12.7651 -2.8263 2.8284 0 -2.8284 3.9999 -11.9019 -0.007
3 16 3.9999 -11.9019 -0.007 2.8284 0 -2.8284 4 0 0
3 16 4 0 0 0 0 0 2.8284 0 2.8284
3 16 2.8284 0 2.8284 0 0 0 0 0 4
3 16 0 0 4 0 0 0 -2.8284 0 2.8284
3 16 -2.8284 0 2.8284 0 0 0 -4 0 0
3 16 -4 0 0 0 0 0 -2.8284 0 -2.8284
3 16 -2.8284 0 -2.8284 0 0 0 0 0 -4
3 16 0 0 -4 0 0 0 2.8284 0 -2.8284
3 16 2.8284 0 -2.8284 0 0 0 4 0 0
3 16 6.525 -5.2744 9.6711 7.6537 -3.9243 8.678 6.525 -2.8588 9.1577
3 16 7.6537 -3.9243 8.678 8.8694 -4.2044 7.9769 8.8627 -3.4515 7.821
3 16 7.6537 -3.9243 8.678 8.8627 -3.4515 7.821 8.0241 -2.5386 8.1517
3 16 6.525 -2.8588 9.1577 7.6537 -3.9243 8.678 7.6065 -2.318 8.3661
3 16 7.6065 -2.318 8.3661 7.6537 -3.9243 8.678 8.0241 -2.5386 8.1517
3 16 7.576 -7.6717 9.5231 8.213 -6.8725 8.9547 7.7138 -6.5122 9.1904
3 16 6.2466 -15.7671 -7.3272 6.4404 -15.6264 -6.7279 6.2439 -14.8788 -7.1485
3 16 4.2715 -12.7075 -0.0507 3.9999 -11.9019 -0.007 3.1165 -11.8262 2.97
3 16 3.1165 -11.8262 2.97 3.9999 -11.9019 -0.007 2.8281 -11.0254 2.8289
3 16 3.1165 -11.8262 2.97 2.8281 -11.0254 2.8289 0.0044 -11.4282 4.3183
3 16 0.0044 -11.4282 4.3183 2.8281 -11.0254 2.8289 0 -10.6554 4.0002
3 16 0 -10.6554 4.0002 -2.8284 -11.0131 2.8284 0.0044 -11.4282 4.3183
3 16 0.0044 -11.4282 4.3183 -2.8284 -11.0131 2.8284 -3.0435 -11.7834 3.0136
3 16 -4.2254 -12.6414 -0.0293 -3.0435 -11.7834 3.0136 -4 -11.9236 0
3 16 -4 -11.9236 0 -3.0435 -11.7834 3.0136 -2.8284 -11.0131 2.8284
3 16 -4 -11.9236 0 -2.831 -12.7937 -2.8257 -4.2254 -12.6414 -0.0293
3 16 -4.2254 -12.6414 -0.0293 -2.831 -12.7937 -2.8257 -2.9454 -13.4494 -2.95
3 16 -2.831 -12.7937 -2.8257 0.0022 -13.1327 -4 -2.9454 -13.4494 -2.95
3 16 -2.9454 -13.4494 -2.95 0.0022 -13.1327 -4 -0.0022 -13.7714 -4.1429
3 16 -0.0022 -13.7714 -4.1429 0.0022 -13.1327 -4 2.933 -13.4544 -2.964
3 16 2.933 -13.4544 -2.964 0.0022 -13.1327 -4 2.8302 -12.7651 -2.8263
3 16 2.933 -13.4544 -2.964 2.8302 -12.7651 -2.8263 4.2715 -12.7075 -0.0507
3 16 4.2715 -12.7075 -0.0507 2.8302 -12.7651 -2.8263 3.9999 -11.9019 -0.007
3 16 5.1321 -13.1158 -0.0978 4.2715 -12.7075 -0.0507 3.7424 -12.1435 3.7591
3 16 3.7424 -12.1435 3.7591 4.2715 -12.7075 -0.0507 3.1165 -11.8262 2.97
3 16 -0.0273 -11.7493 5.3345 3.7424 -12.1435 3.7591 0.0044 -11.4282 4.3183
3 16 0.0044 -11.4282 4.3183 3.7424 -12.1435 3.7591 3.1165 -11.8262 2.97
3 16 0.0044 -11.4282 4.3183 -3.0435 -11.7834 3.0136 -0.0273 -11.7493 5.3345
3 16 -0.0273 -11.7493 5.3345 -3.0435 -11.7834 3.0136 -3.8273 -12.1917 3.5553
3 16 -3.0435 -11.7834 3.0136 -4.2254 -12.6414 -0.0293 -3.8273 -12.1917 3.5553
3 16 -3.8273 -12.1917 3.5553 -4.2254 -12.6414 -0.0293 -5.1485 -13.1243 -0.1314
3 16 -4.2254 -12.6414 -0.0293 -2.9454 -13.4494 -2.95 -5.1485 -13.1243 -0.1314
3 16 -5.1485 -13.1243 -0.1314 -2.9454 -13.4494 -2.95 -3.5578 -13.962 -3.4554
3 16 -3.5578 -13.962 -3.4554 -2.9454 -13.4494 -2.95 -0.0411 -14.3107 -4.8397
3 16 -0.0411 -14.3107 -4.8397 -2.9454 -13.4494 -2.95 -0.0022 -13.7714 -4.1429
3 16 -0.0411 -14.3107 -4.8397 -0.0022 -13.7714 -4.1429 3.5301 -13.9665 -3.4733
3 16 3.5301 -13.9665 -3.4733 -0.0022 -13.7714 -4.1429 2.933 -13.4544 -2.964
3 16 3.5301 -13.9665 -3.4733 2.933 -13.4544 -2.964 5.1321 -13.1158 -0.0978
3 16 5.1321 -13.1158 -0.0978 2.933 -13.4544 -2.964 4.2715 -12.7075 -0.0507
3 16 -5.3655 -16.5763 2.7111 -4.8919 -16.0524 4.3955 -5.7758 -12.5083 2.3548
3 16 -5.7758 -12.5083 2.3548 -4.8919 -16.0524 4.3955 -5.3467 -12.0845 4.0114
3 16 -4.7101 -18.0964 -4.8281 -5.4993 -17.9425 -2.6399 -5.1287 -17.908 -5.047
3 16 -5.1287 -17.908 -5.047 -5.4993 -17.9425 -2.6399 -5.9891 -17.7601 -2.6671
3 16 -6.027 -17.3511 -0.0313 -5.9891 -17.7601 -2.6671 -5.5816 -17.5627 -0.0811
3 16 -5.5816 -17.5627 -0.0811 -5.9891 -17.7601 -2.6671 -5.4993 -17.9425 -2.6399
3 16 -4.8886 -16.7429 2.736 -5.3655 -16.5763 2.7111 -5.5816 -17.5627 -0.0811
3 16 -5.5816 -17.5627 -0.0811 -5.3655 -16.5763 2.7111 -6.027 -17.3511 -0.0313
3 16 9.3585 -1.064 -11.2227 9.1667 -1.5804 -11.7376 9.0937 -0.6958 -11.718
3 16 1.5388 -16.0797 -17.4783 0.8434 -18.07 -18.7196 1.1502 -18.2226 -18.2286
3 16 0.6513 -17.5836 -19.0154 0.8434 -18.07 -18.7196 1.5388 -16.0797 -17.4783
3 16 0.6137 -14.8258 -19.1068 1.5388 -16.0797 -17.4783 0.8184 -14.5329 -18.7448
3 16 0.5214 -15.3113 -19.2615 1.5388 -16.0797 -17.4783 0.6137 -14.8258 -19.1068
3 16 1.5491 -9.7639 -17.515 1.6748 -10.3842 -17.2688 2.2992 -8.6936 -16.1612
3 16 1.7267 -7.3626 -17.1847 1.4907 -7.714 -17.5797 2.2992 -8.6936 -16.1612
3 16 2.2992 -8.6936 -16.1612 1.4423 -8.3049 -17.7095 1.5491 -9.7639 -17.515
3 16 -2.1138 -15.5865 -9.878 -2.0859 -15.0965 -7.9568 -0.9113 -15.4399 -9.2671
3 16 -2.995 -13.8964 10.9382 -2.5827 -14.3087 10.9273 -3.1804 -11.6251 11.021
3 16 5.481 -11.6338 11.0207 4.7707 -14.1293 10.9334 5.6007 -14.1514 10.9327
3 16 5.481 -11.6338 11.0207 6.2638 -13.9239 10.9403 6.525 -11.625 11.021
3 16 6.525 -11.625 11.021 6.2638 -13.9239 10.9403 6.6777 -13.7718 10.9444
3 16 6.9476 -13.7231 10.7753 6.525 -11.625 11.021 6.6777 -13.7718 10.9444
3 16 8.4283 -8.3127 9.1261 7.576 -7.6717 9.5231 7.8258 -9.221 9.6961
3 16 7.2434 -16.1354 -1.246 8.7849 -15.8783 -2.1565 8.6453 -15.7636 -1.3658
3 16 7.0231 -16.4001 -1.9488 8.1108 -16.1614 -2.3926 7.2434 -16.1354 -1.246
3 16 4.9089 -15.8701 1.1458 4.3562 -16.2967 -0.8692 7.0231 -16.4001 -1.9488
3 16 7.0231 -16.4001 -1.9488 4.3562 -16.2967 -0.8692 6.3034 -16.5763 -2.0243
3 16 4.9089 -15.8701 1.1458 7.2434 -16.1354 -1.246 6.8067 -15.6536 1.1891
3 16 8.6453 -15.7636 -1.3658 8.2151 -15.4643 0.864 7.2434 -16.1354 -1.246
3 16 7.2434 -16.1354 -1.246 8.2151 -15.4643 0.864 6.8067 -15.6536 1.1891
3 16 8.1012 -14.9255 -5.1591 6.7183 -15.0366 -3.6265 6.2129 -15.2432 -4.1747
3 16 5.9485 -15.4973 -5.2407 6.2461 -15.4807 -5.6057 6.2129 -15.2432 -4.1747
3 16 6.2129 -15.2432 -4.1747 6.2461 -15.4807 -5.6057 8.1012 -14.9255 -5.1591
3 16 8.2947 -14.5525 -3.7058 7.4602 -14.849 -3.3506 8.1012 -14.9255 -5.1591
3 16 7.4602 -14.849 -3.3506 7.0493 -14.9508 -3.3776 8.1012 -14.9255 -5.1591
3 16 10.8354 -8.1232 -6.074 10.9347 -7.7658 -4.1664 9.2906 -8.5243 -4.9581
3 16 9.2906 -8.5243 -4.9581 10.9347 -7.7658 -4.1664 9.5346 -8.3112 -4.0315
3 16 4.5936 -16.4589 -19.6279 4.6056 -15.7468 -19.7198 5.0619 -15.6005 -19.0948
3 16 6.525 -7.69 10.1846 7.7138 -6.5122 9.1904 6.525 -5.2744 9.6711
3 16 7.576 -7.6717 9.5231 7.6976 -9.3043 9.794 7.8258 -9.221 9.6961
3 16 4.9463 0.0807 -11.158 5.3383 -1.217 -9.907 5.1293 0.3609 -10.5855
3 16 5.3383 -1.217 -9.907 6.3763 0.6481 -6.7453 5.1293 0.3609 -10.5855
3 16 7.9178 -0.2818 7.7385 7.7156 -1.5554 8.1357 8.1719 -1.4221 7.8219
3 16 6.524 1.0307 8.3316 7.9178 -0.2818 7.7385 7.5191 0.9388 7.7285
3 16 7.7156 -1.5554 8.1357 7.9178 -0.2818 7.7385 6.524 1.0307 8.3316
3 16 7.6065 -2.318 8.3661 7.7156 -1.5554 8.1357 6.525 -2.8588 9.1577
3 16 6.525 -2.8588 9.1577 7.7156 -1.5554 8.1357 6.524 1.0307 8.3316
3 16 6.525 -5.2744 9.6711 7.7138 -6.5122 9.1904 7.9088 -5.3268 8.8165
3 16 6.525 -5.2744 9.6711 7.9088 -5.3268 8.8165 7.6537 -3.9243 8.678
3 16 6.524 1.0307 8.3316 7.5191 0.9388 7.7285 5.5625 1.0819 7.4194
3 16 5.096 -3.0025 -10.6924 6.4004 -2.8927 -6.6717 5.3383 -1.217 -9.907
3 16 5.3383 -1.217 -9.907 6.4004 -2.8927 -6.6717 6.3763 0.6481 -6.7453
3 16 5.096 -3.0025 -10.6924 7.5359 -2.7878 -6.5881 6.4004 -2.8927 -6.6717
3 16 9.3082 -0.2841 -11.1752 10.7818 0.1048 -7.9924 9.3585 -1.064 -11.2227
3 16 10.9584 -1.5961 -7.8925 9.3585 -1.064 -11.2227 10.7818 0.1048 -7.9924
3 16 8.8611 -2.6203 -5.9613 7.5359 -2.7878 -6.5881 10.6157 -2.2026 -7.73
3 16 10.6157 -2.2026 -7.73 7.5359 -2.7878 -6.5881 8.9048 -2.5433 -11.3066
3 16 10.791 -4.7944 -6.2206 8.043 -6.7924 -14.8736 8.8761 -4.341 -5.876
3 16 8.043 -6.7924 -14.8736 7.5503 -4.3852 -6.4753 8.8761 -4.341 -5.876
3 16 4.5841 -9.9767 -12.1596 2.2992 -8.6936 -16.1612 2.0325 -10.7192 -16.6577
3 16 2.2992 -8.6936 -16.1612 4.5841 -9.9767 -12.1596 4.5727 -5.8515 -12.2846
3 16 6.1262 -8.9474 -18.119 8.4134 -7.3886 -15.0395 8.4128 -9.1732 -14.9416
3 16 6.0192 -8.0912 -18.3121 8.4134 -7.3886 -15.0395 6.1262 -8.9474 -18.119
3 16 9.2906 -8.5243 -4.9581 8.5438 -8.8028 -5.9299 10.8354 -8.1232 -6.074
3 16 10.8354 -8.1232 -6.074 8.5438 -8.8028 -5.9299 8.0531 -9.7464 -14.7192
3 16 8.5438 -8.8028 -5.9299 7.5829 -8.976 -6.3626 8.0531 -9.7464 -14.7192
3 16 1.8435 -18.0307 -17.0753 4.6356 -16.9763 -12.157 1.5388 -16.0797 -17.4783
3 16 1.5388 -16.0797 -17.4783 4.5812 -12.6448 -12.1371 1.3064 -14.2941 -17.9041
3 16 6.2439 -14.8788 -7.1485 4.5812 -12.6448 -12.1371 4.6356 -16.9763 -12.157
3 16 9.0319 -14.1847 -3.6652 8.1012 -14.9255 -5.1591 10.0575 -14.491 -6.7242
3 16 10.0575 -14.491 -6.7242 8.1012 -14.9255 -5.1591 8.1463 -15.2575 -7.0415
3 16 10.5862 -10.8964 -4.0204 9.1518 -10.3692 -4.6669 9.371 -10.1244 -3.6952
3 16 10.3548 -11.8997 -7.3692 8.5185 -10.6053 -5.6471 10.5862 -10.8964 -4.0204
3 16 10.5862 -10.8964 -4.0204 8.5185 -10.6053 -5.6471 9.1518 -10.3692 -4.6669
3 16 8.6856 -11.7801 2.9637 7.6976 -9.3043 9.794 7.7224 -13.9721 7.3793
3 16 7.6976 -9.3043 9.794 7.4853 -11.6147 10.418 7.7224 -13.9721 7.3793
3 16 7.3819 -13.3532 10.5007 7.7224 -13.9721 7.3793 7.4853 -11.6147 10.418
3 16 6.2638 -13.9239 10.9403 6.4774 -14.5318 7.2788 6.6777 -13.7718 10.9444
3 16 6.6777 -13.7718 10.9444 6.4774 -14.5318 7.2788 7.2942 -14.3523 7.2804
3 16 7.217 0.8732 -4.311 6.3763 0.6481 -6.7453 6.6383 -3.7054 -5.9416
3 16 6.6383 -3.7054 -5.9416 6.3763 0.6481 -6.7453 6.4004 -2.8927 -6.6717
3 16 6.2439 -14.8788 -7.1485 7.2413 -14.0988 -3.9981 6.4753 -10.8436 -6.4694
3 16 6.525 -7.69 10.1846 5.4906 -5.2501 9.6272 5.481 -11.6338 11.0207
3 16 6.524 1.0307 8.3316 5.5 1.0788 8.2457 6.525 -2.8588 9.1577
3 16 5.4906 -5.2501 9.6272 5.5 1.0788 8.2457 5.5625 1.0819 7.4194
3 16 7.5263 1.0054 1.4225 11.0469 0.8811 0.0622 7.6845 0.9926 -0.4101
3 16 6.9672 0.9997 3.6641 9.3528 0.9303 4.0486 7.5263 1.0054 1.4225
3 16 7.5263 1.0054 1.4225 9.3528 0.9303 4.0486 11.0469 0.8811 0.0622
3 16 5.8509 1.077 6.2647 9.3528 0.9303 4.0486 6.3445 1.0455 5.223
3 16 9.3528 0.9303 4.0486 5.8509 1.077 6.2647 7.5191 0.9388 7.7285
3 16 7.5191 0.9388 7.7285 5.8509 1.077 6.2647 5.6567 1.0812 6.9151
3 16 1.9539 -13.8502 10.9433 4.3153 -13.8794 10.9422 1.682 -11.6258 11.0209
3 16 1.682 -11.6258 11.0209 4.3153 -13.8794 10.9422 5.481 -11.6338 11.0207
3 16 1.682 -11.6258 11.0209 -4.4293 -11.625 7.2456 -3.1804 -11.6251 11.021
3 16 -0.3464 -13.8758 10.9424 1.682 -11.6258 11.0209 -3.1804 -11.6251 11.021
3 16 -0.6481 -14.1001 10.9345 -0.3464 -13.8758 10.9424 -3.1804 -11.6251 11.021
3 16 -1.8123 -14.3807 10.9234 -0.6481 -14.1001 10.9345 -3.1804 -11.6251 11.021
3 16 5.8492 -11.6319 6.224 6.3597 -11.7994 5.1256 3.7424 -12.1435 3.7591
3 16 6.8358 -11.987 4.0446 3.7424 -12.1435 3.7591 6.3597 -11.7994 5.1256
3 16 -5.3467 -12.0845 4.0114 -3.8273 -12.1917 3.5553 -5.7758 -12.5083 2.3548
3 16 1.682 -11.6258 11.0209 -4.8605 -11.6713 5.7885 -4.4293 -11.625 7.2456
3 16 5.8492 -11.6319 6.224 0.2228 -11.6371 6.2013 5.568 -11.6127 7.2971
3 16 5.568 -11.6127 7.2971 0.2228 -11.6371 6.2013 1.682 -11.6258 11.0209
3 16 0.2228 -11.6371 6.2013 -4.8605 -11.6713 5.7885 1.682 -11.6258 11.0209
3 16 -4.8919 -16.0524 4.3955 -4.8605 -11.6713 5.7885 -5.3467 -12.0845 4.0114
3 16 -2.1119 -18.1743 -7.8454 -3.8026 -18.2045 -6.6654 -2.8994 -18.3025 -8.2604
3 16 -1.4032 -18.0526 -7.4632 -1.9107 -17.9145 -5.9462 -2.1119 -18.1743 -7.8454
3 16 -2.0859 -15.0965 -7.9568 -4.4659 -14.9814 -7.5 -2.5659 -14.8187 -6.8546
3 16 -0.6852 -14.7499 -6.5815 -2.0859 -15.0965 -7.9568 -2.5659 -14.8187 -6.8546
3 16 -1.2849 -17.4954 -5.8784 -1.1261 -15.8796 -4.7413 -1.7824 -17.2882 -4.1023
3 16 -1.7824 -17.2882 -4.1023 -1.1261 -15.8796 -4.7413 -1.2866 -16.0777 -4.1834
3 16 -0.8461 -14.426 -5.2318 -1.0154 -15.5272 -5.0097 -0.6852 -14.7499 -6.5815
3 16 -0.6852 -14.7499 -6.5815 -1.0154 -15.5272 -5.0097 -1.2849 -17.4954 -5.8784
3 16 2.0186 -16.8234 -6.1992 1.7696 -15.5602 -5.2993 1.4968 -14.8148 -6.7846
3 16 1.4968 -14.8148 -6.7846 1.7696 -15.5602 -5.2993 1.573 -14.4638 -5.4466
3 16 2.0186 -16.8234 -6.1992 1.923 -15.8798 -5.0736 1.7696 -15.5602 -5.2993
3 16 -4.8886 -16.7429 2.736 -5.5816 -17.5627 -0.0811 -3.0588 -16.6241 1.7557
3 16 -3.0588 -16.6241 1.7557 -5.5816 -17.5627 -0.0811 -3.1163 -17.1987 -0.4454
3 16 -4.8605 -11.6713 5.7885 -3.8273 -12.1917 3.5553 -5.3467 -12.0845 4.0114
3 16 0.2228 -11.6371 6.2013 -0.0273 -11.7493 5.3345 -4.8605 -11.6713 5.7885
3 16 -4.8605 -11.6713 5.7885 -0.0273 -11.7493 5.3345 -3.8273 -12.1917 3.5553
3 16 6.4753 -10.8436 -6.4694 7.2413 -14.0988 -3.9981 6.6852 -9.6985 -5.804
3 16 4.1807 -17.0899 -6.8409 5.2839 -15.6439 -5.3237 4.8081 -16.9353 -5.4729
3 16 3.3313 -17.1518 -6.0505 3.114 -16.9104 -4.704 2.66 -17.1207 -6.1178
3 16 3.3313 -17.1518 -6.0505 4.3096 -17.0938 -5.2163 3.114 -16.9104 -4.704
3 16 10.3983 -10.3706 -2.435 9.5239 -9.7117 -2.0188 10.0216 -9.5768 -0.0056
3 16 10.0216 -9.5768 -0.0056 9.5239 -9.7117 -2.0188 9.5406 -9.3298 -0.526
3 16 5.1321 -13.1158 -0.0978 3.7424 -12.1435 3.7591 7.517 -12.6738 1.3201
3 16 7.517 -12.6738 1.3201 3.7424 -12.1435 3.7591 6.8358 -11.987 4.0446
3 16 5.4621 -14.1335 -4.1357 5.1321 -13.1158 -0.0978 7.5338 -13.7063 -2.474
3 16 7.5338 -13.7063 -2.474 5.1321 -13.1158 -0.0978 7.6519 -13.3333 -1.0135
3 16 -0.0411 -14.3107 -4.8397 3.5301 -13.9665 -3.4733 0.3639 -14.4592 -5.3438
3 16 1.573 -14.4638 -5.4466 0.3639 -14.4592 -5.3438 3.5301 -13.9665 -3.4733
3 16 -3.5578 -13.962 -3.4554 -0.0411 -14.3107 -4.8397 -3.1371 -14.3988 -5.1885
3 16 -3.1371 -14.3988 -5.1885 -0.0411 -14.3107 -4.8397 -0.8461 -14.426 -5.2318
3 16 8.1463 -15.2575 -7.0415 7.5979 -16.5427 -14.6105 10.0575 -14.491 -6.7242
3 16 6.4753 -10.8436 -6.4694 4.5812 -12.6448 -12.1371 6.2439 -14.8788 -7.1485
3 16 10.3548 -11.8997 -7.3692 7.7598 -14.0698 -14.9681 7.6155 -10.7483 -6.1599
3 16 3.5301 -13.9665 -3.4733 5.1321 -13.1158 -0.0978 5.4621 -14.1335 -4.1357
3 16 7.2413 -14.0988 -3.9981 6.0489 -14.5912 -5.952 5.4621 -14.1335 -4.1357
3 16 5.4621 -14.1335 -4.1357 6.0489 -14.5912 -5.952 5.6881 -14.5405 -5.7548
2 24 11.4815 -1.8478 -2.5799 11.0968 -2.06 -5.2554
2 24 9.9284 -2.2781 -2.8473 9.5978 -2.4436 -4.5908
2 24 9.9284 -2.2781 -2.8473 9.5978 -2.4436 -4.5908
2 24 9.835 -3.8621 -2.7753 9.5669 -4.1458 -4.5483
2 24 7.5503 -4.3852 -6.4753 8.8761 -4.341 -5.876
2 24 7.5359 -2.7878 -6.5881 8.8611 -2.6203 -5.9613
2 24 4.6356 -16.9763 -12.157 1.8435 -18.0307 -17.0753
2 24 7.5979 -16.5427 -14.6105 4.7826 -17.561 -18.6398
2 24 3.7509 -17.0977 -20.3095 3.8031 -16.0358 -20.4338
2 24 0.6513 -17.5836 -19.0154 0.5214 -15.3113 -19.2615
2 24 0.6513 -17.5836 -19.0154 0.8434 -18.07 -18.7196
2 24 3.7509 -17.0977 -20.3095 3.8524 -17.6155 -19.9974
2 24 0.8184 -14.5329 -18.7448 1.3064 -14.2941 -17.9041
2 24 4.2437 -15.2195 -19.9005 4.8611 -15.0222 -19.0501
2 24 0.8184 -14.5329 -18.7448 0.6137 -14.8258 -19.1068
2 24 4.2437 -15.2195 -19.9005 3.946 -15.5146 -20.3028
2 24 3.8031 -16.0358 -20.4338 3.946 -15.5146 -20.3028
2 24 0.5214 -15.3113 -19.2615 0.6137 -14.8258 -19.1068
2 24 4.8611 -15.0222 -19.0501 7.7598 -14.0698 -14.9681
2 24 1.3064 -14.2941 -17.9041 4.5812 -12.6448 -12.1371
2 24 8.2947 -14.5525 -3.7058 9.0319 -14.1847 -3.6652
2 24 5.9485 -15.4973 -5.2407 5.6881 -14.5405 -5.7548
2 24 5.9485 -15.4973 -5.2407 6.2461 -15.4807 -5.6057
2 24 5.6881 -14.5405 -5.7548 6.0489 -14.5912 -5.952
2 24 6.2461 -15.4807 -5.6057 6.0489 -14.5912 -5.952
2 24 6.2461 -15.4807 -5.6057 6.4404 -15.6264 -6.7279
2 24 7.0493 -14.9508 -3.3776 6.7183 -15.0366 -3.6265
2 24 9.0319 -14.1847 -3.6652 9.5022 -13.7483 -2.7918
2 24 10.2709 -13.4539 -3.175 10.0575 -14.491 -6.7242
2 24 5.9485 -15.4973 -5.2407 5.2839 -15.6439 -5.3237
2 24 5.2839 -15.6439 -5.3237 4.9923 -14.6271 -6.1038
2 24 5.6881 -14.5405 -5.7548 4.9923 -14.6271 -6.1038
2 24 2.1604 -16.0391 -4.5653 1.923 -15.8798 -5.0736
2 24 2.4841 -16.5412 -4.5083 2.0186 -16.8234 -6.1992
2 24 -1.0152 -13.9521 7.8325 -0.3464 -13.8758 10.9424
2 24 -0.3464 -13.8758 10.9424 1.9539 -13.8502 10.9433
2 24 -1.5083 -14.1972 4.5991 -1.6635 -14.8276 1.5377
2 24 -1.6635 -14.8276 1.5377 -1.6252 -15.3299 -0.4614
2 24 -1.6252 -15.3299 -0.4614 -1.5194 -15.8299 -2.4956
2 24 -1.5194 -15.8299 -2.4956 -1.2866 -16.0777 -4.1834
2 24 -1.0154 -15.5272 -5.0097 -1.1261 -15.8796 -4.7413
2 24 -1.2866 -16.0777 -4.1834 -1.5194 -15.8299 -2.4956
2 24 -1.7824 -17.2882 -4.1023 -2.1903 -17.0489 -2.4095
2 24 -1.2866 -16.0777 -4.1834 -1.1261 -15.8796 -4.7413
2 24 -1.0154 -15.5272 -5.0097 -0.8461 -14.426 -5.2318
2 24 -0.8461 -14.426 -5.2318 0.3639 -14.4592 -5.3438
2 24 9.5406 -9.3298 -0.526 9.3004 -8.6463 1.9835
2 24 9.7778 -7.5784 -0.9305 9.5328 -6.9874 1.5884
2 24 9.5406 -9.3298 -0.526 9.5239 -9.7117 -2.0188
2 24 9.7778 -7.5784 -0.9305 9.7491 -7.9004 -2.3016
2 24 9.7491 -7.9004 -2.3016 9.5346 -8.3112 -4.0315
2 24 9.5239 -9.7117 -2.0188 9.371 -10.1244 -3.6952
2 24 9.2906 -8.5243 -4.9581 8.5438 -8.8028 -5.9299
2 24 9.1518 -10.3692 -4.6669 8.5185 -10.6053 -5.6471
2 24 9.371 -10.1244 -3.6952 9.1518 -10.3692 -4.6669
2 24 9.5346 -8.3112 -4.0315 9.2906 -8.5243 -4.9581
2 24 8.5438 -8.8028 -5.9299 7.5829 -8.976 -6.3626
2 24 8.5185 -10.6053 -5.6471 7.6155 -10.7483 -6.1599
2 24 6.4753 -10.8436 -6.4694 6.4329 -9.1308 -6.6055
2 24 7.6155 -10.7483 -6.1599 6.4753 -10.8436 -6.4694
2 24 7.5829 -8.976 -6.3626 6.4329 -9.1308 -6.6055
2 24 9.5669 -4.1458 -4.5483 9.835 -3.8621 -2.7753
2 24 10.8099 -4.4274 -4.4525 10.7131 -4.121 -2.6715
2 24 9.5669 -4.1458 -4.5483 8.8761 -4.341 -5.876
2 24 10.8099 -4.4274 -4.4525 10.791 -4.7944 -6.2206
2 24 7.6065 -2.318 8.3661 9.4199 -3.1709 1.1607
2 24 7.6065 -2.318 8.3661 7.7156 -1.5554 8.1357
2 24 7.7156 -1.5554 8.1357 9.5608 -2.0319 1.2626
2 24 -1.0152 -13.9521 7.8325 -1.5083 -14.1972 4.5991
2 24 4.3153 -13.8794 10.9422 4.7707 -14.1293 10.9334
2 24 9.5978 -2.4436 -4.5908 8.8611 -2.6203 -5.9613
2 24 11.0968 -2.06 -5.2554 10.6157 -2.2026 -7.73
2 24 8.4283 -8.3127 9.1261 8.4964 -7.4868 8.908
2 24 5.5 1.0788 8.2457 5.4906 -5.2501 9.6272
2 24 8.7411 -0.7081 7.314 8.5614 0.4464 7.181
2 24 6.4004 -2.8927 -6.6717 6.4381 -4.3564 -6.6167
2 24 1.7696 -15.5602 -5.2993 1.573 -14.4638 -5.4466
2 24 0.3639 -14.4592 -5.3438 1.573 -14.4638 -5.4466
2 24 -0.3943 -15.1642 -8.1699 -0.6852 -14.7499 -6.5815
2 24 -0.6852 -14.7499 -6.5815 -0.8461 -14.426 -5.2318
2 24 8.4283 -8.3127 9.1261 7.8258 -9.221 9.6961
2 24 9.2333 -11.4268 2.8946 7.8258 -9.221 9.6961
2 24 8.4283 -8.3127 9.1261 8.4964 -7.4868 8.908
2 24 9.6219 -8.9098 2.063 8.213 -6.8725 8.9547
2 24 8.4964 -7.4868 8.908 8.213 -6.8725 8.9547
2 24 3.946 -15.5146 -20.3028 4.2437 -15.2195 -19.9005
2 24 10.2709 -13.4539 -3.175 10.0575 -14.491 -6.7242
2 24 8.4964 -7.4868 8.908 8.213 -6.8725 8.9547
2 24 9.5406 -9.3298 -0.526 9.3004 -8.6463 1.9835
2 24 10.0216 -9.5768 -0.0056 9.6219 -8.9098 2.063
2 24 4.7826 -17.561 -18.6398 4.1591 -17.7773 -19.5089
2 24 4.1591 -17.7773 -19.5089 3.8524 -17.6155 -19.9974
2 24 3.7509 -17.0977 -20.3095 3.8031 -16.0358 -20.4338
2 24 3.8524 -17.6155 -19.9974 3.7509 -17.0977 -20.3095
2 24 10.5862 -10.8964 -4.0204 10.3548 -11.8997 -7.3692
2 24 9.2333 -11.4268 2.8946 9.7014 -12.182 0.6116
2 24 9.6219 -8.9098 2.063 10.0216 -9.5768 -0.0056
2 24 4.8611 -15.0222 -19.0501 7.7598 -14.0698 -14.9681
2 24 3.946 -15.5146 -20.3028 3.8031 -16.0358 -20.4338
2 24 9.0702 -12.6081 0.5306 8.6856 -11.7801 2.9637
2 24 9.7014 -12.182 0.6116 9.2333 -11.4268 2.8946
2 24 9.2333 -11.4268 2.8946 7.8258 -9.221 9.6961
2 24 7.8258 -9.221 9.6961 7.6976 -9.3043 9.794
2 24 8.6856 -11.7801 2.9637 7.6976 -9.3043 9.794
2 24 4.2437 -15.2195 -19.9005 4.8611 -15.0222 -19.0501
2 24 4.7826 -17.561 -18.6398 7.5979 -16.5427 -14.6105
2 24 5.2839 -15.6439 -5.3237 5.9485 -15.4973 -5.2407
2 24 6.2129 -15.2432 -4.1747 5.2839 -15.6439 -5.3237
2 24 3.8524 -17.6155 -19.9974 4.1591 -17.7773 -19.5089
2 24 0.8434 -18.07 -18.7196 1.1502 -18.2226 -18.2286
2 24 4.7826 -17.561 -18.6398 4.1591 -17.7773 -19.5089
2 24 1.8435 -18.0307 -17.0753 1.1502 -18.2226 -18.2286
2 24 5.4791 -11.625 8.5885 5.568 -11.6127 7.2971
2 24 5.5625 1.0819 7.4194 5.6567 1.0812 6.9151
2 24 4.1807 -17.0899 -6.8409 3.7992 -17.0896 -7.3044
2 24 4.3703 -15.0452 -7.7194 3.9714 -15.154 -8.1851
2 24 9.5022 -13.7483 -2.7918 9.0319 -14.1847 -3.6652
2 24 9.2241 -15.4632 -2.4212 8.8849 -15.7124 -2.9572
2 24 9.0319 -14.1847 -3.6652 8.8849 -15.7124 -2.9572
2 24 8.8849 -15.7124 -2.9572 8.1208 -16.0619 -3.0008
2 24 9.0319 -14.1847 -3.6652 8.2947 -14.5525 -3.7058
2 24 8.2947 -14.5525 -3.7058 7.4602 -14.849 -3.3506
2 24 8.1208 -16.0619 -3.0008 7.0586 -16.3494 -2.5173
2 24 9.2241 -15.4632 -2.4212 9.121 -15.3464 -1.504
2 24 9.5022 -13.7483 -2.7918 9.4279 -13.3825 -1.7717
2 24 6.1413 -16.5876 -2.9534 6.548 -16.4763 -2.5648
2 24 6.7183 -15.0366 -3.6265 7.0493 -14.9508 -3.3776
2 24 7.0586 -16.3494 -2.5173 6.548 -16.4763 -2.5648
2 24 7.4602 -14.849 -3.3506 7.0493 -14.9508 -3.3776
2 24 6.7183 -15.0366 -3.6265 6.2129 -15.2432 -4.1747
2 24 6.1413 -16.5876 -2.9534 5.6902 -16.7163 -3.7222
2 24 8.2128 -14.6548 3.635 7.7224 -13.9721 7.3793
2 24 2.6134 -15.7498 -2.8775 3.1194 -15.1948 -0.7868
2 24 3.0557 -16.258 -2.7085 3.6946 -15.957 -0.6925
2 24 8.2128 -14.6548 3.635 8.679 -15.1077 0.8676
2 24 8.6856 -11.7801 2.9637 9.0702 -12.6081 0.5306
2 24 5.6902 -16.7163 -3.7222 4.8081 -16.9353 -5.4729
2 24 6.2129 -15.2432 -4.1747 5.2839 -15.6439 -5.3237
2 24 4.3703 -15.0452 -7.7194 4.9923 -14.6271 -6.1038
2 24 5.2839 -15.6439 -5.3237 4.9923 -14.6271 -6.1038
2 24 3.7992 -17.0896 -7.3044 3.2371 -17.0713 -7.3807
2 24 3.9714 -15.154 -8.1851 3.3715 -15.1982 -8.2716
2 24 3.2371 -17.0713 -7.3807 2.4491 -16.9928 -7.0671
2 24 3.3715 -15.1982 -8.2716 2.0714 -15.0544 -7.7316
2 24 2.4491 -16.9928 -7.0671 2.0918 -16.9142 -6.7304
2 24 2.0714 -15.0544 -7.7316 1.6359 -14.9625 -7.3982
2 24 2.0186 -16.8234 -6.1992 2.0918 -16.9142 -6.7304
2 24 1.6359 -14.9625 -7.3982 1.4968 -14.8148 -6.7846
2 24 2.4841 -16.5412 -4.5083 3.0557 -16.258 -2.7085
2 24 2.1604 -16.0391 -4.5653 2.6134 -15.7498 -2.8775
2 24 4.9135 -14.5666 7.3344 4.7707 -14.1293 10.9334
2 24 4.7707 -14.1293 10.9334 4.3153 -13.8794 10.9422
2 24 4.3311 -13.9511 7.375 4.3153 -13.8794 10.9422
2 24 5.6007 -14.1514 10.9327 6.2638 -13.9239 10.9403
2 24 7.7224 -13.9721 7.3793 7.3819 -13.3532 10.5007
2 24 7.3819 -13.3532 10.5007 6.9476 -13.7231 10.7753
2 24 8.679 -15.1077 0.8676 8.2128 -14.6548 3.635
2 24 7.7224 -13.9721 7.3793 8.2128 -14.6548 3.635
2 24 6.548 -16.4763 -2.5648 7.0586 -16.3494 -2.5173
2 24 6.548 -16.4763 -2.5648 6.1413 -16.5876 -2.9534
2 24 7.0586 -16.3494 -2.5173 8.1208 -16.0619 -3.0008
2 24 8.1208 -16.0619 -3.0008 8.8849 -15.7124 -2.9572
2 24 9.2241 -15.4632 -2.4212 9.121 -15.3464 -1.504
2 24 8.8849 -15.7124 -2.9572 9.2241 -15.4632 -2.4212
2 24 4.9135 -14.5666 7.3344 4.7188 -15.1118 4.0007
2 24 3.6946 -15.957 -0.6925 4.2504 -15.6305 1.2792
2 24 3.6946 -15.957 -0.6925 3.0557 -16.258 -2.7085
2 24 3.0557 -16.258 -2.7085 2.4841 -16.5412 -4.5083
2 24 2.4841 -16.5412 -4.5083 2.0186 -16.8234 -6.1992
2 24 4.8081 -16.9353 -5.4729 5.6902 -16.7163 -3.7222
2 24 4.8081 -16.9353 -5.4729 4.1807 -17.0899 -6.8409
2 24 2.4491 -16.9928 -7.0671 3.2371 -17.0713 -7.3807
2 24 4.1807 -17.0899 -6.8409 3.7992 -17.0896 -7.3044
2 24 3.2371 -17.0713 -7.3807 3.7992 -17.0896 -7.3044
2 24 2.4491 -16.9928 -7.0671 2.0918 -16.9142 -6.7304
2 24 2.0186 -16.8234 -6.1992 2.0918 -16.9142 -6.7304
2 24 5.6007 -14.1514 10.9327 4.7707 -14.1293 10.9334
2 24 4.9135 -14.5666 7.3344 4.7707 -14.1293 10.9334
2 24 5.6007 -14.1514 10.9327 6.2638 -13.9239 10.9403
2 24 7.9088 -5.3268 8.8165 8.2483 -5.1198 8.5601
2 24 6.9476 -13.7231 10.7753 7.3819 -13.3532 10.5007
2 24 7.3819 -13.3532 10.5007 7.4853 -11.6147 10.418
2 24 6.525 -11.625 11.021 7.4853 -11.6147 10.418
2 24 9.6219 -8.9098 2.063 8.213 -6.8725 8.9547
2 24 9.3004 -8.6463 1.9835 7.7138 -6.5122 9.1904
2 24 8.213 -6.8725 8.9547 7.7138 -6.5122 9.1904
2 24 8.2483 -5.1198 8.5601 9.9871 -6.6658 1.4869
2 24 8.2483 -5.1198 8.5601 8.8694 -4.2044 7.9769
2 24 8.8694 -4.2044 7.9769 8.8627 -3.4515 7.821
2 24 9.7491 -7.9004 -2.3016 9.7778 -7.5784 -0.9305
2 24 10.7938 -7.4191 -2.367 10.4545 -7.0295 -0.412
2 24 10.8099 -4.4274 -4.4525 10.7131 -4.121 -2.6715
2 24 8.2483 -5.1198 8.5601 8.8694 -4.2044 7.9769
2 24 5.6148 -10.4693 -18.0215 5.276 -10.2421 -18.484
2 24 1.6748 -10.3842 -17.2688 2.0325 -10.7192 -16.6577
2 24 5.276 -10.2421 -18.484 5.6148 -10.4693 -18.0215
2 24 5.276 -10.2421 -18.484 5.1333 -9.6804 -18.7592
2 24 1.6748 -10.3842 -17.2688 1.5491 -9.7639 -17.515
2 24 5.276 -10.2421 -18.484 5.1333 -9.6804 -18.7592
2 24 5.1333 -9.6804 -18.7592 5.097 -8.4403 -18.9372
2 24 5.1333 -9.6804 -18.7592 5.097 -8.4403 -18.9372
2 24 1.5491 -9.7639 -17.515 1.4423 -8.3049 -17.7095
2 24 1.4907 -7.714 -17.5797 1.7267 -7.3626 -17.1847
2 24 5.209 -7.9145 -18.8071 5.492 -7.5936 -18.4286
2 24 5.097 -8.4403 -18.9372 5.209 -7.9145 -18.8071
2 24 1.4423 -8.3049 -17.7095 1.4907 -7.714 -17.5797
2 24 5.097 -8.4403 -18.9372 5.209 -7.9145 -18.8071
2 24 5.209 -7.9145 -18.8071 5.492 -7.5936 -18.4286
2 24 10.7938 -7.4191 -2.367 10.9347 -7.7658 -4.1664
2 24 7.9088 -5.3268 8.8165 9.5328 -6.9874 1.5884
2 24 7.9088 -5.3268 8.8165 8.2483 -5.1198 8.5601
2 24 8.2483 -5.1198 8.5601 9.9871 -6.6658 1.4869
2 24 8.043 -6.7924 -14.8736 10.791 -4.7944 -6.2206
2 24 8.8627 -3.4515 7.821 8.0241 -2.5386 8.1517
2 24 8.0241 -2.5386 8.1517 9.9116 -3.4466 1.2601
2 24 7.6065 -2.318 8.3661 8.0241 -2.5386 8.1517
2 24 7.6065 -2.318 8.3661 9.4199 -3.1709 1.1607
2 24 8.0241 -2.5386 8.1517 9.9116 -3.4466 1.2601
2 24 6.4381 -4.3564 -6.6167 7.5503 -4.3852 -6.4753
2 24 6.4381 -4.3564 -6.6167 4.5727 -5.8515 -12.2846
2 24 6.4381 -4.3564 -6.6167 6.4004 -2.8927 -6.6717
2 24 7.5503 -4.3852 -6.4753 6.4381 -4.3564 -6.6167
2 24 7.5359 -2.7878 -6.5881 6.4004 -2.8927 -6.6717
2 24 4.9463 0.0807 -11.158 5.1293 0.3609 -10.5855
2 24 8.4933 -0.0228 -11.784 8.7213 0.1936 -11.2912
2 24 6.9672 0.9997 3.6641 6.3445 1.0455 5.223
2 24 4.9301 -2.6341 -11.1719 5.096 -3.0025 -10.6924
2 24 8.5925 -2.2674 -11.8956 8.9048 -2.5433 -11.3066
2 24 4.9301 -2.6341 -11.1719 4.8921 -1.9737 -11.3311
2 24 8.5925 -2.2674 -11.8956 8.4945 -1.7105 -12.0994
2 24 8.4945 -1.7105 -12.0994 8.4157 -0.5217 -12.0599
2 24 4.8921 -1.9737 -11.3311 4.8658 -0.5601 -11.378
2 24 4.9463 0.0807 -11.158 4.8658 -0.5601 -11.378
2 24 8.4933 -0.0228 -11.784 8.4157 -0.5217 -12.0599
2 24 9.3004 -8.6463 1.9835 7.7138 -6.5122 9.1904
2 24 7.7138 -6.5122 9.1904 7.9088 -5.3268 8.8165
2 24 9.5328 -6.9874 1.5884 7.9088 -5.3268 8.8165
2 24 8.1719 -1.4221 7.8219 9.6804 -1.5588 4.1589
2 24 8.1719 -1.4221 7.8219 8.7411 -0.7081 7.314
2 24 7.5191 0.9388 7.7285 8.5614 0.4464 7.181
2 24 7.5191 0.9388 7.7285 9.3528 0.9303 4.0486
2 24 8.7411 -0.7081 7.314 8.5614 0.4464 7.181
2 24 8.9048 -2.5433 -11.3066 10.6157 -2.2026 -7.73
2 24 8.4945 -1.7105 -12.0994 8.4157 -0.5217 -12.0599
2 24 8.9048 -2.5433 -11.3066 8.5925 -2.2674 -11.8956
2 24 8.4945 -1.7105 -12.0994 8.5925 -2.2674 -11.8956
2 24 8.7213 0.1936 -11.2912 10.2562 0.5552 -7.9241
2 24 8.4157 -0.5217 -12.0599 8.4933 -0.0228 -11.784
2 24 8.7213 0.1936 -11.2912 8.4933 -0.0228 -11.784
2 24 9.6804 -1.5588 4.1589 11.2251 -1.6956 0.1118
2 24 9.9399 0.4611 4.2214 11.5445 0.4684 0.2192
2 24 9.3528 0.9303 4.0486 11.0469 0.8811 0.0622
2 24 7.517 -12.6738 1.3201 7.6519 -13.3333 -1.0135
2 24 0.8184 -14.5329 -18.7448 1.3064 -14.2941 -17.9041
2 24 1.1502 -18.2226 -18.2286 1.8435 -18.0307 -17.0753
2 24 0.5214 -15.3113 -19.2615 0.6513 -17.5836 -19.0154
2 24 4.5727 -5.8515 -12.2846 1.7267 -7.3626 -17.1847
2 24 1.4423 -8.3049 -17.7095 1.4907 -7.714 -17.5797
2 24 1.6748 -10.3842 -17.2688 2.0325 -10.7192 -16.6577
2 24 6.4381 -4.3564 -6.6167 4.5727 -5.8515 -12.2846
2 24 6.4329 -9.1308 -6.6055 4.5841 -9.9767 -12.1596
2 24 8.1719 -1.4221 7.8219 7.7156 -1.5554 8.1357
2 24 8.1719 -1.4221 7.8219 9.6804 -1.5588 4.1589
2 24 7.7156 -1.5554 8.1357 9.5608 -2.0319 1.2626
2 24 8.7411 -0.7081 7.314 8.1719 -1.4221 7.8219
2 24 8.5614 0.4464 7.181 7.5191 0.9388 7.7285
2 24 7.217 0.8732 -4.311 6.3763 0.6481 -6.7453
2 24 10.8078 0.7436 -5.2697 10.2562 0.5552 -7.9241
2 24 10.6157 -2.2026 -7.73 11.0968 -2.06 -5.2554
2 24 10.2562 0.5552 -7.9241 10.8078 0.7436 -5.2697
2 24 7.217 0.8732 -4.311 7.6395 0.9559 -2.2007
2 24 10.8078 0.7436 -5.2697 11.1722 0.8418 -2.3806
2 24 11.1722 0.8418 -2.3806 11.0469 0.8811 0.0622
2 24 7.6395 0.9559 -2.2007 7.6845 0.9926 -0.4101
2 24 11.5445 0.4684 0.2192 11.8151 0.4096 -2.44
2 24 11.3598 0.2894 -5.4278 11.8151 0.4096 -2.44
2 24 11.2251 -1.6956 0.1118 11.4815 -1.8478 -2.5799
2 24 11.0968 -2.06 -5.2554 11.4815 -1.8478 -2.5799
2 24 11.0469 0.8811 0.0622 11.1722 0.8418 -2.3806
2 24 10.8078 0.7436 -5.2697 11.1722 0.8418 -2.3806
2 24 10.8099 -4.4274 -4.4525 10.791 -4.7944 -6.2206
2 24 10.9347 -7.7658 -4.1664 10.8354 -8.1232 -6.074
2 24 9.9116 -3.4466 1.2601 10.4215 -3.7784 -0.5835
2 24 10.7131 -4.121 -2.6715 10.4215 -3.7784 -0.5835
2 24 9.9871 -6.6658 1.4869 10.4545 -7.0295 -0.412
2 24 9.4199 -3.1709 1.1607 9.6983 -3.4461 -0.462
2 24 9.9116 -3.4466 1.2601 10.4215 -3.7784 -0.5835
2 24 10.7131 -4.121 -2.6715 10.4215 -3.7784 -0.5835
2 24 9.835 -3.8621 -2.7753 9.6983 -3.4461 -0.462
2 24 9.5608 -2.0319 1.2626 9.8238 -2.1372 -0.3936
2 24 9.6804 -1.5588 4.1589 11.2251 -1.6956 0.1118
2 24 9.9284 -2.2781 -2.8473 9.8238 -2.1372 -0.3936
2 24 11.4815 -1.8478 -2.5799 11.2251 -1.6956 0.1118
2 24 9.9284 -2.2781 -2.8473 9.8238 -2.1372 -0.3936
2 24 9.835 -3.8621 -2.7753 9.6983 -3.4461 -0.462
2 24 9.4199 -3.1709 1.1607 9.6983 -3.4461 -0.462
2 24 9.5608 -2.0319 1.2626 9.8238 -2.1372 -0.3936
2 24 9.7778 -7.5784 -0.9305 9.5328 -6.9874 1.5884
2 24 10.4545 -7.0295 -0.412 9.9871 -6.6658 1.4869
2 24 10.0216 -9.5768 -0.0056 10.3983 -10.3706 -2.435
2 24 9.7014 -12.182 0.6116 10.1162 -12.9244 -1.6233
2 24 10.7938 -7.4191 -2.367 10.4545 -7.0295 -0.412
2 24 9.7491 -7.9004 -2.3016 9.5346 -8.3112 -4.0315
2 24 10.7938 -7.4191 -2.367 10.9347 -7.7658 -4.1664
2 24 5.1293 0.3609 -10.5855 6.3763 0.6481 -6.7453
2 24 8.7213 0.1936 -11.2912 10.2562 0.5552 -7.9241
2 24 4.9301 -2.6341 -11.1719 5.096 -3.0025 -10.6924
2 24 4.9301 -2.6341 -11.1719 4.8921 -1.9737 -11.3311
2 24 4.9463 0.0807 -11.158 4.8658 -0.5601 -11.378
2 24 4.8921 -1.9737 -11.3311 4.8658 -0.5601 -11.378
2 24 7.6519 -13.3333 -1.0135 7.517 -12.6738 1.3201
2 24 7.6845 0.9926 -0.4101 7.5263 1.0054 1.4225
2 24 7.517 -12.6738 1.3201 6.8358 -11.987 4.0446
2 24 7.5263 1.0054 1.4225 6.9672 0.9997 3.6641
2 24 6.9672 0.9997 3.6641 6.3445 1.0455 5.223
2 24 6.8358 -11.987 4.0446 6.3597 -11.7994 5.1256
2 24 6.3445 1.0455 5.223 5.8509 1.077 6.2647
2 24 6.3597 -11.7994 5.1256 5.8492 -11.6319 6.224
2 24 5.5625 1.0819 7.4194 5.5 1.0788 8.2457
2 24 6.524 1.0307 8.3316 5.5 1.0788 8.2457
2 24 7.217 0.8732 -4.311 7.6395 0.9559 -2.2007
2 24 7.2413 -14.0988 -3.9981 7.5338 -13.7063 -2.474
2 24 6.4329 -9.1308 -6.6055 6.4753 -10.8436 -6.4694
2 24 7.6519 -13.3333 -1.0135 7.5338 -13.7063 -2.474
2 24 7.6845 0.9926 -0.4101 7.6395 0.9559 -2.2007
2 24 -6.4134 -13.2087 -0.4227 -5.7758 -12.5083 2.3548
2 24 -3.3404 -15.4901 -9.4384 -4.4659 -14.9814 -7.5
2 24 -5.486 -14.51 -5.5986 -6.3851 -13.9018 -3.2136
2 24 -6.4134 -13.2087 -0.4227 -6.3851 -13.9018 -3.2136
2 24 -4.4659 -14.9814 -7.5 -5.486 -14.51 -5.5986
2 24 -3.5173 -15.2892 7.6676 -2.5827 -14.3087 10.9273
2 24 -2.5827 -14.3087 10.9273 -1.8123 -14.3807 10.9234
2 24 9.5669 -4.1458 -4.5483 8.8761 -4.341 -5.876
2 24 9.5978 -2.4436 -4.5908 8.8611 -2.6203 -5.9613
2 24 5.5625 1.0819 7.4194 5.6567 1.0812 6.9151
2 24 4.9135 -14.5666 7.3344 4.7188 -15.1118 4.0007
2 24 4.3311 -13.9511 7.375 4.0984 -14.1437 3.9999
2 24 4.0984 -14.1437 3.9999 3.6102 -14.5864 1.2408
2 24 4.7188 -15.1118 4.0007 4.2504 -15.6305 1.2792
2 24 3.1194 -15.1948 -0.7868 3.6102 -14.5864 1.2408
2 24 3.6946 -15.957 -0.6925 4.2504 -15.6305 1.2792
2 24 1.573 -14.4638 -5.4466 1.4968 -14.8148 -6.7846
2 24 4.3311 -13.9511 7.375 4.3153 -13.8794 10.9422
2 24 1.9539 -13.8502 10.9433 4.3153 -13.8794 10.9422
2 24 3.1194 -15.1948 -0.7868 3.6102 -14.5864 1.2408
2 24 3.1194 -15.1948 -0.7868 2.6134 -15.7498 -2.8775
2 24 2.6134 -15.7498 -2.8775 2.1604 -16.0391 -4.5653
2 24 2.1604 -16.0391 -4.5653 1.923 -15.8798 -5.0736
2 24 1.7696 -15.5602 -5.2993 1.923 -15.8798 -5.0736
2 24 -4.2201 -18.0289 -6.9084 -3.3126 -18.0975 -8.5974
2 24 -4.4659 -14.9814 -7.5 -3.3404 -15.4901 -9.4384
2 24 -4.4293 -11.625 7.2456 -4.8605 -11.6713 5.7885
2 24 -3.9577 -15.0338 7.6411 -4.8919 -16.0524 4.3955
2 24 -3.9577 -15.0338 7.6411 -4.8919 -16.0524 4.3955
2 24 -1.6635 -14.8276 1.5377 -1.6252 -15.3299 -0.4614
2 24 -2.303 -16.1255 1.6252 -2.3574 -16.7061 -0.5044
2 24 -2.1903 -17.0489 -2.4095 -2.3574 -16.7061 -0.5044
2 24 -1.5194 -15.8299 -2.4956 -1.6252 -15.3299 -0.4614
2 24 -1.5014 -14.6437 7.8839 -0.6481 -14.1001 10.9345
2 24 -1.0152 -13.9521 7.8325 -0.3464 -13.8758 10.9424
2 24 -0.6481 -14.1001 10.9345 -0.3464 -13.8758 10.9424
2 24 -3.3126 -18.0975 -8.5974 -4.2201 -18.0289 -6.9084
2 24 -3.3126 -18.0975 -8.5974 -2.8755 -18.0902 -9.0766
2 24 -3.3126 -18.0975 -8.5974 -2.8755 -18.0902 -9.0766
2 24 -3.3404 -15.4901 -9.4384 -2.8574 -15.6048 -9.9058
2 24 -2.8755 -18.0902 -9.0766 -2.2009 -18.0143 -9.1352
2 24 -2.8755 -18.0902 -9.0766 -2.2009 -18.0143 -9.1352
2 24 -2.8574 -15.6048 -9.9058 -2.1138 -15.5865 -9.878
2 24 -2.2009 -18.0143 -9.1352 -1.2338 -17.8673 -8.6514
2 24 -2.2009 -18.0143 -9.1352 -1.2338 -17.8673 -8.6514
2 24 -2.1138 -15.5865 -9.878 -0.9113 -15.4399 -9.2671
2 24 -0.8103 -17.6746 -7.5666 -1.2849 -17.4954 -5.8784
2 24 -0.3943 -15.1642 -8.1699 -0.6852 -14.7499 -6.5815
2 24 -0.8103 -17.6746 -7.5666 -1.2849 -17.4954 -5.8784
2 24 -1.2338 -17.8673 -8.6514 -0.8216 -17.7726 -8.2423
2 24 -1.2338 -17.8673 -8.6514 -0.8216 -17.7726 -8.2423
2 24 -0.9113 -15.4399 -9.2671 -0.4463 -15.3418 -8.8459
2 24 -0.8103 -17.6746 -7.5666 -0.8216 -17.7726 -8.2423
2 24 -0.8103 -17.6746 -7.5666 -0.8216 -17.7726 -8.2423
2 24 -0.3943 -15.1642 -8.1699 -0.4463 -15.3418 -8.8459
2 24 -4.4659 -14.9814 -7.5 -5.486 -14.51 -5.5986
2 24 -4.2201 -18.0289 -6.9084 -5.1287 -17.908 -5.047
2 24 -4.2201 -18.0289 -6.9084 -5.1287 -17.908 -5.047
2 24 -5.486 -14.51 -5.5986 -6.3851 -13.9018 -3.2136
2 24 -5.1287 -17.908 -5.047 -5.9891 -17.7601 -2.6671
2 24 -5.9891 -17.7601 -2.6671 -6.027 -17.3511 -0.0313
2 24 -6.3851 -13.9018 -3.2136 -6.4134 -13.2087 -0.4227
2 24 -6.027 -17.3511 -0.0313 -5.3655 -16.5763 2.7111
2 24 -6.4134 -13.2087 -0.4227 -5.7758 -12.5083 2.3548
2 24 -4.8919 -16.0524 4.3955 -5.3655 -16.5763 2.7111
2 24 -1.7824 -17.2882 -4.1023 -2.1903 -17.0489 -2.4095
2 24 -2.1903 -17.0489 -2.4095 -2.3574 -16.7061 -0.5044
2 24 -2.3574 -16.7061 -0.5044 -2.303 -16.1255 1.6252
2 24 -2.303 -16.1255 1.6252 -2.0388 -15.3651 4.6213
2 24 -1.5014 -14.6437 7.8839 -0.6481 -14.1001 10.9345
2 24 -1.8123 -14.3807 10.9234 -0.6481 -14.1001 10.9345
2 24 -3.9577 -15.0338 7.6411 -2.995 -13.8964 10.9382
2 24 -2.5827 -14.3087 10.9273 -2.995 -13.8964 10.9382
2 24 -3.9577 -15.0338 7.6411 -2.995 -13.8964 10.9382
2 24 -2.995 -13.8964 10.9382 -3.1804 -11.6251 11.021
2 24 -4.4293 -11.625 7.2456 -3.1804 -11.6251 11.021
2 24 -1.1261 -15.8796 -4.7413 -1.0154 -15.5272 -5.0097
2 24 -1.2849 -17.4954 -5.8784 -1.7824 -17.2882 -4.1023
2 24 4.6356 -16.9763 -12.157 6.2466 -15.7671 -7.3272
2 24 6.1413 -16.5876 -2.9534 5.6902 -16.7163 -3.7222
2 24 6.2439 -14.8788 -7.1485 6.0489 -14.5912 -5.952
2 24 6.2439 -14.8788 -7.1485 7.2413 -14.0988 -3.9981
2 24 5.6881 -14.5405 -5.7548 4.9923 -14.6271 -6.1038
2 24 7.2413 -14.0988 -3.9981 7.5338 -13.7063 -2.474
2 24 4.9923 -14.6271 -6.1038 4.3703 -15.0452 -7.7194
2 24 10.0575 -14.491 -6.7242 7.5979 -16.5427 -14.6105
2 24 10.3548 -11.8997 -7.3692 7.7598 -14.0698 -14.9681
2 24 9.5239 -9.7117 -2.0188 9.371 -10.1244 -3.6952
2 24 10.3983 -10.3706 -2.435 10.5862 -10.8964 -4.0204
2 24 10.5862 -10.8964 -4.0204 10.3983 -10.3706 -2.435
2 24 10.2709 -13.4539 -3.175 10.1162 -12.9244 -1.6233
2 24 9.5022 -13.7483 -2.7918 9.4279 -13.3825 -1.7717
2 24 10.2709 -13.4539 -3.175 10.1162 -12.9244 -1.6233
2 24 9.0702 -12.6081 0.5306 9.4279 -13.3825 -1.7717
2 24 9.7014 -12.182 0.6116 10.1162 -12.9244 -1.6233
2 24 5.6148 -10.4693 -18.0215 8.0531 -9.7464 -14.7192
2 24 10.8354 -8.1232 -6.074 8.0531 -9.7464 -14.7192
2 24 5.6148 -10.4693 -18.0215 8.0531 -9.7464 -14.7192
2 24 2.0325 -10.7192 -16.6577 4.5841 -9.9767 -12.1596
2 24 5.492 -7.5936 -18.4286 8.043 -6.7924 -14.8736
2 24 1.7267 -7.3626 -17.1847 4.5727 -5.8515 -12.2846
2 24 5.492 -7.5936 -18.4286 8.043 -6.7924 -14.8736
2 24 4.5812 -12.6448 -12.1371 6.4753 -10.8436 -6.4694
2 24 7.6155 -10.7483 -6.1599 6.4753 -10.8436 -6.4694
2 24 4.6356 -16.9763 -12.157 6.2466 -15.7671 -7.3272
2 24 7.6155 -10.7483 -6.1599 8.5185 -10.6053 -5.6471
2 24 6.4404 -15.6264 -6.7279 6.2466 -15.7671 -7.3272
2 24 6.2439 -14.8788 -7.1485 6.4404 -15.6264 -6.7279
2 24 6.0489 -14.5912 -5.952 6.2439 -14.8788 -7.1485
2 24 6.2461 -15.4807 -5.6057 6.4404 -15.6264 -6.7279
2 24 7.5829 -8.976 -6.3626 6.4329 -9.1308 -6.6055
2 24 4.5841 -9.9767 -12.1596 6.4329 -9.1308 -6.6055
2 24 9.121 -15.3464 -1.504 8.679 -15.1077 0.8676
2 24 9.4279 -13.3825 -1.7717 9.0702 -12.6081 0.5306
2 24 8.679 -15.1077 0.8676 9.121 -15.3464 -1.504
2 24 -0.3943 -15.1642 -8.1699 -0.4463 -15.3418 -8.8459
2 24 3.3715 -15.1982 -8.2716 2.0714 -15.0544 -7.7316
2 24 3.3715 -15.1982 -8.2716 3.9714 -15.154 -8.1851
2 24 4.3703 -15.0452 -7.7194 3.9714 -15.154 -8.1851
2 24 1.4968 -14.8148 -6.7846 1.6359 -14.9625 -7.3982
2 24 2.0714 -15.0544 -7.7316 1.6359 -14.9625 -7.3982
2 24 -2.1138 -15.5865 -9.878 -2.8574 -15.6048 -9.9058
2 24 -3.3404 -15.4901 -9.4384 -2.8574 -15.6048 -9.9058
2 24 -0.4463 -15.3418 -8.8459 -0.9113 -15.4399 -9.2671
2 24 5.568 -11.6127 7.2971 5.4791 -11.625 8.5885
2 24 5.4791 -11.625 8.5885 5.481 -11.6338 11.0207
2 24 1.682 -11.6258 11.0209 5.481 -11.6338 11.0207
2 24 5.6567 1.0812 6.9151 5.8509 1.077 6.2647
2 24 5.568 -11.6127 7.2971 5.8492 -11.6319 6.224
2 24 4.3311 -13.9511 7.375 4.0984 -14.1437 3.9999
2 24 3.6102 -14.5864 1.2408 4.0984 -14.1437 3.9999
2 24 -2.0388 -15.3651 4.6213 -1.5014 -14.6437 7.8839
2 24 4.7188 -15.1118 4.0007 4.2504 -15.6305 1.2792
2 24 -1.5014 -14.6437 7.8839 -2.0388 -15.3651 4.6213
2 24 -1.0152 -13.9521 7.8325 -1.5083 -14.1972 4.5991
2 24 -1.6635 -14.8276 1.5377 -1.5083 -14.1972 4.5991
2 24 -2.303 -16.1255 1.6252 -2.0388 -15.3651 4.6213
2 24 6.525 -7.69 10.1846 6.525 -11.625 11.021
2 24 6.525 -11.625 11.021 7.4853 -11.6147 10.418
2 24 7.6976 -9.3043 9.794 7.4853 -11.6147 10.418
2 24 6.525 -2.8588 9.1577 6.525 -5.2744 9.6711
2 24 5.4791 -11.625 8.5885 5.481 -11.6338 11.0207
2 24 5.4906 -5.2501 9.6272 5.481 -11.6338 11.0207
2 24 6.525 -5.2744 9.6711 6.525 -7.69 10.1846
2 24 5.481 -11.6338 11.0207 6.525 -11.625 11.021
2 24 6.525 -7.69 10.1846 6.525 -11.625 11.021
2 24 6.9476 -13.7231 10.7753 6.6777 -13.7718 10.9444
2 24 -2.5827 -14.3087 10.9273 -1.8123 -14.3807 10.9234
2 24 -0.3464 -13.8758 10.9424 1.9539 -13.8502 10.9433
2 24 -0.8461 -14.426 -5.2318 0.3639 -14.4592 -5.3438
2 24 2.8284 0 2.8284 2.8281 -11.0254 2.8289
2 24 2.8284 0 2.8284 4 0 0
2 24 4 0 0 3.9999 -11.9019 -0.007
2 24 2.8284 0 2.8284 0 0 4
2 24 0 -10.6554 4.0002 0 0 4
2 24 -2.8284 -11.0131 2.8284 -2.8284 0 2.8284
2 24 0 0 4 -2.8284 0 2.8284
2 24 -4 -11.9236 0 -4 0 0
2 24 -2.8284 0 2.8284 -4 0 0
2 24 -2.831 -12.7937 -2.8257 -2.8284 0 -2.8284
2 24 -4 0 0 -2.8284 0 -2.8284
2 24 0.0022 -13.1327 -4 0 0 -4
2 24 -2.8284 0 -2.8284 0 0 -4
2 24 0 0 -4 2.8284 0 -2.8284
2 24 2.8302 -12.7651 -2.8263 2.8284 0 -2.8284
2 24 4 0 0 2.8284 0 -2.8284
2 24 4 0 0 2.8284 0 2.8284
2 24 2.8284 0 2.8284 0 0 4
2 24 0 0 4 -2.8284 0 2.8284
2 24 -2.8284 0 2.8284 -4 0 0
2 24 -4 0 0 -2.8284 0 -2.8284
2 24 -2.8284 0 -2.8284 0 0 -4
2 24 0 0 -4 2.8284 0 -2.8284
2 24 4 0 0 2.8284 0 -2.8284
2 24 6.525 -5.2744 9.6711 6.525 -2.8588 9.1577
2 24 8.8694 -4.2044 7.9769 8.8627 -3.4515 7.821
2 24 8.8627 -3.4515 7.821 8.0241 -2.5386 8.1517
2 24 8.0241 -2.5386 8.1517 7.6065 -2.318 8.3661
2 24 8.213 -6.8725 8.9547 7.7138 -6.5122 9.1904
2 24 6.2439 -14.8788 -7.1485 6.4404 -15.6264 -6.7279
2 24 6.2466 -15.7671 -7.3272 6.4404 -15.6264 -6.7279
2 24 4.2715 -12.7075 -0.0507 3.1165 -11.8262 2.97
2 24 2.8281 -11.0254 2.8289 3.1165 -11.8262 2.97
2 24 3.1165 -11.8262 2.97 0.0044 -11.4282 4.3183
2 24 0 -10.6554 4.0002 0.0044 -11.4282 4.3183
2 24 -2.8284 -11.0131 2.8284 -3.0435 -11.7834 3.0136
2 24 0.0044 -11.4282 4.3183 -3.0435 -11.7834 3.0136
2 24 -3.0435 -11.7834 3.0136 -4.2254 -12.6414 -0.0293
2 24 -4.2254 -12.6414 -0.0293 -2.9454 -13.4494 -2.95
2 24 -2.9454 -13.4494 -2.95 -0.0022 -13.7714 -4.1429
2 24 -0.0022 -13.7714 -4.1429 2.933 -13.4544 -2.964
2 24 4.2715 -12.7075 -0.0507 2.933 -13.4544 -2.964
2 24 4.2715 -12.7075 -0.0507 3.1165 -11.8262 2.97
2 24 3.1165 -11.8262 2.97 0.0044 -11.4282 4.3183
2 24 0.0044 -11.4282 4.3183 -3.0435 -11.7834 3.0136
2 24 -3.0435 -11.7834 3.0136 -4.2254 -12.6414 -0.0293
2 24 -4.2254 -12.6414 -0.0293 -2.9454 -13.4494 -2.95
2 24 -2.9454 -13.4494 -2.95 -0.0022 -13.7714 -4.1429
2 24 -0.0022 -13.7714 -4.1429 2.933 -13.4544 -2.964
2 24 4.2715 -12.7075 -0.0507 2.933 -13.4544 -2.964
2 24 -4.8919 -16.0524 4.3955 -5.3655 -16.5763 2.7111
2 24 -5.7758 -12.5083 2.3548 -5.3467 -12.0845 4.0114
2 24 -5.1287 -17.908 -5.047 -5.9891 -17.7601 -2.6671
2 24 -5.9891 -17.7601 -2.6671 -6.027 -17.3511 -0.0313
2 24 -5.3655 -16.5763 2.7111 -6.027 -17.3511 -0.0313
2 24 1.1502 -18.2226 -18.2286 0.8434 -18.07 -18.7196
2 24 0.6513 -17.5836 -19.0154 0.8434 -18.07 -18.7196
2 24 0.8184 -14.5329 -18.7448 0.6137 -14.8258 -19.1068
2 24 0.5214 -15.3113 -19.2615 0.6137 -14.8258 -19.1068
2 24 1.6748 -10.3842 -17.2688 1.5491 -9.7639 -17.515
2 24 1.7267 -7.3626 -17.1847 1.4907 -7.714 -17.5797
2 24 1.4423 -8.3049 -17.7095 1.5491 -9.7639 -17.515
2 24 -2.1138 -15.5865 -9.878 -0.9113 -15.4399 -9.2671
2 24 -2.5827 -14.3087 10.9273 -2.995 -13.8964 10.9382
2 24 -3.1804 -11.6251 11.021 -2.995 -13.8964 10.9382
2 24 4.7707 -14.1293 10.9334 5.6007 -14.1514 10.9327
2 24 5.481 -11.6338 11.0207 6.525 -11.625 11.021
2 24 6.2638 -13.9239 10.9403 6.6777 -13.7718 10.9444
2 24 6.525 -11.625 11.021 6.6777 -13.7718 10.9444
2 24 6.525 -11.625 11.021 6.6777 -13.7718 10.9444
2 24 6.9476 -13.7231 10.7753 6.6777 -13.7718 10.9444
2 24 8.4283 -8.3127 9.1261 7.8258 -9.221 9.6961
2 24 6.7183 -15.0366 -3.6265 6.2129 -15.2432 -4.1747
2 24 6.2461 -15.4807 -5.6057 5.9485 -15.4973 -5.2407
2 24 8.2947 -14.5525 -3.7058 7.4602 -14.849 -3.3506
2 24 7.0493 -14.9508 -3.3776 7.4602 -14.849 -3.3506
2 24 10.9347 -7.7658 -4.1664 10.8354 -8.1232 -6.074
2 24 9.5346 -8.3112 -4.0315 9.2906 -8.5243 -4.9581
2 24 6.525 -7.69 10.1846 6.525 -5.2744 9.6711
2 24 7.6976 -9.3043 9.794 7.8258 -9.221 9.6961
2 24 4.9463 0.0807 -11.158 5.1293 0.3609 -10.5855
2 24 5.1293 0.3609 -10.5855 6.3763 0.6481 -6.7453
2 24 8.1719 -1.4221 7.8219 7.7156 -1.5554 8.1357
2 24 7.5191 0.9388 7.7285 6.524 1.0307 8.3316
2 24 7.6065 -2.318 8.3661 7.7156 -1.5554 8.1357
2 24 6.525 -2.8588 9.1577 6.524 1.0307 8.3316
2 24 7.9088 -5.3268 8.8165 7.7138 -6.5122 9.1904
2 24 6.524 1.0307 8.3316 7.5191 0.9388 7.7285
2 24 6.4004 -2.8927 -6.6717 5.096 -3.0025 -10.6924
2 24 7.5359 -2.7878 -6.5881 6.4004 -2.8927 -6.6717
2 24 5.096 -3.0025 -10.6924 6.4004 -2.8927 -6.6717
2 24 8.8611 -2.6203 -5.9613 7.5359 -2.7878 -6.5881
2 24 10.6157 -2.2026 -7.73 8.9048 -2.5433 -11.3066
2 24 10.791 -4.7944 -6.2206 8.043 -6.7924 -14.8736
2 24 8.8761 -4.341 -5.876 7.5503 -4.3852 -6.4753
2 24 2.0325 -10.7192 -16.6577 4.5841 -9.9767 -12.1596
2 24 9.2906 -8.5243 -4.9581 8.5438 -8.8028 -5.9299
2 24 8.0531 -9.7464 -14.7192 10.8354 -8.1232 -6.074
2 24 7.5829 -8.976 -6.3626 8.5438 -8.8028 -5.9299
2 24 1.8435 -18.0307 -17.0753 4.6356 -16.9763 -12.157
2 24 1.3064 -14.2941 -17.9041 4.5812 -12.6448 -12.1371
2 24 9.371 -10.1244 -3.6952 9.1518 -10.3692 -4.6669
2 24 10.5862 -10.8964 -4.0204 10.3548 -11.8997 -7.3692
2 24 8.5185 -10.6053 -5.6471 9.1518 -10.3692 -4.6669
2 24 8.6856 -11.7801 2.9637 7.6976 -9.3043 9.794
2 24 7.6976 -9.3043 9.794 7.4853 -11.6147 10.418
2 24 7.7224 -13.9721 7.3793 7.3819 -13.3532 10.5007
2 24 7.4853 -11.6147 10.418 7.3819 -13.3532 10.5007
2 24 6.2638 -13.9239 10.9403 6.6777 -13.7718 10.9444
2 24 7.217 0.8732 -4.311 6.3763 0.6481 -6.7453
2 24 7.2413 -14.0988 -3.9981 6.2439 -14.8788 -7.1485
2 24 5.4906 -5.2501 9.6272 5.481 -11.6338 11.0207
2 24 5.5 1.0788 8.2457 6.524 1.0307 8.3316
2 24 6.525 -2.8588 9.1577 6.524 1.0307 8.3316
2 24 5.5625 1.0819 7.4194 5.5 1.0788 8.2457
2 24 5.4906 -5.2501 9.6272 5.5 1.0788 8.2457
2 24 7.6845 0.9926 -0.4101 7.5263 1.0054 1.4225
2 24 6.9672 0.9997 3.6641 7.5263 1.0054 1.4225
2 24 9.3528 0.9303 4.0486 11.0469 0.8811 0.0622
2 24 6.3445 1.0455 5.223 5.8509 1.077 6.2647
2 24 9.3528 0.9303 4.0486 7.5191 0.9388 7.7285
2 24 5.6567 1.0812 6.9151 5.8509 1.077 6.2647
2 24 4.3153 -13.8794 10.9422 1.9539 -13.8502 10.9433
2 24 5.481 -11.6338 11.0207 1.682 -11.6258 11.0209
2 24 -4.4293 -11.625 7.2456 -3.1804 -11.6251 11.021
2 24 1.682 -11.6258 11.0209 -3.1804 -11.6251 11.021
2 24 -3.1804 -11.6251 11.021 1.682 -11.6258 11.0209
2 24 -0.3464 -13.8758 10.9424 -0.6481 -14.1001 10.9345
2 24 -1.8123 -14.3807 10.9234 -0.6481 -14.1001 10.9345
2 24 5.8492 -11.6319 6.224 6.3597 -11.7994 5.1256
2 24 6.3597 -11.7994 5.1256 6.8358 -11.987 4.0446
2 24 -5.7758 -12.5083 2.3548 -5.3467 -12.0845 4.0114
2 24 -4.4293 -11.625 7.2456 -4.8605 -11.6713 5.7885
2 24 5.568 -11.6127 7.2971 5.8492 -11.6319 6.224
2 24 -4.8605 -11.6713 5.7885 -5.3467 -12.0845 4.0114
2 24 -1.7824 -17.2882 -4.1023 -1.2849 -17.4954 -5.8784
2 24 -1.2866 -16.0777 -4.1834 -1.1261 -15.8796 -4.7413
2 24 -1.0154 -15.5272 -5.0097 -0.8461 -14.426 -5.2318
2 24 -0.6852 -14.7499 -6.5815 -0.8461 -14.426 -5.2318
2 24 1.7696 -15.5602 -5.2993 1.573 -14.4638 -5.4466
2 24 1.4968 -14.8148 -6.7846 1.573 -14.4638 -5.4466
2 24 1.923 -15.8798 -5.0736 1.7696 -15.5602 -5.2993
2 24 -5.3467 -12.0845 4.0114 -4.8605 -11.6713 5.7885
2 24 4.1807 -17.0899 -6.8409 4.8081 -16.9353 -5.4729
2 24 10.0216 -9.5768 -0.0056 10.3983 -10.3706 -2.435
2 24 9.5406 -9.3298 -0.526 9.5239 -9.7117 -2.0188
2 24 7.517 -12.6738 1.3201 6.8358 -11.987 4.0446
2 24 7.6519 -13.3333 -1.0135 7.5338 -13.7063 -2.474
2 24 1.573 -14.4638 -5.4466 0.3639 -14.4592 -5.3438
2 24 7.5979 -16.5427 -14.6105 10.0575 -14.491 -6.7242
2 24 6.4753 -10.8436 -6.4694 4.5812 -12.6448 -12.1371
2 24 7.7598 -14.0698 -14.9681 10.3548 -11.8997 -7.3692
2 24 6.0489 -14.5912 -5.952 5.6881 -14.5405 -5.7548
0 STEP
