0 Tile, Round Corner 2 x 2 Macaroni with Bottom Stud Holder
0 Name: bl_7836.dat
0 Author: 
0 BL_Item_No 7836
0 BFC CERTIFY CCW
3 16 3.8269 -5.25 -10.9777 5.5806 -5.25 -14.4194 3.8269 0 -10.9777
3 16 3.8269 0 -10.9777 5.5806 -5.25 -14.4194 5.5806 0 -14.4194
3 16 15.7452 0 -4.2548 14.4194 0 -5.5806 12.1029 0 -2.1519
3 16 12.1029 0 -2.1519 14.4194 0 -5.5806 11.6176 0 -3.963
3 16 14.4194 -5.25 -5.5806 11.6176 -5.25 -3.963 14.4194 0 -5.5806
3 16 14.4194 0 -5.5806 11.6176 -5.25 -3.963 11.6176 0 -3.963
3 16 12.1029 0 -2.1519 11.6176 0 -3.963 7.8971 0 -2.1519
3 16 7.8971 0 -2.1519 11.6176 0 -3.963 8.3824 0 -3.963
3 16 11.6176 -5.25 -3.963 8.3824 -5.25 -3.963 11.6176 0 -3.963
3 16 11.6176 0 -3.963 8.3824 -5.25 -3.963 8.3824 0 -3.963
3 16 7.8971 0 -2.1519 8.3824 0 -3.963 4.2548 0 -4.2548
3 16 4.2548 0 -4.2548 8.3824 0 -3.963 5.5806 0 -5.5806
3 16 8.3824 -5.25 -3.963 5.5806 -5.25 -5.5806 8.3824 0 -3.963
3 16 8.3824 0 -3.963 5.5806 -5.25 -5.5806 5.5806 0 -5.5806
3 16 4.2548 0 -4.2548 5.5806 0 -5.5806 2.1518 0 -7.8971
3 16 2.1518 0 -7.8971 5.5806 0 -5.5806 3.963 0 -8.3824
3 16 5.5806 -5.25 -5.5806 3.963 -5.25 -8.3824 5.5806 0 -5.5806
3 16 5.5806 0 -5.5806 3.963 -5.25 -8.3824 3.963 0 -8.3824
3 16 1.9036 0 -9.3053 3.8269 0 -10.9777 0.0554 0 -11.801
3 16 0.0554 0 -11.801 3.8269 0 -10.9777 2.5621 0 -13.4011
3 16 3.963 -5.25 -8.3824 3.8269 -5.25 -10.9777 3.963 0 -8.3824
3 16 3.963 0 -8.3824 3.8269 -5.25 -10.9777 3.8269 0 -10.9777
3 16 15.7452 -5.25 -4.2548 15.7452 0 -4.2548 12.1029 -5.25 -2.1519
3 16 12.1029 -5.25 -2.1519 15.7452 0 -4.2548 12.1029 0 -2.1519
3 16 12.1029 -5.25 -2.1519 12.1029 0 -2.1519 7.8971 -5.25 -2.1519
3 16 7.8971 -5.25 -2.1519 12.1029 0 -2.1519 7.8971 0 -2.1519
3 16 7.8971 -5.25 -2.1519 7.8971 0 -2.1519 4.2548 -5.25 -4.2548
3 16 4.2548 -5.25 -4.2548 7.8971 0 -2.1519 4.2548 0 -4.2548
3 16 4.2548 -5.25 -4.2548 4.2548 0 -4.2548 2.1518 -5.25 -7.8971
3 16 2.1518 -5.25 -7.8971 4.2548 0 -4.2548 2.1518 0 -7.8971
3 16 -10 -7.502 10 -10 -7.4999 -10 -6.1988 -7.502 9.8082
3 16 2.079 -5.25 6.0388 -6.25 -5.25 6.0388 2.079 0 6.0388
3 16 2.079 0 6.0388 -6.25 -5.25 6.0388 -6.25 0 6.0388
3 16 -2.2619 -5.25 -7.5032 -2.272 0 -7.5014 -6.25 -5.25 -6.4236
3 16 -6.25 -5.25 -6.4236 -2.272 0 -7.5014 -6.25 0 -6.4236
3 16 -2.272 0 -7.5014 -2.2619 -5.25 -7.5032 1.9036 0 -9.3053
3 16 1.9036 0 -9.3053 -2.2619 -5.25 -7.5032 1.9036 -5.25 -9.3053
3 16 -6.25 -5.25 6.0388 -6.25 -5.25 -6.4236 -6.25 0 6.0388
3 16 -6.25 0 6.0388 -6.25 -5.25 -6.4236 -6.25 0 -6.4236
3 16 8.0678 -5.25 2.5855 12.5136 -5.25 -0.412 7.8971 -5.25 -2.1519
3 16 7.8971 -5.25 -2.1519 12.5136 -5.25 -0.412 12.1029 -5.25 -2.1519
3 16 -2.2619 -5.25 -7.5032 -6.25 -5.25 -6.4236 -6.25 -5.25 6.0388
3 16 2.918 -1.25 -14.0995 0.527 -1.2521 -13.1997 -0.0717 -1.25 -12.1615
3 16 -9.4073 -1.25 8.15 -10 -1.25 10 -8.9613 -1.25 9.1751
3 16 3.8269 0 -10.9777 5.5806 0 -14.4194 2.5621 0 -13.4011
3 16 2.5621 0 -13.4011 5.5806 0 -14.4194 4.2548 0 -15.7453
3 16 2.5621 0 -13.4011 4.2548 0 -15.7453 2.918 -1.25 -14.0995
3 16 2.918 -1.25 -14.0995 4.2548 0 -15.7453 4.2548 -1.25 -15.7453
3 16 1.4129 0 7.4443 -2.2596 0 8.3691 1.5164 -1.25 7.7895
3 16 1.5164 -1.25 7.7895 -2.2596 0 8.3691 -2.1863 -1.25 8.722
3 16 -2.2596 0 8.3691 1.4129 0 7.4443 2.079 0 6.0388
3 16 13.0018 -2.6484 2.489 11.2019 -2.6596 0.6178 12.4153 0.0124 2.1275
3 16 12.4153 0.0124 2.1275 11.2019 -2.6596 0.6178 11.0519 0.0124 0.7303
3 16 13.1663 -3.7721 2.5305 13.0018 -2.6484 2.489 13.1207 -2.6691 2.6093
3 16 5.7159 0 5.8263 1.4129 0 7.4443 5.8622 -1.25 6.1562
3 16 5.8622 -1.25 6.1562 1.4129 0 7.4443 1.5164 -1.25 7.7895
3 16 4.7622 0 4.1959 5.7159 0 5.8263 8.0678 0 2.5855
3 16 8.0678 0 2.5855 5.7159 0 5.8263 9.6997 0.0006 3.7745
3 16 9.6997 0.0006 3.7745 5.7159 0 5.8263 9.5717 -1.2504 4.2781
3 16 9.5717 -1.2504 4.2781 5.7159 0 5.8263 5.8622 -1.25 6.1562
3 16 0.0554 0 -11.801 2.5621 0 -13.4011 -0.0717 -1.25 -12.1615
3 16 -0.0717 -1.25 -12.1615 2.5621 0 -13.4011 2.918 -1.25 -14.0995
3 16 -2.2596 0 8.3691 -6.2548 0 9.0219 -2.1863 -1.25 8.722
3 16 -2.1863 -1.25 8.722 -6.2548 0 9.0219 -6.2132 -1.25 9.3802
3 16 -6.2548 0 9.0219 -2.2596 0 8.3691 -6.25 0 6.0388
3 16 -6.25 0 6.0388 -2.2596 0 8.3691 2.079 0 6.0388
3 16 -6.2548 0 9.0219 -7.6566 0 9.1506 -6.2132 -1.25 9.3802
3 16 -6.2132 -1.25 9.3802 -7.6566 0 9.1506 -8.0173 -1.25 9.52
3 16 -6.25 0 6.0388 -7.6566 0 9.1506 -6.2548 0 9.0219
3 16 -9.0796 0 -7.9261 -8.7233 0 -8.8315 -9.4048 -1.25 -8.2216
3 16 -9.4048 -1.25 -8.2216 -8.7233 0 -8.8315 -9.0809 -1.25 -9.1312
3 16 -9.0796 0 -7.9261 -6.25 0 -6.4236 -8.7233 0 -8.8315
3 16 -9.0809 -1.25 -9.1312 -8.7233 0 -8.8315 -8.0818 -1.2512 -9.5518
3 16 -8.0818 -1.2512 -9.5518 -8.7233 0 -8.8315 -7.8328 -0.0012 -9.2212
3 16 -8.7233 0 -8.8315 -6.25 0 -6.4236 -7.8328 -0.0012 -9.2212
3 16 -8.9613 -1.25 9.1751 -8.0173 -1.25 9.52 -8.6315 0 8.816
3 16 -8.6315 0 8.816 -8.0173 -1.25 9.52 -7.6566 0 9.1506
3 16 -7.6566 0 9.1506 -6.25 0 6.0388 -8.6315 0 8.816
3 16 -8.9613 -1.25 9.1751 -8.6315 0 8.816 -9.4073 -1.25 8.15
3 16 -9.4073 -1.25 8.15 -8.6315 0 8.816 -9.049 0 7.8159
3 16 -8.6315 0 8.816 -6.25 0 6.0388 -9.049 0 7.8159
3 16 0.527 -1.2521 -13.1997 4.1154 -1.2701 -15.8846 0.5302 -7.502 -13.195
3 16 0.5302 -7.502 -13.195 4.1154 -1.2701 -15.8846 4.1154 -7.502 -15.8846
3 16 2.079 -5.25 6.0388 2.079 0 6.0388 3.5894 -5.25 5.2329
3 16 3.5894 -5.25 5.2329 2.079 0 6.0388 3.5894 0 5.2329
3 16 2.079 -5.25 6.0388 3.5894 -5.25 5.2329 4.2548 -5.25 -4.2548
3 16 4.7622 -5.25 4.1959 4.2548 -5.25 -4.2548 3.5894 -5.25 5.2329
3 16 8.0678 0 2.5855 8.0678 -5.25 2.5855 4.7622 0 4.1959
3 16 4.7622 0 4.1959 8.0678 -5.25 2.5855 4.7622 -5.25 4.1959
3 16 8.0678 -5.25 2.5855 7.8971 -5.25 -2.1519 4.7622 -5.25 4.1959
3 16 4.7622 -5.25 4.1959 7.8971 -5.25 -2.1519 4.2548 -5.25 -4.2548
3 16 4.7622 -5.25 4.1959 3.5894 -5.25 5.2329 4.7622 0 4.1959
3 16 4.7622 0 4.1959 3.5894 -5.25 5.2329 3.5894 0 5.2329
3 16 5.8622 -1.25 6.1562 1.5164 -1.25 7.7895 6.0447 -1.25 6.5912
3 16 6.0447 -1.25 6.5912 1.5164 -1.25 7.7895 1.6399 -1.25 8.2594
3 16 1.6399 -1.25 8.2594 1.6843 -7.502 8.229 6.0447 -1.25 6.5912
3 16 6.0447 -1.25 6.5912 1.6843 -7.502 8.229 6.0364 -7.502 6.5828
3 16 9.5717 -1.2504 4.2781 5.8622 -1.25 6.1562 9.8152 -1.25 4.6874
3 16 9.8152 -1.25 4.6874 5.8622 -1.25 6.1562 6.0447 -1.25 6.5912
3 16 9.8152 -1.25 4.6874 6.0447 -1.25 6.5912 9.7152 -7.5028 4.7013
3 16 9.7152 -7.5028 4.7013 6.0447 -1.25 6.5912 6.0364 -7.502 6.5828
3 16 9.5717 -1.2504 4.2781 9.8152 -1.25 4.6874 11.4904 -1.2579 3.1057
3 16 11.4904 -1.2579 3.1057 9.8152 -1.25 4.6874 11.7755 -1.25 3.5117
3 16 12.2528 -7.5028 3.1415 11.7755 -1.25 3.5117 9.7152 -7.5028 4.7013
3 16 9.7152 -7.5028 4.7013 11.7755 -1.25 3.5117 9.8152 -1.25 4.6874
3 16 -2.1113 -1.25 9.1992 -2.1034 -7.502 9.1619 1.6399 -1.25 8.2594
3 16 1.6399 -1.25 8.2594 -2.1034 -7.502 9.1619 1.6843 -7.502 8.229
3 16 1.5164 -1.25 7.7895 -2.1863 -1.25 8.722 1.6399 -1.25 8.2594
3 16 1.6399 -1.25 8.2594 -2.1863 -1.25 8.722 -2.1113 -1.25 9.1992
3 16 -6.2034 -1.25 9.8451 -6.1988 -7.502 9.8082 -2.1113 -1.25 9.1992
3 16 -2.1113 -1.25 9.1992 -6.1988 -7.502 9.8082 -2.1034 -7.502 9.1619
3 16 -2.1863 -1.25 8.722 -6.2132 -1.25 9.3802 -2.1113 -1.25 9.1992
3 16 -2.1113 -1.25 9.1992 -6.2132 -1.25 9.3802 -6.2034 -1.25 9.8451
3 16 12.7097 -1.6584 2.8971 12.4347 -1.6583 2.622 11.7755 -1.25 3.5117
3 16 11.7755 -1.25 3.5117 12.4347 -1.6583 2.622 11.4904 -1.2579 3.1057
3 16 15.7452 -5.25 -4.2548 12.1029 -5.25 -2.1519 18.2116 -5.25 -1.7884
3 16 14.4477 -5.25 1.5408 15.1508 -7.5028 0.8726 18.2116 -5.25 -1.7884
3 16 18.2116 -5.25 -1.7884 15.1508 -7.5028 0.8726 18.2116 -7.5028 -1.7884
3 16 -10 -7.502 10 -10 -1.25 10 -10 -7.4999 -10
3 16 -10 -7.4999 -10 -10 -1.25 10 -10 -1.25 -10
3 16 -8.9613 -1.25 9.1751 -10 -1.25 10 -8.0173 -1.25 9.52
3 16 -6.2132 -1.25 9.3802 -8.0173 -1.25 9.52 -6.2034 -1.25 9.8451
3 16 -6.2034 -1.25 9.8451 -8.0173 -1.25 9.52 -10 -1.25 10
3 16 8.0678 -5.25 2.5855 11.651 -4.8283 0.2661 12.5136 -5.25 -0.412
3 16 -7.1295 -1.25 -10.3124 -3.2705 -1.2503 -11.358 -7.1211 -7.5016 -10.3061
3 16 -7.1211 -7.5016 -10.3061 -3.2705 -1.2503 -11.358 -3.2579 -7.502 -11.3527
3 16 -2.9349 0 -10.4981 -3.0502 -1.25 -10.846 -7.8328 -0.0012 -9.2212
3 16 -7.8328 -0.0012 -9.2212 -3.0502 -1.25 -10.846 -8.0818 -1.2512 -9.5518
3 16 -2.272 0 -7.5014 -2.9349 0 -10.4981 -6.25 0 -6.4236
3 16 -6.25 0 -6.4236 -2.9349 0 -10.4981 -7.8328 -0.0012 -9.2212
3 16 -3.2705 -1.2503 -11.358 0.527 -1.2521 -13.1997 -3.2579 -7.502 -11.3527
3 16 -3.2579 -7.502 -11.3527 0.527 -1.2521 -13.1997 0.5302 -7.502 -13.195
3 16 -3.0502 -1.25 -10.846 -0.0717 -1.25 -12.1615 -3.2705 -1.2503 -11.358
3 16 -3.2705 -1.2503 -11.358 -0.0717 -1.25 -12.1615 0.527 -1.2521 -13.1997
3 16 -2.9349 0 -10.4981 0.0554 0 -11.801 -3.0502 -1.25 -10.846
3 16 -3.0502 -1.25 -10.846 0.0554 0 -11.801 -0.0717 -1.25 -12.1615
3 16 -2.9349 0 -10.4981 -2.272 0 -7.5014 0.0554 0 -11.801
3 16 0.0554 0 -11.801 -2.272 0 -7.5014 1.9036 0 -9.3053
3 16 13.1207 -2.6691 2.6093 13.0018 -2.6484 2.489 12.7097 -1.6584 2.8971
3 16 12.7097 -1.6584 2.8971 13.0018 -2.6484 2.489 12.4347 -1.6583 2.622
3 16 12.1029 -5.25 -2.1519 12.5136 -5.25 -0.412 18.2116 -5.25 -1.7884
3 16 12.5136 -5.25 -0.412 14.4477 -5.25 1.5408 18.2116 -5.25 -1.7884
3 16 11.651 -4.8283 0.2661 13.5795 -4.8256 2.2181 12.5136 -5.25 -0.412
3 16 12.5136 -5.25 -0.412 13.5795 -4.8256 2.2181 14.4477 -5.25 1.5408
3 16 13.5795 -4.8256 2.2181 11.651 -4.8283 0.2661 13.1663 -3.7721 2.5305
3 16 13.1663 -3.7721 2.5305 11.651 -4.8283 0.2661 11.2566 -3.7658 0.5762
3 16 12.4153 0.0124 2.1275 11.0519 0.0124 0.7303 9.6997 0.0006 3.7745
3 16 9.6997 0.0006 3.7745 11.0519 0.0124 0.7303 8.0678 0 2.5855
3 16 5.7159 0 5.8263 3.5894 0 5.2329 1.4129 0 7.4443
3 16 1.4129 0 7.4443 3.5894 0 5.2329 2.079 0 6.0388
3 16 5.7159 0 5.8263 4.7622 0 4.1959 3.5894 0 5.2329
3 16 13.1663 -3.7721 2.5305 11.2566 -3.7658 0.5762 13.0018 -2.6484 2.489
3 16 13.0018 -2.6484 2.489 11.2566 -3.7658 0.5762 11.2019 -2.6596 0.6178
3 16 -3.2579 -7.502 -11.3527 6.0364 -7.502 6.5828 1.6843 -7.502 8.229
3 16 -10 -7.502 10 -6.1988 -7.502 9.8082 -10 -1.25 10
3 16 -10 -1.25 10 -6.1988 -7.502 9.8082 -6.2034 -1.25 9.8451
3 16 -10 -1.25 -10 -7.1295 -1.25 -10.3124 -10 -7.4999 -10
3 16 -10 -7.4999 -10 -7.1295 -1.25 -10.3124 -7.1211 -7.5016 -10.3061
3 16 14.4194 -5.25 -5.5806 10 -5.25 -10 11.6176 -5.25 -3.963
3 16 10 -5.25 -10 5.5806 -5.25 -14.4194 3.8269 -5.25 -10.9777
3 16 10 -5.25 -10 8.3824 -5.25 -3.963 11.6176 -5.25 -3.963
3 16 10 -5.25 -10 5.5806 -5.25 -5.5806 8.3824 -5.25 -3.963
3 16 10 -5.25 -10 3.963 -5.25 -8.3824 5.5806 -5.25 -5.5806
3 16 10 -5.25 -10 3.8269 -5.25 -10.9777 3.963 -5.25 -8.3824
3 16 1.9036 -5.25 -9.3053 -2.2619 -5.25 -7.5032 2.1518 -5.25 -7.8971
3 16 -2.2619 -5.25 -7.5032 -6.25 -5.25 6.0388 2.1518 -5.25 -7.8971
3 16 4.2548 -5.25 -4.2548 2.1518 -5.25 -7.8971 2.079 -5.25 6.0388
3 16 2.079 -5.25 6.0388 2.1518 -5.25 -7.8971 -6.25 -5.25 6.0388
3 16 11.2019 -2.6596 0.6178 11.2566 -3.7658 0.5762 8.0678 0 2.5855
3 16 13.1663 -3.7721 2.5305 11.7755 -1.25 3.5117 12.2528 -7.5028 3.1415
3 16 8.0678 0 2.5855 11.0519 0.0124 0.7303 11.2019 -2.6596 0.6178
3 16 12.4347 -1.6583 2.622 13.0018 -2.6484 2.489 12.4153 0.0124 2.1275
3 16 8.0678 0 2.5855 11.2566 -3.7658 0.5762 8.0678 -5.25 2.5855
3 16 8.0678 -5.25 2.5855 11.2566 -3.7658 0.5762 11.651 -4.8283 0.2661
3 16 12.4153 0.0124 2.1275 9.6997 0.0006 3.7745 11.4904 -1.2579 3.1057
3 16 11.4904 -1.2579 3.1057 9.6997 0.0006 3.7745 9.5717 -1.2504 4.2781
3 16 -9.4048 -1.25 -8.2216 -9.0809 -1.25 -9.1312 -10 -1.25 -10
3 16 -9.0809 -1.25 -9.1312 -8.0818 -1.2512 -9.5518 -10 -1.25 -10
3 16 13.5795 -4.8256 2.2181 13.1663 -3.7721 2.5305 12.2528 -7.5028 3.1415
3 16 1.9036 0 -9.3053 1.9036 -5.25 -9.3053 2.1518 0 -7.8971
3 16 2.1518 0 -7.8971 1.9036 -5.25 -9.3053 2.1518 -5.25 -7.8971
3 16 18.2116 -7.5028 -1.7884 15.1508 -7.5028 0.8726 4.1154 -7.502 -15.8846
3 16 0.5302 -7.502 -13.195 12.2528 -7.5028 3.1415 9.7152 -7.5028 4.7013
3 16 -2.1034 -7.502 9.1619 -6.1988 -7.502 9.8082 -7.1211 -7.5016 -10.3061
3 16 -7.1211 -7.5016 -10.3061 -6.1988 -7.502 9.8082 -10 -7.4999 -10
3 16 -2.1034 -7.502 9.1619 -7.1211 -7.5016 -10.3061 1.6843 -7.502 8.229
3 16 1.6843 -7.502 8.229 -7.1211 -7.5016 -10.3061 -3.2579 -7.502 -11.3527
3 16 -3.2579 -7.502 -11.3527 0.5302 -7.502 -13.195 6.0364 -7.502 6.5828
3 16 6.0364 -7.502 6.5828 0.5302 -7.502 -13.195 9.7152 -7.5028 4.7013
3 16 4.1154 -7.502 -15.8846 15.1508 -7.5028 0.8726 0.5302 -7.502 -13.195
3 16 0.5302 -7.502 -13.195 15.1508 -7.5028 0.8726 12.2528 -7.5028 3.1415
3 16 -9.049 0 7.8159 -6.25 0 6.0388 -9.0796 0 -7.9261
3 16 -9.0796 0 -7.9261 -6.25 0 6.0388 -6.25 0 -6.4236
3 16 -9.4073 -1.25 8.15 -9.049 0 7.8159 -9.4048 -1.25 -8.2216
3 16 -9.4048 -1.25 -8.2216 -9.049 0 7.8159 -9.0796 0 -7.9261
3 16 -10 -1.25 10 -9.4073 -1.25 8.15 -10 -1.25 -10
3 16 -10 -1.25 -10 -9.4073 -1.25 8.15 -9.4048 -1.25 -8.2216
3 16 14.4477 -5.25 1.5408 13.5795 -4.8256 2.2181 15.1508 -7.5028 0.8726
3 16 15.1508 -7.5028 0.8726 13.5795 -4.8256 2.2181 12.2528 -7.5028 3.1415
3 16 12.7097 -1.6584 2.8971 11.7755 -1.25 3.5117 13.1207 -2.6691 2.6093
3 16 13.1207 -2.6691 2.6093 11.7755 -1.25 3.5117 13.1663 -3.7721 2.5305
3 16 -8.0818 -1.2512 -9.5518 -3.0502 -1.25 -10.846 -7.1295 -1.25 -10.3124
3 16 -7.1295 -1.25 -10.3124 -3.0502 -1.25 -10.846 -3.2705 -1.2503 -11.358
3 16 12.4153 0.0124 2.1275 11.4904 -1.2579 3.1057 12.4347 -1.6583 2.622
3 16 2.1518 0 -7.8971 3.963 0 -8.3824 1.9036 0 -9.3053
3 16 1.9036 0 -9.3053 3.963 0 -8.3824 3.8269 0 -10.9777
3 16 9.0223 -5.25 -16.1731 9.0223 0 -16.1731 5.5806 -5.25 -14.4194
3 16 5.5806 -5.25 -14.4194 9.0223 0 -16.1731 5.5806 0 -14.4194
3 16 15.7452 0 -4.2548 17.8482 0 -7.8971 14.4194 0 -5.5806
3 16 14.4194 0 -5.5806 17.8482 0 -7.8971 16.037 0 -8.3824
3 16 14.4194 -5.25 -5.5806 14.4194 0 -5.5806 16.037 -5.25 -8.3824
3 16 16.037 -5.25 -8.3824 14.4194 0 -5.5806 16.037 0 -8.3824
3 16 17.8482 0 -7.8971 17.8482 0 -12.1029 16.037 0 -8.3824
3 16 16.037 0 -8.3824 17.8482 0 -12.1029 16.037 0 -11.6176
3 16 16.037 -5.25 -8.3824 16.037 0 -8.3824 16.037 -5.25 -11.6176
3 16 16.037 -5.25 -11.6176 16.037 0 -8.3824 16.037 0 -11.6176
3 16 17.8482 0 -12.1029 15.7452 0 -15.7452 16.037 0 -11.6176
3 16 16.037 0 -11.6176 15.7452 0 -15.7452 14.4194 0 -14.4194
3 16 16.037 -5.25 -11.6176 16.037 0 -11.6176 14.4194 -5.25 -14.4194
3 16 14.4194 -5.25 -14.4194 16.037 0 -11.6176 14.4194 0 -14.4194
3 16 15.7452 0 -15.7452 12.1029 0 -17.8482 14.4194 0 -14.4194
3 16 14.4194 0 -14.4194 12.1029 0 -17.8482 11.6176 0 -16.037
3 16 14.4194 -5.25 -14.4194 14.4194 0 -14.4194 11.6176 -5.25 -16.037
3 16 11.6176 -5.25 -16.037 14.4194 0 -14.4194 11.6176 0 -16.037
3 16 10.6947 0 -18.0964 8.199 0 -19.9446 9.0223 0 -16.1731
3 16 9.0223 0 -16.1731 8.199 0 -19.9446 6.5989 0 -17.4379
3 16 11.6176 -5.25 -16.037 11.6176 0 -16.037 9.0223 -5.25 -16.1731
3 16 9.0223 -5.25 -16.1731 11.6176 0 -16.037 9.0223 0 -16.1731
3 16 15.7452 -5.25 -4.2548 17.8482 -5.25 -7.8971 15.7452 0 -4.2548
3 16 15.7452 0 -4.2548 17.8482 -5.25 -7.8971 17.8482 0 -7.8971
3 16 17.8482 -5.25 -7.8971 17.8482 -5.25 -12.1029 17.8482 0 -7.8971
3 16 17.8482 0 -7.8971 17.8482 -5.25 -12.1029 17.8482 0 -12.1029
3 16 17.8482 -5.25 -12.1029 15.7452 -5.25 -15.7452 17.8482 0 -12.1029
3 16 17.8482 0 -12.1029 15.7452 -5.25 -15.7452 15.7452 0 -15.7452
3 16 15.7452 -5.25 -15.7452 12.1029 -5.25 -17.8482 15.7452 0 -15.7452
3 16 15.7452 0 -15.7452 12.1029 -5.25 -17.8482 12.1029 0 -17.8482
3 16 26.0388 -5.25 -17.921 26.0388 0 -17.921 26.0388 -5.25 -26.25
3 16 26.0388 -5.25 -26.25 26.0388 0 -17.921 26.0388 0 -26.25
3 16 12.4969 -5.25 -22.2619 13.5764 -5.25 -26.25 12.4986 0 -22.2721
3 16 12.4986 0 -22.2721 13.5764 -5.25 -26.25 13.5764 0 -26.25
3 16 10.6947 -5.25 -18.0964 12.4969 -5.25 -22.2619 10.6947 0 -18.0964
3 16 10.6947 0 -18.0964 12.4969 -5.25 -22.2619 12.4986 0 -22.2721
3 16 26.0388 -5.25 -26.25 26.0388 0 -26.25 13.5764 -5.25 -26.25
3 16 13.5764 -5.25 -26.25 26.0388 0 -26.25 13.5764 0 -26.25
3 16 22.5856 -5.25 -11.9322 17.8482 -5.25 -12.1029 19.588 -5.25 -7.4864
3 16 19.588 -5.25 -7.4864 17.8482 -5.25 -12.1029 17.8482 -5.25 -7.8971
3 16 12.4969 -5.25 -22.2619 26.0388 -5.25 -26.25 13.5764 -5.25 -26.25
3 16 6.8003 -1.2521 -19.473 5.9005 -1.25 -17.082 7.8385 -1.25 -20.0717
3 16 28.15 -1.25 -29.4073 29.1751 -1.25 -28.9613 30 -1.25 -30
3 16 4.2548 0 -15.7453 5.5806 0 -14.4194 6.5989 0 -17.4379
3 16 6.5989 0 -17.4379 5.5806 0 -14.4194 9.0223 0 -16.1731
3 16 6.5989 0 -17.4379 5.9005 -1.25 -17.082 4.2548 0 -15.7453
3 16 4.2548 0 -15.7453 5.9005 -1.25 -17.082 4.2548 -1.25 -15.7453
3 16 27.4443 0 -18.5871 27.7896 -1.25 -18.4836 28.3691 0 -22.2597
3 16 28.3691 0 -22.2597 27.7896 -1.25 -18.4836 28.722 -1.25 -22.1863
3 16 28.3691 0 -22.2597 26.0388 0 -17.921 27.4443 0 -18.5871
3 16 20.7303 0.0124 -8.9482 20.6178 -2.6596 -8.7981 22.1275 0.0124 -7.5847
3 16 22.1275 0.0124 -7.5847 20.6178 -2.6596 -8.7981 22.489 -2.6484 -6.9983
3 16 22.5305 -3.7721 -6.8337 22.6093 -2.6691 -6.8793 22.489 -2.6484 -6.9983
3 16 25.8263 0 -14.2841 26.1562 -1.25 -14.1378 27.4443 0 -18.5871
3 16 27.4443 0 -18.5871 26.1562 -1.25 -14.1378 27.7896 -1.25 -18.4836
3 16 23.7745 0.0006 -10.3003 25.8263 0 -14.2841 22.5856 0 -11.9322
3 16 22.5856 0 -11.9322 25.8263 0 -14.2841 24.1959 0 -15.2378
3 16 23.7745 0.0006 -10.3003 24.2781 -1.2504 -10.4283 25.8263 0 -14.2841
3 16 25.8263 0 -14.2841 24.2781 -1.2504 -10.4283 26.1562 -1.25 -14.1378
3 16 8.199 0 -19.9446 7.8385 -1.25 -20.0717 6.5989 0 -17.4379
3 16 6.5989 0 -17.4379 7.8385 -1.25 -20.0717 5.9005 -1.25 -17.082
3 16 28.3691 0 -22.2597 28.722 -1.25 -22.1863 29.0219 0 -26.2548
3 16 29.0219 0 -26.2548 28.722 -1.25 -22.1863 29.3802 -1.25 -26.2132
3 16 29.0219 0 -26.2548 26.0388 0 -26.25 28.3691 0 -22.2597
3 16 26.0388 0 -26.25 26.0388 0 -17.921 28.3691 0 -22.2597
3 16 29.0219 0 -26.2548 29.3802 -1.25 -26.2132 29.1506 0 -27.6567
3 16 29.1506 0 -27.6567 29.3802 -1.25 -26.2132 29.52 -1.25 -28.0173
3 16 26.0388 0 -26.25 29.0219 0 -26.2548 29.1506 0 -27.6567
3 16 10.8688 -1.25 -29.0809 11.1685 0 -28.7233 11.7784 -1.25 -29.4048
3 16 11.7784 -1.25 -29.4048 11.1685 0 -28.7233 12.0739 0 -29.0796
3 16 12.0739 0 -29.0796 11.1685 0 -28.7233 13.5764 0 -26.25
3 16 10.8688 -1.25 -29.0809 10.4482 -1.2512 -28.0818 11.1685 0 -28.7233
3 16 11.1685 0 -28.7233 10.4482 -1.2512 -28.0818 10.7788 -0.0012 -27.8328
3 16 11.1685 0 -28.7233 10.7788 -0.0012 -27.8328 13.5764 0 -26.25
3 16 29.1751 -1.25 -28.9613 28.816 0 -28.6315 29.52 -1.25 -28.0173
3 16 29.52 -1.25 -28.0173 28.816 0 -28.6315 29.1506 0 -27.6567
3 16 29.1506 0 -27.6567 28.816 0 -28.6315 26.0388 0 -26.25
3 16 27.8159 0 -29.049 28.816 0 -28.6315 28.15 -1.25 -29.4073
3 16 28.15 -1.25 -29.4073 28.816 0 -28.6315 29.1751 -1.25 -28.9613
3 16 28.816 0 -28.6315 27.8159 0 -29.049 26.0388 0 -26.25
3 16 6.8003 -1.2521 -19.473 6.805 -7.502 -19.4698 4.1154 -1.2701 -15.8846
3 16 4.1154 -1.2701 -15.8846 6.805 -7.502 -19.4698 4.1154 -7.502 -15.8846
3 16 15.7452 -5.25 -15.7452 26.0388 -5.25 -17.921 12.1029 -5.25 -17.8482
3 16 12.1029 -5.25 -17.8482 26.0388 -5.25 -17.921 26.0388 -5.25 -26.25
3 16 26.0388 -5.25 -17.921 25.233 -5.25 -16.4106 26.0388 0 -17.921
3 16 26.0388 0 -17.921 25.233 -5.25 -16.4106 25.233 0 -16.4106
3 16 26.0388 -5.25 -17.921 15.7452 -5.25 -15.7452 25.233 -5.25 -16.4106
3 16 24.1959 -5.25 -15.2378 25.233 -5.25 -16.4106 15.7452 -5.25 -15.7452
3 16 22.5856 0 -11.9322 24.1959 0 -15.2378 22.5856 -5.25 -11.9322
3 16 22.5856 -5.25 -11.9322 24.1959 0 -15.2378 24.1959 -5.25 -15.2378
3 16 24.1959 -5.25 -15.2378 24.1959 0 -15.2378 25.233 -5.25 -16.4106
3 16 25.233 -5.25 -16.4106 24.1959 0 -15.2378 25.233 0 -16.4106
3 16 26.1562 -1.25 -14.1378 26.5912 -1.25 -13.9553 27.7896 -1.25 -18.4836
3 16 27.7896 -1.25 -18.4836 26.5912 -1.25 -13.9553 28.2594 -1.25 -18.3601
3 16 26.5828 -7.502 -13.9636 28.229 -7.502 -18.3157 26.5912 -1.25 -13.9553
3 16 26.5912 -1.25 -13.9553 28.229 -7.502 -18.3157 28.2594 -1.25 -18.3601
3 16 24.2781 -1.2504 -10.4283 24.6874 -1.25 -10.1848 26.1562 -1.25 -14.1378
3 16 26.1562 -1.25 -14.1378 24.6874 -1.25 -10.1848 26.5912 -1.25 -13.9553
3 16 24.6874 -1.25 -10.1848 24.7013 -7.5028 -10.2848 26.5912 -1.25 -13.9553
3 16 26.5912 -1.25 -13.9553 24.7013 -7.5028 -10.2848 26.5828 -7.502 -13.9636
3 16 23.5117 -1.25 -8.2245 24.6874 -1.25 -10.1848 23.1057 -1.2579 -8.5096
3 16 23.1057 -1.2579 -8.5096 24.6874 -1.25 -10.1848 24.2781 -1.2504 -10.4283
3 16 23.1416 -7.5028 -7.7472 24.7013 -7.5028 -10.2848 23.5117 -1.25 -8.2245
3 16 23.5117 -1.25 -8.2245 24.7013 -7.5028 -10.2848 24.6874 -1.25 -10.1848
3 16 28.229 -7.502 -18.3157 29.162 -7.502 -22.1034 28.2594 -1.25 -18.3601
3 16 28.2594 -1.25 -18.3601 29.162 -7.502 -22.1034 29.1992 -1.25 -22.1113
3 16 27.7896 -1.25 -18.4836 28.2594 -1.25 -18.3601 28.722 -1.25 -22.1863
3 16 28.722 -1.25 -22.1863 28.2594 -1.25 -18.3601 29.1992 -1.25 -22.1113
3 16 29.162 -7.502 -22.1034 29.8082 -7.502 -26.1988 29.1992 -1.25 -22.1113
3 16 29.1992 -1.25 -22.1113 29.8082 -7.502 -26.1988 29.8451 -1.25 -26.2034
3 16 28.722 -1.25 -22.1863 29.1992 -1.25 -22.1113 29.3802 -1.25 -26.2132
3 16 29.3802 -1.25 -26.2132 29.1992 -1.25 -22.1113 29.8451 -1.25 -26.2034
3 16 22.8971 -1.6584 -7.2903 23.5117 -1.25 -8.2245 22.622 -1.6583 -7.5654
3 16 22.622 -1.6583 -7.5654 23.5117 -1.25 -8.2245 23.1057 -1.2579 -8.5096
3 16 15.7452 -5.25 -4.2548 18.2116 -5.25 -1.7884 17.8482 -5.25 -7.8971
3 16 18.2116 -7.5028 -1.7884 20.8726 -7.5028 -4.8492 18.2116 -5.25 -1.7884
3 16 18.2116 -5.25 -1.7884 20.8726 -7.5028 -4.8492 21.5408 -5.25 -5.5523
3 16 30 -7.502 -30 10 -7.4999 -30 30 -1.25 -30
3 16 30 -1.25 -30 10 -7.4999 -30 10 -1.25 -30
3 16 29.1751 -1.25 -28.9613 29.52 -1.25 -28.0173 30 -1.25 -30
3 16 29.3802 -1.25 -26.2132 29.8451 -1.25 -26.2034 29.52 -1.25 -28.0173
3 16 29.52 -1.25 -28.0173 29.8451 -1.25 -26.2034 30 -1.25 -30
3 16 22.5856 -5.25 -11.9322 19.588 -5.25 -7.4864 20.2661 -4.8283 -8.3491
3 16 9.6876 -1.25 -27.1295 9.694 -7.5016 -27.1212 8.642 -1.2503 -23.2705
3 16 8.642 -1.2503 -23.2705 9.694 -7.5016 -27.1212 8.6474 -7.502 -23.2579
3 16 8.642 -1.2503 -23.2705 9.154 -1.25 -23.0502 9.6876 -1.25 -27.1295
3 16 9.6876 -1.25 -27.1295 9.154 -1.25 -23.0502 10.4482 -1.2512 -28.0818
3 16 8.642 -1.2503 -23.2705 8.6474 -7.502 -23.2579 6.8003 -1.2521 -19.473
3 16 6.8003 -1.2521 -19.473 8.6474 -7.502 -23.2579 6.805 -7.502 -19.4698
3 16 6.8003 -1.2521 -19.473 7.8385 -1.25 -20.0717 8.642 -1.2503 -23.2705
3 16 8.642 -1.2503 -23.2705 7.8385 -1.25 -20.0717 9.154 -1.25 -23.0502
3 16 9.5019 0 -22.9349 9.154 -1.25 -23.0502 8.199 0 -19.9446
3 16 8.199 0 -19.9446 9.154 -1.25 -23.0502 7.8385 -1.25 -20.0717
3 16 10.6947 0 -18.0964 12.4986 0 -22.2721 8.199 0 -19.9446
3 16 8.199 0 -19.9446 12.4986 0 -22.2721 9.5019 0 -22.9349
3 16 22.6093 -2.6691 -6.8793 22.8971 -1.6584 -7.2903 22.489 -2.6484 -6.9983
3 16 22.489 -2.6484 -6.9983 22.8971 -1.6584 -7.2903 22.622 -1.6583 -7.5654
3 16 17.8482 -5.25 -7.8971 18.2116 -5.25 -1.7884 19.588 -5.25 -7.4864
3 16 18.2116 -5.25 -1.7884 21.5408 -5.25 -5.5523 19.588 -5.25 -7.4864
3 16 20.2661 -4.8283 -8.3491 19.588 -5.25 -7.4864 22.2181 -4.8256 -6.4205
3 16 22.2181 -4.8256 -6.4205 19.588 -5.25 -7.4864 21.5408 -5.25 -5.5523
3 16 22.2181 -4.8256 -6.4205 22.5305 -3.7721 -6.8337 20.2661 -4.8283 -8.3491
3 16 20.2661 -4.8283 -8.3491 22.5305 -3.7721 -6.8337 20.5762 -3.7658 -8.7434
3 16 22.5856 0 -11.9322 20.7303 0.0124 -8.9482 23.7745 0.0006 -10.3003
3 16 23.7745 0.0006 -10.3003 20.7303 0.0124 -8.9482 22.1275 0.0124 -7.5847
3 16 25.8263 0 -14.2841 27.4443 0 -18.5871 25.233 0 -16.4106
3 16 25.233 0 -16.4106 27.4443 0 -18.5871 26.0388 0 -17.921
3 16 25.8263 0 -14.2841 25.233 0 -16.4106 24.1959 0 -15.2378
3 16 20.6178 -2.6596 -8.7981 20.5762 -3.7658 -8.7434 22.489 -2.6484 -6.9983
3 16 22.489 -2.6484 -6.9983 20.5762 -3.7658 -8.7434 22.5305 -3.7721 -6.8337
3 16 18.2116 -7.5028 -1.7884 4.1154 -7.502 -15.8846 20.8726 -7.5028 -4.8492
3 16 6.805 -7.502 -19.4698 24.7013 -7.5028 -10.2848 23.1416 -7.5028 -7.7472
3 16 30 -7.502 -30 30 -1.25 -30 29.8082 -7.502 -26.1988
3 16 29.8082 -7.502 -26.1988 30 -1.25 -30 29.8451 -1.25 -26.2034
3 16 9.694 -7.5016 -27.1212 9.6876 -1.25 -27.1295 10 -7.4999 -30
3 16 10 -7.4999 -30 9.6876 -1.25 -27.1295 10 -1.25 -30
3 16 22.5856 -5.25 -11.9322 24.1959 -5.25 -15.2378 17.8482 -5.25 -12.1029
3 16 17.8482 -5.25 -12.1029 24.1959 -5.25 -15.2378 15.7452 -5.25 -15.7452
3 16 14.4194 -5.25 -5.5806 16.037 -5.25 -8.3824 10 -5.25 -10
3 16 10 -5.25 -10 9.0223 -5.25 -16.1731 5.5806 -5.25 -14.4194
3 16 10 -5.25 -10 16.037 -5.25 -8.3824 16.037 -5.25 -11.6176
3 16 10 -5.25 -10 16.037 -5.25 -11.6176 14.4194 -5.25 -14.4194
3 16 10 -5.25 -10 14.4194 -5.25 -14.4194 11.6176 -5.25 -16.037
3 16 10 -5.25 -10 11.6176 -5.25 -16.037 9.0223 -5.25 -16.1731
3 16 10.6947 -5.25 -18.0964 12.1029 -5.25 -17.8482 12.4969 -5.25 -22.2619
3 16 12.1029 -5.25 -17.8482 26.0388 -5.25 -26.25 12.4969 -5.25 -22.2619
3 16 20.6178 -2.6596 -8.7981 22.5856 0 -11.9322 20.5762 -3.7658 -8.7434
3 16 22.5305 -3.7721 -6.8337 23.1416 -7.5028 -7.7472 23.5117 -1.25 -8.2245
3 16 22.5856 0 -11.9322 20.6178 -2.6596 -8.7981 20.7303 0.0124 -8.9482
3 16 22.622 -1.6583 -7.5654 22.1275 0.0124 -7.5847 22.489 -2.6484 -6.9983
3 16 20.2661 -4.8283 -8.3491 20.5762 -3.7658 -8.7434 22.5856 -5.25 -11.9322
3 16 22.5856 -5.25 -11.9322 20.5762 -3.7658 -8.7434 22.5856 0 -11.9322
3 16 24.2781 -1.2504 -10.4283 23.7745 0.0006 -10.3003 23.1057 -1.2579 -8.5096
3 16 23.1057 -1.2579 -8.5096 23.7745 0.0006 -10.3003 22.1275 0.0124 -7.5847
3 16 11.7784 -1.25 -29.4048 10 -1.25 -30 10.8688 -1.25 -29.0809
3 16 10.8688 -1.25 -29.0809 10 -1.25 -30 10.4482 -1.2512 -28.0818
3 16 22.2181 -4.8256 -6.4205 23.1416 -7.5028 -7.7472 22.5305 -3.7721 -6.8337
3 16 10.6947 0 -18.0964 12.1029 0 -17.8482 10.6947 -5.25 -18.0964
3 16 10.6947 -5.25 -18.0964 12.1029 0 -17.8482 12.1029 -5.25 -17.8482
3 16 23.1416 -7.5028 -7.7472 20.8726 -7.5028 -4.8492 6.805 -7.502 -19.4698
3 16 6.805 -7.502 -19.4698 20.8726 -7.5028 -4.8492 4.1154 -7.502 -15.8846
3 16 8.6474 -7.502 -23.2579 26.5828 -7.502 -13.9636 6.805 -7.502 -19.4698
3 16 6.805 -7.502 -19.4698 26.5828 -7.502 -13.9636 24.7013 -7.5028 -10.2848
3 16 8.6474 -7.502 -23.2579 28.229 -7.502 -18.3157 26.5828 -7.502 -13.9636
3 16 29.162 -7.502 -22.1034 28.229 -7.502 -18.3157 9.694 -7.5016 -27.1212
3 16 9.694 -7.5016 -27.1212 28.229 -7.502 -18.3157 8.6474 -7.502 -23.2579
3 16 10 -7.4999 -30 30 -7.502 -30 29.8082 -7.502 -26.1988
3 16 10 -7.4999 -30 29.8082 -7.502 -26.1988 9.694 -7.5016 -27.1212
3 16 9.694 -7.5016 -27.1212 29.8082 -7.502 -26.1988 29.162 -7.502 -22.1034
3 16 13.5764 0 -26.25 26.0388 0 -26.25 12.0739 0 -29.0796
3 16 12.0739 0 -29.0796 26.0388 0 -26.25 27.8159 0 -29.049
3 16 12.0739 0 -29.0796 27.8159 0 -29.049 11.7784 -1.25 -29.4048
3 16 11.7784 -1.25 -29.4048 27.8159 0 -29.049 28.15 -1.25 -29.4073
3 16 30 -1.25 -30 10 -1.25 -30 28.15 -1.25 -29.4073
3 16 28.15 -1.25 -29.4073 10 -1.25 -30 11.7784 -1.25 -29.4048
3 16 21.5408 -5.25 -5.5523 20.8726 -7.5028 -4.8492 22.2181 -4.8256 -6.4205
3 16 22.2181 -4.8256 -6.4205 20.8726 -7.5028 -4.8492 23.1416 -7.5028 -7.7472
3 16 22.5305 -3.7721 -6.8337 23.5117 -1.25 -8.2245 22.6093 -2.6691 -6.8793
3 16 22.6093 -2.6691 -6.8793 23.5117 -1.25 -8.2245 22.8971 -1.6584 -7.2903
3 16 10.7788 -0.0012 -27.8328 9.5019 0 -22.9349 13.5764 0 -26.25
3 16 13.5764 0 -26.25 9.5019 0 -22.9349 12.4986 0 -22.2721
3 16 9.5019 0 -22.9349 10.7788 -0.0012 -27.8328 9.154 -1.25 -23.0502
3 16 9.154 -1.25 -23.0502 10.7788 -0.0012 -27.8328 10.4482 -1.2512 -28.0818
3 16 10 -1.25 -30 9.6876 -1.25 -27.1295 10.4482 -1.2512 -28.0818
3 16 22.1275 0.0124 -7.5847 22.622 -1.6583 -7.5654 23.1057 -1.2579 -8.5096
3 16 9.0223 0 -16.1731 11.6176 0 -16.037 10.6947 0 -18.0964
3 16 10.6947 0 -18.0964 11.6176 0 -16.037 12.1029 0 -17.8482
3 16 4.2548 -1.25 -15.7453 5.9005 -1.25 -17.082 4.1154 -1.2701 -15.8846
3 16 4.1154 -1.2701 -15.8846 5.9005 -1.25 -17.082 6.8003 -1.2521 -19.473
3 16 4.2548 -1.25 -15.7453 4.1154 -1.2701 -15.8846 2.918 -1.25 -14.0995
3 16 4.1154 -1.2701 -15.8846 0.527 -1.2521 -13.1997 2.918 -1.25 -14.0995
3 16 -10 -1.25 -10 -8.0818 -1.2512 -9.5518 -7.1295 -1.25 -10.3124
2 24 3.8269 -5.25 -10.9777 5.5806 -5.25 -14.4194
2 24 3.8269 0 -10.9777 5.5806 0 -14.4194
2 24 15.7452 0 -4.2548 12.1029 0 -2.1519
2 24 14.4194 0 -5.5806 11.6176 0 -3.963
2 24 14.4194 -5.25 -5.5806 11.6176 -5.25 -3.963
2 24 14.4194 0 -5.5806 11.6176 0 -3.963
2 24 12.1029 0 -2.1519 7.8971 0 -2.1519
2 24 11.6176 0 -3.963 8.3824 0 -3.963
2 24 11.6176 -5.25 -3.963 8.3824 -5.25 -3.963
2 24 11.6176 0 -3.963 8.3824 0 -3.963
2 24 7.8971 0 -2.1519 4.2548 0 -4.2548
2 24 8.3824 0 -3.963 5.5806 0 -5.5806
2 24 8.3824 -5.25 -3.963 5.5806 -5.25 -5.5806
2 24 8.3824 0 -3.963 5.5806 0 -5.5806
2 24 4.2548 0 -4.2548 2.1518 0 -7.8971
2 24 5.5806 0 -5.5806 3.963 0 -8.3824
2 24 5.5806 -5.25 -5.5806 3.963 -5.25 -8.3824
2 24 5.5806 0 -5.5806 3.963 0 -8.3824
2 24 0.0554 0 -11.801 2.5621 0 -13.4011
2 24 3.8269 -5.25 -10.9777 3.963 -5.25 -8.3824
2 24 3.8269 0 -10.9777 3.963 0 -8.3824
2 24 15.7452 -5.25 -4.2548 12.1029 -5.25 -2.1519
2 24 15.7452 0 -4.2548 12.1029 0 -2.1519
2 24 12.1029 -5.25 -2.1519 7.8971 -5.25 -2.1519
2 24 12.1029 0 -2.1519 7.8971 0 -2.1519
2 24 7.8971 -5.25 -2.1519 4.2548 -5.25 -4.2548
2 24 7.8971 0 -2.1519 4.2548 0 -4.2548
2 24 4.2548 -5.25 -4.2548 2.1518 -5.25 -7.8971
2 24 4.2548 0 -4.2548 2.1518 0 -7.8971
2 24 -10 -7.502 10 -10 -7.4999 -10
2 24 -10 -7.502 10 -6.1988 -7.502 9.8082
2 24 2.079 -5.25 6.0388 -6.25 -5.25 6.0388
2 24 2.079 -5.25 6.0388 2.079 0 6.0388
2 24 -6.25 -5.25 6.0388 -6.25 0 6.0388
2 24 2.079 0 6.0388 -6.25 0 6.0388
2 24 -2.2619 -5.25 -7.5032 -6.25 -5.25 -6.4236
2 24 -2.272 0 -7.5014 -6.25 0 -6.4236
2 24 -6.25 -5.25 -6.4236 -6.25 0 -6.4236
2 24 -2.272 0 -7.5014 1.9036 0 -9.3053
2 24 -2.2619 -5.25 -7.5032 1.9036 -5.25 -9.3053
2 24 1.9036 0 -9.3053 1.9036 -5.25 -9.3053
2 24 -6.25 -5.25 6.0388 -6.25 -5.25 -6.4236
2 24 -6.25 -5.25 6.0388 -6.25 0 6.0388
2 24 -6.25 -5.25 -6.4236 -6.25 0 -6.4236
2 24 -6.25 0 6.0388 -6.25 0 -6.4236
2 24 8.0678 -5.25 2.5855 12.5136 -5.25 -0.412
2 24 7.8971 -5.25 -2.1519 12.1029 -5.25 -2.1519
2 24 -6.25 -5.25 -6.4236 -6.25 -5.25 6.0388
2 24 -2.2619 -5.25 -7.5032 -6.25 -5.25 -6.4236
2 24 2.918 -1.25 -14.0995 -0.0717 -1.25 -12.1615
2 24 -9.4073 -1.25 8.15 -8.9613 -1.25 9.1751
2 24 3.8269 0 -10.9777 5.5806 0 -14.4194
2 24 2.5621 0 -13.4011 4.2548 0 -15.7453
2 24 2.5621 0 -13.4011 4.2548 0 -15.7453
2 24 2.5621 0 -13.4011 2.918 -1.25 -14.0995
2 24 2.918 -1.25 -14.0995 4.2548 -1.25 -15.7453
2 24 1.4129 0 7.4443 -2.2596 0 8.3691
2 24 1.5164 -1.25 7.7895 -2.1863 -1.25 8.722
2 24 -2.2596 0 8.3691 1.4129 0 7.4443
2 24 13.0018 -2.6484 2.489 12.4153 0.0124 2.1275
2 24 11.2019 -2.6596 0.6178 11.0519 0.0124 0.7303
2 24 12.4153 0.0124 2.1275 11.0519 0.0124 0.7303
2 24 13.1663 -3.7721 2.5305 13.1207 -2.6691 2.6093
2 24 1.4129 0 7.4443 5.7159 0 5.8263
2 24 1.5164 -1.25 7.7895 5.8622 -1.25 6.1562
2 24 4.7622 0 4.1959 8.0678 0 2.5855
2 24 5.7159 0 5.8263 9.6997 0.0006 3.7745
2 24 5.7159 0 5.8263 9.6997 0.0006 3.7745
2 24 5.8622 -1.25 6.1562 9.5717 -1.2504 4.2781
2 24 0.0554 0 -11.801 2.5621 0 -13.4011
2 24 2.5621 0 -13.4011 2.918 -1.25 -14.0995
2 24 -0.0717 -1.25 -12.1615 2.918 -1.25 -14.0995
2 24 -2.2596 0 8.3691 -6.2548 0 9.0219
2 24 -2.1863 -1.25 8.722 -6.2132 -1.25 9.3802
2 24 -2.2596 0 8.3691 -6.2548 0 9.0219
2 24 2.079 0 6.0388 -6.25 0 6.0388
2 24 -6.2548 0 9.0219 -7.6566 0 9.1506
2 24 -6.2132 -1.25 9.3802 -8.0173 -1.25 9.52
2 24 -6.2548 0 9.0219 -7.6566 0 9.1506
2 24 -9.0796 0 -7.9261 -8.7233 0 -8.8315
2 24 -8.7233 0 -8.8315 -9.0809 -1.25 -9.1312
2 24 -9.4048 -1.25 -8.2216 -9.0809 -1.25 -9.1312
2 24 -9.0796 0 -7.9261 -8.7233 0 -8.8315
2 24 -9.0809 -1.25 -9.1312 -8.0818 -1.2512 -9.5518
2 24 -8.7233 0 -8.8315 -7.8328 -0.0012 -9.2212
2 24 -8.7233 0 -8.8315 -7.8328 -0.0012 -9.2212
2 24 -8.0173 -1.25 9.52 -8.9613 -1.25 9.1751
2 24 -7.6566 0 9.1506 -8.6315 0 8.816
2 24 -7.6566 0 9.1506 -8.6315 0 8.816
2 24 -8.9613 -1.25 9.1751 -9.4073 -1.25 8.15
2 24 -8.6315 0 8.816 -9.049 0 7.8159
2 24 -8.6315 0 8.816 -9.049 0 7.8159
2 24 0.527 -1.2521 -13.1997 4.1154 -1.2701 -15.8846
2 24 0.5302 -7.502 -13.195 4.1154 -7.502 -15.8846
2 24 2.079 -5.25 6.0388 2.079 0 6.0388
2 24 2.079 -5.25 6.0388 3.5894 -5.25 5.2329
2 24 2.079 0 6.0388 3.5894 0 5.2329
2 24 2.079 -5.25 6.0388 3.5894 -5.25 5.2329
2 24 3.5894 -5.25 5.2329 4.7622 -5.25 4.1959
2 24 8.0678 0 2.5855 4.7622 0 4.1959
2 24 8.0678 -5.25 2.5855 4.7622 -5.25 4.1959
2 24 4.7622 0 4.1959 4.7622 -5.25 4.1959
2 24 8.0678 -5.25 2.5855 4.7622 -5.25 4.1959
2 24 7.8971 -5.25 -2.1519 4.2548 -5.25 -4.2548
2 24 3.5894 -5.25 5.2329 4.7622 -5.25 4.1959
2 24 4.7622 -5.25 4.1959 4.7622 0 4.1959
2 24 3.5894 0 5.2329 4.7622 0 4.1959
2 24 5.8622 -1.25 6.1562 1.5164 -1.25 7.7895
2 24 6.0447 -1.25 6.5912 1.6399 -1.25 8.2594
2 24 1.6399 -1.25 8.2594 6.0447 -1.25 6.5912
2 24 1.6843 -7.502 8.229 6.0364 -7.502 6.5828
2 24 5.8622 -1.25 6.1562 9.5717 -1.2504 4.2781
2 24 6.0447 -1.25 6.5912 9.8152 -1.25 4.6874
2 24 6.0447 -1.25 6.5912 9.8152 -1.25 4.6874
2 24 6.0364 -7.502 6.5828 9.7152 -7.5028 4.7013
2 24 9.5717 -1.2504 4.2781 11.4904 -1.2579 3.1057
2 24 9.8152 -1.25 4.6874 11.7755 -1.25 3.5117
2 24 9.7152 -7.5028 4.7013 12.2528 -7.5028 3.1415
2 24 9.8152 -1.25 4.6874 11.7755 -1.25 3.5117
2 24 1.6399 -1.25 8.2594 -2.1113 -1.25 9.1992
2 24 1.6843 -7.502 8.229 -2.1034 -7.502 9.1619
2 24 1.5164 -1.25 7.7895 -2.1863 -1.25 8.722
2 24 1.6399 -1.25 8.2594 -2.1113 -1.25 9.1992
2 24 -2.1113 -1.25 9.1992 -6.2034 -1.25 9.8451
2 24 -2.1034 -7.502 9.1619 -6.1988 -7.502 9.8082
2 24 -2.1863 -1.25 8.722 -6.2132 -1.25 9.3802
2 24 -2.1113 -1.25 9.1992 -6.2034 -1.25 9.8451
2 24 11.7755 -1.25 3.5117 12.7097 -1.6584 2.8971
2 24 11.4904 -1.2579 3.1057 12.4347 -1.6583 2.622
2 24 12.1029 -5.25 -2.1519 15.7452 -5.25 -4.2548
2 24 14.4477 -5.25 1.5408 18.2116 -5.25 -1.7884
2 24 15.1508 -7.5028 0.8726 18.2116 -7.5028 -1.7884
2 24 -10 -7.502 10 -10 -1.25 10
2 24 -10 -7.502 10 -10 -7.4999 -10
2 24 -10 -1.25 10 -10 -1.25 -10
2 24 -10 -7.4999 -10 -10 -1.25 -10
2 24 -8.9613 -1.25 9.1751 -8.0173 -1.25 9.52
2 24 -6.2132 -1.25 9.3802 -8.0173 -1.25 9.52
2 24 -10 -1.25 10 -6.2034 -1.25 9.8451
2 24 11.651 -4.8283 0.2661 12.5136 -5.25 -0.412
2 24 8.0678 -5.25 2.5855 12.5136 -5.25 -0.412
2 24 -7.1295 -1.25 -10.3124 -3.2705 -1.2503 -11.358
2 24 -7.1211 -7.5016 -10.3061 -3.2579 -7.502 -11.3527
2 24 -7.8328 -0.0012 -9.2212 -2.9349 0 -10.4981
2 24 -8.0818 -1.2512 -9.5518 -3.0502 -1.25 -10.846
2 24 -6.25 0 -6.4236 -2.272 0 -7.5014
2 24 -7.8328 -0.0012 -9.2212 -2.9349 0 -10.4981
2 24 0.527 -1.2521 -13.1997 -3.2705 -1.2503 -11.358
2 24 0.5302 -7.502 -13.195 -3.2579 -7.502 -11.3527
2 24 -0.0717 -1.25 -12.1615 -3.0502 -1.25 -10.846
2 24 0.527 -1.2521 -13.1997 -3.2705 -1.2503 -11.358
2 24 0.0554 0 -11.801 -2.9349 0 -10.4981
2 24 -0.0717 -1.25 -12.1615 -3.0502 -1.25 -10.846
2 24 0.0554 0 -11.801 -2.9349 0 -10.4981
2 24 1.9036 0 -9.3053 -2.272 0 -7.5014
2 24 13.1207 -2.6691 2.6093 12.7097 -1.6584 2.8971
2 24 13.0018 -2.6484 2.489 12.4347 -1.6583 2.622
2 24 18.2116 -5.25 -1.7884 14.4477 -5.25 1.5408
2 24 12.5136 -5.25 -0.412 11.651 -4.8283 0.2661
2 24 14.4477 -5.25 1.5408 13.5795 -4.8256 2.2181
2 24 13.1663 -3.7721 2.5305 13.5795 -4.8256 2.2181
2 24 11.651 -4.8283 0.2661 11.2566 -3.7658 0.5762
2 24 12.4153 0.0124 2.1275 11.0519 0.0124 0.7303
2 24 9.6997 0.0006 3.7745 12.4153 0.0124 2.1275
2 24 8.0678 0 2.5855 11.0519 0.0124 0.7303
2 24 1.4129 0 7.4443 5.7159 0 5.8263
2 24 2.079 0 6.0388 3.5894 0 5.2329
2 24 4.7622 0 4.1959 3.5894 0 5.2329
2 24 11.2019 -2.6596 0.6178 11.2566 -3.7658 0.5762
2 24 6.0364 -7.502 6.5828 1.6843 -7.502 8.229
2 24 -6.1988 -7.502 9.8082 -10 -7.502 10
2 24 -10 -7.502 10 -10 -1.25 10
2 24 -6.2034 -1.25 9.8451 -10 -1.25 10
2 24 -7.1295 -1.25 -10.3124 -10 -1.25 -10
2 24 -10 -1.25 -10 -10 -7.4999 -10
2 24 -7.1211 -7.5016 -10.3061 -10 -7.4999 -10
2 24 14.4194 -5.25 -5.5806 11.6176 -5.25 -3.963
2 24 5.5806 -5.25 -14.4194 3.8269 -5.25 -10.9777
2 24 11.6176 -5.25 -3.963 8.3824 -5.25 -3.963
2 24 8.3824 -5.25 -3.963 5.5806 -5.25 -5.5806
2 24 5.5806 -5.25 -5.5806 3.963 -5.25 -8.3824
2 24 3.8269 -5.25 -10.9777 3.963 -5.25 -8.3824
2 24 -2.2619 -5.25 -7.5032 1.9036 -5.25 -9.3053
2 24 1.9036 -5.25 -9.3053 2.1518 -5.25 -7.8971
2 24 4.2548 -5.25 -4.2548 2.1518 -5.25 -7.8971
2 24 -6.25 -5.25 6.0388 2.079 -5.25 6.0388
2 24 11.2019 -2.6596 0.6178 11.2566 -3.7658 0.5762
2 24 11.2019 -2.6596 0.6178 11.0519 0.0124 0.7303
2 24 8.0678 0 2.5855 11.0519 0.0124 0.7303
2 24 13.0018 -2.6484 2.489 12.4153 0.0124 2.1275
2 24 12.4347 -1.6583 2.622 13.0018 -2.6484 2.489
2 24 11.651 -4.8283 0.2661 11.2566 -3.7658 0.5762
2 24 9.6997 0.0006 3.7745 12.4153 0.0124 2.1275
2 24 9.5717 -1.2504 4.2781 11.4904 -1.2579 3.1057
2 24 -9.4048 -1.25 -8.2216 -9.0809 -1.25 -9.1312
2 24 -9.0809 -1.25 -9.1312 -8.0818 -1.2512 -9.5518
2 24 13.1663 -3.7721 2.5305 13.5795 -4.8256 2.2181
2 24 1.9036 0 -9.3053 1.9036 -5.25 -9.3053
2 24 2.1518 0 -7.8971 1.9036 0 -9.3053
2 24 2.1518 -5.25 -7.8971 1.9036 -5.25 -9.3053
2 24 18.2116 -7.5028 -1.7884 15.1508 -7.5028 0.8726
2 24 12.2528 -7.5028 3.1415 9.7152 -7.5028 4.7013
2 24 -6.1988 -7.502 9.8082 -2.1034 -7.502 9.1619
2 24 -10 -7.4999 -10 -7.1211 -7.5016 -10.3061
2 24 1.6843 -7.502 8.229 -2.1034 -7.502 9.1619
2 24 -3.2579 -7.502 -11.3527 -7.1211 -7.5016 -10.3061
2 24 -3.2579 -7.502 -11.3527 0.5302 -7.502 -13.195
2 24 6.0364 -7.502 6.5828 9.7152 -7.5028 4.7013
2 24 4.1154 -7.502 -15.8846 0.5302 -7.502 -13.195
2 24 15.1508 -7.5028 0.8726 12.2528 -7.5028 3.1415
2 24 -9.0796 0 -7.9261 -9.049 0 7.8159
2 24 -6.25 0 6.0388 -6.25 0 -6.4236
2 24 -9.4048 -1.25 -8.2216 -9.4073 -1.25 8.15
2 24 -9.0796 0 -7.9261 -9.049 0 7.8159
2 24 -10 -1.25 10 -10 -1.25 -10
2 24 -9.4073 -1.25 8.15 -9.4048 -1.25 -8.2216
2 24 14.4477 -5.25 1.5408 13.5795 -4.8256 2.2181
2 24 12.2528 -7.5028 3.1415 15.1508 -7.5028 0.8726
2 24 11.7755 -1.25 3.5117 12.7097 -1.6584 2.8971
2 24 12.7097 -1.6584 2.8971 13.1207 -2.6691 2.6093
2 24 13.1663 -3.7721 2.5305 13.1207 -2.6691 2.6093
2 24 -3.0502 -1.25 -10.846 -8.0818 -1.2512 -9.5518
2 24 -3.2705 -1.2503 -11.358 -7.1295 -1.25 -10.3124
2 24 12.4347 -1.6583 2.622 11.4904 -1.2579 3.1057
2 24 2.1518 0 -7.8971 1.9036 0 -9.3053
2 24 3.963 0 -8.3824 3.8269 0 -10.9777
2 24 5.5806 -5.25 -14.4194 9.0223 -5.25 -16.1731
2 24 5.5806 0 -14.4194 9.0223 0 -16.1731
2 24 15.7452 0 -4.2548 17.8482 0 -7.8971
2 24 14.4194 0 -5.5806 16.037 0 -8.3824
2 24 14.4194 -5.25 -5.5806 16.037 -5.25 -8.3824
2 24 14.4194 0 -5.5806 16.037 0 -8.3824
2 24 17.8482 0 -7.8971 17.8482 0 -12.1029
2 24 16.037 0 -8.3824 16.037 0 -11.6176
2 24 16.037 -5.25 -8.3824 16.037 -5.25 -11.6176
2 24 16.037 0 -8.3824 16.037 0 -11.6176
2 24 17.8482 0 -12.1029 15.7452 0 -15.7452
2 24 16.037 0 -11.6176 14.4194 0 -14.4194
2 24 16.037 -5.25 -11.6176 14.4194 -5.25 -14.4194
2 24 16.037 0 -11.6176 14.4194 0 -14.4194
2 24 15.7452 0 -15.7452 12.1029 0 -17.8482
2 24 14.4194 0 -14.4194 11.6176 0 -16.037
2 24 14.4194 -5.25 -14.4194 11.6176 -5.25 -16.037
2 24 14.4194 0 -14.4194 11.6176 0 -16.037
2 24 8.199 0 -19.9446 6.5989 0 -17.4379
2 24 9.0223 -5.25 -16.1731 11.6176 -5.25 -16.037
2 24 9.0223 0 -16.1731 11.6176 0 -16.037
2 24 15.7452 -5.25 -4.2548 17.8482 -5.25 -7.8971
2 24 15.7452 0 -4.2548 17.8482 0 -7.8971
2 24 17.8482 -5.25 -7.8971 17.8482 -5.25 -12.1029
2 24 17.8482 0 -7.8971 17.8482 0 -12.1029
2 24 17.8482 -5.25 -12.1029 15.7452 -5.25 -15.7452
2 24 17.8482 0 -12.1029 15.7452 0 -15.7452
2 24 15.7452 -5.25 -15.7452 12.1029 -5.25 -17.8482
2 24 15.7452 0 -15.7452 12.1029 0 -17.8482
2 24 26.0388 -5.25 -17.921 26.0388 0 -17.921
2 24 26.0388 -5.25 -17.921 26.0388 -5.25 -26.25
2 24 26.0388 0 -17.921 26.0388 0 -26.25
2 24 26.0388 -5.25 -26.25 26.0388 0 -26.25
2 24 12.4969 -5.25 -22.2619 13.5764 -5.25 -26.25
2 24 13.5764 -5.25 -26.25 13.5764 0 -26.25
2 24 12.4986 0 -22.2721 13.5764 0 -26.25
2 24 12.4969 -5.25 -22.2619 10.6947 -5.25 -18.0964
2 24 10.6947 -5.25 -18.0964 10.6947 0 -18.0964
2 24 12.4986 0 -22.2721 10.6947 0 -18.0964
2 24 26.0388 -5.25 -26.25 26.0388 0 -26.25
2 24 26.0388 -5.25 -26.25 13.5764 -5.25 -26.25
2 24 26.0388 0 -26.25 13.5764 0 -26.25
2 24 13.5764 -5.25 -26.25 13.5764 0 -26.25
2 24 22.5856 -5.25 -11.9322 19.588 -5.25 -7.4864
2 24 17.8482 -5.25 -12.1029 17.8482 -5.25 -7.8971
2 24 26.0388 -5.25 -26.25 13.5764 -5.25 -26.25
2 24 12.4969 -5.25 -22.2619 13.5764 -5.25 -26.25
2 24 5.9005 -1.25 -17.082 7.8385 -1.25 -20.0717
2 24 28.15 -1.25 -29.4073 29.1751 -1.25 -28.9613
2 24 4.2548 0 -15.7453 6.5989 0 -17.4379
2 24 5.5806 0 -14.4194 9.0223 0 -16.1731
2 24 6.5989 0 -17.4379 5.9005 -1.25 -17.082
2 24 4.2548 0 -15.7453 6.5989 0 -17.4379
2 24 4.2548 -1.25 -15.7453 5.9005 -1.25 -17.082
2 24 27.4443 0 -18.5871 28.3691 0 -22.2597
2 24 27.7896 -1.25 -18.4836 28.722 -1.25 -22.1863
2 24 28.3691 0 -22.2597 27.4443 0 -18.5871
2 24 20.7303 0.0124 -8.9482 20.6178 -2.6596 -8.7981
2 24 20.7303 0.0124 -8.9482 22.1275 0.0124 -7.5847
2 24 22.1275 0.0124 -7.5847 22.489 -2.6484 -6.9983
2 24 22.5305 -3.7721 -6.8337 22.6093 -2.6691 -6.8793
2 24 27.4443 0 -18.5871 25.8263 0 -14.2841
2 24 27.7896 -1.25 -18.4836 26.1562 -1.25 -14.1378
2 24 23.7745 0.0006 -10.3003 25.8263 0 -14.2841
2 24 22.5856 0 -11.9322 24.1959 0 -15.2378
2 24 25.8263 0 -14.2841 23.7745 0.0006 -10.3003
2 24 26.1562 -1.25 -14.1378 24.2781 -1.2504 -10.4283
2 24 8.199 0 -19.9446 6.5989 0 -17.4379
2 24 7.8385 -1.25 -20.0717 5.9005 -1.25 -17.082
2 24 6.5989 0 -17.4379 5.9005 -1.25 -17.082
2 24 28.3691 0 -22.2597 29.0219 0 -26.2548
2 24 28.722 -1.25 -22.1863 29.3802 -1.25 -26.2132
2 24 28.3691 0 -22.2597 29.0219 0 -26.2548
2 24 26.0388 0 -17.921 26.0388 0 -26.25
2 24 29.0219 0 -26.2548 29.1506 0 -27.6567
2 24 29.3802 -1.25 -26.2132 29.52 -1.25 -28.0173
2 24 29.0219 0 -26.2548 29.1506 0 -27.6567
2 24 10.8688 -1.25 -29.0809 11.1685 0 -28.7233
2 24 10.8688 -1.25 -29.0809 11.7784 -1.25 -29.4048
2 24 11.1685 0 -28.7233 12.0739 0 -29.0796
2 24 12.0739 0 -29.0796 11.1685 0 -28.7233
2 24 10.8688 -1.25 -29.0809 10.4482 -1.2512 -28.0818
2 24 11.1685 0 -28.7233 10.7788 -0.0012 -27.8328
2 24 11.1685 0 -28.7233 10.7788 -0.0012 -27.8328
2 24 29.52 -1.25 -28.0173 29.1751 -1.25 -28.9613
2 24 29.1506 0 -27.6567 28.816 0 -28.6315
2 24 29.1506 0 -27.6567 28.816 0 -28.6315
2 24 28.816 0 -28.6315 27.8159 0 -29.049
2 24 29.1751 -1.25 -28.9613 28.15 -1.25 -29.4073
2 24 28.816 0 -28.6315 27.8159 0 -29.049
2 24 4.1154 -1.2701 -15.8846 6.8003 -1.2521 -19.473
2 24 4.1154 -7.502 -15.8846 6.805 -7.502 -19.4698
2 24 15.7452 -5.25 -15.7452 12.1029 -5.25 -17.8482
2 24 26.0388 -5.25 -26.25 26.0388 -5.25 -17.921
2 24 26.0388 -5.25 -17.921 25.233 -5.25 -16.4106
2 24 26.0388 -5.25 -17.921 26.0388 0 -17.921
2 24 26.0388 0 -17.921 25.233 0 -16.4106
2 24 26.0388 -5.25 -17.921 25.233 -5.25 -16.4106
2 24 25.233 -5.25 -16.4106 24.1959 -5.25 -15.2378
2 24 22.5856 0 -11.9322 24.1959 0 -15.2378
2 24 24.1959 0 -15.2378 24.1959 -5.25 -15.2378
2 24 22.5856 -5.25 -11.9322 24.1959 -5.25 -15.2378
2 24 24.1959 -5.25 -15.2378 24.1959 0 -15.2378
2 24 25.233 -5.25 -16.4106 24.1959 -5.25 -15.2378
2 24 25.233 0 -16.4106 24.1959 0 -15.2378
2 24 26.1562 -1.25 -14.1378 27.7896 -1.25 -18.4836
2 24 26.5912 -1.25 -13.9553 28.2594 -1.25 -18.3601
2 24 26.5828 -7.502 -13.9636 28.229 -7.502 -18.3157
2 24 26.5912 -1.25 -13.9553 28.2594 -1.25 -18.3601
2 24 26.1562 -1.25 -14.1378 24.2781 -1.2504 -10.4283
2 24 26.5912 -1.25 -13.9553 24.6874 -1.25 -10.1848
2 24 26.5912 -1.25 -13.9553 24.6874 -1.25 -10.1848
2 24 26.5828 -7.502 -13.9636 24.7013 -7.5028 -10.2848
2 24 24.6874 -1.25 -10.1848 23.5117 -1.25 -8.2245
2 24 24.2781 -1.2504 -10.4283 23.1057 -1.2579 -8.5096
2 24 24.7013 -7.5028 -10.2848 23.1416 -7.5028 -7.7472
2 24 24.6874 -1.25 -10.1848 23.5117 -1.25 -8.2245
2 24 28.229 -7.502 -18.3157 29.162 -7.502 -22.1034
2 24 28.2594 -1.25 -18.3601 29.1992 -1.25 -22.1113
2 24 27.7896 -1.25 -18.4836 28.722 -1.25 -22.1863
2 24 28.2594 -1.25 -18.3601 29.1992 -1.25 -22.1113
2 24 29.162 -7.502 -22.1034 29.8082 -7.502 -26.1988
2 24 29.1992 -1.25 -22.1113 29.8451 -1.25 -26.2034
2 24 28.722 -1.25 -22.1863 29.3802 -1.25 -26.2132
2 24 29.1992 -1.25 -22.1113 29.8451 -1.25 -26.2034
2 24 23.5117 -1.25 -8.2245 22.8971 -1.6584 -7.2903
2 24 23.1057 -1.2579 -8.5096 22.622 -1.6583 -7.5654
2 24 15.7452 -5.25 -4.2548 17.8482 -5.25 -7.8971
2 24 18.2116 -7.5028 -1.7884 20.8726 -7.5028 -4.8492
2 24 18.2116 -5.25 -1.7884 21.5408 -5.25 -5.5523
2 24 30 -7.502 -30 10 -7.4999 -30
2 24 30 -7.502 -30 30 -1.25 -30
2 24 10 -7.4999 -30 10 -1.25 -30
2 24 30 -1.25 -30 10 -1.25 -30
2 24 29.1751 -1.25 -28.9613 29.52 -1.25 -28.0173
2 24 29.3802 -1.25 -26.2132 29.52 -1.25 -28.0173
2 24 30 -1.25 -30 29.8451 -1.25 -26.2034
2 24 19.588 -5.25 -7.4864 20.2661 -4.8283 -8.3491
2 24 22.5856 -5.25 -11.9322 19.588 -5.25 -7.4864
2 24 9.6876 -1.25 -27.1295 8.642 -1.2503 -23.2705
2 24 9.694 -7.5016 -27.1212 8.6474 -7.502 -23.2579
2 24 8.642 -1.2503 -23.2705 9.6876 -1.25 -27.1295
2 24 9.154 -1.25 -23.0502 10.4482 -1.2512 -28.0818
2 24 6.8003 -1.2521 -19.473 8.642 -1.2503 -23.2705
2 24 6.805 -7.502 -19.4698 8.6474 -7.502 -23.2579
2 24 6.8003 -1.2521 -19.473 8.642 -1.2503 -23.2705
2 24 7.8385 -1.25 -20.0717 9.154 -1.25 -23.0502
2 24 8.199 0 -19.9446 9.5019 0 -22.9349
2 24 7.8385 -1.25 -20.0717 9.154 -1.25 -23.0502
2 24 10.6947 0 -18.0964 12.4986 0 -22.2721
2 24 8.199 0 -19.9446 9.5019 0 -22.9349
2 24 22.6093 -2.6691 -6.8793 22.8971 -1.6584 -7.2903
2 24 22.489 -2.6484 -6.9983 22.622 -1.6583 -7.5654
2 24 18.2116 -5.25 -1.7884 21.5408 -5.25 -5.5523
2 24 19.588 -5.25 -7.4864 20.2661 -4.8283 -8.3491
2 24 21.5408 -5.25 -5.5523 22.2181 -4.8256 -6.4205
2 24 22.5305 -3.7721 -6.8337 22.2181 -4.8256 -6.4205
2 24 20.2661 -4.8283 -8.3491 20.5762 -3.7658 -8.7434
2 24 22.5856 0 -11.9322 20.7303 0.0124 -8.9482
2 24 20.7303 0.0124 -8.9482 22.1275 0.0124 -7.5847
2 24 23.7745 0.0006 -10.3003 22.1275 0.0124 -7.5847
2 24 27.4443 0 -18.5871 25.8263 0 -14.2841
2 24 26.0388 0 -17.921 25.233 0 -16.4106
2 24 24.1959 0 -15.2378 25.233 0 -16.4106
2 24 20.6178 -2.6596 -8.7981 20.5762 -3.7658 -8.7434
2 24 18.2116 -7.5028 -1.7884 20.8726 -7.5028 -4.8492
2 24 24.7013 -7.5028 -10.2848 23.1416 -7.5028 -7.7472
2 24 30 -7.502 -30 30 -1.25 -30
2 24 29.8082 -7.502 -26.1988 30 -7.502 -30
2 24 29.8451 -1.25 -26.2034 30 -1.25 -30
2 24 9.694 -7.5016 -27.1212 10 -7.4999 -30
2 24 9.6876 -1.25 -27.1295 10 -1.25 -30
2 24 10 -7.4999 -30 10 -1.25 -30
2 24 22.5856 -5.25 -11.9322 24.1959 -5.25 -15.2378
2 24 17.8482 -5.25 -12.1029 15.7452 -5.25 -15.7452
2 24 14.4194 -5.25 -5.5806 16.037 -5.25 -8.3824
2 24 5.5806 -5.25 -14.4194 9.0223 -5.25 -16.1731
2 24 16.037 -5.25 -8.3824 16.037 -5.25 -11.6176
2 24 16.037 -5.25 -11.6176 14.4194 -5.25 -14.4194
2 24 14.4194 -5.25 -14.4194 11.6176 -5.25 -16.037
2 24 9.0223 -5.25 -16.1731 11.6176 -5.25 -16.037
2 24 12.1029 -5.25 -17.8482 10.6947 -5.25 -18.0964
2 24 12.4969 -5.25 -22.2619 10.6947 -5.25 -18.0964
2 24 20.6178 -2.6596 -8.7981 20.5762 -3.7658 -8.7434
2 24 20.6178 -2.6596 -8.7981 20.7303 0.0124 -8.9482
2 24 22.5856 0 -11.9322 20.7303 0.0124 -8.9482
2 24 22.1275 0.0124 -7.5847 22.489 -2.6484 -6.9983
2 24 22.622 -1.6583 -7.5654 22.489 -2.6484 -6.9983
2 24 20.2661 -4.8283 -8.3491 20.5762 -3.7658 -8.7434
2 24 24.2781 -1.2504 -10.4283 23.1057 -1.2579 -8.5096
2 24 23.7745 0.0006 -10.3003 22.1275 0.0124 -7.5847
2 24 11.7784 -1.25 -29.4048 10.8688 -1.25 -29.0809
2 24 10.4482 -1.2512 -28.0818 10.8688 -1.25 -29.0809
2 24 22.5305 -3.7721 -6.8337 22.2181 -4.8256 -6.4205
2 24 12.1029 0 -17.8482 10.6947 0 -18.0964
2 24 10.6947 0 -18.0964 10.6947 -5.25 -18.0964
2 24 12.1029 -5.25 -17.8482 10.6947 -5.25 -18.0964
2 24 20.8726 -7.5028 -4.8492 23.1416 -7.5028 -7.7472
2 24 4.1154 -7.502 -15.8846 6.805 -7.502 -19.4698
2 24 6.805 -7.502 -19.4698 8.6474 -7.502 -23.2579
2 24 24.7013 -7.5028 -10.2848 26.5828 -7.502 -13.9636
2 24 26.5828 -7.502 -13.9636 28.229 -7.502 -18.3157
2 24 28.229 -7.502 -18.3157 29.162 -7.502 -22.1034
2 24 8.6474 -7.502 -23.2579 9.694 -7.5016 -27.1212
2 24 30 -7.502 -30 29.8082 -7.502 -26.1988
2 24 10 -7.4999 -30 30 -7.502 -30
2 24 9.694 -7.5016 -27.1212 10 -7.4999 -30
2 24 29.162 -7.502 -22.1034 29.8082 -7.502 -26.1988
2 24 26.0388 0 -26.25 13.5764 0 -26.25
2 24 12.0739 0 -29.0796 27.8159 0 -29.049
2 24 12.0739 0 -29.0796 27.8159 0 -29.049
2 24 11.7784 -1.25 -29.4048 28.15 -1.25 -29.4073
2 24 30 -1.25 -30 10 -1.25 -30
2 24 28.15 -1.25 -29.4073 11.7784 -1.25 -29.4048
2 24 21.5408 -5.25 -5.5523 22.2181 -4.8256 -6.4205
2 24 23.1416 -7.5028 -7.7472 20.8726 -7.5028 -4.8492
2 24 22.5305 -3.7721 -6.8337 22.6093 -2.6691 -6.8793
2 24 23.5117 -1.25 -8.2245 22.8971 -1.6584 -7.2903
2 24 22.6093 -2.6691 -6.8793 22.8971 -1.6584 -7.2903
2 24 10.7788 -0.0012 -27.8328 9.5019 0 -22.9349
2 24 13.5764 0 -26.25 12.4986 0 -22.2721
2 24 10.7788 -0.0012 -27.8328 9.5019 0 -22.9349
2 24 10.4482 -1.2512 -28.0818 9.154 -1.25 -23.0502
2 24 9.6876 -1.25 -27.1295 10 -1.25 -30
2 24 22.622 -1.6583 -7.5654 23.1057 -1.2579 -8.5096
2 24 11.6176 0 -16.037 9.0223 0 -16.1731
2 24 12.1029 0 -17.8482 10.6947 0 -18.0964
2 24 5.9005 -1.25 -17.082 4.2548 -1.25 -15.7453
2 24 6.8003 -1.2521 -19.473 4.1154 -1.2701 -15.8846
2 24 2.918 -1.25 -14.0995 4.2548 -1.25 -15.7453
2 24 0.527 -1.2521 -13.1997 4.1154 -1.2701 -15.8846
2 24 -10 -1.25 -10 -7.1295 -1.25 -10.3124
0 STEP
