0 Tile, Modified 2 x 2 Wedge Left
0 Name: bl_7828.dat
0 Author: 
0 BL_Item_No 7828
0 BFC CERTIFY CCW
3 16 16.4928 -5.0498 14.8846 16.8784 -4.4388 14.3363 14.0625 0 17.0365
3 16 17.2184 0 13.7296 14.0625 0 17.0365 16.8784 -4.4388 14.3363
3 16 14.0625 0 17.0365 15.7453 -5.25 15.7453 16.4928 -5.0498 14.8846
3 16 15.7453 -5.25 15.7453 14.0625 0 17.0365 14.0625 -5.25 17.0365
3 16 10 -5.25 18.125 10 0 18.125 5.9375 -5.25 17.0365
3 16 5.9375 -5.25 17.0365 10 0 18.125 5.9375 0 17.0365
3 16 5.9375 -5.25 17.0365 5.9375 0 17.0365 2.9635 -5.25 14.0625
3 16 2.9635 -5.25 14.0625 5.9375 0 17.0365 2.9635 0 14.0625
3 16 2.9635 -5.25 14.0625 2.9635 0 14.0625 1.875 -5.25 10
3 16 1.875 -5.25 10 2.9635 0 14.0625 1.875 0 10
3 16 1.875 -5.25 10 1.875 0 10 2.9635 -5.25 5.9375
3 16 2.9635 -5.25 5.9375 1.875 0 10 2.9635 0 5.9375
3 16 2.9635 -5.25 5.9375 2.9635 0 5.9375 5.9375 -5.25 2.9635
3 16 5.9375 -5.25 2.9635 2.9635 0 5.9375 5.9375 0 2.9635
3 16 5.9375 -5.25 2.9635 5.9375 0 2.9635 10.2997 -5.25 1.8805
3 16 10.2997 -5.25 1.8805 5.9375 0 2.9635 10.2997 0 1.8805
3 16 10 -8 -10 10 -1.25 -10 13.9682 -5.25 -2.0636
3 16 13.9682 -5.25 -2.0636 10 -1.25 -10 13.9682 -1.25 -2.0636
3 16 10 -8 -10 -10 -8 -10 10 -1.25 -10
3 16 10 -1.25 -10 -10 -8 -10 -10 -1.25 -10
3 16 -10 -1.25 -10 -10 -8 -10 -10 -1.25 30
3 16 -10 -1.25 30 -10 -8 -10 -10 -8 30
3 16 26.2319 -1.638 24.8563 26.9108 -1.25 25.6941 27.1767 -1.6582 24.3534
3 16 27.1767 -1.6582 24.3534 26.9108 -1.25 25.6941 27.6584 -1.25 25.3167
3 16 25.2949 -2.7334 24.6963 26.2319 -1.638 24.8563 26.9344 -2.7334 23.8688
3 16 26.9344 -2.7334 23.8688 26.2319 -1.638 24.8563 27.1767 -1.6582 24.3534
3 16 26.6004 0 25.8221 26.9108 -1.25 25.6941 25.9209 0 25.1849
3 16 25.9209 0 25.1849 26.9108 -1.25 25.6941 26.2319 -1.638 24.8563
3 16 25.9209 0 25.1849 26.2319 -1.638 24.8563 24.8788 0 25.1742
3 16 24.8788 0 25.1742 26.2319 -1.638 24.8563 25.2949 -2.7334 24.6963
3 16 24.8788 0 25.1742 25.2949 -2.7334 24.6963 22.7474 0 26.25
3 16 22.7474 0 26.25 25.2949 -2.7334 24.6963 22.0529 -3.7199 26.236
3 16 22.0529 -3.7199 26.236 25.2949 -2.7334 24.6963 26.894 -3.7666 23.7879
3 16 26.894 -3.7666 23.7879 25.2949 -2.7334 24.6963 26.9344 -2.7334 23.8688
3 16 26.894 -3.7666 23.7879 26.6517 -4.8418 23.3033 22.0529 -3.7199 26.236
3 16 22.0529 -3.7199 26.236 26.6517 -4.8418 23.3033 20.8136 -4.8418 26.25
3 16 26.6517 -4.8418 23.3033 26.17 -5.25 22.34 20.8136 -4.8418 26.25
3 16 20.8136 -4.8418 26.25 26.17 -5.25 22.34 18.4235 -5.25 26.25
3 16 18.4235 -5.25 26.25 26.17 -5.25 22.34 15.7453 -5.25 15.7453
3 16 15.7453 -5.25 15.7453 26.17 -5.25 22.34 21.4925 -5.25 12.985
3 16 15.7453 -5.25 15.7453 21.4925 -5.25 12.985 16.4928 -5.0498 14.8846
3 16 16.4928 -5.0498 14.8846 21.4925 -5.25 12.985 21.2434 -5.0498 12.4868
3 16 16.4928 -5.0498 14.8846 21.2434 -5.0498 12.4868 16.8784 -4.4388 14.3363
3 16 16.8784 -4.4388 14.3363 21.2434 -5.0498 12.4868 21.1027 -4.4513 12.2053
3 16 16.8784 -4.4388 14.3363 21.1027 -4.4513 12.2053 19.4052 -2.7334 12.8938
3 16 19.4052 -2.7334 12.8938 21.1027 -4.4513 12.2053 21.0345 -2.7178 12.069
3 16 19.4052 -2.7334 12.8938 21.0345 -2.7178 12.069 19.8351 -1.617 12.0156
3 16 19.8351 -1.617 12.0156 21.0345 -2.7178 12.069 20.7741 -1.6217 11.5482
3 16 19.8351 -1.617 12.0156 20.7741 -1.6217 11.5482 19.5639 -1.25 11.0003
3 16 19.5639 -1.25 11.0003 20.7741 -1.6217 11.5482 20.3115 -1.25 10.623
3 16 19.4052 -2.7334 12.8938 19.8351 -1.617 12.0156 18.766 0 12.9485
3 16 18.766 0 12.9485 19.8351 -1.617 12.0156 19.386 0 12.0802
3 16 19.8351 -1.617 12.0156 19.5639 -1.25 11.0003 19.386 0 12.0802
3 16 19.386 0 12.0802 19.5639 -1.25 11.0003 19.2808 0 11.1831
3 16 20.2755 -8 10.551 20.7741 -1.6217 11.5482 21.0345 -2.7178 12.069
3 16 20.2755 -8 10.551 20.3115 -1.25 10.623 20.7741 -1.6217 11.5482
3 16 20.3115 -1.25 10.623 18.0318 -1.25 6.0636 19.5639 -1.25 11.0003
3 16 19.5639 -1.25 11.0003 18.0318 -1.25 6.0636 16.8289 -1.25 5.5304
3 16 19.5639 -1.25 11.0003 16.8289 -1.25 5.5304 19.2808 0 11.1831
3 16 19.2808 0 11.1831 16.8289 -1.25 5.5304 16.2737 0 5.1726
3 16 16.8289 -5.25 5.5304 16.8289 -1.25 5.5304 18.0211 -5.25 6.0422
3 16 18.0211 -5.25 6.0422 16.8289 -1.25 5.5304 18.0318 -1.25 6.0636
3 16 16.8289 -5.25 5.5304 16.2737 -5.25 5.1726 16.8289 -1.25 5.5304
3 16 16.8289 -1.25 5.5304 16.2737 -5.25 5.1726 16.2737 0 5.1726
3 16 16.2737 -5.25 5.1726 15.4589 -5.25 4.4732 16.2737 0 5.1726
3 16 16.2737 0 5.1726 15.4589 -5.25 4.4732 15.4589 0 4.4732
3 16 15.4589 -5.25 4.4732 14.8076 -5.25 3.6969 15.4589 0 4.4732
3 16 15.4589 0 4.4732 14.8076 -5.25 3.6969 14.8076 0 3.6969
3 16 14.8076 -5.25 3.6969 14.2824 -5.25 2.8183 14.8076 0 3.6969
3 16 14.8076 0 3.6969 14.2824 -5.25 2.8183 14.2824 0 2.8183
3 16 14.2824 -5.25 2.8183 13.9102 -5.25 1.8831 14.2824 0 2.8183
3 16 14.2824 0 2.8183 13.9102 -5.25 1.8831 13.9102 0 1.8831
3 16 13.9102 -5.25 1.8831 13.6949 -5.25 0.9397 13.9102 0 1.8831
3 16 13.9102 0 1.8831 13.6949 -5.25 0.9397 13.6949 0 0.9397
3 16 13.6949 -5.25 0.9397 13.6262 -5.25 -0.1261 13.6949 0 0.9397
3 16 13.6949 0 0.9397 13.6262 -5.25 -0.1261 13.6262 0 -0.1261
3 16 13.6731 -5.25 -0.7814 13.6731 -1.25 -0.7814 13.6262 -5.25 -0.1261
3 16 13.6262 -5.25 -0.1261 13.6731 -1.25 -0.7814 13.6262 0 -0.1261
3 16 13.6731 -5.25 -0.7814 13.9682 -5.25 -2.0636 13.6731 -1.25 -0.7814
3 16 13.6731 -1.25 -0.7814 13.9682 -5.25 -2.0636 13.9682 -1.25 -2.0636
3 16 13.6262 0 -0.1261 11.1147 0 0.6148 13.6949 0 0.9397
3 16 13.6949 0 0.9397 11.1147 0 0.6148 11.051 0 1.5048
3 16 14.2824 0 2.8183 13.9102 0 1.8831 13.125 0 4.5873
3 16 13.6949 0 0.9397 11.051 0 1.5048 13.9102 0 1.8831
3 16 13.9102 0 1.8831 11.051 0 1.5048 13.125 0 4.5873
3 16 14.2824 0 2.8183 13.125 0 4.5873 14.8076 0 3.6969
3 16 15.4127 0 6.875 16.25 0 10 16.2737 0 5.1726
3 16 16.2737 0 5.1726 16.25 0 10 19.2808 0 11.1831
3 16 13.6262 0 -0.1261 13.6731 -1.25 -0.7814 9.6176 0 -8.1434
3 16 9.6176 0 -8.1434 13.6731 -1.25 -0.7814 9.8246 -1.25 -8.4783
3 16 9.3177 -1.25 -9.0321 9.121 0 -8.691 9.8246 -1.25 -8.4783
3 16 9.8246 -1.25 -8.4783 9.121 0 -8.691 9.6176 0 -8.1434
3 16 8.4297 0 -8.8776 9.121 0 -8.691 8.6367 -1.25 -9.2125
3 16 8.6367 -1.25 -9.2125 9.121 0 -8.691 9.3177 -1.25 -9.0321
3 16 8.4297 0 -8.8776 8.6367 -1.25 -9.2125 -7.5136 -0.0077 -8.8796
3 16 -7.5136 -0.0077 -8.8796 8.6367 -1.25 -9.2125 -7.8843 -1.25 -9.2125
3 16 21.1027 -4.4513 12.2053 20.2755 -8 10.551 21.0345 -2.7178 12.069
3 16 21.2434 -5.0498 12.4868 20.2755 -8 10.551 21.1027 -4.4513 12.2053
3 16 20.2755 -8 10.551 21.2434 -5.0498 12.4868 21.4925 -5.25 12.985
3 16 20.2755 -8 10.551 18.0211 -5.25 6.0422 18.0318 -1.25 6.0636
3 16 20.2755 -8 10.551 18.0318 -1.25 6.0636 20.3115 -1.25 10.623
3 16 21.4925 -5.25 12.985 26.17 -5.25 22.34 20.2755 -8 10.551
3 16 20.2755 -8 10.551 26.17 -5.25 22.34 28.3125 -8 26.625
3 16 20.2755 -8 10.551 10 -8 -10 15.9947 -5.25 1.9893
3 16 15.9947 -5.25 1.9893 10 -8 -10 13.9682 -5.25 -2.0636
3 16 28.3125 -8 26.625 26.17 -5.25 22.34 26.6517 -4.8418 23.3033
3 16 26.9344 -2.7334 23.8688 27.1767 -1.6582 24.3534 28.3125 -8 26.625
3 16 27.1767 -1.6582 24.3534 27.6584 -1.25 25.3167 28.3125 -8 26.625
3 16 26.9344 -2.7334 23.8688 28.3125 -8 26.625 26.894 -3.7666 23.7879
3 16 26.6517 -4.8418 23.3033 26.894 -3.7666 23.7879 28.3125 -8 26.625
3 16 28.3125 -1.25 30 28.3125 -8 30 28.3125 -1.25 26.625
3 16 28.3125 -1.25 26.625 28.3125 -8 30 28.3125 -8 26.625
3 16 28.3125 -8 30 28.3125 -1.25 30 -10 -8 30
3 16 -10 -8 30 28.3125 -1.25 30 -10 -1.25 30
3 16 28.3125 -1.25 26.625 28.3125 -8 26.625 27.6584 -1.25 25.3167
3 16 18.766 0 12.9485 17.2184 0 13.7296 19.4052 -2.7334 12.8938
3 16 19.4052 -2.7334 12.8938 17.2184 0 13.7296 16.8784 -4.4388 14.3363
3 16 -7.5136 -0.0077 -8.8796 -7.8843 -1.25 -9.2125 -8.5423 0 -8.4426
3 16 -8.5423 0 -8.4426 -7.8843 -1.25 -9.2125 -8.8927 -1.25 -8.7599
3 16 -8.8776 0 -7.5494 -8.5423 0 -8.4426 -9.2125 -1.25 -7.8844
3 16 -9.2125 -1.25 -7.8844 -8.5423 0 -8.4426 -8.8927 -1.25 -8.7599
3 16 -8.8776 0 -7.5494 -9.2125 -1.25 -7.8844 -8.8776 0 27.5494
3 16 -8.8776 0 27.5494 -9.2125 -1.25 -7.8844 -9.2125 -1.25 27.8844
3 16 -8.8776 0 27.5494 -9.2125 -1.25 27.8844 -8.477 0 28.5103
3 16 -8.477 0 28.5103 -9.2125 -1.25 27.8844 -8.812 -1.25 28.8452
3 16 -7.5494 0 28.8776 -8.477 0 28.5103 -7.8843 -1.25 29.2125
3 16 -7.8843 -1.25 29.2125 -8.477 0 28.5103 -8.812 -1.25 28.8452
3 16 26.1969 -1.25 29.2125 25.8619 0 28.8776 -7.8843 -1.25 29.2125
3 16 -7.8843 -1.25 29.2125 25.8619 0 28.8776 -7.5494 0 28.8776
3 16 25.8619 0 28.8776 26.1969 -1.25 29.2125 26.8389 0 28.46
3 16 26.8389 0 28.46 26.1969 -1.25 29.2125 27.1897 -1.25 28.7776
3 16 27.1901 0 27.5494 26.8389 0 28.46 27.525 -1.25 27.8844
3 16 27.525 -1.25 27.8844 26.8389 0 28.46 27.1897 -1.25 28.7776
3 16 27.525 -1.25 27.8844 27.525 -1.25 26.9225 27.1901 0 27.5494
3 16 27.1901 0 27.5494 27.525 -1.25 26.9225 27.1901 0 27.0016
3 16 27.525 -1.25 26.9225 26.9108 -1.25 25.6941 27.1901 0 27.0016
3 16 27.1901 0 27.0016 26.9108 -1.25 25.6941 26.6004 0 25.8221
3 16 28.3125 -1.25 26.625 27.6584 -1.25 25.3167 27.525 -1.25 26.9225
3 16 27.525 -1.25 26.9225 27.6584 -1.25 25.3167 26.9108 -1.25 25.6941
3 16 27.525 -1.25 26.9225 27.525 -1.25 27.8844 28.3125 -1.25 26.625
3 16 28.3125 -1.25 26.625 27.525 -1.25 27.8844 28.3125 -1.25 30
3 16 -10 -1.25 30 -7.8843 -1.25 29.2125 -8.812 -1.25 28.8452
3 16 -10 -1.25 -10 -9.2125 -1.25 -7.8844 -8.8927 -1.25 -8.7599
3 16 -9.2125 -1.25 -7.8844 -10 -1.25 -10 -9.2125 -1.25 27.8844
3 16 -9.2125 -1.25 27.8844 -10 -1.25 -10 -10 -1.25 30
3 16 28.3125 -1.25 30 26.1969 -1.25 29.2125 -10 -1.25 30
3 16 -10 -1.25 30 26.1969 -1.25 29.2125 -7.8843 -1.25 29.2125
3 16 13.6731 -1.25 -0.7814 13.9682 -1.25 -2.0636 9.8246 -1.25 -8.4783
3 16 9.8246 -1.25 -8.4783 13.9682 -1.25 -2.0636 10 -1.25 -10
3 16 10 -1.25 -10 9.3177 -1.25 -9.0321 9.8246 -1.25 -8.4783
3 16 8.6367 -1.25 -9.2125 10 -1.25 -10 -7.8843 -1.25 -9.2125
3 16 -7.8843 -1.25 -9.2125 10 -1.25 -10 -10 -1.25 -10
3 16 10 -8 -10 20.2755 -8 10.551 -10 -8 -10
3 16 -10 -8 -10 20.2755 -8 10.551 -10 -8 30
3 16 28.3125 -8 30 -10 -8 30 28.3125 -8 26.625
3 16 -10 -8 30 20.2755 -8 10.551 28.3125 -8 26.625
3 16 26.1969 -1.25 29.2125 28.3125 -1.25 30 27.1897 -1.25 28.7776
3 16 27.1897 -1.25 28.7776 28.3125 -1.25 30 27.525 -1.25 27.8844
3 16 -7.8843 -1.25 -9.2125 -10 -1.25 -10 -8.8927 -1.25 -8.7599
3 16 8.6367 -1.25 -9.2125 9.3177 -1.25 -9.0321 10 -1.25 -10
3 16 19.3933 0 26.25 22.7474 0 26.25 22.0529 -3.7199 26.236
3 16 20.8136 -4.8418 26.25 19.3933 0 26.25 22.0529 -3.7199 26.236
3 16 19.3933 0 26.25 20.8136 -4.8418 26.25 18.4235 -5.25 26.25
3 16 -6.25 -5.25 10 -6.25 0 26.25 -6.25 -5.25 26.25
3 16 -6.25 0 -6.25 -6.25 -5.25 -6.25 7.6822 0 -6.25
3 16 7.6822 0 -6.25 -6.25 -5.25 -6.25 7.6822 -5.25 -6.25
3 16 7.6822 0 -6.25 7.6822 -5.25 -6.25 11.1147 0 0.6148
3 16 11.1147 0 0.6148 7.6822 -5.25 -6.25 11.1147 -5.25 0.6148
3 16 -7.5136 -0.0077 -8.8796 -6.25 0 -6.25 8.4297 0 -8.8776
3 16 8.4297 0 -8.8776 -6.25 0 -6.25 7.6822 0 -6.25
3 16 9.6176 0 -8.1434 7.6822 0 -6.25 13.6262 0 -0.1261
3 16 13.6262 0 -0.1261 7.6822 0 -6.25 11.1147 0 0.6148
3 16 -6.25 0 -6.25 -8.8776 0 -7.5494 -6.25 0 26.25
3 16 -6.25 0 26.25 -8.8776 0 -7.5494 -8.8776 0 27.5494
3 16 25.8619 0 28.8776 19.3933 0 26.25 -7.5494 0 28.8776
3 16 -7.5494 0 28.8776 19.3933 0 26.25 -6.25 0 26.25
3 16 -9.2125 -1.25 27.8844 -10 -1.25 30 -8.812 -1.25 28.8452
3 16 25.3704 0 27.0259 22.7474 0 26.25 25.8619 0 28.8776
3 16 25.8619 0 28.8776 22.7474 0 26.25 19.3933 0 26.25
3 16 -6.25 0 26.25 -8.8776 0 27.5494 -8.477 0 28.5103
3 16 -6.25 0 26.25 -8.477 0 28.5103 -7.5494 0 28.8776
3 16 -6.25 0 -6.25 -7.5136 -0.0077 -8.8796 -8.5423 0 -8.4426
3 16 -6.25 0 -6.25 -8.5423 0 -8.4426 -8.8776 0 -7.5494
3 16 11.1147 0 0.6148 11.1147 -5.25 0.6148 11.051 0 1.5048
3 16 11.051 0 1.5048 11.1147 -5.25 0.6148 11.051 -5.25 1.5048
3 16 11.051 0 1.5048 11.051 -5.25 1.5048 10.2997 0 1.8805
3 16 10.2997 0 1.8805 11.051 -5.25 1.5048 10.2997 -5.25 1.8805
3 16 18.766 0 12.9485 19.386 0 12.0802 15.4127 0 13.125
3 16 15.4127 0 13.125 19.386 0 12.0802 16.25 0 10
3 16 16.25 0 10 19.386 0 12.0802 19.2808 0 11.1831
3 16 19.3933 0 26.25 18.4235 -5.25 26.25 -6.25 0 26.25
3 16 -6.25 0 26.25 18.4235 -5.25 26.25 -6.25 -5.25 26.25
3 16 -6.25 -5.25 26.25 1.875 -5.25 10 -6.25 -5.25 10
3 16 -6.25 -5.25 10 1.875 -5.25 10 2.9635 -5.25 5.9375
3 16 2.9635 -5.25 14.0625 1.875 -5.25 10 -6.25 -5.25 26.25
3 16 18.4235 -5.25 26.25 15.7453 -5.25 15.7453 14.0625 -5.25 17.0365
3 16 -6.25 -5.25 26.25 18.4235 -5.25 26.25 5.9375 -5.25 17.0365
3 16 18.4235 -5.25 26.25 10 -5.25 18.125 5.9375 -5.25 17.0365
3 16 -6.25 -5.25 10 2.9635 -5.25 5.9375 -6.25 -5.25 -6.25
3 16 2.9635 -5.25 5.9375 5.9375 -5.25 2.9635 -6.25 -5.25 -6.25
3 16 11.051 -5.25 1.5048 11.1147 -5.25 0.6148 10.2997 -5.25 1.8805
3 16 11.1147 -5.25 0.6148 7.6822 -5.25 -6.25 10.2997 -5.25 1.8805
3 16 10.2997 -5.25 1.8805 7.6822 -5.25 -6.25 5.9375 -5.25 2.9635
3 16 5.9375 -5.25 2.9635 7.6822 -5.25 -6.25 -6.25 -5.25 -6.25
3 16 9.121 0 -8.691 8.4297 0 -8.8776 7.6822 0 -6.25
3 16 9.6176 0 -8.1434 9.121 0 -8.691 7.6822 0 -6.25
3 16 17.2184 0 13.7296 15.4127 0 13.125 14.0625 0 17.0365
3 16 14.0625 0 17.0365 15.4127 0 13.125 13.125 0 15.4127
3 16 10 0 16.25 10 0 18.125 13.125 0 15.4127
3 16 13.125 0 15.4127 10 0 18.125 14.0625 0 17.0365
3 16 6.875 0 15.4127 5.9375 0 17.0365 10 0 16.25
3 16 10 0 16.25 5.9375 0 17.0365 10 0 18.125
3 16 4.5873 0 13.125 2.9635 0 14.0625 6.875 0 15.4127
3 16 6.875 0 15.4127 2.9635 0 14.0625 5.9375 0 17.0365
3 16 3.75 0 10 1.875 0 10 4.5873 0 13.125
3 16 4.5873 0 13.125 1.875 0 10 2.9635 0 14.0625
3 16 4.5873 0 6.875 2.9635 0 5.9375 3.75 0 10
3 16 3.75 0 10 2.9635 0 5.9375 1.875 0 10
3 16 6.875 0 4.5873 5.9375 0 2.9635 4.5873 0 6.875
3 16 4.5873 0 6.875 5.9375 0 2.9635 2.9635 0 5.9375
3 16 10.2997 0 1.8805 5.9375 0 2.9635 10 0 3.75
3 16 10 0 3.75 5.9375 0 2.9635 6.875 0 4.5873
3 16 13.125 -5.25 15.4127 13.125 0 15.4127 15.4127 -5.25 13.125
3 16 15.4127 -5.25 13.125 13.125 0 15.4127 15.4127 0 13.125
3 16 10 -5.25 16.25 10 0 16.25 13.125 -5.25 15.4127
3 16 13.125 -5.25 15.4127 10 0 16.25 13.125 0 15.4127
3 16 6.875 -5.25 15.4127 6.875 0 15.4127 10 -5.25 16.25
3 16 10 -5.25 16.25 6.875 0 15.4127 10 0 16.25
3 16 4.5873 -5.25 13.125 4.5873 0 13.125 6.875 -5.25 15.4127
3 16 6.875 -5.25 15.4127 4.5873 0 13.125 6.875 0 15.4127
3 16 3.75 -5.25 10 3.75 0 10 4.5873 -5.25 13.125
3 16 4.5873 -5.25 13.125 3.75 0 10 4.5873 0 13.125
3 16 4.5873 -5.25 6.875 4.5873 0 6.875 3.75 -5.25 10
3 16 3.75 -5.25 10 4.5873 0 6.875 3.75 0 10
3 16 6.875 -5.25 4.5873 6.875 0 4.5873 4.5873 -5.25 6.875
3 16 4.5873 -5.25 6.875 6.875 0 4.5873 4.5873 0 6.875
3 16 10 -5.25 3.75 10 0 3.75 6.875 -5.25 4.5873
3 16 6.875 -5.25 4.5873 10 0 3.75 6.875 0 4.5873
3 16 13.125 -5.25 4.5873 13.125 0 4.5873 10 -5.25 3.75
3 16 10 -5.25 3.75 13.125 0 4.5873 10 0 3.75
3 16 15.4127 -5.25 6.875 15.4127 0 6.875 13.125 -5.25 4.5873
3 16 13.125 -5.25 4.5873 15.4127 0 6.875 13.125 0 4.5873
3 16 16.25 -5.25 10 16.25 0 10 15.4127 -5.25 6.875
3 16 15.4127 -5.25 6.875 16.25 0 10 15.4127 0 6.875
3 16 15.4127 -5.25 13.125 15.4127 0 13.125 16.25 -5.25 10
3 16 16.25 -5.25 10 15.4127 0 13.125 16.25 0 10
3 16 6.875 -5.25 4.5873 4.5873 -5.25 6.875 10 -5.25 10
3 16 10 -5.25 10 15.4127 -5.25 13.125 16.25 -5.25 10
3 16 10 -5.25 10 16.25 -5.25 10 15.4127 -5.25 6.875
3 16 10 -5.25 10 15.4127 -5.25 6.875 13.125 -5.25 4.5873
3 16 10 -5.25 10 13.125 -5.25 4.5873 10 -5.25 3.75
3 16 10 -5.25 10 10 -5.25 3.75 6.875 -5.25 4.5873
3 16 10 -5.25 10 4.5873 -5.25 6.875 3.75 -5.25 10
3 16 10 -5.25 10 3.75 -5.25 10 4.5873 -5.25 13.125
3 16 10 -5.25 10 4.5873 -5.25 13.125 6.875 -5.25 15.4127
3 16 10 -5.25 10 6.875 -5.25 15.4127 10 -5.25 16.25
3 16 10 -5.25 10 10 -5.25 16.25 13.125 -5.25 15.4127
3 16 10 -5.25 10 13.125 -5.25 15.4127 15.4127 -5.25 13.125
3 16 13.125 0 4.5873 11.051 0 1.5048 10 0 3.75
3 16 10 0 3.75 11.051 0 1.5048 10.2997 0 1.8805
3 16 17.2184 0 13.7296 18.766 0 12.9485 15.4127 0 13.125
3 16 18.0211 -5.25 6.0422 15.9947 -5.25 1.9893 16.8289 -5.25 5.5304
3 16 13.9682 -5.25 -2.0636 13.6731 -5.25 -0.7814 15.9947 -5.25 1.9893
3 16 16.8289 -5.25 5.5304 15.9947 -5.25 1.9893 16.2737 -5.25 5.1726
3 16 13.6731 -5.25 -0.7814 13.6262 -5.25 -0.1261 15.9947 -5.25 1.9893
3 16 13.6262 -5.25 -0.1261 13.6949 -5.25 0.9397 15.9947 -5.25 1.9893
3 16 16.2737 -5.25 5.1726 15.9947 -5.25 1.9893 15.4589 -5.25 4.4732
3 16 13.6949 -5.25 0.9397 13.9102 -5.25 1.8831 15.9947 -5.25 1.9893
3 16 15.4589 -5.25 4.4732 15.9947 -5.25 1.9893 14.8076 -5.25 3.6969
3 16 13.9102 -5.25 1.8831 14.2824 -5.25 2.8183 15.9947 -5.25 1.9893
3 16 15.9947 -5.25 1.9893 14.2824 -5.25 2.8183 14.8076 -5.25 3.6969
3 16 18.0211 -5.25 6.0422 20.2755 -8 10.551 15.9947 -5.25 1.9893
3 16 25.3704 0 27.0259 25.8619 0 28.8776 26.8389 0 28.46
3 16 22.7474 0 26.25 25.3704 0 27.0259 24.8788 0 25.1742
3 16 25.3704 0 27.0259 26.6004 0 25.8221 25.9209 0 25.1849
3 16 25.3704 0 27.0259 25.9209 0 25.1849 24.8788 0 25.1742
3 16 25.3704 0 27.0259 26.8389 0 28.46 27.1901 0 27.5494
3 16 27.1901 0 27.0016 25.3704 0 27.0259 27.1901 0 27.5494
3 16 26.6004 0 25.8221 25.3704 0 27.0259 27.1901 0 27.0016
3 16 -6.25 -5.25 -6.25 -6.25 0 -6.25 -6.25 -5.25 10
3 16 -6.25 -5.25 10 -6.25 0 -6.25 -6.25 0 26.25
3 16 14.0625 -5.25 17.0365 14.0625 0 17.0365 10 -5.25 18.125
3 16 10 -5.25 18.125 14.0625 0 17.0365 10 0 18.125
3 16 18.4235 -5.25 26.25 14.0625 -5.25 17.0365 10 -5.25 18.125
3 16 14.8076 0 3.6969 13.125 0 4.5873 15.4589 0 4.4732
3 16 15.4589 0 4.4732 13.125 0 4.5873 15.4127 0 6.875
3 16 16.2737 0 5.1726 15.4589 0 4.4732 15.4127 0 6.875
3 16 -6.25 -5.25 26.25 5.9375 -5.25 17.0365 2.9635 -5.25 14.0625
2 24 16.4928 -5.0498 14.8846 16.8784 -4.4388 14.3363
2 24 14.0625 0 17.0365 17.2184 0 13.7296
2 24 16.8784 -4.4388 14.3363 17.2184 0 13.7296
2 24 16.4928 -5.0498 14.8846 15.7453 -5.25 15.7453
2 24 15.7453 -5.25 15.7453 14.0625 -5.25 17.0365
2 24 10 -5.25 18.125 5.9375 -5.25 17.0365
2 24 10 0 18.125 5.9375 0 17.0365
2 24 5.9375 -5.25 17.0365 2.9635 -5.25 14.0625
2 24 5.9375 0 17.0365 2.9635 0 14.0625
2 24 2.9635 -5.25 14.0625 1.875 -5.25 10
2 24 2.9635 0 14.0625 1.875 0 10
2 24 1.875 -5.25 10 2.9635 -5.25 5.9375
2 24 1.875 0 10 2.9635 0 5.9375
2 24 2.9635 -5.25 5.9375 5.9375 -5.25 2.9635
2 24 2.9635 0 5.9375 5.9375 0 2.9635
2 24 5.9375 -5.25 2.9635 10.2997 -5.25 1.8805
2 24 5.9375 0 2.9635 10.2997 0 1.8805
2 24 10 -8 -10 10 -1.25 -10
2 24 10 -1.25 -10 13.9682 -1.25 -2.0636
2 24 13.9682 -5.25 -2.0636 13.9682 -1.25 -2.0636
2 24 10 -8 -10 -10 -8 -10
2 24 10 -8 -10 10 -1.25 -10
2 24 -10 -8 -10 -10 -1.25 -10
2 24 10 -1.25 -10 -10 -1.25 -10
2 24 -10 -1.25 -10 -10 -8 -10
2 24 -10 -1.25 -10 -10 -1.25 30
2 24 -10 -8 -10 -10 -8 30
2 24 -10 -1.25 30 -10 -8 30
2 24 26.2319 -1.638 24.8563 26.9108 -1.25 25.6941
2 24 27.1767 -1.6582 24.3534 27.6584 -1.25 25.3167
2 24 26.2319 -1.638 24.8563 25.2949 -2.7334 24.6963
2 24 27.1767 -1.6582 24.3534 26.9344 -2.7334 23.8688
2 24 26.6004 0 25.8221 25.9209 0 25.1849
2 24 26.9108 -1.25 25.6941 26.2319 -1.638 24.8563
2 24 25.9209 0 25.1849 24.8788 0 25.1742
2 24 25.2949 -2.7334 24.6963 26.2319 -1.638 24.8563
2 24 24.8788 0 25.1742 22.7474 0 26.25
2 24 22.7474 0 26.25 22.0529 -3.7199 26.236
2 24 26.9344 -2.7334 23.8688 26.894 -3.7666 23.7879
2 24 26.894 -3.7666 23.7879 26.6517 -4.8418 23.3033
2 24 22.0529 -3.7199 26.236 20.8136 -4.8418 26.25
2 24 26.6517 -4.8418 23.3033 26.17 -5.25 22.34
2 24 20.8136 -4.8418 26.25 18.4235 -5.25 26.25
2 24 26.17 -5.25 22.34 21.4925 -5.25 12.985
2 24 15.7453 -5.25 15.7453 16.4928 -5.0498 14.8846
2 24 21.4925 -5.25 12.985 21.2434 -5.0498 12.4868
2 24 16.4928 -5.0498 14.8846 16.8784 -4.4388 14.3363
2 24 21.2434 -5.0498 12.4868 21.1027 -4.4513 12.2053
2 24 21.1027 -4.4513 12.2053 21.0345 -2.7178 12.069
2 24 19.4052 -2.7334 12.8938 19.8351 -1.617 12.0156
2 24 21.0345 -2.7178 12.069 20.7741 -1.6217 11.5482
2 24 19.8351 -1.617 12.0156 19.5639 -1.25 11.0003
2 24 20.7741 -1.6217 11.5482 20.3115 -1.25 10.623
2 24 19.4052 -2.7334 12.8938 19.8351 -1.617 12.0156
2 24 18.766 0 12.9485 19.386 0 12.0802
2 24 19.8351 -1.617 12.0156 19.5639 -1.25 11.0003
2 24 19.386 0 12.0802 19.2808 0 11.1831
2 24 20.7741 -1.6217 11.5482 21.0345 -2.7178 12.069
2 24 20.7741 -1.6217 11.5482 20.3115 -1.25 10.623
2 24 20.3115 -1.25 10.623 18.0318 -1.25 6.0636
2 24 18.0318 -1.25 6.0636 16.8289 -1.25 5.5304
2 24 19.5639 -1.25 11.0003 16.8289 -1.25 5.5304
2 24 19.5639 -1.25 11.0003 16.8289 -1.25 5.5304
2 24 16.8289 -1.25 5.5304 16.2737 0 5.1726
2 24 19.2808 0 11.1831 16.2737 0 5.1726
2 24 16.8289 -5.25 5.5304 18.0211 -5.25 6.0422
2 24 16.8289 -1.25 5.5304 18.0318 -1.25 6.0636
2 24 18.0211 -5.25 6.0422 18.0318 -1.25 6.0636
2 24 16.8289 -5.25 5.5304 16.2737 -5.25 5.1726
2 24 16.8289 -1.25 5.5304 16.2737 0 5.1726
2 24 16.2737 -5.25 5.1726 15.4589 -5.25 4.4732
2 24 16.2737 0 5.1726 15.4589 0 4.4732
2 24 15.4589 -5.25 4.4732 14.8076 -5.25 3.6969
2 24 15.4589 0 4.4732 14.8076 0 3.6969
2 24 14.8076 -5.25 3.6969 14.2824 -5.25 2.8183
2 24 14.8076 0 3.6969 14.2824 0 2.8183
2 24 14.2824 -5.25 2.8183 13.9102 -5.25 1.8831
2 24 14.2824 0 2.8183 13.9102 0 1.8831
2 24 13.9102 -5.25 1.8831 13.6949 -5.25 0.9397
2 24 13.9102 0 1.8831 13.6949 0 0.9397
2 24 13.6949 -5.25 0.9397 13.6262 -5.25 -0.1261
2 24 13.6949 0 0.9397 13.6262 0 -0.1261
2 24 13.6262 -5.25 -0.1261 13.6731 -5.25 -0.7814
2 24 13.6262 0 -0.1261 13.6731 -1.25 -0.7814
2 24 13.6731 -5.25 -0.7814 13.9682 -5.25 -2.0636
2 24 13.9682 -5.25 -2.0636 13.9682 -1.25 -2.0636
2 24 13.6731 -1.25 -0.7814 13.9682 -1.25 -2.0636
2 24 13.6262 0 -0.1261 13.6949 0 0.9397
2 24 11.1147 0 0.6148 11.051 0 1.5048
2 24 14.2824 0 2.8183 13.9102 0 1.8831
2 24 13.6949 0 0.9397 13.9102 0 1.8831
2 24 14.2824 0 2.8183 14.8076 0 3.6969
2 24 15.4127 0 6.875 16.25 0 10
2 24 16.2737 0 5.1726 19.2808 0 11.1831
2 24 13.6262 0 -0.1261 13.6731 -1.25 -0.7814
2 24 13.6262 0 -0.1261 9.6176 0 -8.1434
2 24 13.6731 -1.25 -0.7814 9.8246 -1.25 -8.4783
2 24 9.8246 -1.25 -8.4783 9.3177 -1.25 -9.0321
2 24 9.6176 0 -8.1434 9.121 0 -8.691
2 24 9.121 0 -8.691 8.4297 0 -8.8776
2 24 9.3177 -1.25 -9.0321 8.6367 -1.25 -9.2125
2 24 8.4297 0 -8.8776 -7.5136 -0.0077 -8.8796
2 24 8.6367 -1.25 -9.2125 -7.8843 -1.25 -9.2125
2 24 21.0345 -2.7178 12.069 21.1027 -4.4513 12.2053
2 24 21.1027 -4.4513 12.2053 21.2434 -5.0498 12.4868
2 24 21.2434 -5.0498 12.4868 21.4925 -5.25 12.985
2 24 18.0211 -5.25 6.0422 18.0318 -1.25 6.0636
2 24 20.3115 -1.25 10.623 18.0318 -1.25 6.0636
2 24 21.4925 -5.25 12.985 26.17 -5.25 22.34
2 24 20.2755 -8 10.551 28.3125 -8 26.625
2 24 10 -8 -10 20.2755 -8 10.551
2 24 13.9682 -5.25 -2.0636 15.9947 -5.25 1.9893
2 24 26.17 -5.25 22.34 26.6517 -4.8418 23.3033
2 24 26.9344 -2.7334 23.8688 27.1767 -1.6582 24.3534
2 24 27.1767 -1.6582 24.3534 27.6584 -1.25 25.3167
2 24 26.9344 -2.7334 23.8688 26.894 -3.7666 23.7879
2 24 26.6517 -4.8418 23.3033 26.894 -3.7666 23.7879
2 24 28.3125 -1.25 30 28.3125 -8 30
2 24 28.3125 -1.25 30 28.3125 -1.25 26.625
2 24 28.3125 -8 30 28.3125 -8 26.625
2 24 28.3125 -1.25 26.625 28.3125 -8 26.625
2 24 28.3125 -8 30 28.3125 -1.25 30
2 24 28.3125 -8 30 -10 -8 30
2 24 28.3125 -1.25 30 -10 -1.25 30
2 24 -10 -8 30 -10 -1.25 30
2 24 28.3125 -8 26.625 28.3125 -1.25 26.625
2 24 27.6584 -1.25 25.3167 28.3125 -1.25 26.625
2 24 18.766 0 12.9485 17.2184 0 13.7296
2 24 16.8784 -4.4388 14.3363 17.2184 0 13.7296
2 24 -7.5136 -0.0077 -8.8796 -8.5423 0 -8.4426
2 24 -7.8843 -1.25 -9.2125 -8.8927 -1.25 -8.7599
2 24 -8.5423 0 -8.4426 -8.8776 0 -7.5494
2 24 -8.8927 -1.25 -8.7599 -9.2125 -1.25 -7.8844
2 24 -8.8776 0 -7.5494 -8.8776 0 27.5494
2 24 -9.2125 -1.25 -7.8844 -9.2125 -1.25 27.8844
2 24 -8.8776 0 27.5494 -8.477 0 28.5103
2 24 -9.2125 -1.25 27.8844 -8.812 -1.25 28.8452
2 24 -8.477 0 28.5103 -7.5494 0 28.8776
2 24 -8.812 -1.25 28.8452 -7.8843 -1.25 29.2125
2 24 -7.8843 -1.25 29.2125 26.1969 -1.25 29.2125
2 24 -7.5494 0 28.8776 25.8619 0 28.8776
2 24 25.8619 0 28.8776 26.8389 0 28.46
2 24 26.1969 -1.25 29.2125 27.1897 -1.25 28.7776
2 24 26.8389 0 28.46 27.1901 0 27.5494
2 24 27.1897 -1.25 28.7776 27.525 -1.25 27.8844
2 24 27.525 -1.25 27.8844 27.525 -1.25 26.9225
2 24 27.1901 0 27.5494 27.1901 0 27.0016
2 24 26.9108 -1.25 25.6941 27.525 -1.25 26.9225
2 24 26.6004 0 25.8221 27.1901 0 27.0016
2 24 27.6584 -1.25 25.3167 28.3125 -1.25 26.625
2 24 26.9108 -1.25 25.6941 27.525 -1.25 26.9225
2 24 27.525 -1.25 26.9225 27.525 -1.25 27.8844
2 24 28.3125 -1.25 26.625 28.3125 -1.25 30
2 24 -7.8843 -1.25 29.2125 -8.812 -1.25 28.8452
2 24 -9.2125 -1.25 -7.8844 -8.8927 -1.25 -8.7599
2 24 -9.2125 -1.25 -7.8844 -9.2125 -1.25 27.8844
2 24 -10 -1.25 30 -10 -1.25 -10
2 24 28.3125 -1.25 30 -10 -1.25 30
2 24 -7.8843 -1.25 29.2125 26.1969 -1.25 29.2125
2 24 13.6731 -1.25 -0.7814 13.9682 -1.25 -2.0636
2 24 13.6731 -1.25 -0.7814 9.8246 -1.25 -8.4783
2 24 13.9682 -1.25 -2.0636 10 -1.25 -10
2 24 9.8246 -1.25 -8.4783 9.3177 -1.25 -9.0321
2 24 8.6367 -1.25 -9.2125 -7.8843 -1.25 -9.2125
2 24 -10 -1.25 -10 10 -1.25 -10
2 24 10 -8 -10 20.2755 -8 10.551
2 24 10 -8 -10 -10 -8 -10
2 24 -10 -8 -10 -10 -8 30
2 24 -10 -8 30 28.3125 -8 30
2 24 28.3125 -8 30 28.3125 -8 26.625
2 24 20.2755 -8 10.551 28.3125 -8 26.625
2 24 26.1969 -1.25 29.2125 27.1897 -1.25 28.7776
2 24 27.525 -1.25 27.8844 27.1897 -1.25 28.7776
2 24 -8.8927 -1.25 -8.7599 -7.8843 -1.25 -9.2125
2 24 9.3177 -1.25 -9.0321 8.6367 -1.25 -9.2125
2 24 22.7474 0 26.25 22.0529 -3.7199 26.236
2 24 19.3933 0 26.25 22.7474 0 26.25
2 24 22.0529 -3.7199 26.236 20.8136 -4.8418 26.25
2 24 20.8136 -4.8418 26.25 18.4235 -5.25 26.25
2 24 -6.25 0 26.25 -6.25 -5.25 26.25
2 24 -6.25 -5.25 10 -6.25 -5.25 26.25
2 24 -6.25 0 -6.25 -6.25 -5.25 -6.25
2 24 -6.25 0 -6.25 7.6822 0 -6.25
2 24 -6.25 -5.25 -6.25 7.6822 -5.25 -6.25
2 24 7.6822 0 -6.25 7.6822 -5.25 -6.25
2 24 7.6822 0 -6.25 7.6822 -5.25 -6.25
2 24 7.6822 0 -6.25 11.1147 0 0.6148
2 24 7.6822 -5.25 -6.25 11.1147 -5.25 0.6148
2 24 -7.5136 -0.0077 -8.8796 8.4297 0 -8.8776
2 24 -6.25 0 -6.25 7.6822 0 -6.25
2 24 13.6262 0 -0.1261 9.6176 0 -8.1434
2 24 11.1147 0 0.6148 7.6822 0 -6.25
2 24 -6.25 0 -6.25 -6.25 0 26.25
2 24 -8.8776 0 -7.5494 -8.8776 0 27.5494
2 24 25.8619 0 28.8776 -7.5494 0 28.8776
2 24 -6.25 0 26.25 19.3933 0 26.25
2 24 -8.812 -1.25 28.8452 -9.2125 -1.25 27.8844
2 24 19.3933 0 26.25 22.7474 0 26.25
2 24 -8.8776 0 27.5494 -8.477 0 28.5103
2 24 -7.5494 0 28.8776 -8.477 0 28.5103
2 24 -7.5136 -0.0077 -8.8796 -8.5423 0 -8.4426
2 24 -8.8776 0 -7.5494 -8.5423 0 -8.4426
2 24 11.1147 0 0.6148 11.051 0 1.5048
2 24 11.1147 -5.25 0.6148 11.051 -5.25 1.5048
2 24 11.051 0 1.5048 11.051 -5.25 1.5048
2 24 10.2997 0 1.8805 11.051 0 1.5048
2 24 10.2997 -5.25 1.8805 11.051 -5.25 1.5048
2 24 18.766 0 12.9485 19.386 0 12.0802
2 24 16.25 0 10 15.4127 0 13.125
2 24 19.2808 0 11.1831 19.386 0 12.0802
2 24 19.3933 0 26.25 -6.25 0 26.25
2 24 18.4235 -5.25 26.25 -6.25 -5.25 26.25
2 24 -6.25 0 26.25 -6.25 -5.25 26.25
2 24 -6.25 -5.25 26.25 -6.25 -5.25 10
2 24 1.875 -5.25 10 2.9635 -5.25 5.9375
2 24 1.875 -5.25 10 2.9635 -5.25 14.0625
2 24 15.7453 -5.25 15.7453 14.0625 -5.25 17.0365
2 24 18.4235 -5.25 26.25 -6.25 -5.25 26.25
2 24 5.9375 -5.25 17.0365 10 -5.25 18.125
2 24 -6.25 -5.25 10 -6.25 -5.25 -6.25
2 24 2.9635 -5.25 5.9375 5.9375 -5.25 2.9635
2 24 11.051 -5.25 1.5048 11.1147 -5.25 0.6148
2 24 11.051 -5.25 1.5048 10.2997 -5.25 1.8805
2 24 11.1147 -5.25 0.6148 7.6822 -5.25 -6.25
2 24 5.9375 -5.25 2.9635 10.2997 -5.25 1.8805
2 24 -6.25 -5.25 -6.25 7.6822 -5.25 -6.25
2 24 8.4297 0 -8.8776 9.121 0 -8.691
2 24 9.6176 0 -8.1434 9.121 0 -8.691
2 24 17.2184 0 13.7296 14.0625 0 17.0365
2 24 15.4127 0 13.125 13.125 0 15.4127
2 24 13.125 0 15.4127 10 0 16.25
2 24 14.0625 0 17.0365 10 0 18.125
2 24 10 0 16.25 6.875 0 15.4127
2 24 10 0 18.125 5.9375 0 17.0365
2 24 6.875 0 15.4127 4.5873 0 13.125
2 24 5.9375 0 17.0365 2.9635 0 14.0625
2 24 4.5873 0 13.125 3.75 0 10
2 24 2.9635 0 14.0625 1.875 0 10
2 24 3.75 0 10 4.5873 0 6.875
2 24 1.875 0 10 2.9635 0 5.9375
2 24 4.5873 0 6.875 6.875 0 4.5873
2 24 2.9635 0 5.9375 5.9375 0 2.9635
2 24 5.9375 0 2.9635 10.2997 0 1.8805
2 24 6.875 0 4.5873 10 0 3.75
2 24 13.125 -5.25 15.4127 15.4127 -5.25 13.125
2 24 13.125 0 15.4127 15.4127 0 13.125
2 24 13.125 -5.25 15.4127 10 -5.25 16.25
2 24 13.125 0 15.4127 10 0 16.25
2 24 10 -5.25 16.25 6.875 -5.25 15.4127
2 24 10 0 16.25 6.875 0 15.4127
2 24 6.875 -5.25 15.4127 4.5873 -5.25 13.125
2 24 6.875 0 15.4127 4.5873 0 13.125
2 24 4.5873 -5.25 13.125 3.75 -5.25 10
2 24 4.5873 0 13.125 3.75 0 10
2 24 3.75 -5.25 10 4.5873 -5.25 6.875
2 24 3.75 0 10 4.5873 0 6.875
2 24 4.5873 -5.25 6.875 6.875 -5.25 4.5873
2 24 4.5873 0 6.875 6.875 0 4.5873
2 24 6.875 -5.25 4.5873 10 -5.25 3.75
2 24 6.875 0 4.5873 10 0 3.75
2 24 10 -5.25 3.75 13.125 -5.25 4.5873
2 24 10 0 3.75 13.125 0 4.5873
2 24 13.125 -5.25 4.5873 15.4127 -5.25 6.875
2 24 13.125 0 4.5873 15.4127 0 6.875
2 24 15.4127 -5.25 6.875 16.25 -5.25 10
2 24 15.4127 0 6.875 16.25 0 10
2 24 15.4127 -5.25 13.125 16.25 -5.25 10
2 24 15.4127 0 13.125 16.25 0 10
2 24 6.875 -5.25 4.5873 4.5873 -5.25 6.875
2 24 15.4127 -5.25 13.125 16.25 -5.25 10
2 24 16.25 -5.25 10 15.4127 -5.25 6.875
2 24 15.4127 -5.25 6.875 13.125 -5.25 4.5873
2 24 13.125 -5.25 4.5873 10 -5.25 3.75
2 24 6.875 -5.25 4.5873 10 -5.25 3.75
2 24 4.5873 -5.25 6.875 3.75 -5.25 10
2 24 3.75 -5.25 10 4.5873 -5.25 13.125
2 24 4.5873 -5.25 13.125 6.875 -5.25 15.4127
2 24 6.875 -5.25 15.4127 10 -5.25 16.25
2 24 10 -5.25 16.25 13.125 -5.25 15.4127
2 24 15.4127 -5.25 13.125 13.125 -5.25 15.4127
2 24 13.125 0 4.5873 10 0 3.75
2 24 11.051 0 1.5048 10.2997 0 1.8805
2 24 18.766 0 12.9485 17.2184 0 13.7296
2 24 18.0211 -5.25 6.0422 15.9947 -5.25 1.9893
2 24 18.0211 -5.25 6.0422 16.8289 -5.25 5.5304
2 24 13.9682 -5.25 -2.0636 13.6731 -5.25 -0.7814
2 24 15.9947 -5.25 1.9893 13.9682 -5.25 -2.0636
2 24 16.8289 -5.25 5.5304 16.2737 -5.25 5.1726
2 24 13.6731 -5.25 -0.7814 13.6262 -5.25 -0.1261
2 24 13.6262 -5.25 -0.1261 13.6949 -5.25 0.9397
2 24 16.2737 -5.25 5.1726 15.4589 -5.25 4.4732
2 24 13.6949 -5.25 0.9397 13.9102 -5.25 1.8831
2 24 15.4589 -5.25 4.4732 14.8076 -5.25 3.6969
2 24 13.9102 -5.25 1.8831 14.2824 -5.25 2.8183
2 24 14.8076 -5.25 3.6969 14.2824 -5.25 2.8183
2 24 18.0211 -5.25 6.0422 15.9947 -5.25 1.9893
2 24 25.8619 0 28.8776 26.8389 0 28.46
2 24 22.7474 0 26.25 24.8788 0 25.1742
2 24 26.6004 0 25.8221 25.9209 0 25.1849
2 24 24.8788 0 25.1742 25.9209 0 25.1849
2 24 26.8389 0 28.46 27.1901 0 27.5494
2 24 27.1901 0 27.5494 27.1901 0 27.0016
2 24 26.6004 0 25.8221 27.1901 0 27.0016
2 24 -6.25 -5.25 -6.25 -6.25 0 -6.25
2 24 -6.25 -5.25 10 -6.25 -5.25 -6.25
2 24 -6.25 0 26.25 -6.25 0 -6.25
2 24 14.0625 -5.25 17.0365 10 -5.25 18.125
2 24 14.0625 0 17.0365 10 0 18.125
2 24 14.0625 -5.25 17.0365 10 -5.25 18.125
2 24 14.8076 0 3.6969 15.4589 0 4.4732
2 24 13.125 0 4.5873 15.4127 0 6.875
2 24 16.2737 0 5.1726 15.4589 0 4.4732
2 24 2.9635 -5.25 14.0625 5.9375 -5.25 17.0365
0 STEP
