0 Slope 30 1 x 4 x 2/3
0 Name: bl_7835.dat
0 Author: 
0 BL_Item_No 7835
0 BFC CERTIFY CCW
3 16 -4 -9.4903 10 -3.4641 -9.192 12 -4 0 10
3 16 -4 0 10 -3.4641 -9.192 12 -3.4641 0 12
3 16 -3.4641 -9.192 12 -2 -8.3683 13.4641 -3.4641 0 12
3 16 -3.4641 0 12 -2 -8.3683 13.4641 -2 0 13.4641
3 16 -2 -8.3683 13.4641 0 -7.2484 14 -2 0 13.4641
3 16 -2 0 13.4641 0 -7.2484 14 0 0 14
3 16 0 -7.2484 14 2 -6.1288 13.4641 0 0 14
3 16 0 0 14 2 -6.1288 13.4641 2 0 13.4641
3 16 2 -6.1288 13.4641 3.4641 -5.25 12 2 0 13.4641
3 16 2 0 13.4641 3.4641 -5.25 12 3.4641 0 12
3 16 3.4641 0 12 3.4641 -5.25 12 4 0 10
3 16 4 0 10 3.4641 -5.25 12 4 -5.25 10
3 16 -4 0 10 -3.4641 0 12 -2 0 10
3 16 -2 0 10 -3.4641 0 12 -1.7321 0 11
3 16 -1.7321 0 11 -3.4641 0 12 -1 0 11.7321
3 16 -1 0 11.7321 -3.4641 0 12 -2 0 13.4641
3 16 -1 0 11.7321 -2 0 13.4641 0 0 12
3 16 0 0 12 -2 0 13.4641 0 0 14
3 16 0 0 12 0 0 14 1 0 11.7321
3 16 1 0 11.7321 0 0 14 2 0 13.4641
3 16 1 0 11.7321 2 0 13.4641 1.7321 0 11
3 16 1.7321 0 11 2 0 13.4641 3.4641 0 12
3 16 3.4641 0 12 4 0 10 1.7321 0 11
3 16 1.7321 0 11 4 0 10 2 0 10
3 16 0 -7.2965 10 1.7321 -6.4099 11 2 -6.3028 10
3 16 0 -7.2965 10 -2 -8.2901 10 -1.7321 -8.131 11
3 16 -1 -7.7483 11.7321 0 -7.2965 10 -1.7321 -8.131 11
3 16 0 -7.2445 12 0 -7.2965 10 -1 -7.7483 11.7321
3 16 1 -6.7546 11.7321 0 -7.2965 10 0 -7.2445 12
3 16 1.7321 -6.4099 11 0 -7.2965 10 1 -6.7546 11.7321
3 16 1.7321 -6.4099 11 1.7321 0 11 2 -6.3028 10
3 16 2 -6.3028 10 1.7321 0 11 2 0 10
3 16 -1.7321 0 11 -1.7321 -8.131 11 -2 0 10
3 16 -2 0 10 -1.7321 -8.131 11 -2 -8.2901 10
3 16 -1 0 11.7321 -1 -7.7483 11.7321 -1.7321 0 11
3 16 -1.7321 0 11 -1 -7.7483 11.7321 -1.7321 -8.131 11
3 16 0 0 12 0 -7.2445 12 -1 0 11.7321
3 16 -1 0 11.7321 0 -7.2445 12 -1 -7.7483 11.7321
3 16 1 0 11.7321 1 -6.7546 11.7321 0 0 12
3 16 0 0 12 1 -6.7546 11.7321 0 -7.2445 12
3 16 1 -6.7546 11.7321 1 0 11.7321 1.7321 -6.4099 11
3 16 1.7321 -6.4099 11 1 0 11.7321 1.7321 0 11
3 16 -4 -9.4903 30 -4 0 30 -3.4641 -9.192 28
3 16 -3.4641 -9.192 28 -4 0 30 -3.4641 0 28
3 16 -2 0 26.5359 -2 -8.3683 26.5359 -3.4641 0 28
3 16 -3.4641 0 28 -2 -8.3683 26.5359 -3.4641 -9.192 28
3 16 0 0 26 0 -7.2484 26 -2 0 26.5359
3 16 -2 0 26.5359 0 -7.2484 26 -2 -8.3683 26.5359
3 16 2 0 26.5359 2 -6.1288 26.5359 0 0 26
3 16 0 0 26 2 -6.1288 26.5359 0 -7.2484 26
3 16 3.4641 0 28 3.4641 -5.25 28 2 0 26.5359
3 16 2 0 26.5359 3.4641 -5.25 28 2 -6.1288 26.5359
3 16 3.4641 0 28 4 0 30 3.4641 -5.25 28
3 16 3.4641 -5.25 28 4 0 30 4 -5.25 30
3 16 -4 0 30 -2 0 30 -3.4641 0 28
3 16 -3.4641 0 28 -2 0 30 -1.7321 0 29
3 16 -1.7321 0 29 -1 0 28.2679 -3.4641 0 28
3 16 -3.4641 0 28 -1 0 28.2679 -2 0 26.5359
3 16 -1 0 28.2679 0 0 28 -2 0 26.5359
3 16 -2 0 26.5359 0 0 28 0 0 26
3 16 0 0 28 1 0 28.2679 0 0 26
3 16 0 0 26 1 0 28.2679 2 0 26.5359
3 16 1 0 28.2679 1.7321 0 29 2 0 26.5359
3 16 2 0 26.5359 1.7321 0 29 3.4641 0 28
3 16 3.4641 0 28 1.7321 0 29 4 0 30
3 16 4 0 30 1.7321 0 29 2 0 30
3 16 0 -7.2965 30 2 -6.3028 30 1.7321 -6.4099 29
3 16 0 -7.2965 30 -1.7321 -8.131 29 -2 -8.2901 30
3 16 -1 -7.7483 28.2679 -1.7321 -8.131 29 0 -7.2965 30
3 16 0 -7.2445 28 -1 -7.7483 28.2679 0 -7.2965 30
3 16 1 -6.7546 28.2679 0 -7.2445 28 0 -7.2965 30
3 16 1.7321 -6.4099 29 1 -6.7546 28.2679 0 -7.2965 30
3 16 2 0 30 1.7321 0 29 2 -6.3028 30
3 16 2 -6.3028 30 1.7321 0 29 1.7321 -6.4099 29
3 16 -1.7321 0 29 -2 0 30 -1.7321 -8.131 29
3 16 -1.7321 -8.131 29 -2 0 30 -2 -8.2901 30
3 16 -1 0 28.2679 -1.7321 0 29 -1 -7.7483 28.2679
3 16 -1 -7.7483 28.2679 -1.7321 0 29 -1.7321 -8.131 29
3 16 0 0 28 -1 0 28.2679 0 -7.2445 28
3 16 0 -7.2445 28 -1 0 28.2679 -1 -7.7483 28.2679
3 16 1 0 28.2679 0 0 28 1 -6.7546 28.2679
3 16 1 -6.7546 28.2679 0 0 28 0 -7.2445 28
3 16 1.7321 0 29 1 0 28.2679 1.7321 -6.4099 29
3 16 1.7321 -6.4099 29 1 0 28.2679 1 -6.7546 28.2679
3 16 -4 -9.4903 10 -4 0 10 -3.4641 -9.192 8
3 16 -3.4641 -9.192 8 -4 0 10 -3.4641 0 8
3 16 -2 0 6.5359 -2 -8.3683 6.5359 -3.4641 0 8
3 16 -3.4641 0 8 -2 -8.3683 6.5359 -3.4641 -9.192 8
3 16 0 0 6 0 -7.2484 6 -2 0 6.5359
3 16 -2 0 6.5359 0 -7.2484 6 -2 -8.3683 6.5359
3 16 2 0 6.5359 2 -6.1288 6.5359 0 0 6
3 16 0 0 6 2 -6.1288 6.5359 0 -7.2484 6
3 16 3.4641 0 8 3.4641 -5.25 8 2 0 6.5359
3 16 2 0 6.5359 3.4641 -5.25 8 2 -6.1288 6.5359
3 16 3.4641 0 8 4 0 10 3.4641 -5.25 8
3 16 3.4641 -5.25 8 4 0 10 4 -5.25 10
3 16 -4 0 10 -2 0 10 -3.4641 0 8
3 16 -3.4641 0 8 -2 0 10 -1.7321 0 9
3 16 -1.7321 0 9 -1 0 8.2679 -3.4641 0 8
3 16 -3.4641 0 8 -1 0 8.2679 -2 0 6.5359
3 16 -1 0 8.2679 0 0 8 -2 0 6.5359
3 16 -2 0 6.5359 0 0 8 0 0 6
3 16 0 0 8 1 0 8.2679 0 0 6
3 16 0 0 6 1 0 8.2679 2 0 6.5359
3 16 1 0 8.2679 1.7321 0 9 2 0 6.5359
3 16 2 0 6.5359 1.7321 0 9 3.4641 0 8
3 16 3.4641 0 8 1.7321 0 9 4 0 10
3 16 4 0 10 1.7321 0 9 2 0 10
3 16 0 -7.2965 10 2 -6.3028 10 1.7321 -6.4099 9
3 16 0 -7.2965 10 -1.7321 -8.131 9 -2 -8.2901 10
3 16 -1 -7.7483 8.2679 -1.7321 -8.131 9 0 -7.2965 10
3 16 0 -7.2445 8 -1 -7.7483 8.2679 0 -7.2965 10
3 16 1 -6.7546 8.2679 0 -7.2445 8 0 -7.2965 10
3 16 1.7321 -6.4099 9 1 -6.7546 8.2679 0 -7.2965 10
3 16 2 0 10 1.7321 0 9 2 -6.3028 10
3 16 2 -6.3028 10 1.7321 0 9 1.7321 -6.4099 9
3 16 -1.7321 0 9 -2 0 10 -1.7321 -8.131 9
3 16 -1.7321 -8.131 9 -2 0 10 -2 -8.2901 10
3 16 -1 0 8.2679 -1.7321 0 9 -1 -7.7483 8.2679
3 16 -1 -7.7483 8.2679 -1.7321 0 9 -1.7321 -8.131 9
3 16 0 0 8 -1 0 8.2679 0 -7.2445 8
3 16 0 -7.2445 8 -1 0 8.2679 -1 -7.7483 8.2679
3 16 1 0 8.2679 0 0 8 1 -6.7546 8.2679
3 16 1 -6.7546 8.2679 0 0 8 0 -7.2445 8
3 16 1.7321 0 9 1 0 8.2679 1.7321 -6.4099 9
3 16 1.7321 -6.4099 9 1 0 8.2679 1 -6.7546 8.2679
3 16 -4.6429 -13 -10 -10 -12.8935 -10 -10 -1.25 -10
3 16 -9.0974 -15.5 10 -10 -15.5 10 -9.0974 -15.5 -7.6473
3 16 -9.0974 -15.5 -7.6473 -10 -15.5 10 -10 -15.5 -7.6473
3 16 -10 -15.5 -7.6473 -10 -15.2841 -8.4696 -9.0974 -15.5 -7.6473
3 16 -9.0974 -15.5 -7.6473 -10 -15.2841 -8.4696 -8.7216 -15.2841 -8.4695
3 16 -4.6429 -13 -10 -5.8502 -13.6761 -9.8809 -10 -12.8935 -10
3 16 -10 -12.8935 -10 -5.8502 -13.6761 -9.8809 -10 -13.6633 -9.8809
3 16 -5.8502 -13.6761 -9.8809 -7.0165 -14.3292 -9.591 -10 -13.6633 -9.8809
3 16 -10 -13.6633 -9.8809 -7.0165 -14.3292 -9.591 -10 -14.3292 -9.591
3 16 -7.0165 -14.3292 -9.591 -8.0746 -14.9218 -9.0673 -10 -14.3292 -9.591
3 16 -10 -14.3292 -9.591 -8.0746 -14.9218 -9.0673 -10 -14.9218 -9.0673
3 16 -8.0746 -14.9218 -9.0673 -8.7216 -15.2841 -8.4695 -10 -14.9218 -9.0673
3 16 -10 -14.9218 -9.0673 -8.7216 -15.2841 -8.4695 -10 -15.2841 -8.4696
3 16 -10 -1.25 -10 -9.0494 -1.25 -9.0494 -8.2203 -1.25 -9.4992
3 16 9.0494 -1.25 -9.0494 10 -1.25 -10 8.2686 -1.25 -9.5
3 16 10 -1.25 -10 10 -1.2498 10 10 -4.8 -7.6473
3 16 10 -4.8 -7.6473 10 -1.2498 10 10 -4.7998 10
3 16 -10 -15.5 10 -10 -13.6204 10 -10 -15.5 -7.6473
3 16 -10 -15.5 -7.6473 -10 -13.6204 10 -10 -13.6204 -8.2686
3 16 -10 -1.25 -10 -10 -12.8935 -10 -10 -1.25 -8.2686
3 16 -10 -1.25 -8.2686 -10 -12.8935 -10 -10 -13.6204 -8.2686
3 16 -10 -12.8935 -10 -10 -13.6633 -9.8809 -10 -13.6204 -8.2686
3 16 -10 -13.6204 -8.2686 -10 -13.6633 -9.8809 -10 -14.3292 -9.591
3 16 -10 -13.6204 -8.2686 -10 -14.3292 -9.591 -10 -14.9218 -9.0673
3 16 -10 -13.6204 -8.2686 -10 -14.9218 -9.0673 -10 -15.2841 -8.4696
3 16 -10 -13.6204 -8.2686 -10 -15.2841 -8.4696 -10 -15.5 -7.6473
3 16 -9.5 -1.2526 -8.2686 -9.0494 -1.25 -9.0494 -10 -1.25 -8.2686
3 16 -10 -1.25 -8.2686 -9.0494 -1.25 -9.0494 -10 -1.25 -10
3 16 -10 -1.25 -10 -8.2203 -1.25 -9.4992 10 -1.25 -10
3 16 10 -1.25 -10 -8.2203 -1.25 -9.4992 8.2686 -1.25 -9.5
3 16 -10 -1.25 -10 10 -1.25 -10 -4.6429 -13 -10
3 16 -4.6429 -13 -10 10 -1.25 -10 10 -4.8 -10
3 16 10 -1.25 -10 9.5 -1.25 -8.2167 10 -1.2498 10
3 16 10 -1.2498 10 9.5 -1.25 -8.2167 9.5 -1.2499 10
3 16 10 -1.25 -10 9.0494 -1.25 -9.0494 9.5 -1.25 -8.2167
3 16 9.0494 -1.25 -9.0494 8.2686 -1.25 -9.5 8.7159 0 -8.7159
3 16 8.7159 0 -8.7159 8.2686 -1.25 -9.5 7.9123 0 -9.1617
3 16 8.2686 -1.25 -9.5 -8.2203 -1.25 -9.4992 7.9123 0 -9.1617
3 16 7.9123 0 -9.1617 -8.2203 -1.25 -9.4992 -7.9337 0 -9.1617
3 16 -9.5 -1.2526 -8.2686 -9.5 -1.2526 10 -9.1642 0 -7.8854
3 16 -9.1642 0 -7.8854 -9.5 -1.2526 10 -9.1635 0 10
3 16 -9.0494 -1.25 -9.0494 -9.5 -1.2526 -8.2686 -8.7159 0 -8.7159
3 16 -8.7159 0 -8.7159 -9.5 -1.2526 -8.2686 -9.1642 0 -7.8854
3 16 -9.0494 -1.25 -9.0494 -8.7159 0 -8.7159 -8.2203 -1.25 -9.4992
3 16 -8.2203 -1.25 -9.4992 -8.7159 0 -8.7159 -7.9337 0 -9.1617
3 16 9.5 -1.25 -8.2167 9.1651 0 -7.8369 9.5 -1.2499 10
3 16 9.5 -1.2499 10 9.1651 0 -7.8369 9.1651 0 10
3 16 9.0494 -1.25 -9.0494 8.7159 0 -8.7159 9.5 -1.25 -8.2167
3 16 9.5 -1.25 -8.2167 8.7159 0 -8.7159 9.1651 0 -7.8369
3 16 8.7159 0 -8.7159 7.9123 0 -9.1617 6.25 0 -6.25
3 16 -7.9337 0 -9.1617 -6.25 0 -6.25 7.9123 0 -9.1617
3 16 7.9123 0 -9.1617 -6.25 0 -6.25 6.25 0 -6.25
3 16 -9.1642 0 -7.8854 -9.1635 0 10 -6.25 0 -6.25
3 16 -6.25 0 -6.25 -9.1635 0 10 -6.2497 0 10
3 16 -8.7159 0 -8.7159 -9.1642 0 -7.8854 -6.25 0 -6.25
3 16 -7.9337 0 -9.1617 -8.7159 0 -8.7159 -6.25 0 -6.25
3 16 9.1651 0 -7.8369 6.25 0 -6.25 9.1651 0 10
3 16 9.1651 0 10 6.25 0 -6.25 6.25 0 10
3 16 9.1651 0 -7.8369 8.7159 0 -8.7159 6.25 0 -6.25
3 16 6.25 0 -6.25 -6.25 0 -6.25 3.6426 -5.25 -6.25
3 16 3.6426 -5.25 -6.25 -6.25 0 -6.25 -6.25 -10.7482 -6.25
3 16 -6.25 0 -6.25 -6.2497 0 10 -6.25 -10.7482 -6.25
3 16 -6.25 -10.7482 -6.25 -6.2497 0 10 -6.2499 -10.7482 10
3 16 6.25 -5.25 -6.25 6.25 -5.25 10 6.25 0 -6.25
3 16 6.25 0 -6.25 6.25 -5.25 10 6.25 0 10
3 16 6.25 0 -6.25 3.6426 -5.25 -6.25 6.25 -5.25 -6.25
3 16 3.4641 -5.25 8 6.25 -5.25 -6.25 3.6426 -5.25 -6.25
3 16 -6.2499 -10.7482 10 -4 -9.4903 10 -6.25 -10.7482 -6.25
3 16 -4 -9.4903 10 -3.4641 -9.192 8 -6.25 -10.7482 -6.25
3 16 6.25 -5.25 10 6.25 -5.25 -6.25 4 -5.25 10
3 16 6.25 -5.25 -6.25 3.4641 -5.25 8 4 -5.25 10
3 16 3.6426 -5.25 -6.25 2 -6.1288 6.5359 3.4641 -5.25 8
3 16 -6.25 -10.7482 -6.25 0 -7.2484 6 3.6426 -5.25 -6.25
3 16 3.6426 -5.25 -6.25 0 -7.2484 6 2 -6.1288 6.5359
3 16 -6.25 -10.7482 -6.25 -2 -8.3683 6.5359 0 -7.2484 6
3 16 -6.25 -10.7482 -6.25 -3.4641 -9.192 8 -2 -8.3683 6.5359
3 16 10 -4.8 -10 10 -1.25 -10 10 -4.8 -7.6473
3 16 -10 -1.25 10 -10 -1.25 -8.2686 -10 -13.6204 10
3 16 -10 -13.6204 10 -10 -1.25 -8.2686 -10 -13.6204 -8.2686
3 16 -9.5 -1.2526 -8.2686 -10 -1.25 -8.2686 -9.5 -1.2526 10
3 16 -9.5 -1.2526 10 -10 -1.25 -8.2686 -10 -1.25 10
3 16 10 -4.8 -7.6473 -4.6383 -13.0016 -7.6473 10 -4.8 -10
3 16 10 -4.8 -10 -4.6383 -13.0016 -7.6473 -4.6429 -13 -10
3 16 10 -4.7998 10 -4.6383 -13.0016 10 10 -4.8 -7.6473
3 16 10 -4.8 -7.6473 -4.6383 -13.0016 10 -4.6383 -13.0016 -7.6473
3 16 -4.6383 -13.0016 -7.6473 -4.6383 -13.0016 10 -9.0974 -15.5 -7.6473
3 16 -9.0974 -15.5 -7.6473 -4.6383 -13.0016 10 -9.0974 -15.5 10
3 16 -4.6429 -13 -10 -4.6383 -13.0016 -7.6473 -5.8502 -13.6761 -9.8809
3 16 -8.7216 -15.2841 -8.4695 -4.6383 -13.0016 -7.6473 -9.0974 -15.5 -7.6473
3 16 -5.8502 -13.6761 -9.8809 -4.6383 -13.0016 -7.6473 -7.0165 -14.3292 -9.591
3 16 -7.0165 -14.3292 -9.591 -4.6383 -13.0016 -7.6473 -8.0746 -14.9218 -9.0673
3 16 -8.0746 -14.9218 -9.0673 -4.6383 -13.0016 -7.6473 -8.7216 -15.2841 -8.4695
3 16 -10 -15.5 10 -9.0974 -15.5 10 -10 -15.5 30
3 16 -10 -15.5 30 -9.0974 -15.5 10 -9.0974 -15.5 30
3 16 10 -4.7998 10 10 -1.2498 10 10 -4.7998 30
3 16 10 -4.7998 30 10 -1.2498 10 10 -1.2498 30
3 16 -10 -13.6204 10 -10 -15.5 10 -10 -13.6204 30
3 16 -10 -13.6204 30 -10 -15.5 10 -10 -15.5 30
3 16 -9.5 -1.2526 10 -10 -1.25 10 -9.5 -1.2526 30
3 16 -9.5 -1.2526 30 -10 -1.25 10 -10 -1.25 30
3 16 10 -1.2498 10 9.5 -1.2499 10 10 -1.2498 30
3 16 10 -1.2498 30 9.5 -1.2499 10 9.5 -1.2499 30
3 16 -9.1635 0 10 -9.5 -1.2526 10 -9.1635 0 30
3 16 -9.1635 0 30 -9.5 -1.2526 10 -9.5 -1.2526 30
3 16 9.5 -1.2499 10 9.1651 0 10 9.5 -1.2499 30
3 16 9.5 -1.2499 30 9.1651 0 10 9.1651 0 30
3 16 -6.2497 0 10 -9.1635 0 10 -6.2497 0 30
3 16 -6.2497 0 30 -9.1635 0 10 -9.1635 0 30
3 16 9.1651 0 10 6.25 0 10 9.1651 0 30
3 16 9.1651 0 30 6.25 0 10 6.25 0 30
3 16 -6.2499 -10.7482 10 -6.2497 0 10 -6.2499 -10.7482 30
3 16 -6.2499 -10.7482 30 -6.2497 0 10 -6.2497 0 30
3 16 6.25 0 10 6.25 -5.25 10 6.25 0 30
3 16 6.25 0 30 6.25 -5.25 10 6.25 -5.25 30
3 16 -10 -1.25 10 -10 -13.6204 10 -10 -1.25 30
3 16 -10 -1.25 30 -10 -13.6204 10 -10 -13.6204 30
3 16 -9.0974 -15.5 10 -4.6383 -13.0016 10 -9.0974 -15.5 30
3 16 -9.0974 -15.5 30 -4.6383 -13.0016 10 -4.6383 -13.0016 30
3 16 -4.6383 -13.0016 10 10 -4.7998 10 -4.6383 -13.0016 30
3 16 -4.6383 -13.0016 30 10 -4.7998 10 10 -4.7998 30
3 16 -3.4641 -9.192 12 -4 -9.4903 10 -3.4641 -9.192 28
3 16 -3.4641 -9.192 28 -4 -9.4903 10 -4 -9.4903 30
3 16 -2 -8.3683 13.4641 -3.4641 -9.192 12 -2 -8.3683 26.5359
3 16 -2 -8.3683 26.5359 -3.4641 -9.192 12 -3.4641 -9.192 28
3 16 0 -7.2484 14 -2 -8.3683 13.4641 0 -7.2484 26
3 16 0 -7.2484 26 -2 -8.3683 13.4641 -2 -8.3683 26.5359
3 16 2 -6.1288 13.4641 0 -7.2484 14 2 -6.1288 26.5359
3 16 2 -6.1288 26.5359 0 -7.2484 14 0 -7.2484 26
3 16 3.4641 -5.25 12 2 -6.1288 13.4641 3.4641 -5.25 28
3 16 3.4641 -5.25 28 2 -6.1288 13.4641 2 -6.1288 26.5359
3 16 4 -5.25 10 3.4641 -5.25 12 4 -5.25 30
3 16 4 -5.25 30 3.4641 -5.25 12 3.4641 -5.25 28
3 16 6.25 -5.25 10 4 -5.25 10 6.25 -5.25 30
3 16 6.25 -5.25 30 4 -5.25 10 4 -5.25 30
3 16 -4 -9.4903 10 -6.2499 -10.7482 10 -4 -9.4903 30
3 16 -4 -9.4903 30 -6.2499 -10.7482 10 -6.2499 -10.7482 30
3 16 -4 -9.4903 50 -4 0 50 -3.4641 -9.192 48
3 16 -3.4641 -9.192 48 -4 0 50 -3.4641 0 48
3 16 -2 0 46.5359 -2 -8.3683 46.5359 -3.4641 0 48
3 16 -3.4641 0 48 -2 -8.3683 46.5359 -3.4641 -9.192 48
3 16 0 0 46 0 -7.2484 46 -2 0 46.5359
3 16 -2 0 46.5359 0 -7.2484 46 -2 -8.3683 46.5359
3 16 2 0 46.5359 2 -6.1288 46.5359 0 0 46
3 16 0 0 46 2 -6.1288 46.5359 0 -7.2484 46
3 16 3.4641 0 48 3.4641 -5.25 48 2 0 46.5359
3 16 2 0 46.5359 3.4641 -5.25 48 2 -6.1288 46.5359
3 16 3.4641 0 48 4 0 50 3.4641 -5.25 48
3 16 3.4641 -5.25 48 4 0 50 4 -5.25 50
3 16 -4 0 50 -2 0 50 -3.4641 0 48
3 16 -3.4641 0 48 -2 0 50 -1.7321 0 49
3 16 -1.7321 0 49 -1 0 48.2679 -3.4641 0 48
3 16 -3.4641 0 48 -1 0 48.2679 -2 0 46.5359
3 16 -1 0 48.2679 0 0 48 -2 0 46.5359
3 16 -2 0 46.5359 0 0 48 0 0 46
3 16 0 0 48 1 0 48.2679 0 0 46
3 16 0 0 46 1 0 48.2679 2 0 46.5359
3 16 1 0 48.2679 1.7321 0 49 2 0 46.5359
3 16 2 0 46.5359 1.7321 0 49 3.4641 0 48
3 16 3.4641 0 48 1.7321 0 49 4 0 50
3 16 4 0 50 1.7321 0 49 2 0 50
3 16 0 -7.2965 50 2 -6.3028 50 1.7321 -6.4099 49
3 16 0 -7.2965 50 -1.7321 -8.131 49 -2 -8.2901 50
3 16 -1 -7.7483 48.2679 -1.7321 -8.131 49 0 -7.2965 50
3 16 0 -7.2445 48 -1 -7.7483 48.2679 0 -7.2965 50
3 16 1 -6.7546 48.2679 0 -7.2445 48 0 -7.2965 50
3 16 1.7321 -6.4099 49 1 -6.7546 48.2679 0 -7.2965 50
3 16 2 0 50 1.7321 0 49 2 -6.3028 50
3 16 2 -6.3028 50 1.7321 0 49 1.7321 -6.4099 49
3 16 -1.7321 0 49 -2 0 50 -1.7321 -8.131 49
3 16 -1.7321 -8.131 49 -2 0 50 -2 -8.2901 50
3 16 -1 0 48.2679 -1.7321 0 49 -1 -7.7483 48.2679
3 16 -1 -7.7483 48.2679 -1.7321 0 49 -1.7321 -8.131 49
3 16 0 0 48 -1 0 48.2679 0 -7.2445 48
3 16 0 -7.2445 48 -1 0 48.2679 -1 -7.7483 48.2679
3 16 1 0 48.2679 0 0 48 1 -6.7546 48.2679
3 16 1 -6.7546 48.2679 0 0 48 0 -7.2445 48
3 16 1.7321 0 49 1 0 48.2679 1.7321 -6.4099 49
3 16 1.7321 -6.4099 49 1 0 48.2679 1 -6.7546 48.2679
3 16 -4 -9.4903 30 -3.4641 -9.192 32 -4 0 30
3 16 -4 0 30 -3.4641 -9.192 32 -3.4641 0 32
3 16 -3.4641 -9.192 32 -2 -8.3683 33.4641 -3.4641 0 32
3 16 -3.4641 0 32 -2 -8.3683 33.4641 -2 0 33.4641
3 16 -2 -8.3683 33.4641 0 -7.2484 34 -2 0 33.4641
3 16 -2 0 33.4641 0 -7.2484 34 0 0 34
3 16 0 -7.2484 34 2 -6.1288 33.4641 0 0 34
3 16 0 0 34 2 -6.1288 33.4641 2 0 33.4641
3 16 2 -6.1288 33.4641 3.4641 -5.25 32 2 0 33.4641
3 16 2 0 33.4641 3.4641 -5.25 32 3.4641 0 32
3 16 3.4641 0 32 3.4641 -5.25 32 4 0 30
3 16 4 0 30 3.4641 -5.25 32 4 -5.25 30
3 16 -4 0 30 -3.4641 0 32 -2 0 30
3 16 -2 0 30 -3.4641 0 32 -1.7321 0 31
3 16 -1.7321 0 31 -3.4641 0 32 -1 0 31.7321
3 16 -1 0 31.7321 -3.4641 0 32 -2 0 33.4641
3 16 -1 0 31.7321 -2 0 33.4641 0 0 32
3 16 0 0 32 -2 0 33.4641 0 0 34
3 16 0 0 32 0 0 34 1 0 31.7321
3 16 1 0 31.7321 0 0 34 2 0 33.4641
3 16 1 0 31.7321 2 0 33.4641 1.7321 0 31
3 16 1.7321 0 31 2 0 33.4641 3.4641 0 32
3 16 3.4641 0 32 4 0 30 1.7321 0 31
3 16 1.7321 0 31 4 0 30 2 0 30
3 16 0 -7.2965 30 1.7321 -6.4099 31 2 -6.3028 30
3 16 0 -7.2965 30 -2 -8.2901 30 -1.7321 -8.131 31
3 16 -1 -7.7483 31.7321 0 -7.2965 30 -1.7321 -8.131 31
3 16 0 -7.2445 32 0 -7.2965 30 -1 -7.7483 31.7321
3 16 1 -6.7546 31.7321 0 -7.2965 30 0 -7.2445 32
3 16 1.7321 -6.4099 31 0 -7.2965 30 1 -6.7546 31.7321
3 16 1.7321 -6.4099 31 1.7321 0 31 2 -6.3028 30
3 16 2 -6.3028 30 1.7321 0 31 2 0 30
3 16 -1.7321 0 31 -1.7321 -8.131 31 -2 0 30
3 16 -2 0 30 -1.7321 -8.131 31 -2 -8.2901 30
3 16 -1 0 31.7321 -1 -7.7483 31.7321 -1.7321 0 31
3 16 -1.7321 0 31 -1 -7.7483 31.7321 -1.7321 -8.131 31
3 16 0 0 32 0 -7.2445 32 -1 0 31.7321
3 16 -1 0 31.7321 0 -7.2445 32 -1 -7.7483 31.7321
3 16 1 0 31.7321 1 -6.7546 31.7321 0 0 32
3 16 0 0 32 1 -6.7546 31.7321 0 -7.2445 32
3 16 1 -6.7546 31.7321 1 0 31.7321 1.7321 -6.4099 31
3 16 1.7321 -6.4099 31 1 0 31.7321 1.7321 0 31
3 16 -4 -9.4903 50 -3.4641 -9.192 52 -4 0 50
3 16 -4 0 50 -3.4641 -9.192 52 -3.4641 0 52
3 16 -3.4641 -9.192 52 -2 -8.3683 53.4641 -3.4641 0 52
3 16 -3.4641 0 52 -2 -8.3683 53.4641 -2 0 53.4641
3 16 -2 -8.3683 53.4641 0 -7.2484 54 -2 0 53.4641
3 16 -2 0 53.4641 0 -7.2484 54 0 0 54
3 16 0 -7.2484 54 2 -6.1288 53.4641 0 0 54
3 16 0 0 54 2 -6.1288 53.4641 2 0 53.4641
3 16 2 -6.1288 53.4641 3.4641 -5.25 52 2 0 53.4641
3 16 2 0 53.4641 3.4641 -5.25 52 3.4641 0 52
3 16 3.4641 0 52 3.4641 -5.25 52 4 0 50
3 16 4 0 50 3.4641 -5.25 52 4 -5.25 50
3 16 -4 0 50 -3.4641 0 52 -2 0 50
3 16 -2 0 50 -3.4641 0 52 -1.7321 0 51
3 16 -1.7321 0 51 -3.4641 0 52 -1 0 51.7321
3 16 -1 0 51.7321 -3.4641 0 52 -2 0 53.4641
3 16 -1 0 51.7321 -2 0 53.4641 0 0 52
3 16 0 0 52 -2 0 53.4641 0 0 54
3 16 0 0 52 0 0 54 1 0 51.7321
3 16 1 0 51.7321 0 0 54 2 0 53.4641
3 16 1 0 51.7321 2 0 53.4641 1.7321 0 51
3 16 1.7321 0 51 2 0 53.4641 3.4641 0 52
3 16 3.4641 0 52 4 0 50 1.7321 0 51
3 16 1.7321 0 51 4 0 50 2 0 50
3 16 0 -7.2965 50 1.7321 -6.4099 51 2 -6.3028 50
3 16 0 -7.2965 50 -2 -8.2901 50 -1.7321 -8.131 51
3 16 -1 -7.7483 51.7321 0 -7.2965 50 -1.7321 -8.131 51
3 16 0 -7.2445 52 0 -7.2965 50 -1 -7.7483 51.7321
3 16 1 -6.7546 51.7321 0 -7.2965 50 0 -7.2445 52
3 16 1.7321 -6.4099 51 0 -7.2965 50 1 -6.7546 51.7321
3 16 1.7321 -6.4099 51 1.7321 0 51 2 -6.3028 50
3 16 2 -6.3028 50 1.7321 0 51 2 0 50
3 16 -1.7321 0 51 -1.7321 -8.131 51 -2 0 50
3 16 -2 0 50 -1.7321 -8.131 51 -2 -8.2901 50
3 16 -1 0 51.7321 -1 -7.7483 51.7321 -1.7321 0 51
3 16 -1.7321 0 51 -1 -7.7483 51.7321 -1.7321 -8.131 51
3 16 0 0 52 0 -7.2445 52 -1 0 51.7321
3 16 -1 0 51.7321 0 -7.2445 52 -1 -7.7483 51.7321
3 16 1 0 51.7321 1 -6.7546 51.7321 0 0 52
3 16 0 0 52 1 -6.7546 51.7321 0 -7.2445 52
3 16 1 -6.7546 51.7321 1 0 51.7321 1.7321 -6.4099 51
3 16 1.7321 -6.4099 51 1 0 51.7321 1.7321 0 51
3 16 -4.6429 -13 70 -10 -1.25 70 -10 -12.8935 70
3 16 -9.0974 -15.5 50 -9.0974 -15.5 67.6473 -10 -15.5 50
3 16 -10 -15.5 50 -9.0974 -15.5 67.6473 -10 -15.5 67.6473
3 16 -10 -15.5 67.6473 -9.0974 -15.5 67.6473 -10 -15.2841 68.4696
3 16 -10 -15.2841 68.4696 -9.0974 -15.5 67.6473 -8.7216 -15.2841 68.4696
3 16 -4.6429 -13 70 -10 -12.8935 70 -5.8502 -13.6761 69.8809
3 16 -5.8502 -13.6761 69.8809 -10 -12.8935 70 -10 -13.6633 69.8809
3 16 -5.8502 -13.6761 69.8809 -10 -13.6633 69.8809 -7.0165 -14.3292 69.591
3 16 -7.0165 -14.3292 69.591 -10 -13.6633 69.8809 -10 -14.3292 69.591
3 16 -7.0165 -14.3292 69.591 -10 -14.3292 69.591 -8.0746 -14.9218 69.0673
3 16 -8.0746 -14.9218 69.0673 -10 -14.3292 69.591 -10 -14.9218 69.0673
3 16 -8.0746 -14.9218 69.0673 -10 -14.9218 69.0673 -8.7216 -15.2841 68.4696
3 16 -8.7216 -15.2841 68.4696 -10 -14.9218 69.0673 -10 -15.2841 68.4696
3 16 -10 -1.25 70 -8.2203 -1.25 69.4992 -9.0494 -1.25 69.0494
3 16 9.0494 -1.25 69.0494 8.2686 -1.25 69.5 10 -1.25 70
3 16 10 -4.7998 50 10 -1.2498 50 10 -4.8 67.6473
3 16 10 -4.8 67.6473 10 -1.2498 50 10 -1.25 70
3 16 -10 -13.6204 68.2686 -10 -13.6204 50 -10 -15.5 67.6473
3 16 -10 -15.5 67.6473 -10 -13.6204 50 -10 -15.5 50
3 16 -10 -1.25 70 -10 -1.25 68.2687 -10 -12.8935 70
3 16 -10 -12.8935 70 -10 -1.25 68.2687 -10 -13.6204 68.2686
3 16 -10 -12.8935 70 -10 -13.6204 68.2686 -10 -13.6633 69.8809
3 16 -10 -13.6204 68.2686 -10 -14.3292 69.591 -10 -13.6633 69.8809
3 16 -10 -13.6204 68.2686 -10 -14.9218 69.0673 -10 -14.3292 69.591
3 16 -10 -13.6204 68.2686 -10 -15.2841 68.4696 -10 -14.9218 69.0673
3 16 -10 -13.6204 68.2686 -10 -15.5 67.6473 -10 -15.2841 68.4696
3 16 -9.5 -1.2526 68.2686 -10 -1.25 68.2687 -9.0494 -1.25 69.0494
3 16 -9.0494 -1.25 69.0494 -10 -1.25 68.2687 -10 -1.25 70
3 16 -10 -1.25 70 10 -1.25 70 -8.2203 -1.25 69.4992
3 16 -8.2203 -1.25 69.4992 10 -1.25 70 8.2686 -1.25 69.5
3 16 10 -4.8 70 10 -1.25 70 -4.6429 -13 70
3 16 -4.6429 -13 70 10 -1.25 70 -10 -1.25 70
3 16 9.5 -1.2499 50 9.5 -1.25 68.2167 10 -1.2498 50
3 16 10 -1.2498 50 9.5 -1.25 68.2167 10 -1.25 70
3 16 10 -1.25 70 9.5 -1.25 68.2167 9.0494 -1.25 69.0494
3 16 9.0494 -1.25 69.0494 8.7159 0 68.7159 8.2686 -1.25 69.5
3 16 8.2686 -1.25 69.5 8.7159 0 68.7159 7.9123 0 69.1617
3 16 8.2686 -1.25 69.5 7.9123 0 69.1617 -8.2203 -1.25 69.4992
3 16 -8.2203 -1.25 69.4992 7.9123 0 69.1617 -7.9337 0 69.1617
3 16 -9.5 -1.2526 68.2686 -9.1642 0 67.8854 -9.5 -1.2526 50
3 16 -9.5 -1.2526 50 -9.1642 0 67.8854 -9.1635 0 50
3 16 -9.0494 -1.25 69.0494 -8.7159 0 68.7159 -9.5 -1.2526 68.2686
3 16 -9.5 -1.2526 68.2686 -8.7159 0 68.7159 -9.1642 0 67.8854
3 16 -7.9337 0 69.1617 -8.7159 0 68.7159 -8.2203 -1.25 69.4992
3 16 -8.2203 -1.25 69.4992 -8.7159 0 68.7159 -9.0494 -1.25 69.0494
3 16 9.1651 0 50 9.1651 0 67.8369 9.5 -1.2499 50
3 16 9.5 -1.2499 50 9.1651 0 67.8369 9.5 -1.25 68.2167
3 16 9.1651 0 67.8369 8.7159 0 68.7159 9.5 -1.25 68.2167
3 16 9.5 -1.25 68.2167 8.7159 0 68.7159 9.0494 -1.25 69.0494
3 16 8.7159 0 68.7159 6.25 0 66.25 7.9123 0 69.1617
3 16 6.25 0 66.25 -6.25 0 66.25 7.9123 0 69.1617
3 16 7.9123 0 69.1617 -6.25 0 66.25 -7.9337 0 69.1617
3 16 -9.1642 0 67.8854 -6.25 0 66.25 -9.1635 0 50
3 16 -9.1635 0 50 -6.25 0 66.25 -6.2497 0 50
3 16 -8.7159 0 68.7159 -6.25 0 66.25 -9.1642 0 67.8854
3 16 -7.9337 0 69.1617 -6.25 0 66.25 -8.7159 0 68.7159
3 16 6.25 0 50 6.25 0 66.25 9.1651 0 50
3 16 9.1651 0 50 6.25 0 66.25 9.1651 0 67.8369
3 16 9.1651 0 67.8369 6.25 0 66.25 8.7159 0 68.7159
3 16 6.25 0 66.25 3.6426 -5.25 66.25 -6.25 0 66.25
3 16 -6.25 0 66.25 3.6426 -5.25 66.25 -6.25 -10.7482 66.25
3 16 -6.25 0 66.25 -6.25 -10.7482 66.25 -6.2497 0 50
3 16 -6.2497 0 50 -6.25 -10.7482 66.25 -6.2499 -10.7482 50
3 16 6.25 -5.25 66.25 6.25 0 66.25 6.25 -5.25 50
3 16 6.25 -5.25 50 6.25 0 66.25 6.25 0 50
3 16 6.25 0 66.25 6.25 -5.25 66.25 3.6426 -5.25 66.25
3 16 3.4641 -5.25 52 3.6426 -5.25 66.25 6.25 -5.25 66.25
3 16 -6.2499 -10.7482 50 -6.25 -10.7482 66.25 -4 -9.4903 50
3 16 -4 -9.4903 50 -6.25 -10.7482 66.25 -3.4641 -9.192 52
3 16 6.25 -5.25 50 4 -5.25 50 6.25 -5.25 66.25
3 16 4 -5.25 50 3.4641 -5.25 52 6.25 -5.25 66.25
3 16 3.6426 -5.25 66.25 3.4641 -5.25 52 2 -6.1288 53.4641
3 16 -6.25 -10.7482 66.25 3.6426 -5.25 66.25 0 -7.2484 54
3 16 0 -7.2484 54 3.6426 -5.25 66.25 2 -6.1288 53.4641
3 16 -6.25 -10.7482 66.25 0 -7.2484 54 -2 -8.3683 53.4641
3 16 -6.25 -10.7482 66.25 -2 -8.3683 53.4641 -3.4641 -9.192 52
3 16 10 -4.8 70 10 -4.8 67.6473 10 -1.25 70
3 16 -10 -1.25 50 -10 -13.6204 50 -10 -1.25 68.2687
3 16 -10 -1.25 68.2687 -10 -13.6204 50 -10 -13.6204 68.2686
3 16 -9.5 -1.2526 68.2686 -9.5 -1.2526 50 -10 -1.25 68.2687
3 16 -10 -1.25 68.2687 -9.5 -1.2526 50 -10 -1.25 50
3 16 10 -4.8 67.6473 10 -4.8 70 -4.6383 -13.0016 67.6473
3 16 -4.6383 -13.0016 67.6473 10 -4.8 70 -4.6429 -13 70
3 16 10 -4.7998 50 10 -4.8 67.6473 -4.6383 -13.0016 50
3 16 -4.6383 -13.0016 50 10 -4.8 67.6473 -4.6383 -13.0016 67.6473
3 16 -4.6383 -13.0016 67.6473 -9.0974 -15.5 67.6473 -4.6383 -13.0016 50
3 16 -4.6383 -13.0016 50 -9.0974 -15.5 67.6473 -9.0974 -15.5 50
3 16 -4.6429 -13 70 -5.8502 -13.6761 69.8809 -4.6383 -13.0016 67.6473
3 16 -8.7216 -15.2841 68.4696 -9.0974 -15.5 67.6473 -4.6383 -13.0016 67.6473
3 16 -5.8502 -13.6761 69.8809 -7.0165 -14.3292 69.591 -4.6383 -13.0016 67.6473
3 16 -7.0165 -14.3292 69.591 -8.0746 -14.9218 69.0673 -4.6383 -13.0016 67.6473
3 16 -8.0746 -14.9218 69.0673 -8.7216 -15.2841 68.4696 -4.6383 -13.0016 67.6473
3 16 -10 -15.5 50 -10 -15.5 30 -9.0974 -15.5 50
3 16 -9.0974 -15.5 50 -10 -15.5 30 -9.0974 -15.5 30
3 16 10 -4.7998 50 10 -4.7998 30 10 -1.2498 50
3 16 10 -1.2498 50 10 -4.7998 30 10 -1.2498 30
3 16 -10 -13.6204 50 -10 -13.6204 30 -10 -15.5 50
3 16 -10 -15.5 50 -10 -13.6204 30 -10 -15.5 30
3 16 -9.5 -1.2526 50 -9.5 -1.2526 30 -10 -1.25 50
3 16 -10 -1.25 50 -9.5 -1.2526 30 -10 -1.25 30
3 16 10 -1.2498 50 10 -1.2498 30 9.5 -1.2499 50
3 16 9.5 -1.2499 50 10 -1.2498 30 9.5 -1.2499 30
3 16 -9.1635 0 50 -9.1635 0 30 -9.5 -1.2526 50
3 16 -9.5 -1.2526 50 -9.1635 0 30 -9.5 -1.2526 30
3 16 9.5 -1.2499 50 9.5 -1.2499 30 9.1651 0 50
3 16 9.1651 0 50 9.5 -1.2499 30 9.1651 0 30
3 16 -6.2497 0 50 -6.2497 0 30 -9.1635 0 50
3 16 -9.1635 0 50 -6.2497 0 30 -9.1635 0 30
3 16 9.1651 0 50 9.1651 0 30 6.25 0 50
3 16 6.25 0 50 9.1651 0 30 6.25 0 30
3 16 -6.2499 -10.7482 50 -6.2499 -10.7482 30 -6.2497 0 50
3 16 -6.2497 0 50 -6.2499 -10.7482 30 -6.2497 0 30
3 16 6.25 0 50 6.25 0 30 6.25 -5.25 50
3 16 6.25 -5.25 50 6.25 0 30 6.25 -5.25 30
3 16 -10 -1.25 50 -10 -1.25 30 -10 -13.6204 50
3 16 -10 -13.6204 50 -10 -1.25 30 -10 -13.6204 30
3 16 -9.0974 -15.5 50 -9.0974 -15.5 30 -4.6383 -13.0016 50
3 16 -4.6383 -13.0016 50 -9.0974 -15.5 30 -4.6383 -13.0016 30
3 16 -4.6383 -13.0016 50 -4.6383 -13.0016 30 10 -4.7998 50
3 16 10 -4.7998 50 -4.6383 -13.0016 30 10 -4.7998 30
3 16 -3.4641 -9.192 48 -3.4641 -9.192 32 -4 -9.4903 50
3 16 -4 -9.4903 50 -3.4641 -9.192 32 -4 -9.4903 30
3 16 -2 -8.3683 46.5359 -2 -8.3683 33.4641 -3.4641 -9.192 48
3 16 -3.4641 -9.192 48 -2 -8.3683 33.4641 -3.4641 -9.192 32
3 16 0 -7.2484 46 0 -7.2484 34 -2 -8.3683 46.5359
3 16 -2 -8.3683 46.5359 0 -7.2484 34 -2 -8.3683 33.4641
3 16 2 -6.1288 46.5359 2 -6.1288 33.4641 0 -7.2484 46
3 16 0 -7.2484 46 2 -6.1288 33.4641 0 -7.2484 34
3 16 3.4641 -5.25 48 3.4641 -5.25 32 2 -6.1288 46.5359
3 16 2 -6.1288 46.5359 3.4641 -5.25 32 2 -6.1288 33.4641
3 16 4 -5.25 50 4 -5.25 30 3.4641 -5.25 48
3 16 3.4641 -5.25 48 4 -5.25 30 3.4641 -5.25 32
3 16 6.25 -5.25 50 6.25 -5.25 30 4 -5.25 50
3 16 4 -5.25 50 6.25 -5.25 30 4 -5.25 30
3 16 -4 -9.4903 50 -4 -9.4903 30 -6.2499 -10.7482 50
3 16 -6.2499 -10.7482 50 -4 -9.4903 30 -6.2499 -10.7482 30
2 24 -4 -9.4903 10 -3.4641 -9.192 12
2 24 -4 0 10 -3.4641 0 12
2 24 -3.4641 -9.192 12 -2 -8.3683 13.4641
2 24 -3.4641 0 12 -2 0 13.4641
2 24 -2 -8.3683 13.4641 0 -7.2484 14
2 24 -2 0 13.4641 0 0 14
2 24 0 -7.2484 14 2 -6.1288 13.4641
2 24 0 0 14 2 0 13.4641
2 24 2 -6.1288 13.4641 3.4641 -5.25 12
2 24 2 0 13.4641 3.4641 0 12
2 24 3.4641 0 12 4 0 10
2 24 3.4641 -5.25 12 4 -5.25 10
2 24 -4 0 10 -3.4641 0 12
2 24 -2 0 10 -1.7321 0 11
2 24 -1.7321 0 11 -1 0 11.7321
2 24 -3.4641 0 12 -2 0 13.4641
2 24 -1 0 11.7321 0 0 12
2 24 -2 0 13.4641 0 0 14
2 24 0 0 12 1 0 11.7321
2 24 0 0 14 2 0 13.4641
2 24 1 0 11.7321 1.7321 0 11
2 24 2 0 13.4641 3.4641 0 12
2 24 3.4641 0 12 4 0 10
2 24 1.7321 0 11 2 0 10
2 24 1.7321 -6.4099 11 2 -6.3028 10
2 24 -2 -8.2901 10 -1.7321 -8.131 11
2 24 -1.7321 -8.131 11 -1 -7.7483 11.7321
2 24 -1 -7.7483 11.7321 0 -7.2445 12
2 24 0 -7.2445 12 1 -6.7546 11.7321
2 24 1.7321 -6.4099 11 1 -6.7546 11.7321
2 24 1.7321 -6.4099 11 2 -6.3028 10
2 24 1.7321 0 11 2 0 10
2 24 -1.7321 0 11 -2 0 10
2 24 -1.7321 -8.131 11 -2 -8.2901 10
2 24 -1.7321 0 11 -1 0 11.7321
2 24 -1.7321 -8.131 11 -1 -7.7483 11.7321
2 24 -1 0 11.7321 0 0 12
2 24 -1 -7.7483 11.7321 0 -7.2445 12
2 24 0 0 12 1 0 11.7321
2 24 0 -7.2445 12 1 -6.7546 11.7321
2 24 1.7321 -6.4099 11 1 -6.7546 11.7321
2 24 1.7321 0 11 1 0 11.7321
2 24 -4 -9.4903 30 -3.4641 -9.192 28
2 24 -4 0 30 -3.4641 0 28
2 24 -3.4641 0 28 -2 0 26.5359
2 24 -3.4641 -9.192 28 -2 -8.3683 26.5359
2 24 -2 0 26.5359 0 0 26
2 24 -2 -8.3683 26.5359 0 -7.2484 26
2 24 0 0 26 2 0 26.5359
2 24 0 -7.2484 26 2 -6.1288 26.5359
2 24 2 0 26.5359 3.4641 0 28
2 24 2 -6.1288 26.5359 3.4641 -5.25 28
2 24 3.4641 0 28 4 0 30
2 24 3.4641 -5.25 28 4 -5.25 30
2 24 -4 0 30 -3.4641 0 28
2 24 -2 0 30 -1.7321 0 29
2 24 -1.7321 0 29 -1 0 28.2679
2 24 -3.4641 0 28 -2 0 26.5359
2 24 -1 0 28.2679 0 0 28
2 24 -2 0 26.5359 0 0 26
2 24 0 0 28 1 0 28.2679
2 24 0 0 26 2 0 26.5359
2 24 1 0 28.2679 1.7321 0 29
2 24 2 0 26.5359 3.4641 0 28
2 24 3.4641 0 28 4 0 30
2 24 1.7321 0 29 2 0 30
2 24 2 -6.3028 30 1.7321 -6.4099 29
2 24 -1.7321 -8.131 29 -2 -8.2901 30
2 24 -1.7321 -8.131 29 -1 -7.7483 28.2679
2 24 -1 -7.7483 28.2679 0 -7.2445 28
2 24 0 -7.2445 28 1 -6.7546 28.2679
2 24 1.7321 -6.4099 29 1 -6.7546 28.2679
2 24 2 0 30 1.7321 0 29
2 24 2 -6.3028 30 1.7321 -6.4099 29
2 24 -1.7321 0 29 -2 0 30
2 24 -1.7321 -8.131 29 -2 -8.2901 30
2 24 -1.7321 0 29 -1 0 28.2679
2 24 -1.7321 -8.131 29 -1 -7.7483 28.2679
2 24 -1 0 28.2679 0 0 28
2 24 -1 -7.7483 28.2679 0 -7.2445 28
2 24 0 0 28 1 0 28.2679
2 24 0 -7.2445 28 1 -6.7546 28.2679
2 24 1.7321 0 29 1 0 28.2679
2 24 1.7321 -6.4099 29 1 -6.7546 28.2679
2 24 -4 -9.4903 10 -3.4641 -9.192 8
2 24 -4 0 10 -3.4641 0 8
2 24 -3.4641 0 8 -2 0 6.5359
2 24 -3.4641 -9.192 8 -2 -8.3683 6.5359
2 24 -2 0 6.5359 0 0 6
2 24 -2 -8.3683 6.5359 0 -7.2484 6
2 24 0 0 6 2 0 6.5359
2 24 0 -7.2484 6 2 -6.1288 6.5359
2 24 2 0 6.5359 3.4641 0 8
2 24 2 -6.1288 6.5359 3.4641 -5.25 8
2 24 4 0 10 3.4641 0 8
2 24 4 -5.25 10 3.4641 -5.25 8
2 24 -4 0 10 -3.4641 0 8
2 24 -2 0 10 -1.7321 0 9
2 24 -1.7321 0 9 -1 0 8.2679
2 24 -3.4641 0 8 -2 0 6.5359
2 24 -1 0 8.2679 0 0 8
2 24 -2 0 6.5359 0 0 6
2 24 0 0 8 1 0 8.2679
2 24 0 0 6 2 0 6.5359
2 24 1 0 8.2679 1.7321 0 9
2 24 2 0 6.5359 3.4641 0 8
2 24 4 0 10 3.4641 0 8
2 24 2 0 10 1.7321 0 9
2 24 2 -6.3028 10 1.7321 -6.4099 9
2 24 -2 -8.2901 10 -1.7321 -8.131 9
2 24 -1.7321 -8.131 9 -1 -7.7483 8.2679
2 24 -1 -7.7483 8.2679 0 -7.2445 8
2 24 0 -7.2445 8 1 -6.7546 8.2679
2 24 1.7321 -6.4099 9 1 -6.7546 8.2679
2 24 2 0 10 1.7321 0 9
2 24 2 -6.3028 10 1.7321 -6.4099 9
2 24 -2 0 10 -1.7321 0 9
2 24 -2 -8.2901 10 -1.7321 -8.131 9
2 24 -1.7321 0 9 -1 0 8.2679
2 24 -1.7321 -8.131 9 -1 -7.7483 8.2679
2 24 -1 0 8.2679 0 0 8
2 24 -1 -7.7483 8.2679 0 -7.2445 8
2 24 0 0 8 1 0 8.2679
2 24 0 -7.2445 8 1 -6.7546 8.2679
2 24 1.7321 0 9 1 0 8.2679
2 24 1.7321 -6.4099 9 1 -6.7546 8.2679
2 24 -10 -12.8935 -10 -10 -1.25 -10
2 24 -9.0974 -15.5 10 -9.0974 -15.5 -7.6473
2 24 -10 -15.5 10 -10 -15.5 -7.6473
2 24 -10 -15.5 -7.6473 -10 -15.2841 -8.4696
2 24 -9.0974 -15.5 -7.6473 -8.7216 -15.2841 -8.4695
2 24 -4.6429 -13 -10 -5.8502 -13.6761 -9.8809
2 24 -10 -12.8935 -10 -10 -13.6633 -9.8809
2 24 -5.8502 -13.6761 -9.8809 -7.0165 -14.3292 -9.591
2 24 -10 -13.6633 -9.8809 -10 -14.3292 -9.591
2 24 -7.0165 -14.3292 -9.591 -8.0746 -14.9218 -9.0673
2 24 -10 -14.3292 -9.591 -10 -14.9218 -9.0673
2 24 -8.7216 -15.2841 -8.4695 -8.0746 -14.9218 -9.0673
2 24 -10 -15.2841 -8.4696 -10 -14.9218 -9.0673
2 24 -9.0494 -1.25 -9.0494 -8.2203 -1.25 -9.4992
2 24 9.0494 -1.25 -9.0494 8.2686 -1.25 -9.5
2 24 10 -1.25 -10 10 -1.2498 10
2 24 10 -4.8 -7.6473 10 -4.7998 10
2 24 -10 -15.5 10 -10 -15.5 -7.6473
2 24 -10 -1.25 -10 -10 -12.8935 -10
2 24 -10 -1.25 -10 -10 -1.25 -8.2686
2 24 -10 -12.8935 -10 -10 -13.6633 -9.8809
2 24 -10 -13.6633 -9.8809 -10 -14.3292 -9.591
2 24 -10 -14.3292 -9.591 -10 -14.9218 -9.0673
2 24 -10 -14.9218 -9.0673 -10 -15.2841 -8.4696
2 24 -10 -15.5 -7.6473 -10 -15.2841 -8.4696
2 24 -9.0494 -1.25 -9.0494 -9.5 -1.2526 -8.2686
2 24 -10 -1.25 -10 -10 -1.25 -8.2686
2 24 -10 -1.25 -10 10 -1.25 -10
2 24 -8.2203 -1.25 -9.4992 8.2686 -1.25 -9.5
2 24 -10 -1.25 -10 10 -1.25 -10
2 24 10 -1.25 -10 10 -4.8 -10
2 24 -4.6429 -13 -10 10 -4.8 -10
2 24 10 -1.25 -10 10 -1.2498 10
2 24 9.5 -1.25 -8.2167 9.5 -1.2499 10
2 24 9.0494 -1.25 -9.0494 9.5 -1.25 -8.2167
2 24 9.0494 -1.25 -9.0494 8.2686 -1.25 -9.5
2 24 8.7159 0 -8.7159 7.9123 0 -9.1617
2 24 8.2686 -1.25 -9.5 -8.2203 -1.25 -9.4992
2 24 7.9123 0 -9.1617 -7.9337 0 -9.1617
2 24 -9.5 -1.2526 -8.2686 -9.5 -1.2526 10
2 24 -9.1642 0 -7.8854 -9.1635 0 10
2 24 -9.5 -1.2526 -8.2686 -9.0494 -1.25 -9.0494
2 24 -9.1642 0 -7.8854 -8.7159 0 -8.7159
2 24 -8.2203 -1.25 -9.4992 -9.0494 -1.25 -9.0494
2 24 -7.9337 0 -9.1617 -8.7159 0 -8.7159
2 24 9.5 -1.25 -8.2167 9.5 -1.2499 10
2 24 9.1651 0 -7.8369 9.1651 0 10
2 24 9.0494 -1.25 -9.0494 9.5 -1.25 -8.2167
2 24 8.7159 0 -8.7159 9.1651 0 -7.8369
2 24 8.7159 0 -8.7159 7.9123 0 -9.1617
2 24 7.9123 0 -9.1617 -7.9337 0 -9.1617
2 24 6.25 0 -6.25 -6.25 0 -6.25
2 24 -9.1642 0 -7.8854 -9.1635 0 10
2 24 -6.25 0 -6.25 -6.2497 0 10
2 24 -9.1642 0 -7.8854 -8.7159 0 -8.7159
2 24 -7.9337 0 -9.1617 -8.7159 0 -8.7159
2 24 9.1651 0 -7.8369 9.1651 0 10
2 24 6.25 0 -6.25 6.25 0 10
2 24 8.7159 0 -8.7159 9.1651 0 -7.8369
2 24 6.25 0 -6.25 -6.25 0 -6.25
2 24 -6.25 0 -6.25 -6.25 -10.7482 -6.25
2 24 3.6426 -5.25 -6.25 -6.25 -10.7482 -6.25
2 24 -6.25 0 -6.25 -6.2497 0 10
2 24 -6.25 0 -6.25 -6.25 -10.7482 -6.25
2 24 -6.25 -10.7482 -6.25 -6.2499 -10.7482 10
2 24 6.25 -5.25 -6.25 6.25 -5.25 10
2 24 6.25 -5.25 -6.25 6.25 0 -6.25
2 24 6.25 0 -6.25 6.25 0 10
2 24 3.6426 -5.25 -6.25 6.25 -5.25 -6.25
2 24 6.25 0 -6.25 6.25 -5.25 -6.25
2 24 6.25 -5.25 -6.25 3.6426 -5.25 -6.25
2 24 3.4641 -5.25 8 3.6426 -5.25 -6.25
2 24 -6.2499 -10.7482 10 -6.25 -10.7482 -6.25
2 24 -4 -9.4903 10 -3.4641 -9.192 8
2 24 6.25 -5.25 -6.25 6.25 -5.25 10
2 24 3.4641 -5.25 8 4 -5.25 10
2 24 2 -6.1288 6.5359 3.4641 -5.25 8
2 24 3.6426 -5.25 -6.25 3.4641 -5.25 8
2 24 -6.25 -10.7482 -6.25 3.6426 -5.25 -6.25
2 24 2 -6.1288 6.5359 0 -7.2484 6
2 24 0 -7.2484 6 -2 -8.3683 6.5359
2 24 -3.4641 -9.192 8 -2 -8.3683 6.5359
2 24 10 -1.25 -10 10 -4.8 -10
2 24 10 -4.8 -7.6473 10 -4.8 -10
2 24 -10 -1.25 -8.2686 -10 -1.25 10
2 24 -9.5 -1.2526 -8.2686 -9.5 -1.2526 10
2 24 -10 -1.25 -8.2686 -10 -1.25 10
2 24 10 -4.8 -7.6473 10 -4.8 -10
2 24 10 -4.8 -10 -4.6429 -13 -10
2 24 10 -4.8 -7.6473 10 -4.7998 10
2 24 -9.0974 -15.5 -7.6473 -9.0974 -15.5 10
2 24 -4.6429 -13 -10 -5.8502 -13.6761 -9.8809
2 24 -9.0974 -15.5 -7.6473 -8.7216 -15.2841 -8.4695
2 24 -5.8502 -13.6761 -9.8809 -7.0165 -14.3292 -9.591
2 24 -7.0165 -14.3292 -9.591 -8.0746 -14.9218 -9.0673
2 24 -8.7216 -15.2841 -8.4695 -8.0746 -14.9218 -9.0673
2 24 -10 -15.5 10 -10 -15.5 30
2 24 -9.0974 -15.5 10 -9.0974 -15.5 30
2 24 10 -4.7998 10 10 -4.7998 30
2 24 10 -1.2498 10 10 -1.2498 30
2 24 -10 -15.5 10 -10 -15.5 30
2 24 -9.5 -1.2526 10 -9.5 -1.2526 30
2 24 -10 -1.25 10 -10 -1.25 30
2 24 10 -1.2498 10 10 -1.2498 30
2 24 9.5 -1.2499 10 9.5 -1.2499 30
2 24 -9.1635 0 10 -9.1635 0 30
2 24 -9.5 -1.2526 10 -9.5 -1.2526 30
2 24 9.5 -1.2499 10 9.5 -1.2499 30
2 24 9.1651 0 10 9.1651 0 30
2 24 -6.2497 0 10 -6.2497 0 30
2 24 -9.1635 0 10 -9.1635 0 30
2 24 9.1651 0 10 9.1651 0 30
2 24 6.25 0 10 6.25 0 30
2 24 -6.2499 -10.7482 10 -6.2499 -10.7482 30
2 24 -6.2497 0 10 -6.2497 0 30
2 24 6.25 0 10 6.25 0 30
2 24 6.25 -5.25 10 6.25 -5.25 30
2 24 -10 -1.25 10 -10 -1.25 30
2 24 -9.0974 -15.5 10 -9.0974 -15.5 30
2 24 10 -4.7998 10 10 -4.7998 30
2 24 -4 -9.4903 10 -3.4641 -9.192 12
2 24 -3.4641 -9.192 28 -4 -9.4903 30
2 24 -3.4641 -9.192 12 -2 -8.3683 13.4641
2 24 -3.4641 -9.192 28 -2 -8.3683 26.5359
2 24 -2 -8.3683 13.4641 0 -7.2484 14
2 24 -2 -8.3683 26.5359 0 -7.2484 26
2 24 0 -7.2484 14 2 -6.1288 13.4641
2 24 0 -7.2484 26 2 -6.1288 26.5359
2 24 2 -6.1288 13.4641 3.4641 -5.25 12
2 24 3.4641 -5.25 12 3.4641 -5.25 28
2 24 2 -6.1288 26.5359 3.4641 -5.25 28
2 24 4 -5.25 10 3.4641 -5.25 12
2 24 3.4641 -5.25 12 3.4641 -5.25 28
2 24 4 -5.25 30 3.4641 -5.25 28
2 24 6.25 -5.25 10 6.25 -5.25 30
2 24 -6.2499 -10.7482 10 -6.2499 -10.7482 30
2 24 -4 -9.4903 50 -3.4641 -9.192 48
2 24 -4 0 50 -3.4641 0 48
2 24 -3.4641 0 48 -2 0 46.5359
2 24 -3.4641 -9.192 48 -2 -8.3683 46.5359
2 24 -2 0 46.5359 0 0 46
2 24 -2 -8.3683 46.5359 0 -7.2484 46
2 24 0 0 46 2 0 46.5359
2 24 0 -7.2484 46 2 -6.1288 46.5359
2 24 2 0 46.5359 3.4641 0 48
2 24 2 -6.1288 46.5359 3.4641 -5.25 48
2 24 3.4641 0 48 4 0 50
2 24 3.4641 -5.25 48 4 -5.25 50
2 24 -4 0 50 -3.4641 0 48
2 24 -2 0 50 -1.7321 0 49
2 24 -1.7321 0 49 -1 0 48.2679
2 24 -3.4641 0 48 -2 0 46.5359
2 24 -1 0 48.2679 0 0 48
2 24 -2 0 46.5359 0 0 46
2 24 0 0 48 1 0 48.2679
2 24 0 0 46 2 0 46.5359
2 24 1 0 48.2679 1.7321 0 49
2 24 2 0 46.5359 3.4641 0 48
2 24 3.4641 0 48 4 0 50
2 24 1.7321 0 49 2 0 50
2 24 2 -6.3028 50 1.7321 -6.4099 49
2 24 -1.7321 -8.131 49 -2 -8.2901 50
2 24 -1.7321 -8.131 49 -1 -7.7483 48.2679
2 24 -1 -7.7483 48.2679 0 -7.2445 48
2 24 0 -7.2445 48 1 -6.7546 48.2679
2 24 1.7321 -6.4099 49 1 -6.7546 48.2679
2 24 2 0 50 1.7321 0 49
2 24 2 -6.3028 50 1.7321 -6.4099 49
2 24 -1.7321 0 49 -2 0 50
2 24 -1.7321 -8.131 49 -2 -8.2901 50
2 24 -1.7321 0 49 -1 0 48.2679
2 24 -1.7321 -8.131 49 -1 -7.7483 48.2679
2 24 -1 0 48.2679 0 0 48
2 24 -1 -7.7483 48.2679 0 -7.2445 48
2 24 0 0 48 1 0 48.2679
2 24 0 -7.2445 48 1 -6.7546 48.2679
2 24 1.7321 0 49 1 0 48.2679
2 24 1.7321 -6.4099 49 1 -6.7546 48.2679
2 24 -4 -9.4903 30 -3.4641 -9.192 32
2 24 -4 0 30 -3.4641 0 32
2 24 -3.4641 -9.192 32 -2 -8.3683 33.4641
2 24 -3.4641 0 32 -2 0 33.4641
2 24 -2 -8.3683 33.4641 0 -7.2484 34
2 24 -2 0 33.4641 0 0 34
2 24 0 -7.2484 34 2 -6.1288 33.4641
2 24 0 0 34 2 0 33.4641
2 24 2 -6.1288 33.4641 3.4641 -5.25 32
2 24 2 0 33.4641 3.4641 0 32
2 24 4 0 30 3.4641 0 32
2 24 4 -5.25 30 3.4641 -5.25 32
2 24 -4 0 30 -3.4641 0 32
2 24 -2 0 30 -1.7321 0 31
2 24 -1.7321 0 31 -1 0 31.7321
2 24 -3.4641 0 32 -2 0 33.4641
2 24 -1 0 31.7321 0 0 32
2 24 -2 0 33.4641 0 0 34
2 24 0 0 32 1 0 31.7321
2 24 0 0 34 2 0 33.4641
2 24 1 0 31.7321 1.7321 0 31
2 24 2 0 33.4641 3.4641 0 32
2 24 4 0 30 3.4641 0 32
2 24 2 0 30 1.7321 0 31
2 24 2 -6.3028 30 1.7321 -6.4099 31
2 24 -2 -8.2901 30 -1.7321 -8.131 31
2 24 -1.7321 -8.131 31 -1 -7.7483 31.7321
2 24 -1 -7.7483 31.7321 0 -7.2445 32
2 24 0 -7.2445 32 1 -6.7546 31.7321
2 24 1.7321 -6.4099 31 1 -6.7546 31.7321
2 24 2 -6.3028 30 1.7321 -6.4099 31
2 24 2 0 30 1.7321 0 31
2 24 -2 0 30 -1.7321 0 31
2 24 -2 -8.2901 30 -1.7321 -8.131 31
2 24 -1.7321 0 31 -1 0 31.7321
2 24 -1.7321 -8.131 31 -1 -7.7483 31.7321
2 24 -1 0 31.7321 0 0 32
2 24 -1 -7.7483 31.7321 0 -7.2445 32
2 24 0 0 32 1 0 31.7321
2 24 0 -7.2445 32 1 -6.7546 31.7321
2 24 1.7321 -6.4099 31 1 -6.7546 31.7321
2 24 1.7321 0 31 1 0 31.7321
2 24 -4 -9.4903 50 -3.4641 -9.192 52
2 24 -4 0 50 -3.4641 0 52
2 24 -3.4641 -9.192 52 -2 -8.3683 53.4641
2 24 -3.4641 0 52 -2 0 53.4641
2 24 -2 -8.3683 53.4641 0 -7.2484 54
2 24 -2 0 53.4641 0 0 54
2 24 0 -7.2484 54 2 -6.1288 53.4641
2 24 0 0 54 2 0 53.4641
2 24 2 -6.1288 53.4641 3.4641 -5.25 52
2 24 2 0 53.4641 3.4641 0 52
2 24 4 0 50 3.4641 0 52
2 24 4 -5.25 50 3.4641 -5.25 52
2 24 -4 0 50 -3.4641 0 52
2 24 -2 0 50 -1.7321 0 51
2 24 -1.7321 0 51 -1 0 51.7321
2 24 -3.4641 0 52 -2 0 53.4641
2 24 -1 0 51.7321 0 0 52
2 24 -2 0 53.4641 0 0 54
2 24 0 0 52 1 0 51.7321
2 24 0 0 54 2 0 53.4641
2 24 1 0 51.7321 1.7321 0 51
2 24 2 0 53.4641 3.4641 0 52
2 24 4 0 50 3.4641 0 52
2 24 2 0 50 1.7321 0 51
2 24 2 -6.3028 50 1.7321 -6.4099 51
2 24 -2 -8.2901 50 -1.7321 -8.131 51
2 24 -1.7321 -8.131 51 -1 -7.7483 51.7321
2 24 -1 -7.7483 51.7321 0 -7.2445 52
2 24 0 -7.2445 52 1 -6.7546 51.7321
2 24 1.7321 -6.4099 51 1 -6.7546 51.7321
2 24 2 -6.3028 50 1.7321 -6.4099 51
2 24 2 0 50 1.7321 0 51
2 24 -2 0 50 -1.7321 0 51
2 24 -2 -8.2901 50 -1.7321 -8.131 51
2 24 -1.7321 0 51 -1 0 51.7321
2 24 -1.7321 -8.131 51 -1 -7.7483 51.7321
2 24 -1 0 51.7321 0 0 52
2 24 -1 -7.7483 51.7321 0 -7.2445 52
2 24 0 0 52 1 0 51.7321
2 24 0 -7.2445 52 1 -6.7546 51.7321
2 24 1.7321 -6.4099 51 1 -6.7546 51.7321
2 24 1.7321 0 51 1 0 51.7321
2 24 -10 -1.25 70 -10 -12.8935 70
2 24 -9.0974 -15.5 50 -9.0974 -15.5 67.6473
2 24 -10 -15.5 50 -10 -15.5 67.6473
2 24 -10 -15.5 67.6473 -10 -15.2841 68.4696
2 24 -9.0974 -15.5 67.6473 -8.7216 -15.2841 68.4696
2 24 -4.6429 -13 70 -5.8502 -13.6761 69.8809
2 24 -10 -12.8935 70 -10 -13.6633 69.8809
2 24 -5.8502 -13.6761 69.8809 -7.0165 -14.3292 69.591
2 24 -10 -13.6633 69.8809 -10 -14.3292 69.591
2 24 -7.0165 -14.3292 69.591 -8.0746 -14.9218 69.0673
2 24 -10 -14.3292 69.591 -10 -14.9218 69.0673
2 24 -8.7216 -15.2841 68.4696 -8.0746 -14.9218 69.0673
2 24 -10 -15.2841 68.4696 -10 -14.9218 69.0673
2 24 -8.2203 -1.25 69.4992 -9.0494 -1.25 69.0494
2 24 9.0494 -1.25 69.0494 8.2686 -1.25 69.5
2 24 10 -4.7998 50 10 -4.8 67.6473
2 24 10 -1.2498 50 10 -1.25 70
2 24 -10 -15.5 67.6473 -10 -15.5 50
2 24 -10 -1.25 70 -10 -1.25 68.2687
2 24 -10 -1.25 70 -10 -12.8935 70
2 24 -10 -12.8935 70 -10 -13.6633 69.8809
2 24 -10 -13.6633 69.8809 -10 -14.3292 69.591
2 24 -10 -14.3292 69.591 -10 -14.9218 69.0673
2 24 -10 -14.9218 69.0673 -10 -15.2841 68.4696
2 24 -10 -15.5 67.6473 -10 -15.2841 68.4696
2 24 -9.0494 -1.25 69.0494 -9.5 -1.2526 68.2686
2 24 -10 -1.25 70 -10 -1.25 68.2687
2 24 -10 -1.25 70 10 -1.25 70
2 24 -8.2203 -1.25 69.4992 8.2686 -1.25 69.5
2 24 10 -4.8 70 10 -1.25 70
2 24 -4.6429 -13 70 10 -4.8 70
2 24 -10 -1.25 70 10 -1.25 70
2 24 9.5 -1.2499 50 9.5 -1.25 68.2167
2 24 10 -1.25 70 10 -1.2498 50
2 24 9.0494 -1.25 69.0494 9.5 -1.25 68.2167
2 24 9.0494 -1.25 69.0494 8.2686 -1.25 69.5
2 24 8.7159 0 68.7159 7.9123 0 69.1617
2 24 8.2686 -1.25 69.5 -8.2203 -1.25 69.4992
2 24 7.9123 0 69.1617 -7.9337 0 69.1617
2 24 -9.5 -1.2526 68.2686 -9.5 -1.2526 50
2 24 -9.1642 0 67.8854 -9.1635 0 50
2 24 -9.5 -1.2526 68.2686 -9.0494 -1.25 69.0494
2 24 -9.1642 0 67.8854 -8.7159 0 68.7159
2 24 -7.9337 0 69.1617 -8.7159 0 68.7159
2 24 -8.2203 -1.25 69.4992 -9.0494 -1.25 69.0494
2 24 9.1651 0 50 9.1651 0 67.8369
2 24 9.5 -1.2499 50 9.5 -1.25 68.2167
2 24 8.7159 0 68.7159 9.1651 0 67.8369
2 24 9.0494 -1.25 69.0494 9.5 -1.25 68.2167
2 24 8.7159 0 68.7159 7.9123 0 69.1617
2 24 6.25 0 66.25 -6.25 0 66.25
2 24 7.9123 0 69.1617 -7.9337 0 69.1617
2 24 -9.1642 0 67.8854 -9.1635 0 50
2 24 -6.25 0 66.25 -6.2497 0 50
2 24 -9.1642 0 67.8854 -8.7159 0 68.7159
2 24 -7.9337 0 69.1617 -8.7159 0 68.7159
2 24 6.25 0 66.25 6.25 0 50
2 24 9.1651 0 50 9.1651 0 67.8369
2 24 8.7159 0 68.7159 9.1651 0 67.8369
2 24 6.25 0 66.25 -6.25 0 66.25
2 24 3.6426 -5.25 66.25 -6.25 -10.7482 66.25
2 24 -6.25 0 66.25 -6.25 -10.7482 66.25
2 24 -6.25 0 66.25 -6.25 -10.7482 66.25
2 24 -6.25 0 66.25 -6.2497 0 50
2 24 -6.25 -10.7482 66.25 -6.2499 -10.7482 50
2 24 6.25 -5.25 66.25 6.25 0 66.25
2 24 6.25 -5.25 66.25 6.25 -5.25 50
2 24 6.25 0 66.25 6.25 0 50
2 24 3.6426 -5.25 66.25 6.25 -5.25 66.25
2 24 6.25 0 66.25 6.25 -5.25 66.25
2 24 3.6426 -5.25 66.25 6.25 -5.25 66.25
2 24 3.4641 -5.25 52 3.6426 -5.25 66.25
2 24 -6.2499 -10.7482 50 -6.25 -10.7482 66.25
2 24 -4 -9.4903 50 -3.4641 -9.192 52
2 24 6.25 -5.25 66.25 6.25 -5.25 50
2 24 3.4641 -5.25 52 4 -5.25 50
2 24 3.4641 -5.25 52 2 -6.1288 53.4641
2 24 3.6426 -5.25 66.25 3.4641 -5.25 52
2 24 -6.25 -10.7482 66.25 3.6426 -5.25 66.25
2 24 2 -6.1288 53.4641 0 -7.2484 54
2 24 0 -7.2484 54 -2 -8.3683 53.4641
2 24 -3.4641 -9.192 52 -2 -8.3683 53.4641
2 24 10 -4.8 67.6473 10 -4.8 70
2 24 10 -1.25 70 10 -4.8 70
2 24 -10 -1.25 68.2687 -10 -1.25 50
2 24 -9.5 -1.2526 68.2686 -9.5 -1.2526 50
2 24 -10 -1.25 68.2687 -10 -1.25 50
2 24 10 -4.8 67.6473 10 -4.8 70
2 24 10 -4.8 70 -4.6429 -13 70
2 24 10 -4.8 67.6473 10 -4.7998 50
2 24 -9.0974 -15.5 67.6473 -9.0974 -15.5 50
2 24 -4.6429 -13 70 -5.8502 -13.6761 69.8809
2 24 -9.0974 -15.5 67.6473 -8.7216 -15.2841 68.4696
2 24 -5.8502 -13.6761 69.8809 -7.0165 -14.3292 69.591
2 24 -7.0165 -14.3292 69.591 -8.0746 -14.9218 69.0673
2 24 -8.7216 -15.2841 68.4696 -8.0746 -14.9218 69.0673
2 24 -10 -15.5 30 -10 -15.5 50
2 24 -9.0974 -15.5 30 -9.0974 -15.5 50
2 24 10 -4.7998 30 10 -4.7998 50
2 24 10 -1.2498 30 10 -1.2498 50
2 24 -10 -15.5 30 -10 -15.5 50
2 24 -9.5 -1.2526 30 -9.5 -1.2526 50
2 24 -10 -1.25 30 -10 -1.25 50
2 24 10 -1.2498 30 10 -1.2498 50
2 24 9.5 -1.2499 30 9.5 -1.2499 50
2 24 -9.1635 0 30 -9.1635 0 50
2 24 -9.5 -1.2526 30 -9.5 -1.2526 50
2 24 9.5 -1.2499 30 9.5 -1.2499 50
2 24 9.1651 0 30 9.1651 0 50
2 24 -6.2497 0 30 -6.2497 0 50
2 24 -9.1635 0 30 -9.1635 0 50
2 24 9.1651 0 30 9.1651 0 50
2 24 6.25 0 30 6.25 0 50
2 24 -6.2499 -10.7482 30 -6.2499 -10.7482 50
2 24 -6.2497 0 30 -6.2497 0 50
2 24 6.25 0 30 6.25 0 50
2 24 6.25 -5.25 30 6.25 -5.25 50
2 24 -10 -1.25 30 -10 -1.25 50
2 24 -9.0974 -15.5 30 -9.0974 -15.5 50
2 24 10 -4.7998 30 10 -4.7998 50
2 24 -4 -9.4903 50 -3.4641 -9.192 48
2 24 -4 -9.4903 30 -3.4641 -9.192 32
2 24 -3.4641 -9.192 48 -2 -8.3683 46.5359
2 24 -3.4641 -9.192 32 -2 -8.3683 33.4641
2 24 -2 -8.3683 46.5359 0 -7.2484 46
2 24 -2 -8.3683 33.4641 0 -7.2484 34
2 24 0 -7.2484 46 2 -6.1288 46.5359
2 24 0 -7.2484 34 2 -6.1288 33.4641
2 24 3.4641 -5.25 48 3.4641 -5.25 32
2 24 2 -6.1288 46.5359 3.4641 -5.25 48
2 24 2 -6.1288 33.4641 3.4641 -5.25 32
2 24 4 -5.25 50 3.4641 -5.25 48
2 24 4 -5.25 30 3.4641 -5.25 32
2 24 3.4641 -5.25 48 3.4641 -5.25 32
2 24 6.25 -5.25 30 6.25 -5.25 50
2 24 -6.2499 -10.7482 30 -6.2499 -10.7482 50
0 STEP
