0 Vehicle, Mudguard 2 x 4 with Flat Top and Curved Fenders
0 Name: bl_7896.dat
0 Author: 
0 BL_Item_No 7896
0 BFC CERTIFY CCW
3 16 -26.2941 -5.2111 26.2199 -10 0.0289 26.2199 -10 -5.2111 26.2199
3 16 -26.2941 -1.7648 15.1035 -26.2941 -5.2111 26.2199 -26.2941 -2.4361 10
3 16 -26.2941 -2.4361 10 -26.2941 -5.2111 26.2199 -26.2941 -5.2111 -6.2199
3 16 -26.2941 -5.2111 26.2199 -26.2941 -1.7648 15.1035 -26.2941 0.3785 20.1908
3 16 -26.2941 0.3785 20.1908 -26.2941 3.8331 24.4966 -26.2941 -5.2111 26.2199
3 16 -26.2941 -5.2111 26.2199 -26.2941 3.8331 24.4966 -26.2941 5.9298 26.2199
3 16 -30 5.9298 26.2199 -30 8.0289 27.5298 -26.2941 5.9298 26.2199
3 16 -10 0.0289 26.2199 -10 5.9298 26.2199 -10 0.0289 30
3 16 -10 -5.2111 26.2199 -10 0.0289 26.2199 -10 -5.2111 -6.2199
3 16 -10 -5.2111 -6.2199 -10 0.0289 26.2199 -10 0.0289 -6.2199
3 16 -10 0.0289 26.2199 -6.25 0.0289 26.25 -10 0.0289 -6.2199
3 16 -10 0.0289 -6.2199 -6.25 0.0289 26.25 -6.25 0.0289 -6.25
3 16 -6.25 0.0289 26.25 -10 0.0289 26.2199 -10 0.0289 30
3 16 -10 5.9298 26.2199 -10 0.0289 26.2199 -26.2941 5.9298 26.2199
3 16 -26.2941 5.9298 26.2199 -10 0.0289 26.2199 -26.2941 -5.2111 26.2199
3 16 -30 8.0289 30 -30 -7.9711 30 -10 0.0289 30
3 16 -30 -1.7648 15.1035 -30 -2.4361 10 -30 -7.9711 30
3 16 -30 -7.9711 30 -30 -2.4361 10 -30 -7.9711 -10
3 16 -30 0.3785 20.1908 -30 -1.7648 15.1035 -30 -7.9711 30
3 16 -30 -7.9711 30 -30 8.0289 27.5298 -30 5.9298 26.2199
3 16 -30 -7.9711 30 -30 5.9298 26.2199 -30 3.8331 24.4966
3 16 -30 3.8331 24.4966 -30 0.3785 20.1908 -30 -7.9711 30
3 16 -10 8.0289 30 -10 8.0289 27.5298 -30 8.0289 30
3 16 -30 8.0289 30 -10 8.0289 27.5298 -30 8.0289 27.5298
3 16 -10 8.0289 30 -30 8.0289 30 -10 0.0289 30
3 16 -6.25 -5.2111 26.25 26.25 -5.2111 26.25 -6.25 -5.2111 -6.25
3 16 -6.25 -5.2111 -6.25 26.25 -5.2111 26.25 26.25 -5.2111 -6.25
3 16 -6.25 0.0289 26.25 -6.25 -5.2111 26.25 -6.25 0.0289 -6.25
3 16 -6.25 0.0289 -6.25 -6.25 -5.2111 26.25 -6.25 -5.2111 -6.25
3 16 -6.25 -5.2111 26.25 -6.25 0.0289 26.25 26.25 -5.2111 26.25
3 16 26.25 -5.2111 26.25 -6.25 0.0289 26.25 26.25 0.0289 26.25
3 16 -30 5.9298 26.2199 -26.2941 5.9298 26.2199 -30 3.8331 24.4966
3 16 -30 3.8331 24.4966 -26.2941 5.9298 26.2199 -26.2941 3.8331 24.4966
3 16 -30 3.8331 24.4966 -26.2941 3.8331 24.4966 -30 0.3785 20.1908
3 16 -30 0.3785 20.1908 -26.2941 3.8331 24.4966 -26.2941 0.3785 20.1908
3 16 -30 0.3785 20.1908 -26.2941 0.3785 20.1908 -30 -1.7648 15.1035
3 16 -30 -1.7648 15.1035 -26.2941 0.3785 20.1908 -26.2941 -1.7648 15.1035
3 16 -30 -1.7648 15.1035 -26.2941 -1.7648 15.1035 -30 -2.4361 10
3 16 -30 -2.4361 10 -26.2941 -1.7648 15.1035 -26.2941 -2.4361 10
3 16 -26.2941 -5.2111 -6.2199 -26.2941 -5.2111 26.2199 -10 -5.2111 -6.2199
3 16 -10 -5.2111 -6.2199 -26.2941 -5.2111 26.2199 -10 -5.2111 26.2199
3 16 -10 5.9298 26.2199 -26.2941 5.9298 26.2199 -10 8.0289 27.5298
3 16 -10 8.0289 27.5298 -26.2941 5.9298 26.2199 -30 8.0289 27.5298
3 16 -30 -7.9711 30 -30 8.0289 30 -30 8.0289 27.5298
3 16 -6.25 0.0289 26.25 -10 0.0289 30 26.25 0.0289 26.25
3 16 26.25 0.0289 26.25 -10 0.0289 30 30 0.0289 30
3 16 46.2941 -5.2111 26.2199 30 -5.2111 26.2199 30 0.0289 26.2199
3 16 46.2941 -5.2111 -6.2199 46.2941 -5.2111 26.2199 46.2941 -2.4361 10
3 16 46.2941 -2.4361 10 46.2941 -5.2111 26.2199 46.2941 -1.7648 15.1035
3 16 46.2941 -5.2111 26.2199 46.2941 0.3785 20.1908 46.2941 -1.7648 15.1035
3 16 46.2941 0.3785 20.1908 46.2941 -5.2111 26.2199 46.2941 3.8331 24.4966
3 16 46.2941 -5.2111 26.2199 46.2941 5.9298 26.2199 46.2941 3.8331 24.4966
3 16 50 5.9298 26.2199 46.2941 5.9298 26.2199 50 8.0289 27.5298
3 16 30 0.0289 30 30 8.0289 30 30 5.9298 26.2199
3 16 30 5.9298 26.2199 30 8.0289 30 30 8.0289 27.5298
3 16 26.25 0.0289 26.25 30 0.0289 30 30 0.0289 26.2199
3 16 30 5.9298 26.2199 46.2941 5.9298 26.2199 30 0.0289 26.2199
3 16 30 0.0289 26.2199 46.2941 5.9298 26.2199 46.2941 -5.2111 26.2199
3 16 50 8.0289 30 30 0.0289 30 50 -7.9711 30
3 16 50 0.3785 20.1908 50 -7.9711 30 50 -1.7648 15.1035
3 16 50 -7.9711 30 50 5.9298 26.2199 50 8.0289 27.5298
3 16 50 -7.9711 30 50 3.8331 24.4966 50 5.9298 26.2199
3 16 50 3.8331 24.4966 50 -7.9711 30 50 0.3785 20.1908
3 16 -30 -7.9711 30 50 -7.9711 30 -10 0.0289 30
3 16 -10 0.0289 30 50 -7.9711 30 30 0.0289 30
3 16 30 8.0289 30 50 8.0289 30 30 8.0289 27.5298
3 16 30 8.0289 27.5298 50 8.0289 30 50 8.0289 27.5298
3 16 30 8.0289 30 30 0.0289 30 50 8.0289 30
3 16 50 5.9298 26.2199 50 3.8331 24.4966 46.2941 5.9298 26.2199
3 16 46.2941 5.9298 26.2199 50 3.8331 24.4966 46.2941 3.8331 24.4966
3 16 50 3.8331 24.4966 50 0.3785 20.1908 46.2941 3.8331 24.4966
3 16 46.2941 3.8331 24.4966 50 0.3785 20.1908 46.2941 0.3785 20.1908
3 16 50 0.3785 20.1908 50 -1.7648 15.1035 46.2941 0.3785 20.1908
3 16 46.2941 0.3785 20.1908 50 -1.7648 15.1035 46.2941 -1.7648 15.1035
3 16 50 -1.7648 15.1035 50 -2.4361 10 46.2941 -1.7648 15.1035
3 16 46.2941 -1.7648 15.1035 50 -2.4361 10 46.2941 -2.4361 10
3 16 50 8.0289 27.5298 46.2941 5.9298 26.2199 30 8.0289 27.5298
3 16 30 8.0289 27.5298 46.2941 5.9298 26.2199 30 5.9298 26.2199
3 16 50 -7.9711 30 50 8.0289 27.5298 50 8.0289 30
3 16 46.2941 -5.2111 -6.2199 30 0.0289 -6.2199 30 -5.2111 -6.2199
3 16 46.2941 -2.4361 10 46.2941 -1.7648 4.8965 46.2941 -5.2111 -6.2199
3 16 46.2941 -5.2111 -6.2199 46.2941 -1.7648 4.8965 46.2941 0.3785 -0.1908
3 16 46.2941 0.3785 -0.1908 46.2941 3.8331 -4.4966 46.2941 -5.2111 -6.2199
3 16 46.2941 -5.2111 -6.2199 46.2941 3.8331 -4.4966 46.2941 5.9298 -6.2199
3 16 50 5.9298 -6.2199 50 8.0289 -7.5298 46.2941 5.9298 -6.2199
3 16 30 0.0289 -6.2199 30 5.9298 -6.2199 30 0.0289 -10
3 16 30 -5.2111 26.2199 30 -5.2111 -6.2199 30 0.0289 26.2199
3 16 30 0.0289 26.2199 30 -5.2111 -6.2199 30 0.0289 -6.2199
3 16 30 0.0289 26.2199 30 0.0289 -6.2199 26.25 0.0289 26.25
3 16 26.25 0.0289 26.25 30 0.0289 -6.2199 26.25 0.0289 -6.25
3 16 26.25 0.0289 -6.25 30 0.0289 -6.2199 30 0.0289 -10
3 16 30 5.9298 -6.2199 30 0.0289 -6.2199 46.2941 5.9298 -6.2199
3 16 46.2941 5.9298 -6.2199 30 0.0289 -6.2199 46.2941 -5.2111 -6.2199
3 16 50 8.0289 -10 50 -7.9711 -10 30 0.0289 -10
3 16 50 -1.7648 4.8965 50 -2.4361 10 50 -7.9711 -10
3 16 50 0.3785 -0.1908 50 -1.7648 4.8965 50 -7.9711 -10
3 16 50 -7.9711 -10 50 8.0289 -7.5298 50 5.9298 -6.2199
3 16 50 -7.9711 -10 50 5.9298 -6.2199 50 3.8331 -4.4966
3 16 50 3.8331 -4.4966 50 0.3785 -0.1908 50 -7.9711 -10
3 16 30 8.0289 -10 30 8.0289 -7.5298 50 8.0289 -10
3 16 50 8.0289 -10 30 8.0289 -7.5298 50 8.0289 -7.5298
3 16 30 8.0289 -10 50 8.0289 -10 30 0.0289 -10
3 16 26.25 0.0289 26.25 26.25 0.0289 -6.25 26.25 -5.2111 26.25
3 16 26.25 -5.2111 26.25 26.25 0.0289 -6.25 26.25 -5.2111 -6.25
3 16 26.25 -5.2111 -6.25 26.25 0.0289 -6.25 -6.25 -5.2111 -6.25
3 16 -6.25 -5.2111 -6.25 26.25 0.0289 -6.25 -6.25 0.0289 -6.25
3 16 50 5.9298 -6.2199 46.2941 5.9298 -6.2199 50 3.8331 -4.4966
3 16 50 3.8331 -4.4966 46.2941 5.9298 -6.2199 46.2941 3.8331 -4.4966
3 16 50 3.8331 -4.4966 46.2941 3.8331 -4.4966 50 0.3785 -0.1908
3 16 50 0.3785 -0.1908 46.2941 3.8331 -4.4966 46.2941 0.3785 -0.1908
3 16 50 0.3785 -0.1908 46.2941 0.3785 -0.1908 50 -1.7648 4.8965
3 16 50 -1.7648 4.8965 46.2941 0.3785 -0.1908 46.2941 -1.7648 4.8965
3 16 50 -1.7648 4.8965 46.2941 -1.7648 4.8965 50 -2.4361 10
3 16 50 -2.4361 10 46.2941 -1.7648 4.8965 46.2941 -2.4361 10
3 16 46.2941 -5.2111 -6.2199 30 -5.2111 -6.2199 46.2941 -5.2111 26.2199
3 16 46.2941 -5.2111 26.2199 30 -5.2111 -6.2199 30 -5.2111 26.2199
3 16 30 5.9298 -6.2199 46.2941 5.9298 -6.2199 30 8.0289 -7.5298
3 16 30 8.0289 -7.5298 46.2941 5.9298 -6.2199 50 8.0289 -7.5298
3 16 50 -7.9711 -10 50 8.0289 -10 50 8.0289 -7.5298
3 16 26.25 0.0289 -6.25 30 0.0289 -10 -6.25 0.0289 -6.25
3 16 -6.25 0.0289 -6.25 30 0.0289 -10 -10 0.0289 -10
3 16 -26.2941 -5.2111 -6.2199 -10 -5.2111 -6.2199 -10 0.0289 -6.2199
3 16 -26.2941 -2.4361 10 -26.2941 -5.2111 -6.2199 -26.2941 -1.7648 4.8965
3 16 -26.2941 -5.2111 -6.2199 -26.2941 0.3785 -0.1908 -26.2941 -1.7648 4.8965
3 16 -26.2941 0.3785 -0.1908 -26.2941 -5.2111 -6.2199 -26.2941 3.8331 -4.4966
3 16 -26.2941 -5.2111 -6.2199 -26.2941 5.9298 -6.2199 -26.2941 3.8331 -4.4966
3 16 -30 5.9298 -6.2199 -26.2941 5.9298 -6.2199 -30 8.0289 -7.5298
3 16 -10 0.0289 -10 -10 8.0289 -10 -10 5.9298 -6.2199
3 16 -10 5.9298 -6.2199 -10 8.0289 -10 -10 8.0289 -7.5298
3 16 -6.25 0.0289 -6.25 -10 0.0289 -10 -10 0.0289 -6.2199
3 16 -10 5.9298 -6.2199 -26.2941 5.9298 -6.2199 -10 0.0289 -6.2199
3 16 -10 0.0289 -6.2199 -26.2941 5.9298 -6.2199 -26.2941 -5.2111 -6.2199
3 16 -30 8.0289 -10 -10 0.0289 -10 -30 -7.9711 -10
3 16 -30 0.3785 -0.1908 -30 -7.9711 -10 -30 -1.7648 4.8965
3 16 -30 -7.9711 -10 -30 5.9298 -6.2199 -30 8.0289 -7.5298
3 16 -30 -7.9711 -10 -30 3.8331 -4.4966 -30 5.9298 -6.2199
3 16 -30 3.8331 -4.4966 -30 -7.9711 -10 -30 0.3785 -0.1908
3 16 50 -7.9711 -10 -30 -7.9711 -10 30 0.0289 -10
3 16 30 0.0289 -10 -30 -7.9711 -10 -10 0.0289 -10
3 16 -30 -7.9711 30 -30 -7.9711 -10 50 -7.9711 30
3 16 50 -7.9711 30 -30 -7.9711 -10 50 -7.9711 -10
3 16 -10 8.0289 -10 -30 8.0289 -10 -10 8.0289 -7.5298
3 16 -10 8.0289 -7.5298 -30 8.0289 -10 -30 8.0289 -7.5298
3 16 -10 8.0289 -10 -10 0.0289 -10 -30 8.0289 -10
3 16 -30 5.9298 -6.2199 -30 3.8331 -4.4966 -26.2941 5.9298 -6.2199
3 16 -26.2941 5.9298 -6.2199 -30 3.8331 -4.4966 -26.2941 3.8331 -4.4966
3 16 -30 3.8331 -4.4966 -30 0.3785 -0.1908 -26.2941 3.8331 -4.4966
3 16 -26.2941 3.8331 -4.4966 -30 0.3785 -0.1908 -26.2941 0.3785 -0.1908
3 16 -30 0.3785 -0.1908 -30 -1.7648 4.8965 -26.2941 0.3785 -0.1908
3 16 -26.2941 0.3785 -0.1908 -30 -1.7648 4.8965 -26.2941 -1.7648 4.8965
3 16 -30 -1.7648 4.8965 -30 -2.4361 10 -26.2941 -1.7648 4.8965
3 16 -26.2941 -1.7648 4.8965 -30 -2.4361 10 -26.2941 -2.4361 10
3 16 -30 8.0289 -7.5298 -26.2941 5.9298 -6.2199 -10 8.0289 -7.5298
3 16 -10 8.0289 -7.5298 -26.2941 5.9298 -6.2199 -10 5.9298 -6.2199
3 16 -30 -7.9711 -10 -30 8.0289 -7.5298 -30 8.0289 -10
3 16 -30 -1.7648 4.8965 -30 -7.9711 -10 -30 -2.4361 10
3 16 50 -7.9711 -10 50 -2.4361 10 50 -7.9711 30
3 16 50 -7.9711 30 50 -2.4361 10 50 -1.7648 15.1035
3 16 -10 0.0289 30 -10 5.9298 26.2199 -10 8.0289 30
3 16 -10 8.0289 30 -10 5.9298 26.2199 -10 8.0289 27.5298
3 16 -10 0.0289 -6.2199 -10 0.0289 -10 -10 5.9298 -6.2199
3 16 30 0.0289 26.2199 30 0.0289 30 30 5.9298 26.2199
3 16 30 0.0289 -10 30 5.9298 -6.2199 30 8.0289 -10
3 16 30 8.0289 -10 30 5.9298 -6.2199 30 8.0289 -7.5298
3 16 15.5396 0 13.1983 13.1983 0 15.5396 17.3124 0 14.2218
3 16 17.3124 0 14.2218 13.1983 0 15.5396 14.2218 0 17.3123
3 16 14.2218 0 17.3123 13.1983 0 15.5396 10 0 18.4436
3 16 10 0 18.4436 13.1983 0 15.5396 10 0 16.3966
3 16 10 0 16.3966 6.8017 0 15.5396 10 0 18.4436
3 16 10 0 18.4436 6.8017 0 15.5396 5.7782 0 17.3123
3 16 6.8017 0 15.5396 4.4604 0 13.1983 5.7782 0 17.3123
3 16 5.7782 0 17.3123 4.4604 0 13.1983 2.6876 0 14.2218
3 16 4.4604 0 13.1983 3.6034 0 10 2.6876 0 14.2218
3 16 2.6876 0 14.2218 3.6034 0 10 1.5564 0 10
3 16 3.6034 0 10 4.4604 0 6.8017 1.5564 0 10
3 16 1.5564 0 10 4.4604 0 6.8017 2.6876 0 5.7782
3 16 4.4604 0 6.8017 6.8017 0 4.4604 2.6876 0 5.7782
3 16 2.6876 0 5.7782 6.8017 0 4.4604 5.7782 0 2.6877
3 16 6.8017 0 4.4604 10 0 3.6034 5.7782 0 2.6877
3 16 5.7782 0 2.6877 10 0 3.6034 10 0 1.5564
3 16 10 0 3.6034 13.1983 0 4.4604 10 0 1.5564
3 16 10 0 1.5564 13.1983 0 4.4604 14.2218 0 2.6877
3 16 13.1983 0 4.4604 15.5396 0 6.8017 14.2218 0 2.6877
3 16 14.2218 0 2.6877 15.5396 0 6.8017 17.3124 0 5.7782
3 16 15.5396 0 6.8017 16.3966 0 10 17.3124 0 5.7782
3 16 17.3124 0 5.7782 16.3966 0 10 18.4436 0 10
3 16 16.3966 0 10 15.5396 0 13.1983 18.4436 0 10
3 16 18.4436 0 10 15.5396 0 13.1983 17.3124 0 14.2218
3 16 10 -5.25 18.4436 14.2218 -5.25 17.3123 10 0 18.4436
3 16 10 0 18.4436 14.2218 -5.25 17.3123 14.2218 0 17.3123
3 16 5.7782 -5.25 17.3123 10 -5.25 18.4436 5.7782 0 17.3123
3 16 5.7782 0 17.3123 10 -5.25 18.4436 10 0 18.4436
3 16 2.6876 -5.25 14.2218 5.7782 -5.25 17.3123 2.6876 0 14.2218
3 16 2.6876 0 14.2218 5.7782 -5.25 17.3123 5.7782 0 17.3123
3 16 1.5564 -5.25 10 2.6876 -5.25 14.2218 1.5564 0 10
3 16 1.5564 0 10 2.6876 -5.25 14.2218 2.6876 0 14.2218
3 16 2.6876 -5.25 5.7782 1.5564 -5.25 10 2.6876 0 5.7782
3 16 2.6876 0 5.7782 1.5564 -5.25 10 1.5564 0 10
3 16 5.7782 -5.25 2.6877 2.6876 -5.25 5.7782 5.7782 0 2.6877
3 16 5.7782 0 2.6877 2.6876 -5.25 5.7782 2.6876 0 5.7782
3 16 10 -5.25 1.5564 5.7782 -5.25 2.6877 10 0 1.5564
3 16 10 0 1.5564 5.7782 -5.25 2.6877 5.7782 0 2.6877
3 16 14.2218 -5.25 2.6877 10 -5.25 1.5564 14.2218 0 2.6877
3 16 14.2218 0 2.6877 10 -5.25 1.5564 10 0 1.5564
3 16 17.3124 -5.25 5.7782 14.2218 -5.25 2.6877 17.3124 0 5.7782
3 16 17.3124 0 5.7782 14.2218 -5.25 2.6877 14.2218 0 2.6877
3 16 18.4436 -5.25 10 17.3124 -5.25 5.7782 18.4436 0 10
3 16 18.4436 0 10 17.3124 -5.25 5.7782 17.3124 0 5.7782
3 16 17.3124 -5.25 14.2218 18.4436 -5.25 10 17.3124 0 14.2218
3 16 17.3124 0 14.2218 18.4436 -5.25 10 18.4436 0 10
3 16 13.1983 0 15.5396 15.5396 0 13.1983 13.1983 -5.0063 15.5396
3 16 13.1983 -5.0063 15.5396 15.5396 0 13.1983 15.5396 -5.0063 13.1983
3 16 10 0 16.3966 13.1983 0 15.5396 10 -5.0063 16.3966
3 16 10 -5.0063 16.3966 13.1983 0 15.5396 13.1983 -5.0063 15.5396
3 16 6.8017 0 15.5396 10 0 16.3966 6.8017 -5.0063 15.5396
3 16 6.8017 -5.0063 15.5396 10 0 16.3966 10 -5.0063 16.3966
3 16 4.4604 0 13.1983 6.8017 0 15.5396 4.4604 -5.0063 13.1983
3 16 4.4604 -5.0063 13.1983 6.8017 0 15.5396 6.8017 -5.0063 15.5396
3 16 3.6034 0 10 4.4604 0 13.1983 3.6034 -5.0063 10
3 16 3.6034 -5.0063 10 4.4604 0 13.1983 4.4604 -5.0063 13.1983
3 16 4.4604 0 6.8017 3.6034 0 10 4.4604 -5.0063 6.8017
3 16 4.4604 -5.0063 6.8017 3.6034 0 10 3.6034 -5.0063 10
3 16 6.8017 0 4.4604 4.4604 0 6.8017 6.8017 -5.0063 4.4604
3 16 6.8017 -5.0063 4.4604 4.4604 0 6.8017 4.4604 -5.0063 6.8017
3 16 10 0 3.6034 6.8017 0 4.4604 10 -5.0063 3.6034
3 16 10 -5.0063 3.6034 6.8017 0 4.4604 6.8017 -5.0063 4.4604
3 16 13.1983 0 4.4604 10 0 3.6034 13.1983 -5.0063 4.4604
3 16 13.1983 -5.0063 4.4604 10 0 3.6034 10 -5.0063 3.6034
3 16 15.5396 0 6.8017 13.1983 0 4.4604 15.5396 -5.0063 6.8017
3 16 15.5396 -5.0063 6.8017 13.1983 0 4.4604 13.1983 -5.0063 4.4604
3 16 16.3966 0 10 15.5396 0 6.8017 16.3966 -5.0063 10
3 16 16.3966 -5.0063 10 15.5396 0 6.8017 15.5396 -5.0063 6.8017
3 16 15.5396 0 13.1983 16.3966 0 10 15.5396 -5.0063 13.1983
3 16 15.5396 -5.0063 13.1983 16.3966 0 10 16.3966 -5.0063 10
3 16 17.3124 0 14.2218 14.2218 0 17.3123 17.3124 -5.25 14.2218
3 16 17.3124 -5.25 14.2218 14.2218 0 17.3123 14.2218 -5.25 17.3123
3 16 -20 -12.45 0 -14.5856 -12.45 3.126 -16.874 -12.45 5.4144
3 16 -16.874 -12.45 5.4144 -20 -12.45 6.252 -20 -12.45 0
3 16 -20 -12.45 6.252 -23.126 -12.45 5.4144 -20 -12.45 0
3 16 -23.126 -12.45 5.4144 -25.4144 -12.45 3.126 -20 -12.45 0
3 16 -25.4144 -12.45 3.126 -26.252 -12.45 0 -20 -12.45 0
3 16 -26.252 -12.45 0 -25.4144 -12.45 -3.126 -20 -12.45 0
3 16 -25.4144 -12.45 -3.126 -23.126 -12.45 -5.4144 -20 -12.45 0
3 16 -23.126 -12.45 -5.4144 -20 -12.45 -6.252 -20 -12.45 0
3 16 -20 -12.45 -6.252 -16.874 -12.45 -5.4144 -20 -12.45 0
3 16 -16.874 -12.45 -5.4144 -14.5856 -12.45 -3.126 -20 -12.45 0
3 16 -14.5856 -12.45 -3.126 -13.748 -12.45 0 -20 -12.45 0
3 16 -13.748 -12.45 0 -14.5856 -12.45 3.126 -20 -12.45 0
3 16 -14.5856 -8 3.126 -16.874 -8 5.4144 -14.5856 -12.45 3.126
3 16 -14.5856 -12.45 3.126 -16.874 -8 5.4144 -16.874 -12.45 5.4144
3 16 -16.874 -8 5.4144 -20 -8 6.252 -16.874 -12.45 5.4144
3 16 -16.874 -12.45 5.4144 -20 -8 6.252 -20 -12.45 6.252
3 16 -20 -8 6.252 -23.126 -8 5.4144 -20 -12.45 6.252
3 16 -20 -12.45 6.252 -23.126 -8 5.4144 -23.126 -12.45 5.4144
3 16 -23.126 -8 5.4144 -25.4144 -8 3.126 -23.126 -12.45 5.4144
3 16 -23.126 -12.45 5.4144 -25.4144 -8 3.126 -25.4144 -12.45 3.126
3 16 -25.4144 -8 3.126 -26.252 -8 0 -25.4144 -12.45 3.126
3 16 -25.4144 -12.45 3.126 -26.252 -8 0 -26.252 -12.45 0
3 16 -26.252 -8 0 -25.4144 -8 -3.126 -26.252 -12.45 0
3 16 -26.252 -12.45 0 -25.4144 -8 -3.126 -25.4144 -12.45 -3.126
3 16 -25.4144 -8 -3.126 -23.126 -8 -5.4144 -25.4144 -12.45 -3.126
3 16 -25.4144 -12.45 -3.126 -23.126 -8 -5.4144 -23.126 -12.45 -5.4144
3 16 -23.126 -8 -5.4144 -20 -8 -6.252 -23.126 -12.45 -5.4144
3 16 -23.126 -12.45 -5.4144 -20 -8 -6.252 -20 -12.45 -6.252
3 16 -20 -8 -6.252 -16.874 -8 -5.4144 -20 -12.45 -6.252
3 16 -20 -12.45 -6.252 -16.874 -8 -5.4144 -16.874 -12.45 -5.4144
3 16 -16.874 -8 -5.4144 -14.5856 -8 -3.126 -16.874 -12.45 -5.4144
3 16 -16.874 -12.45 -5.4144 -14.5856 -8 -3.126 -14.5856 -12.45 -3.126
3 16 -14.5856 -8 -3.126 -13.748 -8 0 -14.5856 -12.45 -3.126
3 16 -14.5856 -12.45 -3.126 -13.748 -8 0 -13.748 -12.45 0
3 16 -13.748 -8 0 -14.5856 -8 3.126 -13.748 -12.45 0
3 16 -13.748 -12.45 0 -14.5856 -8 3.126 -14.5856 -12.45 3.126
3 16 20 -12.45 0 25.4144 -12.45 3.126 23.126 -12.45 5.4144
3 16 23.126 -12.45 5.4144 20 -12.45 6.252 20 -12.45 0
3 16 20 -12.45 6.252 16.874 -12.45 5.4144 20 -12.45 0
3 16 16.874 -12.45 5.4144 14.5856 -12.45 3.126 20 -12.45 0
3 16 14.5856 -12.45 3.126 13.748 -12.45 0 20 -12.45 0
3 16 13.748 -12.45 0 14.5856 -12.45 -3.126 20 -12.45 0
3 16 14.5856 -12.45 -3.126 16.874 -12.45 -5.4144 20 -12.45 0
3 16 16.874 -12.45 -5.4144 20 -12.45 -6.252 20 -12.45 0
3 16 20 -12.45 -6.252 23.126 -12.45 -5.4144 20 -12.45 0
3 16 23.126 -12.45 -5.4144 25.4144 -12.45 -3.126 20 -12.45 0
3 16 25.4144 -12.45 -3.126 26.252 -12.45 0 20 -12.45 0
3 16 26.252 -12.45 0 25.4144 -12.45 3.126 20 -12.45 0
3 16 25.4144 -8 3.126 23.126 -8 5.4144 25.4144 -12.45 3.126
3 16 25.4144 -12.45 3.126 23.126 -8 5.4144 23.126 -12.45 5.4144
3 16 23.126 -8 5.4144 20 -8 6.252 23.126 -12.45 5.4144
3 16 23.126 -12.45 5.4144 20 -8 6.252 20 -12.45 6.252
3 16 20 -8 6.252 16.874 -8 5.4144 20 -12.45 6.252
3 16 20 -12.45 6.252 16.874 -8 5.4144 16.874 -12.45 5.4144
3 16 16.874 -8 5.4144 14.5856 -8 3.126 16.874 -12.45 5.4144
3 16 16.874 -12.45 5.4144 14.5856 -8 3.126 14.5856 -12.45 3.126
3 16 14.5856 -8 3.126 13.748 -8 0 14.5856 -12.45 3.126
3 16 14.5856 -12.45 3.126 13.748 -8 0 13.748 -12.45 0
3 16 13.748 -8 0 14.5856 -8 -3.126 13.748 -12.45 0
3 16 13.748 -12.45 0 14.5856 -8 -3.126 14.5856 -12.45 -3.126
3 16 14.5856 -8 -3.126 16.874 -8 -5.4144 14.5856 -12.45 -3.126
3 16 14.5856 -12.45 -3.126 16.874 -8 -5.4144 16.874 -12.45 -5.4144
3 16 16.874 -8 -5.4144 20 -8 -6.252 16.874 -12.45 -5.4144
3 16 16.874 -12.45 -5.4144 20 -8 -6.252 20 -12.45 -6.252
3 16 20 -8 -6.252 23.126 -8 -5.4144 20 -12.45 -6.252
3 16 20 -12.45 -6.252 23.126 -8 -5.4144 23.126 -12.45 -5.4144
3 16 23.126 -8 -5.4144 25.4144 -8 -3.126 23.126 -12.45 -5.4144
3 16 23.126 -12.45 -5.4144 25.4144 -8 -3.126 25.4144 -12.45 -3.126
3 16 25.4144 -8 -3.126 26.252 -8 0 25.4144 -12.45 -3.126
3 16 25.4144 -12.45 -3.126 26.252 -8 0 26.252 -12.45 0
3 16 26.252 -8 0 25.4144 -8 3.126 26.252 -12.45 0
3 16 26.252 -12.45 0 25.4144 -8 3.126 25.4144 -12.45 3.126
3 16 0 -12.45 0 5.4144 -12.45 3.126 3.126 -12.45 5.4144
3 16 3.126 -12.45 5.4144 0 -12.45 6.252 0 -12.45 0
3 16 0 -12.45 6.252 -3.126 -12.45 5.4144 0 -12.45 0
3 16 -3.126 -12.45 5.4144 -5.4144 -12.45 3.126 0 -12.45 0
3 16 -5.4144 -12.45 3.126 -6.252 -12.45 0 0 -12.45 0
3 16 -6.252 -12.45 0 -5.4144 -12.45 -3.126 0 -12.45 0
3 16 -5.4144 -12.45 -3.126 -3.126 -12.45 -5.4144 0 -12.45 0
3 16 -3.126 -12.45 -5.4144 0 -12.45 -6.252 0 -12.45 0
3 16 0 -12.45 -6.252 3.126 -12.45 -5.4144 0 -12.45 0
3 16 3.126 -12.45 -5.4144 5.4144 -12.45 -3.126 0 -12.45 0
3 16 5.4144 -12.45 -3.126 6.252 -12.45 0 0 -12.45 0
3 16 6.252 -12.45 0 5.4144 -12.45 3.126 0 -12.45 0
3 16 5.4144 -8 3.126 3.126 -8 5.4144 5.4144 -12.45 3.126
3 16 5.4144 -12.45 3.126 3.126 -8 5.4144 3.126 -12.45 5.4144
3 16 3.126 -8 5.4144 0 -8 6.252 3.126 -12.45 5.4144
3 16 3.126 -12.45 5.4144 0 -8 6.252 0 -12.45 6.252
3 16 0 -8 6.252 -3.126 -8 5.4144 0 -12.45 6.252
3 16 0 -12.45 6.252 -3.126 -8 5.4144 -3.126 -12.45 5.4144
3 16 -3.126 -8 5.4144 -5.4144 -8 3.126 -3.126 -12.45 5.4144
3 16 -3.126 -12.45 5.4144 -5.4144 -8 3.126 -5.4144 -12.45 3.126
3 16 -5.4144 -8 3.126 -6.252 -8 0 -5.4144 -12.45 3.126
3 16 -5.4144 -12.45 3.126 -6.252 -8 0 -6.252 -12.45 0
3 16 -6.252 -8 0 -5.4144 -8 -3.126 -6.252 -12.45 0
3 16 -6.252 -12.45 0 -5.4144 -8 -3.126 -5.4144 -12.45 -3.126
3 16 -5.4144 -8 -3.126 -3.126 -8 -5.4144 -5.4144 -12.45 -3.126
3 16 -5.4144 -12.45 -3.126 -3.126 -8 -5.4144 -3.126 -12.45 -5.4144
3 16 -3.126 -8 -5.4144 0 -8 -6.252 -3.126 -12.45 -5.4144
3 16 -3.126 -12.45 -5.4144 0 -8 -6.252 0 -12.45 -6.252
3 16 0 -8 -6.252 3.126 -8 -5.4144 0 -12.45 -6.252
3 16 0 -12.45 -6.252 3.126 -8 -5.4144 3.126 -12.45 -5.4144
3 16 3.126 -8 -5.4144 5.4144 -8 -3.126 3.126 -12.45 -5.4144
3 16 3.126 -12.45 -5.4144 5.4144 -8 -3.126 5.4144 -12.45 -3.126
3 16 5.4144 -8 -3.126 6.252 -8 0 5.4144 -12.45 -3.126
3 16 5.4144 -12.45 -3.126 6.252 -8 0 6.252 -12.45 0
3 16 6.252 -8 0 5.4144 -8 3.126 6.252 -12.45 0
3 16 6.252 -12.45 0 5.4144 -8 3.126 5.4144 -12.45 3.126
3 16 -20 -12.45 20 -14.5856 -12.45 23.126 -16.874 -12.45 25.4144
3 16 -16.874 -12.45 25.4144 -20 -12.45 26.252 -20 -12.45 20
3 16 -20 -12.45 26.252 -23.126 -12.45 25.4144 -20 -12.45 20
3 16 -23.126 -12.45 25.4144 -25.4144 -12.45 23.126 -20 -12.45 20
3 16 -25.4144 -12.45 23.126 -26.252 -12.45 20 -20 -12.45 20
3 16 -26.252 -12.45 20 -25.4144 -12.45 16.874 -20 -12.45 20
3 16 -25.4144 -12.45 16.874 -23.126 -12.45 14.5856 -20 -12.45 20
3 16 -23.126 -12.45 14.5856 -20 -12.45 13.748 -20 -12.45 20
3 16 -20 -12.45 13.748 -16.874 -12.45 14.5856 -20 -12.45 20
3 16 -16.874 -12.45 14.5856 -14.5856 -12.45 16.874 -20 -12.45 20
3 16 -14.5856 -12.45 16.874 -13.748 -12.45 20 -20 -12.45 20
3 16 -13.748 -12.45 20 -14.5856 -12.45 23.126 -20 -12.45 20
3 16 -14.5856 -8 23.126 -16.874 -8 25.4144 -14.5856 -12.45 23.126
3 16 -14.5856 -12.45 23.126 -16.874 -8 25.4144 -16.874 -12.45 25.4144
3 16 -16.874 -8 25.4144 -20 -8 26.252 -16.874 -12.45 25.4144
3 16 -16.874 -12.45 25.4144 -20 -8 26.252 -20 -12.45 26.252
3 16 -20 -8 26.252 -23.126 -8 25.4144 -20 -12.45 26.252
3 16 -20 -12.45 26.252 -23.126 -8 25.4144 -23.126 -12.45 25.4144
3 16 -23.126 -8 25.4144 -25.4144 -8 23.126 -23.126 -12.45 25.4144
3 16 -23.126 -12.45 25.4144 -25.4144 -8 23.126 -25.4144 -12.45 23.126
3 16 -25.4144 -8 23.126 -26.252 -8 20 -25.4144 -12.45 23.126
3 16 -25.4144 -12.45 23.126 -26.252 -8 20 -26.252 -12.45 20
3 16 -26.252 -8 20 -25.4144 -8 16.874 -26.252 -12.45 20
3 16 -26.252 -12.45 20 -25.4144 -8 16.874 -25.4144 -12.45 16.874
3 16 -25.4144 -8 16.874 -23.126 -8 14.5856 -25.4144 -12.45 16.874
3 16 -25.4144 -12.45 16.874 -23.126 -8 14.5856 -23.126 -12.45 14.5856
3 16 -23.126 -8 14.5856 -20 -8 13.748 -23.126 -12.45 14.5856
3 16 -23.126 -12.45 14.5856 -20 -8 13.748 -20 -12.45 13.748
3 16 -20 -8 13.748 -16.874 -8 14.5856 -20 -12.45 13.748
3 16 -20 -12.45 13.748 -16.874 -8 14.5856 -16.874 -12.45 14.5856
3 16 -16.874 -8 14.5856 -14.5856 -8 16.874 -16.874 -12.45 14.5856
3 16 -16.874 -12.45 14.5856 -14.5856 -8 16.874 -14.5856 -12.45 16.874
3 16 -14.5856 -8 16.874 -13.748 -8 20 -14.5856 -12.45 16.874
3 16 -14.5856 -12.45 16.874 -13.748 -8 20 -13.748 -12.45 20
3 16 -13.748 -8 20 -14.5856 -8 23.126 -13.748 -12.45 20
3 16 -13.748 -12.45 20 -14.5856 -8 23.126 -14.5856 -12.45 23.126
3 16 0 -12.45 20 5.4144 -12.45 23.126 3.126 -12.45 25.4144
3 16 3.126 -12.45 25.4144 0 -12.45 26.252 0 -12.45 20
3 16 0 -12.45 26.252 -3.126 -12.45 25.4144 0 -12.45 20
3 16 -3.126 -12.45 25.4144 -5.4144 -12.45 23.126 0 -12.45 20
3 16 -5.4144 -12.45 23.126 -6.252 -12.45 20 0 -12.45 20
3 16 -6.252 -12.45 20 -5.4144 -12.45 16.874 0 -12.45 20
3 16 -5.4144 -12.45 16.874 -3.126 -12.45 14.5856 0 -12.45 20
3 16 -3.126 -12.45 14.5856 0 -12.45 13.748 0 -12.45 20
3 16 0 -12.45 13.748 3.126 -12.45 14.5856 0 -12.45 20
3 16 3.126 -12.45 14.5856 5.4144 -12.45 16.874 0 -12.45 20
3 16 5.4144 -12.45 16.874 6.252 -12.45 20 0 -12.45 20
3 16 6.252 -12.45 20 5.4144 -12.45 23.126 0 -12.45 20
3 16 5.4144 -8 23.126 3.126 -8 25.4144 5.4144 -12.45 23.126
3 16 5.4144 -12.45 23.126 3.126 -8 25.4144 3.126 -12.45 25.4144
3 16 3.126 -8 25.4144 0 -8 26.252 3.126 -12.45 25.4144
3 16 3.126 -12.45 25.4144 0 -8 26.252 0 -12.45 26.252
3 16 0 -8 26.252 -3.126 -8 25.4144 0 -12.45 26.252
3 16 0 -12.45 26.252 -3.126 -8 25.4144 -3.126 -12.45 25.4144
3 16 -3.126 -8 25.4144 -5.4144 -8 23.126 -3.126 -12.45 25.4144
3 16 -3.126 -12.45 25.4144 -5.4144 -8 23.126 -5.4144 -12.45 23.126
3 16 -5.4144 -8 23.126 -6.252 -8 20 -5.4144 -12.45 23.126
3 16 -5.4144 -12.45 23.126 -6.252 -8 20 -6.252 -12.45 20
3 16 -6.252 -8 20 -5.4144 -8 16.874 -6.252 -12.45 20
3 16 -6.252 -12.45 20 -5.4144 -8 16.874 -5.4144 -12.45 16.874
3 16 -5.4144 -8 16.874 -3.126 -8 14.5856 -5.4144 -12.45 16.874
3 16 -5.4144 -12.45 16.874 -3.126 -8 14.5856 -3.126 -12.45 14.5856
3 16 -3.126 -8 14.5856 0 -8 13.748 -3.126 -12.45 14.5856
3 16 -3.126 -12.45 14.5856 0 -8 13.748 0 -12.45 13.748
3 16 0 -8 13.748 3.126 -8 14.5856 0 -12.45 13.748
3 16 0 -12.45 13.748 3.126 -8 14.5856 3.126 -12.45 14.5856
3 16 3.126 -8 14.5856 5.4144 -8 16.874 3.126 -12.45 14.5856
3 16 3.126 -12.45 14.5856 5.4144 -8 16.874 5.4144 -12.45 16.874
3 16 5.4144 -8 16.874 6.252 -8 20 5.4144 -12.45 16.874
3 16 5.4144 -12.45 16.874 6.252 -8 20 6.252 -12.45 20
3 16 6.252 -8 20 5.4144 -8 23.126 6.252 -12.45 20
3 16 6.252 -12.45 20 5.4144 -8 23.126 5.4144 -12.45 23.126
3 16 40 -12.45 0 45.4144 -12.45 3.126 43.126 -12.45 5.4144
3 16 43.126 -12.45 5.4144 40 -12.45 6.252 40 -12.45 0
3 16 40 -12.45 6.252 36.874 -12.45 5.4144 40 -12.45 0
3 16 36.874 -12.45 5.4144 34.5856 -12.45 3.126 40 -12.45 0
3 16 34.5856 -12.45 3.126 33.748 -12.45 0 40 -12.45 0
3 16 33.748 -12.45 0 34.5856 -12.45 -3.126 40 -12.45 0
3 16 34.5856 -12.45 -3.126 36.874 -12.45 -5.4144 40 -12.45 0
3 16 36.874 -12.45 -5.4144 40 -12.45 -6.252 40 -12.45 0
3 16 40 -12.45 -6.252 43.126 -12.45 -5.4144 40 -12.45 0
3 16 43.126 -12.45 -5.4144 45.4144 -12.45 -3.126 40 -12.45 0
3 16 45.4144 -12.45 -3.126 46.252 -12.45 0 40 -12.45 0
3 16 46.252 -12.45 0 45.4144 -12.45 3.126 40 -12.45 0
3 16 45.4144 -8 3.126 43.126 -8 5.4144 45.4144 -12.45 3.126
3 16 45.4144 -12.45 3.126 43.126 -8 5.4144 43.126 -12.45 5.4144
3 16 43.126 -8 5.4144 40 -8 6.252 43.126 -12.45 5.4144
3 16 43.126 -12.45 5.4144 40 -8 6.252 40 -12.45 6.252
3 16 40 -8 6.252 36.874 -8 5.4144 40 -12.45 6.252
3 16 40 -12.45 6.252 36.874 -8 5.4144 36.874 -12.45 5.4144
3 16 36.874 -8 5.4144 34.5856 -8 3.126 36.874 -12.45 5.4144
3 16 36.874 -12.45 5.4144 34.5856 -8 3.126 34.5856 -12.45 3.126
3 16 34.5856 -8 3.126 33.748 -8 0 34.5856 -12.45 3.126
3 16 34.5856 -12.45 3.126 33.748 -8 0 33.748 -12.45 0
3 16 33.748 -8 0 34.5856 -8 -3.126 33.748 -12.45 0
3 16 33.748 -12.45 0 34.5856 -8 -3.126 34.5856 -12.45 -3.126
3 16 34.5856 -8 -3.126 36.874 -8 -5.4144 34.5856 -12.45 -3.126
3 16 34.5856 -12.45 -3.126 36.874 -8 -5.4144 36.874 -12.45 -5.4144
3 16 36.874 -8 -5.4144 40 -8 -6.252 36.874 -12.45 -5.4144
3 16 36.874 -12.45 -5.4144 40 -8 -6.252 40 -12.45 -6.252
3 16 40 -8 -6.252 43.126 -8 -5.4144 40 -12.45 -6.252
3 16 40 -12.45 -6.252 43.126 -8 -5.4144 43.126 -12.45 -5.4144
3 16 43.126 -8 -5.4144 45.4144 -8 -3.126 43.126 -12.45 -5.4144
3 16 43.126 -12.45 -5.4144 45.4144 -8 -3.126 45.4144 -12.45 -3.126
3 16 45.4144 -8 -3.126 46.252 -8 0 45.4144 -12.45 -3.126
3 16 45.4144 -12.45 -3.126 46.252 -8 0 46.252 -12.45 0
3 16 46.252 -8 0 45.4144 -8 3.126 46.252 -12.45 0
3 16 46.252 -12.45 0 45.4144 -8 3.126 45.4144 -12.45 3.126
3 16 20 -12.45 20 25.4144 -12.45 23.126 23.126 -12.45 25.4144
3 16 23.126 -12.45 25.4144 20 -12.45 26.252 20 -12.45 20
3 16 20 -12.45 26.252 16.874 -12.45 25.4144 20 -12.45 20
3 16 16.874 -12.45 25.4144 14.5856 -12.45 23.126 20 -12.45 20
3 16 14.5856 -12.45 23.126 13.748 -12.45 20 20 -12.45 20
3 16 13.748 -12.45 20 14.5856 -12.45 16.874 20 -12.45 20
3 16 14.5856 -12.45 16.874 16.874 -12.45 14.5856 20 -12.45 20
3 16 16.874 -12.45 14.5856 20 -12.45 13.748 20 -12.45 20
3 16 20 -12.45 13.748 23.126 -12.45 14.5856 20 -12.45 20
3 16 23.126 -12.45 14.5856 25.4144 -12.45 16.874 20 -12.45 20
3 16 25.4144 -12.45 16.874 26.252 -12.45 20 20 -12.45 20
3 16 26.252 -12.45 20 25.4144 -12.45 23.126 20 -12.45 20
3 16 25.4144 -8 23.126 23.126 -8 25.4144 25.4144 -12.45 23.126
3 16 25.4144 -12.45 23.126 23.126 -8 25.4144 23.126 -12.45 25.4144
3 16 23.126 -8 25.4144 20 -8 26.252 23.126 -12.45 25.4144
3 16 23.126 -12.45 25.4144 20 -8 26.252 20 -12.45 26.252
3 16 20 -8 26.252 16.874 -8 25.4144 20 -12.45 26.252
3 16 20 -12.45 26.252 16.874 -8 25.4144 16.874 -12.45 25.4144
3 16 16.874 -8 25.4144 14.5856 -8 23.126 16.874 -12.45 25.4144
3 16 16.874 -12.45 25.4144 14.5856 -8 23.126 14.5856 -12.45 23.126
3 16 14.5856 -8 23.126 13.748 -8 20 14.5856 -12.45 23.126
3 16 14.5856 -12.45 23.126 13.748 -8 20 13.748 -12.45 20
3 16 13.748 -8 20 14.5856 -8 16.874 13.748 -12.45 20
3 16 13.748 -12.45 20 14.5856 -8 16.874 14.5856 -12.45 16.874
3 16 14.5856 -8 16.874 16.874 -8 14.5856 14.5856 -12.45 16.874
3 16 14.5856 -12.45 16.874 16.874 -8 14.5856 16.874 -12.45 14.5856
3 16 16.874 -8 14.5856 20 -8 13.748 16.874 -12.45 14.5856
3 16 16.874 -12.45 14.5856 20 -8 13.748 20 -12.45 13.748
3 16 20 -8 13.748 23.126 -8 14.5856 20 -12.45 13.748
3 16 20 -12.45 13.748 23.126 -8 14.5856 23.126 -12.45 14.5856
3 16 23.126 -8 14.5856 25.4144 -8 16.874 23.126 -12.45 14.5856
3 16 23.126 -12.45 14.5856 25.4144 -8 16.874 25.4144 -12.45 16.874
3 16 25.4144 -8 16.874 26.252 -8 20 25.4144 -12.45 16.874
3 16 25.4144 -12.45 16.874 26.252 -8 20 26.252 -12.45 20
3 16 26.252 -8 20 25.4144 -8 23.126 26.252 -12.45 20
3 16 26.252 -12.45 20 25.4144 -8 23.126 25.4144 -12.45 23.126
3 16 40 -12.45 20 45.4144 -12.45 23.126 43.126 -12.45 25.4144
3 16 43.126 -12.45 25.4144 40 -12.45 26.252 40 -12.45 20
3 16 40 -12.45 26.252 36.874 -12.45 25.4144 40 -12.45 20
3 16 36.874 -12.45 25.4144 34.5856 -12.45 23.126 40 -12.45 20
3 16 34.5856 -12.45 23.126 33.748 -12.45 20 40 -12.45 20
3 16 33.748 -12.45 20 34.5856 -12.45 16.874 40 -12.45 20
3 16 34.5856 -12.45 16.874 36.874 -12.45 14.5856 40 -12.45 20
3 16 36.874 -12.45 14.5856 40 -12.45 13.748 40 -12.45 20
3 16 40 -12.45 13.748 43.126 -12.45 14.5856 40 -12.45 20
3 16 43.126 -12.45 14.5856 45.4144 -12.45 16.874 40 -12.45 20
3 16 45.4144 -12.45 16.874 46.252 -12.45 20 40 -12.45 20
3 16 46.252 -12.45 20 45.4144 -12.45 23.126 40 -12.45 20
3 16 45.4144 -8 23.126 43.126 -8 25.4144 45.4144 -12.45 23.126
3 16 45.4144 -12.45 23.126 43.126 -8 25.4144 43.126 -12.45 25.4144
3 16 43.126 -8 25.4144 40 -8 26.252 43.126 -12.45 25.4144
3 16 43.126 -12.45 25.4144 40 -8 26.252 40 -12.45 26.252
3 16 40 -8 26.252 36.874 -8 25.4144 40 -12.45 26.252
3 16 40 -12.45 26.252 36.874 -8 25.4144 36.874 -12.45 25.4144
3 16 36.874 -8 25.4144 34.5856 -8 23.126 36.874 -12.45 25.4144
3 16 36.874 -12.45 25.4144 34.5856 -8 23.126 34.5856 -12.45 23.126
3 16 34.5856 -8 23.126 33.748 -8 20 34.5856 -12.45 23.126
3 16 34.5856 -12.45 23.126 33.748 -8 20 33.748 -12.45 20
3 16 33.748 -8 20 34.5856 -8 16.874 33.748 -12.45 20
3 16 33.748 -12.45 20 34.5856 -8 16.874 34.5856 -12.45 16.874
3 16 34.5856 -8 16.874 36.874 -8 14.5856 34.5856 -12.45 16.874
3 16 34.5856 -12.45 16.874 36.874 -8 14.5856 36.874 -12.45 14.5856
3 16 36.874 -8 14.5856 40 -8 13.748 36.874 -12.45 14.5856
3 16 36.874 -12.45 14.5856 40 -8 13.748 40 -12.45 13.748
3 16 40 -8 13.748 43.126 -8 14.5856 40 -12.45 13.748
3 16 40 -12.45 13.748 43.126 -8 14.5856 43.126 -12.45 14.5856
3 16 43.126 -8 14.5856 45.4144 -8 16.874 43.126 -12.45 14.5856
3 16 43.126 -12.45 14.5856 45.4144 -8 16.874 45.4144 -12.45 16.874
3 16 45.4144 -8 16.874 46.252 -8 20 45.4144 -12.45 16.874
3 16 45.4144 -12.45 16.874 46.252 -8 20 46.252 -12.45 20
3 16 46.252 -8 20 45.4144 -8 23.126 46.252 -12.45 20
3 16 46.252 -12.45 20 45.4144 -8 23.126 45.4144 -12.45 23.126
2 24 -10 0.0289 26.2199 -10 -5.2111 26.2199
2 24 -26.2941 -5.2111 26.2199 -10 -5.2111 26.2199
2 24 -26.2941 -1.7648 15.1035 -26.2941 -2.4361 10
2 24 -26.2941 -5.2111 26.2199 -26.2941 -5.2111 -6.2199
2 24 -26.2941 -1.7648 15.1035 -26.2941 0.3785 20.1908
2 24 -26.2941 0.3785 20.1908 -26.2941 3.8331 24.4966
2 24 -26.2941 3.8331 24.4966 -26.2941 5.9298 26.2199
2 24 -26.2941 -5.2111 26.2199 -26.2941 5.9298 26.2199
2 24 -30 5.9298 26.2199 -30 8.0289 27.5298
2 24 -10 0.0289 26.2199 -10 5.9298 26.2199
2 24 -10 0.0289 26.2199 -10 0.0289 30
2 24 -10 -5.2111 26.2199 -10 0.0289 26.2199
2 24 -10 -5.2111 26.2199 -10 -5.2111 -6.2199
2 24 -10 0.0289 26.2199 -10 0.0289 -6.2199
2 24 -10 -5.2111 -6.2199 -10 0.0289 -6.2199
2 24 -10 0.0289 26.2199 -10 0.0289 -6.2199
2 24 -6.25 0.0289 26.25 -6.25 0.0289 -6.25
2 24 -10 0.0289 26.2199 -10 0.0289 30
2 24 -10 0.0289 26.2199 -10 5.9298 26.2199
2 24 -10 5.9298 26.2199 -26.2941 5.9298 26.2199
2 24 -26.2941 -5.2111 26.2199 -26.2941 5.9298 26.2199
2 24 -30 8.0289 30 -30 -7.9711 30
2 24 -30 -1.7648 15.1035 -30 -2.4361 10
2 24 -30 -7.9711 30 -30 -7.9711 -10
2 24 -30 -1.7648 15.1035 -30 0.3785 20.1908
2 24 -30 8.0289 27.5298 -30 5.9298 26.2199
2 24 -30 5.9298 26.2199 -30 3.8331 24.4966
2 24 -30 0.3785 20.1908 -30 3.8331 24.4966
2 24 -10 8.0289 30 -10 8.0289 27.5298
2 24 -10 8.0289 30 -30 8.0289 30
2 24 -10 8.0289 27.5298 -30 8.0289 27.5298
2 24 -30 8.0289 30 -30 8.0289 27.5298
2 24 -30 8.0289 30 -10 8.0289 30
2 24 -10 0.0289 30 -10 8.0289 30
2 24 -6.25 -5.2111 26.25 26.25 -5.2111 26.25
2 24 -6.25 -5.2111 26.25 -6.25 -5.2111 -6.25
2 24 26.25 -5.2111 26.25 26.25 -5.2111 -6.25
2 24 -6.25 -5.2111 -6.25 26.25 -5.2111 -6.25
2 24 -6.25 0.0289 26.25 -6.25 -5.2111 26.25
2 24 -6.25 0.0289 26.25 -6.25 0.0289 -6.25
2 24 -6.25 -5.2111 26.25 -6.25 -5.2111 -6.25
2 24 -6.25 0.0289 -6.25 -6.25 -5.2111 -6.25
2 24 -6.25 -5.2111 26.25 -6.25 0.0289 26.25
2 24 -6.25 -5.2111 26.25 26.25 -5.2111 26.25
2 24 -6.25 0.0289 26.25 26.25 0.0289 26.25
2 24 26.25 -5.2111 26.25 26.25 0.0289 26.25
2 24 -30 5.9298 26.2199 -30 3.8331 24.4966
2 24 -26.2941 5.9298 26.2199 -26.2941 3.8331 24.4966
2 24 -30 3.8331 24.4966 -30 0.3785 20.1908
2 24 -26.2941 3.8331 24.4966 -26.2941 0.3785 20.1908
2 24 -30 0.3785 20.1908 -30 -1.7648 15.1035
2 24 -26.2941 0.3785 20.1908 -26.2941 -1.7648 15.1035
2 24 -30 -1.7648 15.1035 -30 -2.4361 10
2 24 -26.2941 -1.7648 15.1035 -26.2941 -2.4361 10
2 24 -26.2941 -5.2111 -6.2199 -26.2941 -5.2111 26.2199
2 24 -26.2941 -5.2111 -6.2199 -10 -5.2111 -6.2199
2 24 -26.2941 -5.2111 26.2199 -10 -5.2111 26.2199
2 24 -10 -5.2111 -6.2199 -10 -5.2111 26.2199
2 24 -26.2941 5.9298 26.2199 -10 5.9298 26.2199
2 24 -10 5.9298 26.2199 -10 8.0289 27.5298
2 24 -30 8.0289 27.5298 -10 8.0289 27.5298
2 24 -30 8.0289 27.5298 -30 8.0289 30
2 24 -30 -7.9711 30 -30 8.0289 30
2 24 -6.25 0.0289 26.25 26.25 0.0289 26.25
2 24 -10 0.0289 30 30 0.0289 30
2 24 30 -5.2111 26.2199 30 0.0289 26.2199
2 24 46.2941 -5.2111 26.2199 30 -5.2111 26.2199
2 24 46.2941 -5.2111 -6.2199 46.2941 -5.2111 26.2199
2 24 46.2941 -2.4361 10 46.2941 -1.7648 15.1035
2 24 46.2941 -1.7648 15.1035 46.2941 0.3785 20.1908
2 24 46.2941 0.3785 20.1908 46.2941 3.8331 24.4966
2 24 46.2941 3.8331 24.4966 46.2941 5.9298 26.2199
2 24 46.2941 -5.2111 26.2199 46.2941 5.9298 26.2199
2 24 50 5.9298 26.2199 50 8.0289 27.5298
2 24 30 0.0289 30 30 8.0289 30
2 24 30 8.0289 30 30 8.0289 27.5298
2 24 30 5.9298 26.2199 30 8.0289 27.5298
2 24 30 0.0289 30 30 0.0289 26.2199
2 24 30 5.9298 26.2199 46.2941 5.9298 26.2199
2 24 30 0.0289 26.2199 30 5.9298 26.2199
2 24 46.2941 -5.2111 26.2199 46.2941 5.9298 26.2199
2 24 50 8.0289 30 50 -7.9711 30
2 24 50 0.3785 20.1908 50 -1.7648 15.1035
2 24 50 5.9298 26.2199 50 8.0289 27.5298
2 24 50 5.9298 26.2199 50 3.8331 24.4966
2 24 50 0.3785 20.1908 50 3.8331 24.4966
2 24 -30 -7.9711 30 50 -7.9711 30
2 24 -10 0.0289 30 30 0.0289 30
2 24 30 8.0289 30 50 8.0289 30
2 24 30 8.0289 30 30 8.0289 27.5298
2 24 50 8.0289 30 50 8.0289 27.5298
2 24 30 8.0289 27.5298 50 8.0289 27.5298
2 24 30 0.0289 30 30 8.0289 30
2 24 50 8.0289 30 30 8.0289 30
2 24 50 5.9298 26.2199 50 3.8331 24.4966
2 24 46.2941 5.9298 26.2199 46.2941 3.8331 24.4966
2 24 50 3.8331 24.4966 50 0.3785 20.1908
2 24 46.2941 3.8331 24.4966 46.2941 0.3785 20.1908
2 24 50 0.3785 20.1908 50 -1.7648 15.1035
2 24 46.2941 0.3785 20.1908 46.2941 -1.7648 15.1035
2 24 50 -1.7648 15.1035 50 -2.4361 10
2 24 46.2941 -1.7648 15.1035 46.2941 -2.4361 10
2 24 50 8.0289 27.5298 30 8.0289 27.5298
2 24 46.2941 5.9298 26.2199 30 5.9298 26.2199
2 24 30 8.0289 27.5298 30 5.9298 26.2199
2 24 50 8.0289 27.5298 50 8.0289 30
2 24 50 -7.9711 30 50 8.0289 30
2 24 30 0.0289 -6.2199 30 -5.2111 -6.2199
2 24 46.2941 -5.2111 -6.2199 30 -5.2111 -6.2199
2 24 46.2941 -2.4361 10 46.2941 -1.7648 4.8965
2 24 46.2941 -1.7648 4.8965 46.2941 0.3785 -0.1908
2 24 46.2941 0.3785 -0.1908 46.2941 3.8331 -4.4966
2 24 46.2941 3.8331 -4.4966 46.2941 5.9298 -6.2199
2 24 46.2941 -5.2111 -6.2199 46.2941 5.9298 -6.2199
2 24 50 5.9298 -6.2199 50 8.0289 -7.5298
2 24 30 0.0289 -6.2199 30 5.9298 -6.2199
2 24 30 0.0289 -6.2199 30 0.0289 -10
2 24 30 -5.2111 26.2199 30 -5.2111 -6.2199
2 24 30 -5.2111 26.2199 30 0.0289 26.2199
2 24 30 -5.2111 -6.2199 30 0.0289 -6.2199
2 24 30 0.0289 26.2199 30 0.0289 -6.2199
2 24 30 0.0289 26.2199 30 0.0289 -6.2199
2 24 26.25 0.0289 26.25 26.25 0.0289 -6.25
2 24 30 0.0289 -6.2199 30 0.0289 -10
2 24 30 0.0289 -6.2199 30 5.9298 -6.2199
2 24 30 5.9298 -6.2199 46.2941 5.9298 -6.2199
2 24 46.2941 -5.2111 -6.2199 46.2941 5.9298 -6.2199
2 24 50 8.0289 -10 50 -7.9711 -10
2 24 50 -1.7648 4.8965 50 -2.4361 10
2 24 50 -1.7648 4.8965 50 0.3785 -0.1908
2 24 50 8.0289 -7.5298 50 5.9298 -6.2199
2 24 50 5.9298 -6.2199 50 3.8331 -4.4966
2 24 50 0.3785 -0.1908 50 3.8331 -4.4966
2 24 30 8.0289 -10 30 8.0289 -7.5298
2 24 30 8.0289 -10 50 8.0289 -10
2 24 30 8.0289 -7.5298 50 8.0289 -7.5298
2 24 50 8.0289 -10 50 8.0289 -7.5298
2 24 50 8.0289 -10 30 8.0289 -10
2 24 30 0.0289 -10 30 8.0289 -10
2 24 26.25 0.0289 26.25 26.25 0.0289 -6.25
2 24 26.25 0.0289 26.25 26.25 -5.2111 26.25
2 24 26.25 0.0289 -6.25 26.25 -5.2111 -6.25
2 24 26.25 -5.2111 26.25 26.25 -5.2111 -6.25
2 24 26.25 -5.2111 -6.25 26.25 0.0289 -6.25
2 24 26.25 -5.2111 -6.25 -6.25 -5.2111 -6.25
2 24 26.25 0.0289 -6.25 -6.25 0.0289 -6.25
2 24 -6.25 -5.2111 -6.25 -6.25 0.0289 -6.25
2 24 50 5.9298 -6.2199 50 3.8331 -4.4966
2 24 46.2941 5.9298 -6.2199 46.2941 3.8331 -4.4966
2 24 50 3.8331 -4.4966 50 0.3785 -0.1908
2 24 46.2941 3.8331 -4.4966 46.2941 0.3785 -0.1908
2 24 50 0.3785 -0.1908 50 -1.7648 4.8965
2 24 46.2941 0.3785 -0.1908 46.2941 -1.7648 4.8965
2 24 50 -2.4361 10 50 -1.7648 4.8965
2 24 46.2941 -2.4361 10 46.2941 -1.7648 4.8965
2 24 46.2941 -5.2111 -6.2199 30 -5.2111 -6.2199
2 24 46.2941 -5.2111 -6.2199 46.2941 -5.2111 26.2199
2 24 30 -5.2111 -6.2199 30 -5.2111 26.2199
2 24 46.2941 -5.2111 26.2199 30 -5.2111 26.2199
2 24 46.2941 5.9298 -6.2199 30 5.9298 -6.2199
2 24 30 5.9298 -6.2199 30 8.0289 -7.5298
2 24 50 8.0289 -7.5298 30 8.0289 -7.5298
2 24 50 8.0289 -7.5298 50 8.0289 -10
2 24 50 -7.9711 -10 50 8.0289 -10
2 24 -6.25 0.0289 -6.25 26.25 0.0289 -6.25
2 24 30 0.0289 -10 -10 0.0289 -10
2 24 -10 -5.2111 -6.2199 -10 0.0289 -6.2199
2 24 -26.2941 -5.2111 -6.2199 -10 -5.2111 -6.2199
2 24 -26.2941 -2.4361 10 -26.2941 -1.7648 4.8965
2 24 -26.2941 -1.7648 4.8965 -26.2941 0.3785 -0.1908
2 24 -26.2941 0.3785 -0.1908 -26.2941 3.8331 -4.4966
2 24 -26.2941 3.8331 -4.4966 -26.2941 5.9298 -6.2199
2 24 -26.2941 -5.2111 -6.2199 -26.2941 5.9298 -6.2199
2 24 -30 5.9298 -6.2199 -30 8.0289 -7.5298
2 24 -10 0.0289 -10 -10 8.0289 -10
2 24 -10 8.0289 -10 -10 8.0289 -7.5298
2 24 -10 5.9298 -6.2199 -10 8.0289 -7.5298
2 24 -10 0.0289 -6.2199 -10 0.0289 -10
2 24 -10 5.9298 -6.2199 -26.2941 5.9298 -6.2199
2 24 -10 0.0289 -6.2199 -10 5.9298 -6.2199
2 24 -26.2941 -5.2111 -6.2199 -26.2941 5.9298 -6.2199
2 24 -30 8.0289 -10 -30 -7.9711 -10
2 24 -30 0.3785 -0.1908 -30 -1.7648 4.8965
2 24 -30 5.9298 -6.2199 -30 8.0289 -7.5298
2 24 -30 5.9298 -6.2199 -30 3.8331 -4.4966
2 24 -30 0.3785 -0.1908 -30 3.8331 -4.4966
2 24 50 -7.9711 -10 -30 -7.9711 -10
2 24 30 0.0289 -10 -10 0.0289 -10
2 24 -30 -7.9711 30 -30 -7.9711 -10
2 24 -30 -7.9711 30 50 -7.9711 30
2 24 -30 -7.9711 -10 50 -7.9711 -10
2 24 50 -7.9711 30 50 -7.9711 -10
2 24 -10 8.0289 -10 -30 8.0289 -10
2 24 -10 8.0289 -10 -10 8.0289 -7.5298
2 24 -30 8.0289 -10 -30 8.0289 -7.5298
2 24 -10 8.0289 -7.5298 -30 8.0289 -7.5298
2 24 -10 0.0289 -10 -10 8.0289 -10
2 24 -30 8.0289 -10 -10 8.0289 -10
2 24 -30 5.9298 -6.2199 -30 3.8331 -4.4966
2 24 -26.2941 5.9298 -6.2199 -26.2941 3.8331 -4.4966
2 24 -30 3.8331 -4.4966 -30 0.3785 -0.1908
2 24 -26.2941 3.8331 -4.4966 -26.2941 0.3785 -0.1908
2 24 -30 0.3785 -0.1908 -30 -1.7648 4.8965
2 24 -26.2941 0.3785 -0.1908 -26.2941 -1.7648 4.8965
2 24 -30 -2.4361 10 -30 -1.7648 4.8965
2 24 -26.2941 -2.4361 10 -26.2941 -1.7648 4.8965
2 24 -30 8.0289 -7.5298 -10 8.0289 -7.5298
2 24 -26.2941 5.9298 -6.2199 -10 5.9298 -6.2199
2 24 -10 8.0289 -7.5298 -10 5.9298 -6.2199
2 24 -30 8.0289 -7.5298 -30 8.0289 -10
2 24 -30 -7.9711 -10 -30 8.0289 -10
2 24 -30 -2.4361 10 -30 -1.7648 4.8965
2 24 50 -7.9711 30 50 -7.9711 -10
2 24 50 -1.7648 15.1035 50 -2.4361 10
2 24 -10 0.0289 30 -10 8.0289 30
2 24 -10 5.9298 26.2199 -10 8.0289 27.5298
2 24 -10 8.0289 30 -10 8.0289 27.5298
2 24 -10 0.0289 -10 -10 0.0289 -6.2199
2 24 -10 5.9298 -6.2199 -10 0.0289 -6.2199
2 24 30 0.0289 30 30 0.0289 26.2199
2 24 30 5.9298 26.2199 30 0.0289 26.2199
2 24 30 0.0289 -10 30 8.0289 -10
2 24 30 5.9298 -6.2199 30 8.0289 -7.5298
2 24 30 8.0289 -10 30 8.0289 -7.5298
2 24 15.5396 0 13.1983 13.1983 0 15.5396
2 24 17.3124 0 14.2218 14.2218 0 17.3123
2 24 14.2218 0 17.3123 10 0 18.4436
2 24 13.1983 0 15.5396 10 0 16.3966
2 24 10 0 16.3966 6.8017 0 15.5396
2 24 10 0 18.4436 5.7782 0 17.3123
2 24 6.8017 0 15.5396 4.4604 0 13.1983
2 24 5.7782 0 17.3123 2.6876 0 14.2218
2 24 4.4604 0 13.1983 3.6034 0 10
2 24 2.6876 0 14.2218 1.5564 0 10
2 24 3.6034 0 10 4.4604 0 6.8017
2 24 1.5564 0 10 2.6876 0 5.7782
2 24 4.4604 0 6.8017 6.8017 0 4.4604
2 24 2.6876 0 5.7782 5.7782 0 2.6877
2 24 6.8017 0 4.4604 10 0 3.6034
2 24 5.7782 0 2.6877 10 0 1.5564
2 24 10 0 3.6034 13.1983 0 4.4604
2 24 10 0 1.5564 14.2218 0 2.6877
2 24 13.1983 0 4.4604 15.5396 0 6.8017
2 24 14.2218 0 2.6877 17.3124 0 5.7782
2 24 15.5396 0 6.8017 16.3966 0 10
2 24 17.3124 0 5.7782 18.4436 0 10
2 24 15.5396 0 13.1983 16.3966 0 10
2 24 17.3124 0 14.2218 18.4436 0 10
2 24 10 -5.25 18.4436 14.2218 -5.25 17.3123
2 24 10 0 18.4436 14.2218 0 17.3123
2 24 10 -5.25 18.4436 5.7782 -5.25 17.3123
2 24 10 0 18.4436 5.7782 0 17.3123
2 24 5.7782 -5.25 17.3123 2.6876 -5.25 14.2218
2 24 5.7782 0 17.3123 2.6876 0 14.2218
2 24 2.6876 -5.25 14.2218 1.5564 -5.25 10
2 24 2.6876 0 14.2218 1.5564 0 10
2 24 1.5564 -5.25 10 2.6876 -5.25 5.7782
2 24 1.5564 0 10 2.6876 0 5.7782
2 24 2.6876 -5.25 5.7782 5.7782 -5.25 2.6877
2 24 2.6876 0 5.7782 5.7782 0 2.6877
2 24 5.7782 -5.25 2.6877 10 -5.25 1.5564
2 24 5.7782 0 2.6877 10 0 1.5564
2 24 10 -5.25 1.5564 14.2218 -5.25 2.6877
2 24 10 0 1.5564 14.2218 0 2.6877
2 24 14.2218 -5.25 2.6877 17.3124 -5.25 5.7782
2 24 14.2218 0 2.6877 17.3124 0 5.7782
2 24 17.3124 -5.25 5.7782 18.4436 -5.25 10
2 24 17.3124 0 5.7782 18.4436 0 10
2 24 18.4436 -5.25 10 17.3124 -5.25 14.2218
2 24 18.4436 0 10 17.3124 0 14.2218
2 24 13.1983 0 15.5396 15.5396 0 13.1983
2 24 13.1983 -5.0063 15.5396 15.5396 -5.0063 13.1983
2 24 13.1983 0 15.5396 10 0 16.3966
2 24 13.1983 -5.0063 15.5396 10 -5.0063 16.3966
2 24 10 0 16.3966 6.8017 0 15.5396
2 24 10 -5.0063 16.3966 6.8017 -5.0063 15.5396
2 24 6.8017 0 15.5396 4.4604 0 13.1983
2 24 6.8017 -5.0063 15.5396 4.4604 -5.0063 13.1983
2 24 4.4604 0 13.1983 3.6034 0 10
2 24 4.4604 -5.0063 13.1983 3.6034 -5.0063 10
2 24 3.6034 0 10 4.4604 0 6.8017
2 24 3.6034 -5.0063 10 4.4604 -5.0063 6.8017
2 24 4.4604 0 6.8017 6.8017 0 4.4604
2 24 4.4604 -5.0063 6.8017 6.8017 -5.0063 4.4604
2 24 6.8017 0 4.4604 10 0 3.6034
2 24 6.8017 -5.0063 4.4604 10 -5.0063 3.6034
2 24 10 0 3.6034 13.1983 0 4.4604
2 24 10 -5.0063 3.6034 13.1983 -5.0063 4.4604
2 24 13.1983 0 4.4604 15.5396 0 6.8017
2 24 13.1983 -5.0063 4.4604 15.5396 -5.0063 6.8017
2 24 15.5396 0 6.8017 16.3966 0 10
2 24 15.5396 -5.0063 6.8017 16.3966 -5.0063 10
2 24 15.5396 0 13.1983 16.3966 0 10
2 24 15.5396 -5.0063 13.1983 16.3966 -5.0063 10
2 24 14.2218 0 17.3123 17.3124 0 14.2218
2 24 14.2218 -5.25 17.3123 17.3124 -5.25 14.2218
2 24 -14.5856 -12.45 3.126 -16.874 -12.45 5.4144
2 24 -16.874 -12.45 5.4144 -20 -12.45 6.252
2 24 -20 -12.45 6.252 -23.126 -12.45 5.4144
2 24 -23.126 -12.45 5.4144 -25.4144 -12.45 3.126
2 24 -25.4144 -12.45 3.126 -26.252 -12.45 0
2 24 -26.252 -12.45 0 -25.4144 -12.45 -3.126
2 24 -25.4144 -12.45 -3.126 -23.126 -12.45 -5.4144
2 24 -23.126 -12.45 -5.4144 -20 -12.45 -6.252
2 24 -20 -12.45 -6.252 -16.874 -12.45 -5.4144
2 24 -16.874 -12.45 -5.4144 -14.5856 -12.45 -3.126
2 24 -14.5856 -12.45 -3.126 -13.748 -12.45 0
2 24 -14.5856 -12.45 3.126 -13.748 -12.45 0
2 24 -14.5856 -8 3.126 -16.874 -8 5.4144
2 24 -14.5856 -12.45 3.126 -16.874 -12.45 5.4144
2 24 -16.874 -8 5.4144 -20 -8 6.252
2 24 -16.874 -12.45 5.4144 -20 -12.45 6.252
2 24 -20 -8 6.252 -23.126 -8 5.4144
2 24 -20 -12.45 6.252 -23.126 -12.45 5.4144
2 24 -23.126 -8 5.4144 -25.4144 -8 3.126
2 24 -23.126 -12.45 5.4144 -25.4144 -12.45 3.126
2 24 -25.4144 -8 3.126 -26.252 -8 0
2 24 -25.4144 -12.45 3.126 -26.252 -12.45 0
2 24 -26.252 -8 0 -25.4144 -8 -3.126
2 24 -26.252 -12.45 0 -25.4144 -12.45 -3.126
2 24 -25.4144 -8 -3.126 -23.126 -8 -5.4144
2 24 -25.4144 -12.45 -3.126 -23.126 -12.45 -5.4144
2 24 -23.126 -8 -5.4144 -20 -8 -6.252
2 24 -23.126 -12.45 -5.4144 -20 -12.45 -6.252
2 24 -20 -8 -6.252 -16.874 -8 -5.4144
2 24 -20 -12.45 -6.252 -16.874 -12.45 -5.4144
2 24 -16.874 -8 -5.4144 -14.5856 -8 -3.126
2 24 -16.874 -12.45 -5.4144 -14.5856 -12.45 -3.126
2 24 -14.5856 -8 -3.126 -13.748 -8 0
2 24 -14.5856 -12.45 -3.126 -13.748 -12.45 0
2 24 -14.5856 -8 3.126 -13.748 -8 0
2 24 -14.5856 -12.45 3.126 -13.748 -12.45 0
2 24 25.4144 -12.45 3.126 23.126 -12.45 5.4144
2 24 23.126 -12.45 5.4144 20 -12.45 6.252
2 24 20 -12.45 6.252 16.874 -12.45 5.4144
2 24 16.874 -12.45 5.4144 14.5856 -12.45 3.126
2 24 14.5856 -12.45 3.126 13.748 -12.45 0
2 24 13.748 -12.45 0 14.5856 -12.45 -3.126
2 24 14.5856 -12.45 -3.126 16.874 -12.45 -5.4144
2 24 16.874 -12.45 -5.4144 20 -12.45 -6.252
2 24 20 -12.45 -6.252 23.126 -12.45 -5.4144
2 24 23.126 -12.45 -5.4144 25.4144 -12.45 -3.126
2 24 25.4144 -12.45 -3.126 26.252 -12.45 0
2 24 25.4144 -12.45 3.126 26.252 -12.45 0
2 24 25.4144 -8 3.126 23.126 -8 5.4144
2 24 25.4144 -12.45 3.126 23.126 -12.45 5.4144
2 24 23.126 -8 5.4144 20 -8 6.252
2 24 23.126 -12.45 5.4144 20 -12.45 6.252
2 24 20 -8 6.252 16.874 -8 5.4144
2 24 20 -12.45 6.252 16.874 -12.45 5.4144
2 24 16.874 -8 5.4144 14.5856 -8 3.126
2 24 16.874 -12.45 5.4144 14.5856 -12.45 3.126
2 24 14.5856 -8 3.126 13.748 -8 0
2 24 14.5856 -12.45 3.126 13.748 -12.45 0
2 24 13.748 -8 0 14.5856 -8 -3.126
2 24 13.748 -12.45 0 14.5856 -12.45 -3.126
2 24 14.5856 -8 -3.126 16.874 -8 -5.4144
2 24 14.5856 -12.45 -3.126 16.874 -12.45 -5.4144
2 24 16.874 -8 -5.4144 20 -8 -6.252
2 24 16.874 -12.45 -5.4144 20 -12.45 -6.252
2 24 20 -8 -6.252 23.126 -8 -5.4144
2 24 20 -12.45 -6.252 23.126 -12.45 -5.4144
2 24 23.126 -8 -5.4144 25.4144 -8 -3.126
2 24 23.126 -12.45 -5.4144 25.4144 -12.45 -3.126
2 24 25.4144 -8 -3.126 26.252 -8 0
2 24 25.4144 -12.45 -3.126 26.252 -12.45 0
2 24 25.4144 -8 3.126 26.252 -8 0
2 24 25.4144 -12.45 3.126 26.252 -12.45 0
2 24 5.4144 -12.45 3.126 3.126 -12.45 5.4144
2 24 3.126 -12.45 5.4144 0 -12.45 6.252
2 24 0 -12.45 6.252 -3.126 -12.45 5.4144
2 24 -3.126 -12.45 5.4144 -5.4144 -12.45 3.126
2 24 -5.4144 -12.45 3.126 -6.252 -12.45 0
2 24 -6.252 -12.45 0 -5.4144 -12.45 -3.126
2 24 -5.4144 -12.45 -3.126 -3.126 -12.45 -5.4144
2 24 -3.126 -12.45 -5.4144 0 -12.45 -6.252
2 24 0 -12.45 -6.252 3.126 -12.45 -5.4144
2 24 3.126 -12.45 -5.4144 5.4144 -12.45 -3.126
2 24 5.4144 -12.45 -3.126 6.252 -12.45 0
2 24 5.4144 -12.45 3.126 6.252 -12.45 0
2 24 5.4144 -8 3.126 3.126 -8 5.4144
2 24 5.4144 -12.45 3.126 3.126 -12.45 5.4144
2 24 3.126 -8 5.4144 0 -8 6.252
2 24 3.126 -12.45 5.4144 0 -12.45 6.252
2 24 0 -8 6.252 -3.126 -8 5.4144
2 24 0 -12.45 6.252 -3.126 -12.45 5.4144
2 24 -3.126 -8 5.4144 -5.4144 -8 3.126
2 24 -3.126 -12.45 5.4144 -5.4144 -12.45 3.126
2 24 -5.4144 -8 3.126 -6.252 -8 0
2 24 -5.4144 -12.45 3.126 -6.252 -12.45 0
2 24 -6.252 -8 0 -5.4144 -8 -3.126
2 24 -6.252 -12.45 0 -5.4144 -12.45 -3.126
2 24 -5.4144 -8 -3.126 -3.126 -8 -5.4144
2 24 -5.4144 -12.45 -3.126 -3.126 -12.45 -5.4144
2 24 -3.126 -8 -5.4144 0 -8 -6.252
2 24 -3.126 -12.45 -5.4144 0 -12.45 -6.252
2 24 0 -8 -6.252 3.126 -8 -5.4144
2 24 0 -12.45 -6.252 3.126 -12.45 -5.4144
2 24 3.126 -8 -5.4144 5.4144 -8 -3.126
2 24 3.126 -12.45 -5.4144 5.4144 -12.45 -3.126
2 24 5.4144 -8 -3.126 6.252 -8 0
2 24 5.4144 -12.45 -3.126 6.252 -12.45 0
2 24 5.4144 -8 3.126 6.252 -8 0
2 24 5.4144 -12.45 3.126 6.252 -12.45 0
2 24 -14.5856 -12.45 23.126 -16.874 -12.45 25.4144
2 24 -16.874 -12.45 25.4144 -20 -12.45 26.252
2 24 -20 -12.45 26.252 -23.126 -12.45 25.4144
2 24 -23.126 -12.45 25.4144 -25.4144 -12.45 23.126
2 24 -25.4144 -12.45 23.126 -26.252 -12.45 20
2 24 -26.252 -12.45 20 -25.4144 -12.45 16.874
2 24 -25.4144 -12.45 16.874 -23.126 -12.45 14.5856
2 24 -23.126 -12.45 14.5856 -20 -12.45 13.748
2 24 -20 -12.45 13.748 -16.874 -12.45 14.5856
2 24 -16.874 -12.45 14.5856 -14.5856 -12.45 16.874
2 24 -14.5856 -12.45 16.874 -13.748 -12.45 20
2 24 -14.5856 -12.45 23.126 -13.748 -12.45 20
2 24 -14.5856 -8 23.126 -16.874 -8 25.4144
2 24 -14.5856 -12.45 23.126 -16.874 -12.45 25.4144
2 24 -16.874 -8 25.4144 -20 -8 26.252
2 24 -16.874 -12.45 25.4144 -20 -12.45 26.252
2 24 -20 -8 26.252 -23.126 -8 25.4144
2 24 -20 -12.45 26.252 -23.126 -12.45 25.4144
2 24 -23.126 -8 25.4144 -25.4144 -8 23.126
2 24 -23.126 -12.45 25.4144 -25.4144 -12.45 23.126
2 24 -25.4144 -8 23.126 -26.252 -8 20
2 24 -25.4144 -12.45 23.126 -26.252 -12.45 20
2 24 -26.252 -8 20 -25.4144 -8 16.874
2 24 -26.252 -12.45 20 -25.4144 -12.45 16.874
2 24 -25.4144 -8 16.874 -23.126 -8 14.5856
2 24 -25.4144 -12.45 16.874 -23.126 -12.45 14.5856
2 24 -23.126 -8 14.5856 -20 -8 13.748
2 24 -23.126 -12.45 14.5856 -20 -12.45 13.748
2 24 -20 -8 13.748 -16.874 -8 14.5856
2 24 -20 -12.45 13.748 -16.874 -12.45 14.5856
2 24 -16.874 -8 14.5856 -14.5856 -8 16.874
2 24 -16.874 -12.45 14.5856 -14.5856 -12.45 16.874
2 24 -14.5856 -8 16.874 -13.748 -8 20
2 24 -14.5856 -12.45 16.874 -13.748 -12.45 20
2 24 -14.5856 -8 23.126 -13.748 -8 20
2 24 -14.5856 -12.45 23.126 -13.748 -12.45 20
2 24 5.4144 -12.45 23.126 3.126 -12.45 25.4144
2 24 3.126 -12.45 25.4144 0 -12.45 26.252
2 24 0 -12.45 26.252 -3.126 -12.45 25.4144
2 24 -3.126 -12.45 25.4144 -5.4144 -12.45 23.126
2 24 -5.4144 -12.45 23.126 -6.252 -12.45 20
2 24 -6.252 -12.45 20 -5.4144 -12.45 16.874
2 24 -5.4144 -12.45 16.874 -3.126 -12.45 14.5856
2 24 -3.126 -12.45 14.5856 0 -12.45 13.748
2 24 0 -12.45 13.748 3.126 -12.45 14.5856
2 24 3.126 -12.45 14.5856 5.4144 -12.45 16.874
2 24 5.4144 -12.45 16.874 6.252 -12.45 20
2 24 5.4144 -12.45 23.126 6.252 -12.45 20
2 24 5.4144 -8 23.126 3.126 -8 25.4144
2 24 5.4144 -12.45 23.126 3.126 -12.45 25.4144
2 24 3.126 -8 25.4144 0 -8 26.252
2 24 3.126 -12.45 25.4144 0 -12.45 26.252
2 24 0 -8 26.252 -3.126 -8 25.4144
2 24 0 -12.45 26.252 -3.126 -12.45 25.4144
2 24 -3.126 -8 25.4144 -5.4144 -8 23.126
2 24 -3.126 -12.45 25.4144 -5.4144 -12.45 23.126
2 24 -5.4144 -8 23.126 -6.252 -8 20
2 24 -5.4144 -12.45 23.126 -6.252 -12.45 20
2 24 -6.252 -8 20 -5.4144 -8 16.874
2 24 -6.252 -12.45 20 -5.4144 -12.45 16.874
2 24 -5.4144 -8 16.874 -3.126 -8 14.5856
2 24 -5.4144 -12.45 16.874 -3.126 -12.45 14.5856
2 24 -3.126 -8 14.5856 0 -8 13.748
2 24 -3.126 -12.45 14.5856 0 -12.45 13.748
2 24 0 -8 13.748 3.126 -8 14.5856
2 24 0 -12.45 13.748 3.126 -12.45 14.5856
2 24 3.126 -8 14.5856 5.4144 -8 16.874
2 24 3.126 -12.45 14.5856 5.4144 -12.45 16.874
2 24 5.4144 -8 16.874 6.252 -8 20
2 24 5.4144 -12.45 16.874 6.252 -12.45 20
2 24 5.4144 -8 23.126 6.252 -8 20
2 24 5.4144 -12.45 23.126 6.252 -12.45 20
2 24 45.4144 -12.45 3.126 43.126 -12.45 5.4144
2 24 43.126 -12.45 5.4144 40 -12.45 6.252
2 24 40 -12.45 6.252 36.874 -12.45 5.4144
2 24 36.874 -12.45 5.4144 34.5856 -12.45 3.126
2 24 34.5856 -12.45 3.126 33.748 -12.45 0
2 24 33.748 -12.45 0 34.5856 -12.45 -3.126
2 24 34.5856 -12.45 -3.126 36.874 -12.45 -5.4144
2 24 36.874 -12.45 -5.4144 40 -12.45 -6.252
2 24 40 -12.45 -6.252 43.126 -12.45 -5.4144
2 24 43.126 -12.45 -5.4144 45.4144 -12.45 -3.126
2 24 45.4144 -12.45 -3.126 46.252 -12.45 0
2 24 45.4144 -12.45 3.126 46.252 -12.45 0
2 24 45.4144 -8 3.126 43.126 -8 5.4144
2 24 45.4144 -12.45 3.126 43.126 -12.45 5.4144
2 24 43.126 -8 5.4144 40 -8 6.252
2 24 43.126 -12.45 5.4144 40 -12.45 6.252
2 24 40 -8 6.252 36.874 -8 5.4144
2 24 40 -12.45 6.252 36.874 -12.45 5.4144
2 24 36.874 -8 5.4144 34.5856 -8 3.126
2 24 36.874 -12.45 5.4144 34.5856 -12.45 3.126
2 24 34.5856 -8 3.126 33.748 -8 0
2 24 34.5856 -12.45 3.126 33.748 -12.45 0
2 24 33.748 -8 0 34.5856 -8 -3.126
2 24 33.748 -12.45 0 34.5856 -12.45 -3.126
2 24 34.5856 -8 -3.126 36.874 -8 -5.4144
2 24 34.5856 -12.45 -3.126 36.874 -12.45 -5.4144
2 24 36.874 -8 -5.4144 40 -8 -6.252
2 24 36.874 -12.45 -5.4144 40 -12.45 -6.252
2 24 40 -8 -6.252 43.126 -8 -5.4144
2 24 40 -12.45 -6.252 43.126 -12.45 -5.4144
2 24 43.126 -8 -5.4144 45.4144 -8 -3.126
2 24 43.126 -12.45 -5.4144 45.4144 -12.45 -3.126
2 24 45.4144 -8 -3.126 46.252 -8 0
2 24 45.4144 -12.45 -3.126 46.252 -12.45 0
2 24 45.4144 -8 3.126 46.252 -8 0
2 24 45.4144 -12.45 3.126 46.252 -12.45 0
2 24 25.4144 -12.45 23.126 23.126 -12.45 25.4144
2 24 23.126 -12.45 25.4144 20 -12.45 26.252
2 24 20 -12.45 26.252 16.874 -12.45 25.4144
2 24 16.874 -12.45 25.4144 14.5856 -12.45 23.126
2 24 14.5856 -12.45 23.126 13.748 -12.45 20
2 24 13.748 -12.45 20 14.5856 -12.45 16.874
2 24 14.5856 -12.45 16.874 16.874 -12.45 14.5856
2 24 16.874 -12.45 14.5856 20 -12.45 13.748
2 24 20 -12.45 13.748 23.126 -12.45 14.5856
2 24 23.126 -12.45 14.5856 25.4144 -12.45 16.874
2 24 25.4144 -12.45 16.874 26.252 -12.45 20
2 24 25.4144 -12.45 23.126 26.252 -12.45 20
2 24 25.4144 -8 23.126 23.126 -8 25.4144
2 24 25.4144 -12.45 23.126 23.126 -12.45 25.4144
2 24 23.126 -8 25.4144 20 -8 26.252
2 24 23.126 -12.45 25.4144 20 -12.45 26.252
2 24 20 -8 26.252 16.874 -8 25.4144
2 24 20 -12.45 26.252 16.874 -12.45 25.4144
2 24 16.874 -8 25.4144 14.5856 -8 23.126
2 24 16.874 -12.45 25.4144 14.5856 -12.45 23.126
2 24 14.5856 -8 23.126 13.748 -8 20
2 24 14.5856 -12.45 23.126 13.748 -12.45 20
2 24 13.748 -8 20 14.5856 -8 16.874
2 24 13.748 -12.45 20 14.5856 -12.45 16.874
2 24 14.5856 -8 16.874 16.874 -8 14.5856
2 24 14.5856 -12.45 16.874 16.874 -12.45 14.5856
2 24 16.874 -8 14.5856 20 -8 13.748
2 24 16.874 -12.45 14.5856 20 -12.45 13.748
2 24 20 -8 13.748 23.126 -8 14.5856
2 24 20 -12.45 13.748 23.126 -12.45 14.5856
2 24 23.126 -8 14.5856 25.4144 -8 16.874
2 24 23.126 -12.45 14.5856 25.4144 -12.45 16.874
2 24 25.4144 -8 16.874 26.252 -8 20
2 24 25.4144 -12.45 16.874 26.252 -12.45 20
2 24 25.4144 -8 23.126 26.252 -8 20
2 24 25.4144 -12.45 23.126 26.252 -12.45 20
2 24 45.4144 -12.45 23.126 43.126 -12.45 25.4144
2 24 43.126 -12.45 25.4144 40 -12.45 26.252
2 24 40 -12.45 26.252 36.874 -12.45 25.4144
2 24 36.874 -12.45 25.4144 34.5856 -12.45 23.126
2 24 34.5856 -12.45 23.126 33.748 -12.45 20
2 24 33.748 -12.45 20 34.5856 -12.45 16.874
2 24 34.5856 -12.45 16.874 36.874 -12.45 14.5856
2 24 36.874 -12.45 14.5856 40 -12.45 13.748
2 24 40 -12.45 13.748 43.126 -12.45 14.5856
2 24 43.126 -12.45 14.5856 45.4144 -12.45 16.874
2 24 45.4144 -12.45 16.874 46.252 -12.45 20
2 24 45.4144 -12.45 23.126 46.252 -12.45 20
2 24 45.4144 -8 23.126 43.126 -8 25.4144
2 24 45.4144 -12.45 23.126 43.126 -12.45 25.4144
2 24 43.126 -8 25.4144 40 -8 26.252
2 24 43.126 -12.45 25.4144 40 -12.45 26.252
2 24 40 -8 26.252 36.874 -8 25.4144
2 24 40 -12.45 26.252 36.874 -12.45 25.4144
2 24 36.874 -8 25.4144 34.5856 -8 23.126
2 24 36.874 -12.45 25.4144 34.5856 -12.45 23.126
2 24 34.5856 -8 23.126 33.748 -8 20
2 24 34.5856 -12.45 23.126 33.748 -12.45 20
2 24 33.748 -8 20 34.5856 -8 16.874
2 24 33.748 -12.45 20 34.5856 -12.45 16.874
2 24 34.5856 -8 16.874 36.874 -8 14.5856
2 24 34.5856 -12.45 16.874 36.874 -12.45 14.5856
2 24 36.874 -8 14.5856 40 -8 13.748
2 24 36.874 -12.45 14.5856 40 -12.45 13.748
2 24 40 -8 13.748 43.126 -8 14.5856
2 24 40 -12.45 13.748 43.126 -12.45 14.5856
2 24 43.126 -8 14.5856 45.4144 -8 16.874
2 24 43.126 -12.45 14.5856 45.4144 -12.45 16.874
2 24 45.4144 -8 16.874 46.252 -8 20
2 24 45.4144 -12.45 16.874 46.252 -12.45 20
2 24 45.4144 -8 23.126 46.252 -8 20
2 24 45.4144 -12.45 23.126 46.252 -12.45 20
0 STEP
