0 Technic, Axle  4.5L with Stop
0 Name: bl_7784.dat
0 Author: 
0 BL_Item_No 7784
0 BFC CERTIFY CCW
3 16 6.9291 -2.8701 21.25 5.3033 -5.3033 21.25 6.9291 -2.8701 19.25
3 16 6.9291 -2.8701 19.25 5.3033 -5.3033 21.25 5.3033 -5.3033 19.25
3 16 5.3033 -5.3033 21.25 2.8701 -6.9291 21.25 5.3033 -5.3033 19.25
3 16 5.3033 -5.3033 19.25 2.8701 -6.9291 21.25 2.8701 -6.9291 19.25
3 16 2.8701 -6.9291 21.25 0 -7.5 21.25 2.8701 -6.9291 19.25
3 16 2.8701 -6.9291 19.25 0 -7.5 21.25 0 -7.5 19.25
3 16 7.5 0 19.25 7.5 0 21.25 6.9291 -2.8701 19.25
3 16 6.9291 -2.8701 19.25 7.5 0 21.25 6.9291 -2.8701 21.25
3 16 0 -6.0562 21.25 0 -7.5 21.25 1.1251 -5.9463 21.25
3 16 1.1251 -5.9463 21.25 0 -7.5 21.25 2.8701 -6.9291 21.25
3 16 7.5 0 21.25 6.0562 0 21.25 5.9463 -1.1251 21.25
3 16 7.5 0 21.25 5.9463 -1.1251 21.25 6.9291 -2.8701 21.25
3 16 6.9291 -2.8701 21.25 5.9463 -1.1251 21.25 5.6734 -2.1472 21.25
3 16 6.9291 -2.8701 21.25 5.6734 -2.1472 21.25 5.2257 -3.0915 21.25
3 16 6.9291 -2.8701 21.25 5.2257 -3.0915 21.25 5.3033 -5.3033 21.25
3 16 5.3033 -5.3033 21.25 5.2257 -3.0915 21.25 4.5926 -3.9591 21.25
3 16 1.1251 -5.9463 21.25 2.8701 -6.9291 21.25 2.1472 -5.6734 21.25
3 16 2.1472 -5.6734 21.25 2.8701 -6.9291 21.25 3.0528 -5.2539 21.25
3 16 2.8701 -6.9291 21.25 5.3033 -5.3033 21.25 3.0528 -5.2539 21.25
3 16 3.0528 -5.2539 21.25 5.3033 -5.3033 21.25 3.8144 -4.7016 21.25
3 16 5.3033 -5.3033 21.25 4.5926 -3.9591 21.25 3.8144 -4.7016 21.25
3 16 5.9375 0 19.25 5.8326 -1.1067 19.25 5.9375 0 3.15
3 16 5.9375 0 3.15 5.8326 -1.1067 19.25 5.8354 -1.0917 3.15
3 16 2.1401 -5.5016 19.25 1.1166 -5.8307 19.25 2.1266 -5.5147 3.15
3 16 2.1266 -5.5147 3.15 1.1166 -5.8307 19.25 1.1093 -5.8321 3.15
3 16 2.1401 -5.5016 19.25 2.8701 -6.9291 19.25 1.1166 -5.8307 19.25
3 16 1.1166 -5.8307 19.25 2.8701 -6.9291 19.25 0 -7.5 19.25
3 16 5.8326 -1.1067 19.25 5.9375 0 19.25 7.5 0 19.25
3 16 5.8326 -1.1067 19.25 5.4879 -2.1533 19.25 5.8354 -1.0917 3.15
3 16 5.8354 -1.0917 3.15 5.4879 -2.1533 19.25 5.4945 -2.1469 3.15
3 16 5.4879 -2.1533 19.25 5.8326 -1.1067 19.25 6.9291 -2.8701 19.25
3 16 6.9291 -2.8701 19.25 5.8326 -1.1067 19.25 7.5 0 19.25
3 16 5.4879 -2.1533 19.25 2.2401 -2.1568 19.25 5.4945 -2.1469 3.15
3 16 5.4945 -2.1469 3.15 2.2401 -2.1568 19.25 2.2599 -2.1371 3.15
3 16 6.9291 -2.8701 19.25 5.3033 -5.3033 19.25 5.4879 -2.1533 19.25
3 16 5.4879 -2.1533 19.25 5.3033 -5.3033 19.25 2.2401 -2.1568 19.25
3 16 2.2401 -2.1568 19.25 2.1401 -5.5016 19.25 2.2599 -2.1371 3.15
3 16 2.2599 -2.1371 3.15 2.1401 -5.5016 19.25 2.1266 -5.5147 3.15
3 16 2.2401 -2.1568 19.25 5.3033 -5.3033 19.25 2.1401 -5.5016 19.25
3 16 2.1401 -5.5016 19.25 5.3033 -5.3033 19.25 2.8701 -6.9291 19.25
3 16 1.1166 -5.8307 19.25 0 -7.5 19.25 0 -5.9368 19.25
3 16 -6.9291 -2.8701 21.25 -6.9291 -2.8701 19.25 -5.3033 -5.3033 21.25
3 16 -5.3033 -5.3033 21.25 -6.9291 -2.8701 19.25 -5.3033 -5.3033 19.25
3 16 -5.3033 -5.3033 21.25 -5.3033 -5.3033 19.25 -2.8701 -6.9291 21.25
3 16 -2.8701 -6.9291 21.25 -5.3033 -5.3033 19.25 -2.8701 -6.9291 19.25
3 16 -2.8701 -6.9291 21.25 -2.8701 -6.9291 19.25 0 -7.5 21.25
3 16 0 -7.5 21.25 -2.8701 -6.9291 19.25 0 -7.5 19.25
3 16 -7.5 0 19.25 -6.9291 -2.8701 19.25 -7.5 0 21.25
3 16 -7.5 0 21.25 -6.9291 -2.8701 19.25 -6.9291 -2.8701 21.25
3 16 0 -6.0562 21.25 -1.1251 -5.9463 21.25 0 -7.5 21.25
3 16 0 -7.5 21.25 -1.1251 -5.9463 21.25 -2.8701 -6.9291 21.25
3 16 -7.5 0 21.25 -5.9463 -1.1251 21.25 -6.0562 0 21.25
3 16 -7.5 0 21.25 -6.9291 -2.8701 21.25 -5.9463 -1.1251 21.25
3 16 -5.9463 -1.1251 21.25 -6.9291 -2.8701 21.25 -5.6734 -2.1472 21.25
3 16 -6.9291 -2.8701 21.25 -5.2257 -3.0915 21.25 -5.6734 -2.1472 21.25
3 16 -6.9291 -2.8701 21.25 -5.3033 -5.3033 21.25 -5.2257 -3.0915 21.25
3 16 -5.2257 -3.0915 21.25 -5.3033 -5.3033 21.25 -4.5926 -3.9591 21.25
3 16 -1.1251 -5.9463 21.25 -2.1472 -5.6734 21.25 -2.8701 -6.9291 21.25
3 16 -2.1472 -5.6734 21.25 -3.0528 -5.2539 21.25 -2.8701 -6.9291 21.25
3 16 -3.8144 -4.7016 21.25 -5.3033 -5.3033 21.25 -3.0528 -5.2539 21.25
3 16 -3.0528 -5.2539 21.25 -5.3033 -5.3033 21.25 -2.8701 -6.9291 21.25
3 16 -5.3033 -5.3033 21.25 -3.8144 -4.7016 21.25 -4.5926 -3.9591 21.25
3 16 -5.8326 -1.1067 19.25 -5.9375 0 19.25 -5.8354 -1.0917 3.15
3 16 -5.8354 -1.0917 3.15 -5.9375 0 19.25 -5.9375 0 3.15
3 16 -1.1166 -5.8307 19.25 -2.1401 -5.5016 19.25 -1.1093 -5.8321 3.15
3 16 -1.1093 -5.8321 3.15 -2.1401 -5.5016 19.25 -2.1266 -5.5147 3.15
3 16 -2.1401 -5.5016 19.25 -1.1166 -5.8307 19.25 -2.8701 -6.9291 19.25
3 16 -2.8701 -6.9291 19.25 -1.1166 -5.8307 19.25 0 -7.5 19.25
3 16 -5.8326 -1.1067 19.25 -7.5 0 19.25 -5.9375 0 19.25
3 16 -5.4879 -2.1533 19.25 -5.8326 -1.1067 19.25 -5.4945 -2.1469 3.15
3 16 -5.4945 -2.1469 3.15 -5.8326 -1.1067 19.25 -5.8354 -1.0917 3.15
3 16 -7.5 0 19.25 -5.8326 -1.1067 19.25 -6.9291 -2.8701 19.25
3 16 -6.9291 -2.8701 19.25 -5.8326 -1.1067 19.25 -5.4879 -2.1533 19.25
3 16 -2.2401 -2.1568 19.25 -5.4879 -2.1533 19.25 -2.2599 -2.1371 3.15
3 16 -2.2599 -2.1371 3.15 -5.4879 -2.1533 19.25 -5.4945 -2.1469 3.15
3 16 -2.2401 -2.1568 19.25 -5.3033 -5.3033 19.25 -5.4879 -2.1533 19.25
3 16 -5.4879 -2.1533 19.25 -5.3033 -5.3033 19.25 -6.9291 -2.8701 19.25
3 16 -2.1401 -5.5016 19.25 -2.2401 -2.1568 19.25 -2.1266 -5.5147 3.15
3 16 -2.1266 -5.5147 3.15 -2.2401 -2.1568 19.25 -2.2599 -2.1371 3.15
3 16 -2.2401 -2.1568 19.25 -2.1401 -5.5016 19.25 -5.3033 -5.3033 19.25
3 16 -5.3033 -5.3033 19.25 -2.1401 -5.5016 19.25 -2.8701 -6.9291 19.25
3 16 1.1166 -5.8307 19.25 0 -5.9368 19.25 1.1093 -5.8321 3.15
3 16 1.1093 -5.8321 3.15 0 -5.9368 19.25 0 -5.9382 3.15
3 16 6.9291 2.8701 21.25 6.9291 2.8701 19.25 5.3033 5.3033 21.25
3 16 5.3033 5.3033 21.25 6.9291 2.8701 19.25 5.3033 5.3033 19.25
3 16 5.3033 5.3033 21.25 5.3033 5.3033 19.25 2.8701 6.9291 21.25
3 16 2.8701 6.9291 21.25 5.3033 5.3033 19.25 2.8701 6.9291 19.25
3 16 2.8701 6.9291 21.25 2.8701 6.9291 19.25 0 7.5 21.25
3 16 0 7.5 21.25 2.8701 6.9291 19.25 0 7.5 19.25
3 16 7.5 0 19.25 6.9291 2.8701 19.25 7.5 0 21.25
3 16 7.5 0 21.25 6.9291 2.8701 19.25 6.9291 2.8701 21.25
3 16 0 6.0562 21.25 1.1251 5.9463 21.25 0 7.5 21.25
3 16 0 7.5 21.25 1.1251 5.9463 21.25 2.8701 6.9291 21.25
3 16 7.5 0 21.25 5.9463 1.1251 21.25 6.0562 0 21.25
3 16 7.5 0 21.25 6.9291 2.8701 21.25 5.9463 1.1251 21.25
3 16 5.9463 1.1251 21.25 6.9291 2.8701 21.25 5.6734 2.1472 21.25
3 16 6.9291 2.8701 21.25 5.2257 3.0915 21.25 5.6734 2.1472 21.25
3 16 6.9291 2.8701 21.25 5.3033 5.3033 21.25 5.2257 3.0915 21.25
3 16 5.2257 3.0915 21.25 5.3033 5.3033 21.25 4.5926 3.9591 21.25
3 16 1.1251 5.9463 21.25 2.1472 5.6734 21.25 2.8701 6.9291 21.25
3 16 2.1472 5.6734 21.25 3.0528 5.2539 21.25 2.8701 6.9291 21.25
3 16 3.8144 4.7016 21.25 5.3033 5.3033 21.25 3.0528 5.2539 21.25
3 16 3.0528 5.2539 21.25 5.3033 5.3033 21.25 2.8701 6.9291 21.25
3 16 5.3033 5.3033 21.25 3.8144 4.7016 21.25 4.5926 3.9591 21.25
3 16 5.8326 1.1067 19.25 5.9375 0 19.25 5.8354 1.0917 3.15
3 16 5.8354 1.0917 3.15 5.9375 0 19.25 5.9375 0 3.15
3 16 1.1166 5.8307 19.25 2.1401 5.5016 19.25 1.1093 5.8321 3.15
3 16 1.1093 5.8321 3.15 2.1401 5.5016 19.25 2.1266 5.5147 3.15
3 16 2.1401 5.5016 19.25 1.1166 5.8307 19.25 2.8701 6.9291 19.25
3 16 2.8701 6.9291 19.25 1.1166 5.8307 19.25 0 7.5 19.25
3 16 5.8326 1.1067 19.25 7.5 0 19.25 5.9375 0 19.25
3 16 5.4879 2.1533 19.25 5.8326 1.1067 19.25 5.4945 2.1469 3.15
3 16 5.4945 2.1469 3.15 5.8326 1.1067 19.25 5.8354 1.0917 3.15
3 16 7.5 0 19.25 5.8326 1.1067 19.25 6.9291 2.8701 19.25
3 16 6.9291 2.8701 19.25 5.8326 1.1067 19.25 5.4879 2.1533 19.25
3 16 2.2401 2.1568 19.25 5.4879 2.1533 19.25 2.2599 2.1371 3.15
3 16 2.2599 2.1371 3.15 5.4879 2.1533 19.25 5.4945 2.1469 3.15
3 16 2.2401 2.1568 19.25 5.3033 5.3033 19.25 5.4879 2.1533 19.25
3 16 5.4879 2.1533 19.25 5.3033 5.3033 19.25 6.9291 2.8701 19.25
3 16 2.1401 5.5016 19.25 2.2401 2.1568 19.25 2.1266 5.5147 3.15
3 16 2.1266 5.5147 3.15 2.2401 2.1568 19.25 2.2599 2.1371 3.15
3 16 2.2401 2.1568 19.25 2.1401 5.5016 19.25 5.3033 5.3033 19.25
3 16 5.3033 5.3033 19.25 2.1401 5.5016 19.25 2.8701 6.9291 19.25
3 16 0 7.5 19.25 0 5.9367 19.25 -1.1166 5.8307 19.25
3 16 -6.9291 2.8701 21.25 -5.3033 5.3033 21.25 -6.9291 2.8701 19.25
3 16 -6.9291 2.8701 19.25 -5.3033 5.3033 21.25 -5.3033 5.3033 19.25
3 16 -5.3033 5.3033 21.25 -2.8701 6.9291 21.25 -5.3033 5.3033 19.25
3 16 -5.3033 5.3033 19.25 -2.8701 6.9291 21.25 -2.8701 6.9291 19.25
3 16 -2.8701 6.9291 21.25 0 7.5 21.25 -2.8701 6.9291 19.25
3 16 -2.8701 6.9291 19.25 0 7.5 21.25 0 7.5 19.25
3 16 -7.5 0 19.25 -7.5 0 21.25 -6.9291 2.8701 19.25
3 16 -6.9291 2.8701 19.25 -7.5 0 21.25 -6.9291 2.8701 21.25
3 16 0 6.0562 21.25 0 7.5 21.25 -1.1251 5.9463 21.25
3 16 -1.1251 5.9463 21.25 0 7.5 21.25 -2.8701 6.9291 21.25
3 16 -7.5 0 21.25 -6.0562 0 21.25 -5.9463 1.1251 21.25
3 16 -7.5 0 21.25 -5.9463 1.1251 21.25 -6.9291 2.8701 21.25
3 16 -6.9291 2.8701 21.25 -5.9463 1.1251 21.25 -5.6734 2.1472 21.25
3 16 -6.9291 2.8701 21.25 -5.6734 2.1472 21.25 -5.2257 3.0915 21.25
3 16 -6.9291 2.8701 21.25 -5.2257 3.0915 21.25 -5.3033 5.3033 21.25
3 16 -5.3033 5.3033 21.25 -5.2257 3.0915 21.25 -4.5926 3.9591 21.25
3 16 -1.1251 5.9463 21.25 -2.8701 6.9291 21.25 -2.1472 5.6734 21.25
3 16 -2.1472 5.6734 21.25 -2.8701 6.9291 21.25 -3.0528 5.2539 21.25
3 16 -2.8701 6.9291 21.25 -5.3033 5.3033 21.25 -3.0528 5.2539 21.25
3 16 -3.0528 5.2539 21.25 -5.3033 5.3033 21.25 -3.8144 4.7016 21.25
3 16 -5.3033 5.3033 21.25 -4.5926 3.9591 21.25 -3.8144 4.7016 21.25
3 16 -5.9375 0 19.25 -5.8326 1.1067 19.25 -5.9375 0 3.15
3 16 -5.9375 0 3.15 -5.8326 1.1067 19.25 -5.8354 1.0917 3.15
3 16 -2.1401 5.5016 19.25 -1.1166 5.8307 19.25 -2.1266 5.5147 3.15
3 16 -2.1266 5.5147 3.15 -1.1166 5.8307 19.25 -1.1093 5.8321 3.15
3 16 -2.1401 5.5016 19.25 -2.8701 6.9291 19.25 -1.1166 5.8307 19.25
3 16 -1.1166 5.8307 19.25 -2.8701 6.9291 19.25 0 7.5 19.25
3 16 -5.8326 1.1067 19.25 -5.9375 0 19.25 -7.5 0 19.25
3 16 -5.8326 1.1067 19.25 -5.4879 2.1533 19.25 -5.8354 1.0917 3.15
3 16 -5.8354 1.0917 3.15 -5.4879 2.1533 19.25 -5.4945 2.1469 3.15
3 16 -5.4879 2.1533 19.25 -5.8326 1.1067 19.25 -6.9291 2.8701 19.25
3 16 -6.9291 2.8701 19.25 -5.8326 1.1067 19.25 -7.5 0 19.25
3 16 -5.4879 2.1533 19.25 -2.2401 2.1568 19.25 -5.4945 2.1469 3.15
3 16 -5.4945 2.1469 3.15 -2.2401 2.1568 19.25 -2.2599 2.1371 3.15
3 16 -6.9291 2.8701 19.25 -5.3033 5.3033 19.25 -5.4879 2.1533 19.25
3 16 -5.4879 2.1533 19.25 -5.3033 5.3033 19.25 -2.2401 2.1568 19.25
3 16 -2.2401 2.1568 19.25 -2.1401 5.5016 19.25 -2.2599 2.1371 3.15
3 16 -2.2599 2.1371 3.15 -2.1401 5.5016 19.25 -2.1266 5.5147 3.15
3 16 -2.2401 2.1568 19.25 -5.3033 5.3033 19.25 -2.1401 5.5016 19.25
3 16 -2.1401 5.5016 19.25 -5.3033 5.3033 19.25 -2.8701 6.9291 19.25
3 16 -1.1166 5.8307 19.25 0 5.9367 19.25 -1.1093 5.8321 3.15
3 16 -1.1093 5.8321 3.15 0 5.9367 19.25 0 5.9381 3.15
3 16 1.1166 5.8307 19.25 0 5.9367 19.25 0 7.5 19.25
3 16 0 5.9367 19.25 1.1166 5.8307 19.25 0 5.9381 3.15
3 16 0 5.9381 3.15 1.1166 5.8307 19.25 1.1093 5.8321 3.15
3 16 0 -5.9368 19.25 0 -7.5 19.25 -1.1166 -5.8307 19.25
3 16 0 -5.9368 19.25 -1.1166 -5.8307 19.25 0 -5.9382 3.15
3 16 0 -5.9382 3.15 -1.1166 -5.8307 19.25 -1.1093 -5.8321 3.15
3 16 5.3464 -0.6897 1.1722 5.8354 -1.0917 3.15 5.1333 -1.6912 1.1722
3 16 5.1333 -1.6912 1.1722 5.8354 -1.0917 3.15 5.4945 -2.1469 3.15
3 16 4.3071 -0.4442 0.2167 5.3464 -0.6897 1.1722 4.1882 -1.1845 0.2267
3 16 4.1882 -1.1845 0.2267 5.3464 -0.6897 1.1722 5.1333 -1.6912 1.1722
3 16 4.3071 -0.4442 0.2167 4.1882 -1.1845 0.2267 3.6556 -0.4334 0.0277
3 16 3.6556 -0.4334 0.0277 4.1882 -1.1845 0.2267 3.498 -1.0734 0.0274
3 16 5.1333 -1.6912 1.1722 5.4945 -2.1469 3.15 4.0901 -1.8736 1.1722
3 16 4.0901 -1.8736 1.1722 5.4945 -2.1469 3.15 2.2599 -2.1371 3.15
3 16 2.7435 -1.9887 1.1722 3.3098 -1.9148 1.1722 2.2599 -2.1371 3.15
3 16 2.7884 -1.1016 0.0042 3.3098 -1.9148 1.1722 2.3877 -1.4973 0.1816
3 16 2.3877 -1.4973 0.1816 3.3098 -1.9148 1.1722 2.7435 -1.9887 1.1722
3 16 3.498 -1.0734 0.0274 4.1882 -1.1845 0.2267 4.0901 -1.8736 1.1722
3 16 4.0901 -1.8736 1.1722 4.1882 -1.1845 0.2267 5.1333 -1.6912 1.1722
3 16 4.3071 -0.4442 0.2167 3.6556 -0.4334 0.0277 4.2923 0 0.2007
3 16 4.2923 0 0.2007 3.6556 -0.4334 0.0277 3.6538 0 0.0236
3 16 5.3464 -0.6897 1.1722 4.3071 -0.4442 0.2167 5.4301 0 1.1722
3 16 5.4301 0 1.1722 4.3071 -0.4442 0.2167 4.2923 0 0.2007
3 16 5.8354 -1.0917 3.15 5.3464 -0.6897 1.1722 5.9375 0 3.15
3 16 5.9375 0 3.15 5.3464 -0.6897 1.1722 5.4301 0 1.1722
3 16 2.2333 -2.2333 1.1722 2.2599 -2.1371 3.15 1.9887 -2.743 1.1722
3 16 1.9887 -2.743 1.1722 1.5869 -2.3179 0.2084 2.2333 -2.2333 1.1722
3 16 2.2333 -2.2333 1.1722 1.5869 -2.3179 0.2084 1.9684 -1.9065 0.2748
3 16 0.6897 -5.3464 1.1722 1.6912 -5.1333 1.1722 1.1093 -5.8321 3.15
3 16 1.1093 -5.8321 3.15 1.6912 -5.1333 1.1722 2.1266 -5.5147 3.15
3 16 1.6912 -5.1333 1.1722 0.6897 -5.3464 1.1722 1.2472 -4.2472 0.2647
3 16 1.2472 -4.2472 0.2647 0.6897 -5.3464 1.1722 0.49 -4.4632 0.2951
3 16 1.053 -3.5904 0.0377 1.2472 -4.2472 0.2647 0.4167 -3.6607 0.0282
3 16 0.4167 -3.6607 0.0282 1.2472 -4.2472 0.2647 0.49 -4.4632 0.2951
3 16 1.053 -3.5904 0.0377 1.8723 -4.0898 1.1722 1.2472 -4.2472 0.2647
3 16 1.2472 -4.2472 0.2647 1.8723 -4.0898 1.1722 1.6912 -5.1333 1.1722
3 16 1.6912 -5.1333 1.1722 1.8723 -4.0898 1.1722 2.1266 -5.5147 3.15
3 16 1.1281 -2.7674 0.0115 1.053 -3.5904 0.0377 0.4582 -2.9671 0
3 16 0.4582 -2.9671 0 1.053 -3.5904 0.0377 0.4167 -3.6607 0.0282
3 16 2.2333 -2.2333 1.1722 1.9684 -1.9065 0.2748 2.7435 -1.9887 1.1722
3 16 2.7435 -1.9887 1.1722 1.9684 -1.9065 0.2748 2.3877 -1.4973 0.1816
3 16 2.2333 -2.2333 1.1722 2.7435 -1.9887 1.1722 2.2599 -2.1371 3.15
3 16 1.053 -3.5904 0.0377 1.9887 -2.743 1.1722 1.8723 -4.0898 1.1722
3 16 2.2599 -2.1371 3.15 1.8723 -4.0898 1.1722 1.9887 -2.743 1.1722
3 16 2.9781 -0.4289 0 3.0152 0 0 3.6556 -0.4334 0.0277
3 16 3.6556 -0.4334 0.0277 3.0152 0 0 3.6538 0 0.0236
3 16 3.6556 -0.4334 0.0277 3.498 -1.0734 0.0274 2.9781 -0.4289 0
3 16 2.9781 -0.4289 0 3.498 -1.0734 0.0274 2.7884 -1.1016 0.0042
3 16 2.7884 -1.1016 0.0042 3.498 -1.0734 0.0274 3.3098 -1.9148 1.1722
3 16 3.3098 -1.9148 1.1722 3.498 -1.0734 0.0274 4.0901 -1.8736 1.1722
3 16 2.2599 -2.1371 3.15 3.3098 -1.9148 1.1722 4.0901 -1.8736 1.1722
3 16 0 0 0.5 2.1031 -1.3516 0.5 1.6372 -1.8894 0.5
3 16 2.3877 -1.4973 0.1816 1.9684 -1.9065 0.2748 2.1031 -1.3516 0.5
3 16 2.1031 -1.3516 0.5 1.9684 -1.9065 0.2748 1.6372 -1.8894 0.5
3 16 0 0 0.5 2.5 0 0.5 2.3987 -0.7043 0.5
3 16 3.0152 0 0 2.9781 -0.4289 0 2.5 0 0.5
3 16 2.5 0 0.5 2.9781 -0.4289 0 2.3987 -0.7043 0.5
3 16 2.9781 -0.4289 0 2.7884 -1.1016 0.0042 2.3987 -0.7043 0.5
3 16 2.3987 -0.7043 0.5 2.1031 -1.3516 0.5 0 0 0.5
3 16 1.0385 -2.2741 0.5 1.5869 -2.3179 0.2084 1.1281 -2.7674 0.0115
3 16 1.0385 -2.2741 0.5 1.1281 -2.7674 0.0115 0.3558 -2.4746 0.5
3 16 0.3558 -2.4746 0.5 1.1281 -2.7674 0.0115 0.4582 -2.9671 0
3 16 1.0385 -2.2741 0.5 0.3558 -2.4746 0.5 0 0 0.5
3 16 1.9684 -1.9065 0.2748 1.5869 -2.3179 0.2084 1.6372 -1.8894 0.5
3 16 1.6372 -1.8894 0.5 1.5869 -2.3179 0.2084 1.0385 -2.2741 0.5
3 16 1.6372 -1.8894 0.5 1.0385 -2.2741 0.5 0 0 0.5
3 16 5.651 0 88.7181 5.5734 -0.8944 88.7181 6.0544 0 86.7875
3 16 6.0544 0 86.7875 5.5734 -0.8944 88.7181 5.9463 -1.125 86.7875
3 16 4.5238 0 90 5.5734 -0.8944 88.7181 5.651 0 88.7181
3 16 2.2501 -2.25 86.7875 2.2501 -2.2501 30 5.6364 -2.25 86.7875
3 16 5.6364 -2.25 86.7875 2.2501 -2.2501 30 5.6364 -2.2501 30.0001
3 16 1.9772 -3.1366 88.7181 2.1759 -2.1759 88.7181 0.8902 -2.902 90
3 16 0.8902 -2.902 90 2.1759 -2.1759 88.7181 1.468 -1.468 90
3 16 0 -4.5238 90 0 -5.651 88.7181 0.8944 -5.5734 88.7181
3 16 2.2501 -2.25 86.7875 1.9772 -3.1366 88.7181 2.25 -5.6364 86.7875
3 16 2.25 -5.6364 86.7875 1.9772 -3.1366 88.7181 1.8947 -5.383 88.7181
3 16 0 -6.0544 86.7875 0 -6.0547 29.9942 1.125 -5.9463 86.7875
3 16 1.125 -5.9463 86.7875 0 -6.0547 29.9942 1.125 -5.9459 30.0044
3 16 2.2501 -2.2501 30 2.2501 -2.25 86.7875 2.2501 -5.6364 30.0001
3 16 2.2501 -5.6364 30.0001 2.2501 -2.25 86.7875 2.25 -5.6364 86.7875
3 16 1.125 -5.9459 30.0044 0 -6.0547 29.9942 1.1251 -5.9463 21.25
3 16 1.1251 -5.9463 21.25 0 -6.0547 29.9942 0 -6.0562 21.25
3 16 2.2501 -5.6364 30.0001 1.125 -5.9459 30.0044 2.1472 -5.6734 21.25
3 16 2.1472 -5.6734 21.25 1.125 -5.9459 30.0044 1.1251 -5.9463 21.25
3 16 3.0528 -5.2539 30 2.2501 -5.6364 30.0001 3.0528 -5.2539 21.25
3 16 3.0528 -5.2539 21.25 2.2501 -5.6364 30.0001 2.1472 -5.6734 21.25
3 16 3.8144 -4.7016 21.25 3.8144 -4.7016 30 3.0528 -5.2539 21.25
3 16 3.0528 -5.2539 21.25 3.8144 -4.7016 30 3.0528 -5.2539 30
3 16 0 -5.651 88.7181 0 -6.0544 86.7875 0.8944 -5.5734 88.7181
3 16 0.8944 -5.5734 88.7181 0 -6.0544 86.7875 1.125 -5.9463 86.7875
3 16 6.0547 0 29.9942 6.0544 0 86.7875 5.9459 -1.125 30.0044
3 16 5.9459 -1.125 30.0044 6.0544 0 86.7875 5.9463 -1.125 86.7875
3 16 0 0 90 1.468 -1.468 90 2.8567 0 90
3 16 2.8567 0 90 1.468 -1.468 90 2.902 -0.8902 90
3 16 4.5238 0 90 4.3766 -1.1155 90 5.5734 -0.8944 88.7181
3 16 5.5734 -0.8944 88.7181 4.3766 -1.1155 90 5.383 -1.8947 88.7181
3 16 4.3766 -1.1155 90 4.5238 0 90 2.902 -0.8902 90
3 16 2.902 -0.8902 90 4.5238 0 90 2.8567 0 90
3 16 3.1366 -1.9772 88.7181 2.902 -0.8902 90 2.1759 -2.1759 88.7181
3 16 2.1759 -2.1759 88.7181 2.902 -0.8902 90 1.468 -1.468 90
3 16 5.6364 -2.25 86.7875 5.9463 -1.125 86.7875 5.383 -1.8947 88.7181
3 16 5.383 -1.8947 88.7181 5.9463 -1.125 86.7875 5.5734 -0.8944 88.7181
3 16 0.8944 -5.5734 88.7181 1.125 -5.9463 86.7875 1.8947 -5.383 88.7181
3 16 1.8947 -5.383 88.7181 1.125 -5.9463 86.7875 2.25 -5.6364 86.7875
3 16 0 -4.5238 90 0.8944 -5.5734 88.7181 1.1155 -4.3766 90
3 16 1.1155 -4.3766 90 0.8944 -5.5734 88.7181 1.8947 -5.383 88.7181
3 16 0 0 90 0 -2.8579 90 1.468 -1.468 90
3 16 1.468 -1.468 90 0 -2.8579 90 0.8902 -2.902 90
3 16 0.8902 -2.902 90 1.1155 -4.3766 90 1.9772 -3.1366 88.7181
3 16 1.9772 -3.1366 88.7181 1.1155 -4.3766 90 1.8947 -5.383 88.7181
3 16 0 -2.8579 90 0 -4.5238 90 0.8902 -2.902 90
3 16 0.8902 -2.902 90 0 -4.5238 90 1.1155 -4.3766 90
3 16 2.25 -5.6364 86.7875 1.125 -5.9463 86.7875 2.2501 -5.6364 30.0001
3 16 2.2501 -5.6364 30.0001 1.125 -5.9463 86.7875 1.125 -5.9459 30.0044
3 16 5.6364 -2.2501 30.0001 5.9459 -1.125 30.0044 5.6364 -2.25 86.7875
3 16 5.6364 -2.25 86.7875 5.9459 -1.125 30.0044 5.9463 -1.125 86.7875
3 16 2.2501 -2.2501 30 2.2501 -5.6364 30.0001 3.0528 -5.2539 30
3 16 2.2501 -2.25 86.7875 5.6364 -2.25 86.7875 3.1366 -1.9772 88.7181
3 16 3.1366 -1.9772 88.7181 5.6364 -2.25 86.7875 5.383 -1.8947 88.7181
3 16 5.2257 -3.0915 30 5.6364 -2.2501 30.0001 2.2501 -2.2501 30
3 16 2.902 -0.8902 90 3.1366 -1.9772 88.7181 4.3766 -1.1155 90
3 16 4.3766 -1.1155 90 3.1366 -1.9772 88.7181 5.383 -1.8947 88.7181
3 16 3.8144 -4.7016 30 2.2501 -2.2501 30 3.0528 -5.2539 30
3 16 4.5926 -3.9591 30 2.2501 -2.2501 30 3.8144 -4.7016 30
3 16 5.2257 -3.0915 30 2.2501 -2.2501 30 4.5926 -3.9591 30
3 16 6.0562 0 21.25 6.0547 0 29.9942 5.9463 -1.1251 21.25
3 16 5.9463 -1.1251 21.25 6.0547 0 29.9942 5.9459 -1.125 30.0044
3 16 5.9463 -1.1251 21.25 5.9459 -1.125 30.0044 5.6734 -2.1472 21.25
3 16 5.6734 -2.1472 21.25 5.9459 -1.125 30.0044 5.6364 -2.2501 30.0001
3 16 5.6734 -2.1472 21.25 5.6364 -2.2501 30.0001 5.2257 -3.0915 21.25
3 16 5.2257 -3.0915 21.25 5.6364 -2.2501 30.0001 5.2257 -3.0915 30
3 16 5.2257 -3.0915 21.25 5.2257 -3.0915 30 4.5926 -3.9591 21.25
3 16 4.5926 -3.9591 21.25 5.2257 -3.0915 30 4.5926 -3.9591 30
3 16 4.5926 -3.9591 21.25 4.5926 -3.9591 30 3.8144 -4.7016 21.25
3 16 3.8144 -4.7016 21.25 4.5926 -3.9591 30 3.8144 -4.7016 30
3 16 2.2599 -2.1371 3.15 2.1266 -5.5147 3.15 1.8723 -4.0898 1.1722
3 16 2.7884 -1.1016 0.0042 2.3877 -1.4973 0.1816 2.3987 -0.7043 0.5
3 16 2.3987 -0.7043 0.5 2.3877 -1.4973 0.1816 2.1031 -1.3516 0.5
3 16 1.9887 -2.743 1.1722 1.053 -3.5904 0.0377 1.5869 -2.3179 0.2084
3 16 1.5869 -2.3179 0.2084 1.053 -3.5904 0.0377 1.1281 -2.7674 0.0115
3 16 3.1366 -1.9772 88.7181 2.1759 -2.1759 88.7181 2.2501 -2.25 86.7875
3 16 1.9772 -3.1366 88.7181 2.2501 -2.25 86.7875 2.1759 -2.1759 88.7181
3 16 -5.3464 -0.6897 1.1722 -5.1333 -1.6912 1.1722 -5.8354 -1.0917 3.15
3 16 -5.8354 -1.0917 3.15 -5.1333 -1.6912 1.1722 -5.4945 -2.1469 3.15
3 16 -4.3071 -0.4442 0.2167 -4.1882 -1.1845 0.2267 -5.3464 -0.6897 1.1722
3 16 -5.3464 -0.6897 1.1722 -4.1882 -1.1845 0.2267 -5.1333 -1.6912 1.1722
3 16 -3.498 -1.0734 0.0274 -4.1882 -1.1845 0.2267 -3.6556 -0.4334 0.0277
3 16 -3.6556 -0.4334 0.0277 -4.1882 -1.1845 0.2267 -4.3071 -0.4442 0.2167
3 16 -5.1333 -1.6912 1.1722 -4.0901 -1.8736 1.1722 -5.4945 -2.1469 3.15
3 16 -5.4945 -2.1469 3.15 -4.0901 -1.8736 1.1722 -2.2599 -2.1371 3.15
3 16 -2.7435 -1.9887 1.1722 -2.2599 -2.1371 3.15 -3.3098 -1.9148 1.1722
3 16 -2.7435 -1.9887 1.1722 -3.3098 -1.9148 1.1722 -2.3877 -1.4973 0.1816
3 16 -2.3877 -1.4973 0.1816 -3.3098 -1.9148 1.1722 -2.7884 -1.1016 0.0042
3 16 -3.498 -1.0734 0.0274 -4.0901 -1.8736 1.1722 -4.1882 -1.1845 0.2267
3 16 -4.1882 -1.1845 0.2267 -4.0901 -1.8736 1.1722 -5.1333 -1.6912 1.1722
3 16 -4.3071 -0.4442 0.2167 -4.2923 0 0.2007 -3.6556 -0.4334 0.0277
3 16 -3.6556 -0.4334 0.0277 -4.2923 0 0.2007 -3.6538 0 0.0236
3 16 -5.3464 -0.6897 1.1722 -5.4301 0 1.1722 -4.3071 -0.4442 0.2167
3 16 -4.3071 -0.4442 0.2167 -5.4301 0 1.1722 -4.2923 0 0.2007
3 16 -5.8354 -1.0917 3.15 -5.9375 0 3.15 -5.3464 -0.6897 1.1722
3 16 -5.3464 -0.6897 1.1722 -5.9375 0 3.15 -5.4301 0 1.1722
3 16 -2.2333 -2.2333 1.1722 -1.9887 -2.743 1.1722 -2.2599 -2.1371 3.15
3 16 -1.9684 -1.9065 0.2748 -1.5869 -2.3179 0.2084 -2.2333 -2.2333 1.1722
3 16 -2.2333 -2.2333 1.1722 -1.5869 -2.3179 0.2084 -1.9887 -2.743 1.1722
3 16 -0.6897 -5.3464 1.1722 -1.1093 -5.8321 3.15 -1.6912 -5.1333 1.1722
3 16 -1.6912 -5.1333 1.1722 -1.1093 -5.8321 3.15 -2.1266 -5.5147 3.15
3 16 -0.49 -4.4632 0.2951 -0.6897 -5.3464 1.1722 -1.2472 -4.2472 0.2647
3 16 -1.2472 -4.2472 0.2647 -0.6897 -5.3464 1.1722 -1.6912 -5.1333 1.1722
3 16 0.6897 -5.3464 1.1722 0 -5.3464 1.1722 0.49 -4.4632 0.2951
3 16 0.49 -4.4632 0.2951 0 -5.3464 1.1722 0 -4.4632 0.2951
3 16 1.1093 -5.8321 3.15 0 -5.9382 3.15 0.6897 -5.3464 1.1722
3 16 0.6897 -5.3464 1.1722 0 -5.9382 3.15 0 -5.3464 1.1722
3 16 0.49 -4.4632 0.2951 0 -4.4632 0.2951 0.4167 -3.6607 0.0282
3 16 0.4167 -3.6607 0.0282 0 -4.4632 0.2951 0 -3.6607 0.0282
3 16 -1.053 -3.5904 0.0377 -0.4167 -3.6607 0.0282 -1.2472 -4.2472 0.2647
3 16 -1.2472 -4.2472 0.2647 -0.4167 -3.6607 0.0282 -0.49 -4.4632 0.2951
3 16 -1.053 -3.5904 0.0377 -1.2472 -4.2472 0.2647 -1.8723 -4.0898 1.1722
3 16 -1.8723 -4.0898 1.1722 -1.2472 -4.2472 0.2647 -1.6912 -5.1333 1.1722
3 16 -1.6912 -5.1333 1.1722 -2.1266 -5.5147 3.15 -1.8723 -4.0898 1.1722
3 16 -1.1281 -2.7674 0.0115 -0.4582 -2.9671 0 -1.053 -3.5904 0.0377
3 16 -1.053 -3.5904 0.0377 -0.4582 -2.9671 0 -0.4167 -3.6607 0.0282
3 16 0.4167 -3.6607 0.0282 0 -3.6607 0.0282 0.4582 -2.9671 0
3 16 -2.2333 -2.2333 1.1722 -2.7435 -1.9887 1.1722 -1.9684 -1.9065 0.2748
3 16 -1.9684 -1.9065 0.2748 -2.7435 -1.9887 1.1722 -2.3877 -1.4973 0.1816
3 16 -2.2333 -2.2333 1.1722 -2.2599 -2.1371 3.15 -2.7435 -1.9887 1.1722
3 16 -1.053 -3.5904 0.0377 -1.8723 -4.0898 1.1722 -1.9887 -2.743 1.1722
3 16 -2.2599 -2.1371 3.15 -1.9887 -2.743 1.1722 -1.8723 -4.0898 1.1722
3 16 -3.6538 0 0.0236 -3.0152 0 0 -3.6556 -0.4334 0.0277
3 16 -3.6556 -0.4334 0.0277 -3.0152 0 0 -2.9781 -0.4289 0
3 16 -2.7884 -1.1016 0.0042 -3.498 -1.0734 0.0274 -2.9781 -0.4289 0
3 16 -2.9781 -0.4289 0 -3.498 -1.0734 0.0274 -3.6556 -0.4334 0.0277
3 16 -4.0901 -1.8736 1.1722 -3.498 -1.0734 0.0274 -3.3098 -1.9148 1.1722
3 16 -3.3098 -1.9148 1.1722 -3.498 -1.0734 0.0274 -2.7884 -1.1016 0.0042
3 16 -2.2599 -2.1371 3.15 -4.0901 -1.8736 1.1722 -3.3098 -1.9148 1.1722
3 16 0 0 0.5 -1.6372 -1.8894 0.5 -2.1031 -1.3516 0.5
3 16 -1.6372 -1.8894 0.5 -1.9684 -1.9065 0.2748 -2.1031 -1.3516 0.5
3 16 -2.1031 -1.3516 0.5 -1.9684 -1.9065 0.2748 -2.3877 -1.4973 0.1816
3 16 0 0 0.5 -2.3987 -0.7043 0.5 -2.5 0 0.5
3 16 -3.0152 0 0 -2.5 0 0.5 -2.9781 -0.4289 0
3 16 -2.9781 -0.4289 0 -2.5 0 0.5 -2.3987 -0.7043 0.5
3 16 -2.9781 -0.4289 0 -2.3987 -0.7043 0.5 -2.7884 -1.1016 0.0042
3 16 -2.3987 -0.7043 0.5 0 0 0.5 -2.1031 -1.3516 0.5
3 16 -1.0385 -2.2741 0.5 -1.1281 -2.7674 0.0115 -1.5869 -2.3179 0.2084
3 16 -1.0385 -2.2741 0.5 -0.3558 -2.4746 0.5 -1.1281 -2.7674 0.0115
3 16 -1.1281 -2.7674 0.0115 -0.3558 -2.4746 0.5 -0.4582 -2.9671 0
3 16 -1.0385 -2.2741 0.5 0 0 0.5 -0.3558 -2.4746 0.5
3 16 0.4582 -2.9671 0 -0.4582 -2.9671 0 0.3558 -2.4746 0.5
3 16 0.3558 -2.4746 0.5 -0.4582 -2.9671 0 -0.3558 -2.4746 0.5
3 16 0.3558 -2.4746 0.5 -0.3558 -2.4746 0.5 0 0 0.5
3 16 -1.0385 -2.2741 0.5 -1.5869 -2.3179 0.2084 -1.6372 -1.8894 0.5
3 16 -1.6372 -1.8894 0.5 -1.5869 -2.3179 0.2084 -1.9684 -1.9065 0.2748
3 16 -1.6372 -1.8894 0.5 0 0 0.5 -1.0385 -2.2741 0.5
3 16 -5.9463 -1.125 86.7875 -5.5734 -0.8944 88.7181 -6.0544 0 86.7875
3 16 -6.0544 0 86.7875 -5.5734 -0.8944 88.7181 -5.651 0 88.7181
3 16 -4.5238 0 90 -5.651 0 88.7181 -5.5734 -0.8944 88.7181
3 16 -2.2501 -2.25 86.7875 -5.6364 -2.25 86.7875 -2.2501 -2.2501 30
3 16 -2.2501 -2.2501 30 -5.6364 -2.25 86.7875 -5.6364 -2.2501 30.0001
3 16 -1.9772 -3.1366 88.7181 -0.8902 -2.902 90 -2.1759 -2.1759 88.7181
3 16 -2.1759 -2.1759 88.7181 -0.8902 -2.902 90 -1.468 -1.468 90
3 16 0 -4.5238 90 -0.8944 -5.5734 88.7181 0 -5.651 88.7181
3 16 -2.2501 -2.25 86.7875 -2.25 -5.6364 86.7875 -1.9772 -3.1366 88.7181
3 16 -1.9772 -3.1366 88.7181 -2.25 -5.6364 86.7875 -1.8947 -5.383 88.7181
3 16 0 -6.0544 86.7875 -1.125 -5.9463 86.7875 0 -6.0547 29.9942
3 16 0 -6.0547 29.9942 -1.125 -5.9463 86.7875 -1.125 -5.9459 30.0044
3 16 -2.2501 -2.2501 30 -2.2501 -5.6364 30.0001 -2.2501 -2.25 86.7875
3 16 -2.2501 -2.25 86.7875 -2.2501 -5.6364 30.0001 -2.25 -5.6364 86.7875
3 16 0 -6.0562 21.25 0 -6.0547 29.9942 -1.1251 -5.9463 21.25
3 16 -1.1251 -5.9463 21.25 0 -6.0547 29.9942 -1.125 -5.9459 30.0044
3 16 -1.1251 -5.9463 21.25 -1.125 -5.9459 30.0044 -2.1472 -5.6734 21.25
3 16 -2.1472 -5.6734 21.25 -1.125 -5.9459 30.0044 -2.2501 -5.6364 30.0001
3 16 -2.1472 -5.6734 21.25 -2.2501 -5.6364 30.0001 -3.0528 -5.2539 21.25
3 16 -3.0528 -5.2539 21.25 -2.2501 -5.6364 30.0001 -3.0528 -5.2539 30
3 16 -3.0528 -5.2539 21.25 -3.0528 -5.2539 30 -3.8144 -4.7016 21.25
3 16 -3.8144 -4.7016 21.25 -3.0528 -5.2539 30 -3.8144 -4.7016 30
3 16 0 -5.651 88.7181 -0.8944 -5.5734 88.7181 0 -6.0544 86.7875
3 16 0 -6.0544 86.7875 -0.8944 -5.5734 88.7181 -1.125 -5.9463 86.7875
3 16 -6.0547 0 29.9942 -5.9459 -1.125 30.0044 -6.0544 0 86.7875
3 16 -6.0544 0 86.7875 -5.9459 -1.125 30.0044 -5.9463 -1.125 86.7875
3 16 -2.902 -0.8902 90 -1.468 -1.468 90 -2.8567 0 90
3 16 -2.8567 0 90 -1.468 -1.468 90 0 0 90
3 16 -5.383 -1.8947 88.7181 -4.3766 -1.1155 90 -5.5734 -0.8944 88.7181
3 16 -5.5734 -0.8944 88.7181 -4.3766 -1.1155 90 -4.5238 0 90
3 16 -4.3766 -1.1155 90 -2.902 -0.8902 90 -4.5238 0 90
3 16 -4.5238 0 90 -2.902 -0.8902 90 -2.8567 0 90
3 16 -3.1366 -1.9772 88.7181 -2.1759 -2.1759 88.7181 -2.902 -0.8902 90
3 16 -2.902 -0.8902 90 -2.1759 -2.1759 88.7181 -1.468 -1.468 90
3 16 -5.6364 -2.25 86.7875 -5.383 -1.8947 88.7181 -5.9463 -1.125 86.7875
3 16 -5.9463 -1.125 86.7875 -5.383 -1.8947 88.7181 -5.5734 -0.8944 88.7181
3 16 -2.25 -5.6364 86.7875 -1.125 -5.9463 86.7875 -1.8947 -5.383 88.7181
3 16 -1.8947 -5.383 88.7181 -1.125 -5.9463 86.7875 -0.8944 -5.5734 88.7181
3 16 0 -4.5238 90 -1.1155 -4.3766 90 -0.8944 -5.5734 88.7181
3 16 -0.8944 -5.5734 88.7181 -1.1155 -4.3766 90 -1.8947 -5.383 88.7181
3 16 -0.8902 -2.902 90 0 -2.8579 90 -1.468 -1.468 90
3 16 -1.468 -1.468 90 0 -2.8579 90 0 0 90
3 16 -1.8947 -5.383 88.7181 -1.1155 -4.3766 90 -1.9772 -3.1366 88.7181
3 16 -1.9772 -3.1366 88.7181 -1.1155 -4.3766 90 -0.8902 -2.902 90
3 16 0 -2.8579 90 -0.8902 -2.902 90 0 -4.5238 90
3 16 0 -4.5238 90 -0.8902 -2.902 90 -1.1155 -4.3766 90
3 16 -2.25 -5.6364 86.7875 -2.2501 -5.6364 30.0001 -1.125 -5.9463 86.7875
3 16 -1.125 -5.9463 86.7875 -2.2501 -5.6364 30.0001 -1.125 -5.9459 30.0044
3 16 -5.6364 -2.2501 30.0001 -5.6364 -2.25 86.7875 -5.9459 -1.125 30.0044
3 16 -5.9459 -1.125 30.0044 -5.6364 -2.25 86.7875 -5.9463 -1.125 86.7875
3 16 -2.2501 -2.2501 30 -3.0528 -5.2539 30 -2.2501 -5.6364 30.0001
3 16 -2.2501 -2.25 86.7875 -3.1366 -1.9772 88.7181 -5.6364 -2.25 86.7875
3 16 -5.6364 -2.25 86.7875 -3.1366 -1.9772 88.7181 -5.383 -1.8947 88.7181
3 16 -5.2257 -3.0915 30 -2.2501 -2.2501 30 -5.6364 -2.2501 30.0001
3 16 -5.383 -1.8947 88.7181 -3.1366 -1.9772 88.7181 -4.3766 -1.1155 90
3 16 -4.3766 -1.1155 90 -3.1366 -1.9772 88.7181 -2.902 -0.8902 90
3 16 -3.8144 -4.7016 30 -3.0528 -5.2539 30 -2.2501 -2.2501 30
3 16 -4.5926 -3.9591 30 -3.8144 -4.7016 30 -2.2501 -2.2501 30
3 16 -5.2257 -3.0915 30 -4.5926 -3.9591 30 -2.2501 -2.2501 30
3 16 -5.9459 -1.125 30.0044 -6.0547 0 29.9942 -5.9463 -1.1251 21.25
3 16 -5.9463 -1.1251 21.25 -6.0547 0 29.9942 -6.0562 0 21.25
3 16 -5.6364 -2.2501 30.0001 -5.9459 -1.125 30.0044 -5.6734 -2.1472 21.25
3 16 -5.6734 -2.1472 21.25 -5.9459 -1.125 30.0044 -5.9463 -1.1251 21.25
3 16 -5.2257 -3.0915 30 -5.6364 -2.2501 30.0001 -5.2257 -3.0915 21.25
3 16 -5.2257 -3.0915 21.25 -5.6364 -2.2501 30.0001 -5.6734 -2.1472 21.25
3 16 -4.5926 -3.9591 21.25 -4.5926 -3.9591 30 -5.2257 -3.0915 21.25
3 16 -5.2257 -3.0915 21.25 -4.5926 -3.9591 30 -5.2257 -3.0915 30
3 16 -3.8144 -4.7016 21.25 -3.8144 -4.7016 30 -4.5926 -3.9591 21.25
3 16 -4.5926 -3.9591 21.25 -3.8144 -4.7016 30 -4.5926 -3.9591 30
3 16 -2.2599 -2.1371 3.15 -1.8723 -4.0898 1.1722 -2.1266 -5.5147 3.15
3 16 -2.1031 -1.3516 0.5 -2.3877 -1.4973 0.1816 -2.3987 -0.7043 0.5
3 16 -2.3987 -0.7043 0.5 -2.3877 -1.4973 0.1816 -2.7884 -1.1016 0.0042
3 16 -1.1281 -2.7674 0.0115 -1.053 -3.5904 0.0377 -1.5869 -2.3179 0.2084
3 16 -1.5869 -2.3179 0.2084 -1.053 -3.5904 0.0377 -1.9887 -2.743 1.1722
3 16 -3.1366 -1.9772 88.7181 -2.2501 -2.25 86.7875 -2.1759 -2.1759 88.7181
3 16 -1.9772 -3.1366 88.7181 -2.1759 -2.1759 88.7181 -2.2501 -2.25 86.7875
3 16 5.3464 0.6897 1.1722 5.1333 1.6912 1.1722 5.8354 1.0917 3.15
3 16 5.8354 1.0917 3.15 5.1333 1.6912 1.1722 5.4945 2.1469 3.15
3 16 4.3071 0.4442 0.2167 4.1882 1.1845 0.2267 5.3464 0.6897 1.1722
3 16 5.3464 0.6897 1.1722 4.1882 1.1845 0.2267 5.1333 1.6912 1.1722
3 16 3.498 1.0734 0.0274 4.1882 1.1845 0.2267 3.6556 0.4334 0.0277
3 16 3.6556 0.4334 0.0277 4.1882 1.1845 0.2267 4.3071 0.4442 0.2167
3 16 5.1333 1.6912 1.1722 4.0901 1.8736 1.1722 5.4945 2.1469 3.15
3 16 5.4945 2.1469 3.15 4.0901 1.8736 1.1722 2.2599 2.1371 3.15
3 16 2.7435 1.9887 1.1722 2.2599 2.1371 3.15 3.3098 1.9148 1.1722
3 16 2.7435 1.9887 1.1722 3.3098 1.9148 1.1722 2.3877 1.4973 0.1816
3 16 2.3877 1.4973 0.1816 3.3098 1.9148 1.1722 2.7884 1.1016 0.0042
3 16 3.498 1.0734 0.0274 4.0901 1.8736 1.1722 4.1882 1.1845 0.2267
3 16 4.1882 1.1845 0.2267 4.0901 1.8736 1.1722 5.1333 1.6912 1.1722
3 16 4.3071 0.4442 0.2167 4.2923 0 0.2007 3.6556 0.4334 0.0277
3 16 3.6556 0.4334 0.0277 4.2923 0 0.2007 3.6538 0 0.0236
3 16 5.3464 0.6897 1.1722 5.4301 0 1.1722 4.3071 0.4442 0.2167
3 16 4.3071 0.4442 0.2167 5.4301 0 1.1722 4.2923 0 0.2007
3 16 5.8354 1.0917 3.15 5.9375 0 3.15 5.3464 0.6897 1.1722
3 16 5.3464 0.6897 1.1722 5.9375 0 3.15 5.4301 0 1.1722
3 16 2.2333 2.2333 1.1722 1.9887 2.743 1.1722 2.2599 2.1371 3.15
3 16 1.9684 1.9065 0.2748 1.5869 2.3179 0.2084 2.2333 2.2333 1.1722
3 16 2.2333 2.2333 1.1722 1.5869 2.3179 0.2084 1.9887 2.743 1.1722
3 16 0.6897 5.3464 1.1722 1.1093 5.8321 3.15 1.6912 5.1333 1.1722
3 16 1.6912 5.1333 1.1722 1.1093 5.8321 3.15 2.1266 5.5147 3.15
3 16 0.49 4.4632 0.2951 0.6897 5.3464 1.1722 1.2472 4.2472 0.2647
3 16 1.2472 4.2472 0.2647 0.6897 5.3464 1.1722 1.6912 5.1333 1.1722
3 16 1.053 3.5904 0.0377 0.4167 3.6607 0.0282 1.2472 4.2472 0.2647
3 16 1.2472 4.2472 0.2647 0.4167 3.6607 0.0282 0.49 4.4632 0.2951
3 16 1.053 3.5904 0.0377 1.2472 4.2472 0.2647 1.8723 4.0898 1.1722
3 16 1.8723 4.0898 1.1722 1.2472 4.2472 0.2647 1.6912 5.1333 1.1722
3 16 1.6912 5.1333 1.1722 2.1266 5.5147 3.15 1.8723 4.0898 1.1722
3 16 1.1281 2.7674 0.0115 0.4582 2.9671 0 1.053 3.5904 0.0377
3 16 1.053 3.5904 0.0377 0.4582 2.9671 0 0.4167 3.6607 0.0282
3 16 2.2333 2.2333 1.1722 2.7435 1.9887 1.1722 1.9684 1.9065 0.2748
3 16 1.9684 1.9065 0.2748 2.7435 1.9887 1.1722 2.3877 1.4973 0.1816
3 16 2.2333 2.2333 1.1722 2.2599 2.1371 3.15 2.7435 1.9887 1.1722
3 16 1.053 3.5904 0.0377 1.8723 4.0898 1.1722 1.9887 2.743 1.1722
3 16 2.2599 2.1371 3.15 1.9887 2.743 1.1722 1.8723 4.0898 1.1722
3 16 3.6538 0 0.0236 3.0152 0 0 3.6556 0.4334 0.0277
3 16 3.6556 0.4334 0.0277 3.0152 0 0 2.9781 0.4289 0
3 16 2.7884 1.1016 0.0042 3.498 1.0734 0.0274 2.9781 0.4289 0
3 16 2.9781 0.4289 0 3.498 1.0734 0.0274 3.6556 0.4334 0.0277
3 16 4.0901 1.8736 1.1722 3.498 1.0734 0.0274 3.3098 1.9148 1.1722
3 16 3.3098 1.9148 1.1722 3.498 1.0734 0.0274 2.7884 1.1016 0.0042
3 16 2.2599 2.1371 3.15 4.0901 1.8736 1.1722 3.3098 1.9148 1.1722
3 16 0 0 0.5 1.6372 1.8894 0.5 2.1031 1.3516 0.5
3 16 1.6372 1.8894 0.5 1.9684 1.9065 0.2748 2.1031 1.3516 0.5
3 16 2.1031 1.3516 0.5 1.9684 1.9065 0.2748 2.3877 1.4973 0.1816
3 16 0 0 0.5 2.3987 0.7043 0.5 2.5 0 0.5
3 16 3.0152 0 0 2.5 0 0.5 2.9781 0.4289 0
3 16 2.9781 0.4289 0 2.5 0 0.5 2.3987 0.7043 0.5
3 16 2.9781 0.4289 0 2.3987 0.7043 0.5 2.7884 1.1016 0.0042
3 16 2.3987 0.7043 0.5 0 0 0.5 2.1031 1.3516 0.5
3 16 1.0385 2.2741 0.5 1.1281 2.7674 0.0115 1.5869 2.3179 0.2084
3 16 1.0385 2.2741 0.5 0.3558 2.4746 0.5 1.1281 2.7674 0.0115
3 16 1.1281 2.7674 0.0115 0.3558 2.4746 0.5 0.4582 2.9671 0
3 16 1.0385 2.2741 0.5 0 0 0.5 0.3558 2.4746 0.5
3 16 1.0385 2.2741 0.5 1.5869 2.3179 0.2084 1.6372 1.8894 0.5
3 16 1.6372 1.8894 0.5 1.5869 2.3179 0.2084 1.9684 1.9065 0.2748
3 16 1.6372 1.8894 0.5 0 0 0.5 1.0385 2.2741 0.5
3 16 5.9463 1.125 86.7875 5.5734 0.8944 88.7181 6.0544 0 86.7875
3 16 6.0544 0 86.7875 5.5734 0.8944 88.7181 5.651 0 88.7181
3 16 4.5238 0 90 5.651 0 88.7181 5.5734 0.8944 88.7181
3 16 2.2501 2.25 86.7875 5.6364 2.25 86.7875 2.2501 2.2501 30
3 16 2.2501 2.2501 30 5.6364 2.25 86.7875 5.6364 2.2501 30.0001
3 16 1.9772 3.1366 88.7181 0.8902 2.902 90 2.1759 2.1759 88.7181
3 16 2.1759 2.1759 88.7181 0.8902 2.902 90 1.468 1.468 90
3 16 0 4.5238 90 0.8944 5.5734 88.7181 0 5.651 88.7181
3 16 2.2501 2.25 86.7875 2.25 5.6364 86.7875 1.9772 3.1366 88.7181
3 16 1.9772 3.1366 88.7181 2.25 5.6364 86.7875 1.8947 5.383 88.7181
3 16 0 6.0544 86.7875 1.125 5.9463 86.7875 0 6.0547 29.9942
3 16 0 6.0547 29.9942 1.125 5.9463 86.7875 1.125 5.9459 30.0044
3 16 2.2501 2.2501 30 2.2501 5.6364 30.0001 2.2501 2.25 86.7875
3 16 2.2501 2.25 86.7875 2.2501 5.6364 30.0001 2.25 5.6364 86.7875
3 16 0 6.0562 21.25 0 6.0547 29.9942 1.1251 5.9463 21.25
3 16 1.1251 5.9463 21.25 0 6.0547 29.9942 1.125 5.9459 30.0044
3 16 1.1251 5.9463 21.25 1.125 5.9459 30.0044 2.1472 5.6734 21.25
3 16 2.1472 5.6734 21.25 1.125 5.9459 30.0044 2.2501 5.6364 30.0001
3 16 2.1472 5.6734 21.25 2.2501 5.6364 30.0001 3.0528 5.2539 21.25
3 16 3.0528 5.2539 21.25 2.2501 5.6364 30.0001 3.0528 5.2539 30
3 16 3.0528 5.2539 21.25 3.0528 5.2539 30 3.8144 4.7016 21.25
3 16 3.8144 4.7016 21.25 3.0528 5.2539 30 3.8144 4.7016 30
3 16 0 5.651 88.7181 0.8944 5.5734 88.7181 0 6.0544 86.7875
3 16 0 6.0544 86.7875 0.8944 5.5734 88.7181 1.125 5.9463 86.7875
3 16 6.0547 0 29.9942 5.9459 1.125 30.0044 6.0544 0 86.7875
3 16 6.0544 0 86.7875 5.9459 1.125 30.0044 5.9463 1.125 86.7875
3 16 2.902 0.8902 90 1.468 1.468 90 2.8567 0 90
3 16 2.8567 0 90 1.468 1.468 90 0 0 90
3 16 5.383 1.8947 88.7181 4.3766 1.1155 90 5.5734 0.8944 88.7181
3 16 5.5734 0.8944 88.7181 4.3766 1.1155 90 4.5238 0 90
3 16 4.3766 1.1155 90 2.902 0.8902 90 4.5238 0 90
3 16 4.5238 0 90 2.902 0.8902 90 2.8567 0 90
3 16 3.1366 1.9772 88.7181 2.1759 2.1759 88.7181 2.902 0.8902 90
3 16 2.902 0.8902 90 2.1759 2.1759 88.7181 1.468 1.468 90
3 16 5.6364 2.25 86.7875 5.383 1.8947 88.7181 5.9463 1.125 86.7875
3 16 5.9463 1.125 86.7875 5.383 1.8947 88.7181 5.5734 0.8944 88.7181
3 16 2.25 5.6364 86.7875 1.125 5.9463 86.7875 1.8947 5.383 88.7181
3 16 1.8947 5.383 88.7181 1.125 5.9463 86.7875 0.8944 5.5734 88.7181
3 16 0 4.5238 90 1.1155 4.3766 90 0.8944 5.5734 88.7181
3 16 0.8944 5.5734 88.7181 1.1155 4.3766 90 1.8947 5.383 88.7181
3 16 0.8902 2.902 90 0 2.8579 90 1.468 1.468 90
3 16 1.468 1.468 90 0 2.8579 90 0 0 90
3 16 1.8947 5.383 88.7181 1.1155 4.3766 90 1.9772 3.1366 88.7181
3 16 1.9772 3.1366 88.7181 1.1155 4.3766 90 0.8902 2.902 90
3 16 0 2.8579 90 0.8902 2.902 90 0 4.5238 90
3 16 0 4.5238 90 0.8902 2.902 90 1.1155 4.3766 90
3 16 2.25 5.6364 86.7875 2.2501 5.6364 30.0001 1.125 5.9463 86.7875
3 16 1.125 5.9463 86.7875 2.2501 5.6364 30.0001 1.125 5.9459 30.0044
3 16 5.6364 2.2501 30.0001 5.6364 2.25 86.7875 5.9459 1.125 30.0044
3 16 5.9459 1.125 30.0044 5.6364 2.25 86.7875 5.9463 1.125 86.7875
3 16 2.2501 2.2501 30 3.0528 5.2539 30 2.2501 5.6364 30.0001
3 16 2.2501 2.25 86.7875 3.1366 1.9772 88.7181 5.6364 2.25 86.7875
3 16 5.6364 2.25 86.7875 3.1366 1.9772 88.7181 5.383 1.8947 88.7181
3 16 5.2257 3.0915 30 2.2501 2.2501 30 5.6364 2.2501 30.0001
3 16 5.383 1.8947 88.7181 3.1366 1.9772 88.7181 4.3766 1.1155 90
3 16 4.3766 1.1155 90 3.1366 1.9772 88.7181 2.902 0.8902 90
3 16 3.8144 4.7016 30 3.0528 5.2539 30 2.2501 2.2501 30
3 16 4.5926 3.9591 30 3.8144 4.7016 30 2.2501 2.2501 30
3 16 5.2257 3.0915 30 4.5926 3.9591 30 2.2501 2.2501 30
3 16 5.9459 1.125 30.0044 6.0547 0 29.9942 5.9463 1.1251 21.25
3 16 5.9463 1.1251 21.25 6.0547 0 29.9942 6.0562 0 21.25
3 16 5.6364 2.2501 30.0001 5.9459 1.125 30.0044 5.6734 2.1472 21.25
3 16 5.6734 2.1472 21.25 5.9459 1.125 30.0044 5.9463 1.1251 21.25
3 16 5.2257 3.0915 30 5.6364 2.2501 30.0001 5.2257 3.0915 21.25
3 16 5.2257 3.0915 21.25 5.6364 2.2501 30.0001 5.6734 2.1472 21.25
3 16 4.5926 3.9591 21.25 4.5926 3.9591 30 5.2257 3.0915 21.25
3 16 5.2257 3.0915 21.25 4.5926 3.9591 30 5.2257 3.0915 30
3 16 3.8144 4.7016 21.25 3.8144 4.7016 30 4.5926 3.9591 21.25
3 16 4.5926 3.9591 21.25 3.8144 4.7016 30 4.5926 3.9591 30
3 16 2.2599 2.1371 3.15 1.8723 4.0898 1.1722 2.1266 5.5147 3.15
3 16 2.1031 1.3516 0.5 2.3877 1.4973 0.1816 2.3987 0.7043 0.5
3 16 2.3987 0.7043 0.5 2.3877 1.4973 0.1816 2.7884 1.1016 0.0042
3 16 1.1281 2.7674 0.0115 1.053 3.5904 0.0377 1.5869 2.3179 0.2084
3 16 1.5869 2.3179 0.2084 1.053 3.5904 0.0377 1.9887 2.743 1.1722
3 16 3.1366 1.9772 88.7181 2.2501 2.25 86.7875 2.1759 2.1759 88.7181
3 16 1.9772 3.1366 88.7181 2.1759 2.1759 88.7181 2.2501 2.25 86.7875
3 16 -5.3464 0.6897 1.1722 -5.8354 1.0917 3.15 -5.1333 1.6912 1.1722
3 16 -5.1333 1.6912 1.1722 -5.8354 1.0917 3.15 -5.4945 2.1469 3.15
3 16 -4.3071 0.4442 0.2167 -5.3464 0.6897 1.1722 -4.1882 1.1845 0.2267
3 16 -4.1882 1.1845 0.2267 -5.3464 0.6897 1.1722 -5.1333 1.6912 1.1722
3 16 -4.3071 0.4442 0.2167 -4.1882 1.1845 0.2267 -3.6556 0.4334 0.0277
3 16 -3.6556 0.4334 0.0277 -4.1882 1.1845 0.2267 -3.498 1.0734 0.0274
3 16 -5.1333 1.6912 1.1722 -5.4945 2.1469 3.15 -4.0901 1.8736 1.1722
3 16 -4.0901 1.8736 1.1722 -5.4945 2.1469 3.15 -2.2599 2.1371 3.15
3 16 -2.7435 1.9887 1.1722 -3.3098 1.9148 1.1722 -2.2599 2.1371 3.15
3 16 -2.7884 1.1016 0.0042 -3.3098 1.9148 1.1722 -2.3877 1.4973 0.1816
3 16 -2.3877 1.4973 0.1816 -3.3098 1.9148 1.1722 -2.7435 1.9887 1.1722
3 16 -3.498 1.0734 0.0274 -4.1882 1.1845 0.2267 -4.0901 1.8736 1.1722
3 16 -4.0901 1.8736 1.1722 -4.1882 1.1845 0.2267 -5.1333 1.6912 1.1722
3 16 -4.3071 0.4442 0.2167 -3.6556 0.4334 0.0277 -4.2923 0 0.2007
3 16 -4.2923 0 0.2007 -3.6556 0.4334 0.0277 -3.6538 0 0.0236
3 16 -5.3464 0.6897 1.1722 -4.3071 0.4442 0.2167 -5.4301 0 1.1722
3 16 -5.4301 0 1.1722 -4.3071 0.4442 0.2167 -4.2923 0 0.2007
3 16 -5.8354 1.0917 3.15 -5.3464 0.6897 1.1722 -5.9375 0 3.15
3 16 -5.9375 0 3.15 -5.3464 0.6897 1.1722 -5.4301 0 1.1722
3 16 -2.2333 2.2333 1.1722 -2.2599 2.1371 3.15 -1.9887 2.743 1.1722
3 16 -1.9887 2.743 1.1722 -1.5869 2.3179 0.2084 -2.2333 2.2333 1.1722
3 16 -2.2333 2.2333 1.1722 -1.5869 2.3179 0.2084 -1.9684 1.9065 0.2748
3 16 -0.6897 5.3464 1.1722 -1.6912 5.1333 1.1722 -1.1093 5.8321 3.15
3 16 -1.1093 5.8321 3.15 -1.6912 5.1333 1.1722 -2.1266 5.5147 3.15
3 16 -1.6912 5.1333 1.1722 -0.6897 5.3464 1.1722 -1.2472 4.2472 0.2647
3 16 -1.2472 4.2472 0.2647 -0.6897 5.3464 1.1722 -0.49 4.4632 0.2951
3 16 0 4.4632 0.2951 -0.49 4.4632 0.2951 0 5.3464 1.1722
3 16 0 5.3464 1.1722 -0.49 4.4632 0.2951 -0.6897 5.3464 1.1722
3 16 0 5.3464 1.1722 -0.6897 5.3464 1.1722 0 5.9381 3.15
3 16 0 5.9381 3.15 -0.6897 5.3464 1.1722 -1.1093 5.8321 3.15
3 16 0 3.6607 0.0282 -0.4167 3.6607 0.0282 0 4.4632 0.2951
3 16 0 4.4632 0.2951 -0.4167 3.6607 0.0282 -0.49 4.4632 0.2951
3 16 -1.053 3.5904 0.0377 -1.2472 4.2472 0.2647 -0.4167 3.6607 0.0282
3 16 -0.4167 3.6607 0.0282 -1.2472 4.2472 0.2647 -0.49 4.4632 0.2951
3 16 -1.053 3.5904 0.0377 -1.8723 4.0898 1.1722 -1.2472 4.2472 0.2647
3 16 -1.2472 4.2472 0.2647 -1.8723 4.0898 1.1722 -1.6912 5.1333 1.1722
3 16 -1.6912 5.1333 1.1722 -1.8723 4.0898 1.1722 -2.1266 5.5147 3.15
3 16 -1.1281 2.7674 0.0115 -1.053 3.5904 0.0377 -0.4582 2.9671 0
3 16 -0.4582 2.9671 0 -1.053 3.5904 0.0377 -0.4167 3.6607 0.0282
3 16 0 3.6607 0.0282 -0.4582 2.9671 0 -0.4167 3.6607 0.0282
3 16 -2.2333 2.2333 1.1722 -1.9684 1.9065 0.2748 -2.7435 1.9887 1.1722
3 16 -2.7435 1.9887 1.1722 -1.9684 1.9065 0.2748 -2.3877 1.4973 0.1816
3 16 -2.2333 2.2333 1.1722 -2.7435 1.9887 1.1722 -2.2599 2.1371 3.15
3 16 -1.053 3.5904 0.0377 -1.9887 2.743 1.1722 -1.8723 4.0898 1.1722
3 16 -2.2599 2.1371 3.15 -1.8723 4.0898 1.1722 -1.9887 2.743 1.1722
3 16 -2.9781 0.4289 0 -3.0152 0 0 -3.6556 0.4334 0.0277
3 16 -3.6556 0.4334 0.0277 -3.0152 0 0 -3.6538 0 0.0236
3 16 -3.6556 0.4334 0.0277 -3.498 1.0734 0.0274 -2.9781 0.4289 0
3 16 -2.9781 0.4289 0 -3.498 1.0734 0.0274 -2.7884 1.1016 0.0042
3 16 -2.7884 1.1016 0.0042 -3.498 1.0734 0.0274 -3.3098 1.9148 1.1722
3 16 -3.3098 1.9148 1.1722 -3.498 1.0734 0.0274 -4.0901 1.8736 1.1722
3 16 -2.2599 2.1371 3.15 -3.3098 1.9148 1.1722 -4.0901 1.8736 1.1722
3 16 0 0 0.5 -2.1031 1.3516 0.5 -1.6372 1.8894 0.5
3 16 -2.3877 1.4973 0.1816 -1.9684 1.9065 0.2748 -2.1031 1.3516 0.5
3 16 -2.1031 1.3516 0.5 -1.9684 1.9065 0.2748 -1.6372 1.8894 0.5
3 16 0 0 0.5 -2.5 0 0.5 -2.3987 0.7043 0.5
3 16 -3.0152 0 0 -2.9781 0.4289 0 -2.5 0 0.5
3 16 -2.5 0 0.5 -2.9781 0.4289 0 -2.3987 0.7043 0.5
3 16 -2.9781 0.4289 0 -2.7884 1.1016 0.0042 -2.3987 0.7043 0.5
3 16 -2.3987 0.7043 0.5 -2.1031 1.3516 0.5 0 0 0.5
3 16 -1.0385 2.2741 0.5 -1.5869 2.3179 0.2084 -1.1281 2.7674 0.0115
3 16 -1.0385 2.2741 0.5 -1.1281 2.7674 0.0115 -0.3558 2.4746 0.5
3 16 -0.3558 2.4746 0.5 -1.1281 2.7674 0.0115 -0.4582 2.9671 0
3 16 -1.0385 2.2741 0.5 -0.3558 2.4746 0.5 0 0 0.5
3 16 0.4582 2.9671 0 0.3558 2.4746 0.5 -0.4582 2.9671 0
3 16 -0.4582 2.9671 0 0.3558 2.4746 0.5 -0.3558 2.4746 0.5
3 16 0.3558 2.4746 0.5 0 0 0.5 -0.3558 2.4746 0.5
3 16 -1.9684 1.9065 0.2748 -1.5869 2.3179 0.2084 -1.6372 1.8894 0.5
3 16 -1.6372 1.8894 0.5 -1.5869 2.3179 0.2084 -1.0385 2.2741 0.5
3 16 -1.6372 1.8894 0.5 -1.0385 2.2741 0.5 0 0 0.5
3 16 -5.651 0 88.7181 -5.5734 0.8944 88.7181 -6.0544 0 86.7875
3 16 -6.0544 0 86.7875 -5.5734 0.8944 88.7181 -5.9463 1.125 86.7875
3 16 -4.5238 0 90 -5.5734 0.8944 88.7181 -5.651 0 88.7181
3 16 -2.2501 2.25 86.7875 -2.2501 2.2501 30 -5.6364 2.25 86.7875
3 16 -5.6364 2.25 86.7875 -2.2501 2.2501 30 -5.6364 2.2501 30.0001
3 16 -1.9772 3.1366 88.7181 -2.1759 2.1759 88.7181 -0.8902 2.902 90
3 16 -0.8902 2.902 90 -2.1759 2.1759 88.7181 -1.468 1.468 90
3 16 0 4.5238 90 0 5.651 88.7181 -0.8944 5.5734 88.7181
3 16 -2.2501 2.25 86.7875 -1.9772 3.1366 88.7181 -2.25 5.6364 86.7875
3 16 -2.25 5.6364 86.7875 -1.9772 3.1366 88.7181 -1.8947 5.383 88.7181
3 16 0 6.0544 86.7875 0 6.0547 29.9942 -1.125 5.9463 86.7875
3 16 -1.125 5.9463 86.7875 0 6.0547 29.9942 -1.125 5.9459 30.0044
3 16 -2.2501 2.2501 30 -2.2501 2.25 86.7875 -2.2501 5.6364 30.0001
3 16 -2.2501 5.6364 30.0001 -2.2501 2.25 86.7875 -2.25 5.6364 86.7875
3 16 -1.125 5.9459 30.0044 0 6.0547 29.9942 -1.1251 5.9463 21.25
3 16 -1.1251 5.9463 21.25 0 6.0547 29.9942 0 6.0562 21.25
3 16 -2.2501 5.6364 30.0001 -1.125 5.9459 30.0044 -2.1472 5.6734 21.25
3 16 -2.1472 5.6734 21.25 -1.125 5.9459 30.0044 -1.1251 5.9463 21.25
3 16 -3.0528 5.2539 30 -2.2501 5.6364 30.0001 -3.0528 5.2539 21.25
3 16 -3.0528 5.2539 21.25 -2.2501 5.6364 30.0001 -2.1472 5.6734 21.25
3 16 -3.8144 4.7016 21.25 -3.8144 4.7016 30 -3.0528 5.2539 21.25
3 16 -3.0528 5.2539 21.25 -3.8144 4.7016 30 -3.0528 5.2539 30
3 16 0 5.651 88.7181 0 6.0544 86.7875 -0.8944 5.5734 88.7181
3 16 -0.8944 5.5734 88.7181 0 6.0544 86.7875 -1.125 5.9463 86.7875
3 16 -6.0547 0 29.9942 -6.0544 0 86.7875 -5.9459 1.125 30.0044
3 16 -5.9459 1.125 30.0044 -6.0544 0 86.7875 -5.9463 1.125 86.7875
3 16 0 0 90 -1.468 1.468 90 -2.8567 0 90
3 16 -2.8567 0 90 -1.468 1.468 90 -2.902 0.8902 90
3 16 -4.5238 0 90 -4.3766 1.1155 90 -5.5734 0.8944 88.7181
3 16 -5.5734 0.8944 88.7181 -4.3766 1.1155 90 -5.383 1.8947 88.7181
3 16 -4.3766 1.1155 90 -4.5238 0 90 -2.902 0.8902 90
3 16 -2.902 0.8902 90 -4.5238 0 90 -2.8567 0 90
3 16 -3.1366 1.9772 88.7181 -2.902 0.8902 90 -2.1759 2.1759 88.7181
3 16 -2.1759 2.1759 88.7181 -2.902 0.8902 90 -1.468 1.468 90
3 16 -5.6364 2.25 86.7875 -5.9463 1.125 86.7875 -5.383 1.8947 88.7181
3 16 -5.383 1.8947 88.7181 -5.9463 1.125 86.7875 -5.5734 0.8944 88.7181
3 16 -0.8944 5.5734 88.7181 -1.125 5.9463 86.7875 -1.8947 5.383 88.7181
3 16 -1.8947 5.383 88.7181 -1.125 5.9463 86.7875 -2.25 5.6364 86.7875
3 16 0 4.5238 90 -0.8944 5.5734 88.7181 -1.1155 4.3766 90
3 16 -1.1155 4.3766 90 -0.8944 5.5734 88.7181 -1.8947 5.383 88.7181
3 16 0 0 90 0 2.8579 90 -1.468 1.468 90
3 16 -1.468 1.468 90 0 2.8579 90 -0.8902 2.902 90
3 16 -0.8902 2.902 90 -1.1155 4.3766 90 -1.9772 3.1366 88.7181
3 16 -1.9772 3.1366 88.7181 -1.1155 4.3766 90 -1.8947 5.383 88.7181
3 16 0 2.8579 90 0 4.5238 90 -0.8902 2.902 90
3 16 -0.8902 2.902 90 0 4.5238 90 -1.1155 4.3766 90
3 16 -2.25 5.6364 86.7875 -1.125 5.9463 86.7875 -2.2501 5.6364 30.0001
3 16 -2.2501 5.6364 30.0001 -1.125 5.9463 86.7875 -1.125 5.9459 30.0044
3 16 -5.6364 2.2501 30.0001 -5.9459 1.125 30.0044 -5.6364 2.25 86.7875
3 16 -5.6364 2.25 86.7875 -5.9459 1.125 30.0044 -5.9463 1.125 86.7875
3 16 -2.2501 2.2501 30 -2.2501 5.6364 30.0001 -3.0528 5.2539 30
3 16 -2.2501 2.25 86.7875 -5.6364 2.25 86.7875 -3.1366 1.9772 88.7181
3 16 -3.1366 1.9772 88.7181 -5.6364 2.25 86.7875 -5.383 1.8947 88.7181
3 16 -5.2257 3.0915 30 -5.6364 2.2501 30.0001 -2.2501 2.2501 30
3 16 -2.902 0.8902 90 -3.1366 1.9772 88.7181 -4.3766 1.1155 90
3 16 -4.3766 1.1155 90 -3.1366 1.9772 88.7181 -5.383 1.8947 88.7181
3 16 -3.8144 4.7016 30 -2.2501 2.2501 30 -3.0528 5.2539 30
3 16 -4.5926 3.9591 30 -2.2501 2.2501 30 -3.8144 4.7016 30
3 16 -5.2257 3.0915 30 -2.2501 2.2501 30 -4.5926 3.9591 30
3 16 -6.0562 0 21.25 -6.0547 0 29.9942 -5.9463 1.1251 21.25
3 16 -5.9463 1.1251 21.25 -6.0547 0 29.9942 -5.9459 1.125 30.0044
3 16 -5.9463 1.1251 21.25 -5.9459 1.125 30.0044 -5.6734 2.1472 21.25
3 16 -5.6734 2.1472 21.25 -5.9459 1.125 30.0044 -5.6364 2.2501 30.0001
3 16 -5.6734 2.1472 21.25 -5.6364 2.2501 30.0001 -5.2257 3.0915 21.25
3 16 -5.2257 3.0915 21.25 -5.6364 2.2501 30.0001 -5.2257 3.0915 30
3 16 -5.2257 3.0915 21.25 -5.2257 3.0915 30 -4.5926 3.9591 21.25
3 16 -4.5926 3.9591 21.25 -5.2257 3.0915 30 -4.5926 3.9591 30
3 16 -4.5926 3.9591 21.25 -4.5926 3.9591 30 -3.8144 4.7016 21.25
3 16 -3.8144 4.7016 21.25 -4.5926 3.9591 30 -3.8144 4.7016 30
3 16 -2.2599 2.1371 3.15 -2.1266 5.5147 3.15 -1.8723 4.0898 1.1722
3 16 -2.7884 1.1016 0.0042 -2.3877 1.4973 0.1816 -2.3987 0.7043 0.5
3 16 -2.3987 0.7043 0.5 -2.3877 1.4973 0.1816 -2.1031 1.3516 0.5
3 16 -1.9887 2.743 1.1722 -1.053 3.5904 0.0377 -1.5869 2.3179 0.2084
3 16 -1.5869 2.3179 0.2084 -1.053 3.5904 0.0377 -1.1281 2.7674 0.0115
3 16 -3.1366 1.9772 88.7181 -2.1759 2.1759 88.7181 -2.2501 2.25 86.7875
3 16 -1.9772 3.1366 88.7181 -2.2501 2.25 86.7875 -2.1759 2.1759 88.7181
3 16 1.1093 5.8321 3.15 0.6897 5.3464 1.1722 0 5.9381 3.15
3 16 0 5.9381 3.15 0.6897 5.3464 1.1722 0 5.3464 1.1722
3 16 0.6897 5.3464 1.1722 0.49 4.4632 0.2951 0 5.3464 1.1722
3 16 0 5.3464 1.1722 0.49 4.4632 0.2951 0 4.4632 0.2951
3 16 0.49 4.4632 0.2951 0.4167 3.6607 0.0282 0 4.4632 0.2951
3 16 0 4.4632 0.2951 0.4167 3.6607 0.0282 0 3.6607 0.0282
3 16 0.4167 3.6607 0.0282 0.4582 2.9671 0 0 3.6607 0.0282
3 16 0 3.6607 0.0282 0.4582 2.9671 0 -0.4582 2.9671 0
3 16 0 -5.3464 1.1722 0 -5.9382 3.15 -0.6897 -5.3464 1.1722
3 16 -0.6897 -5.3464 1.1722 0 -5.9382 3.15 -1.1093 -5.8321 3.15
3 16 0 -4.4632 0.2951 0 -5.3464 1.1722 -0.49 -4.4632 0.2951
3 16 -0.49 -4.4632 0.2951 0 -5.3464 1.1722 -0.6897 -5.3464 1.1722
3 16 0 -3.6607 0.0282 0 -4.4632 0.2951 -0.4167 -3.6607 0.0282
3 16 -0.4167 -3.6607 0.0282 0 -4.4632 0.2951 -0.49 -4.4632 0.2951
3 16 0.4582 -2.9671 0 0 -3.6607 0.0282 -0.4582 -2.9671 0
3 16 -0.4582 -2.9671 0 0 -3.6607 0.0282 -0.4167 -3.6607 0.0282
2 24 6.9291 -2.8701 21.25 5.3033 -5.3033 21.25
2 24 6.9291 -2.8701 19.25 5.3033 -5.3033 19.25
2 24 5.3033 -5.3033 21.25 2.8701 -6.9291 21.25
2 24 5.3033 -5.3033 19.25 2.8701 -6.9291 19.25
2 24 2.8701 -6.9291 21.25 0 -7.5 21.25
2 24 2.8701 -6.9291 19.25 0 -7.5 19.25
2 24 6.9291 -2.8701 19.25 7.5 0 19.25
2 24 6.9291 -2.8701 21.25 7.5 0 21.25
2 24 0 -6.0562 21.25 1.1251 -5.9463 21.25
2 24 0 -7.5 21.25 2.8701 -6.9291 21.25
2 24 6.0562 0 21.25 5.9463 -1.1251 21.25
2 24 7.5 0 21.25 6.9291 -2.8701 21.25
2 24 5.9463 -1.1251 21.25 5.6734 -2.1472 21.25
2 24 5.6734 -2.1472 21.25 5.2257 -3.0915 21.25
2 24 6.9291 -2.8701 21.25 5.3033 -5.3033 21.25
2 24 5.2257 -3.0915 21.25 4.5926 -3.9591 21.25
2 24 1.1251 -5.9463 21.25 2.1472 -5.6734 21.25
2 24 2.1472 -5.6734 21.25 3.0528 -5.2539 21.25
2 24 2.8701 -6.9291 21.25 5.3033 -5.3033 21.25
2 24 3.0528 -5.2539 21.25 3.8144 -4.7016 21.25
2 24 4.5926 -3.9591 21.25 3.8144 -4.7016 21.25
2 24 5.9375 0 19.25 5.8326 -1.1067 19.25
2 24 5.9375 0 3.15 5.8354 -1.0917 3.15
2 24 2.1401 -5.5016 19.25 1.1166 -5.8307 19.25
2 24 2.1401 -5.5016 19.25 2.1266 -5.5147 3.15
2 24 2.1266 -5.5147 3.15 1.1093 -5.8321 3.15
2 24 2.1401 -5.5016 19.25 1.1166 -5.8307 19.25
2 24 2.8701 -6.9291 19.25 0 -7.5 19.25
2 24 5.8326 -1.1067 19.25 5.9375 0 19.25
2 24 5.8326 -1.1067 19.25 5.4879 -2.1533 19.25
2 24 5.4879 -2.1533 19.25 5.4945 -2.1469 3.15
2 24 5.8354 -1.0917 3.15 5.4945 -2.1469 3.15
2 24 5.8326 -1.1067 19.25 5.4879 -2.1533 19.25
2 24 7.5 0 19.25 6.9291 -2.8701 19.25
2 24 5.4879 -2.1533 19.25 2.2401 -2.1568 19.25
2 24 5.4879 -2.1533 19.25 5.4945 -2.1469 3.15
2 24 2.2401 -2.1568 19.25 2.2599 -2.1371 3.15
2 24 5.4945 -2.1469 3.15 2.2599 -2.1371 3.15
2 24 6.9291 -2.8701 19.25 5.3033 -5.3033 19.25
2 24 5.4879 -2.1533 19.25 2.2401 -2.1568 19.25
2 24 2.2401 -2.1568 19.25 2.1401 -5.5016 19.25
2 24 2.2401 -2.1568 19.25 2.2599 -2.1371 3.15
2 24 2.1401 -5.5016 19.25 2.1266 -5.5147 3.15
2 24 2.2599 -2.1371 3.15 2.1266 -5.5147 3.15
2 24 2.1401 -5.5016 19.25 2.2401 -2.1568 19.25
2 24 2.8701 -6.9291 19.25 5.3033 -5.3033 19.25
2 24 1.1166 -5.8307 19.25 0 -5.9368 19.25
2 24 -6.9291 -2.8701 21.25 -5.3033 -5.3033 21.25
2 24 -6.9291 -2.8701 19.25 -5.3033 -5.3033 19.25
2 24 -5.3033 -5.3033 21.25 -2.8701 -6.9291 21.25
2 24 -5.3033 -5.3033 19.25 -2.8701 -6.9291 19.25
2 24 0 -7.5 21.25 -2.8701 -6.9291 21.25
2 24 0 -7.5 19.25 -2.8701 -6.9291 19.25
2 24 -6.9291 -2.8701 19.25 -7.5 0 19.25
2 24 -6.9291 -2.8701 21.25 -7.5 0 21.25
2 24 0 -6.0562 21.25 -1.1251 -5.9463 21.25
2 24 0 -7.5 21.25 -2.8701 -6.9291 21.25
2 24 -5.9463 -1.1251 21.25 -6.0562 0 21.25
2 24 -7.5 0 21.25 -6.9291 -2.8701 21.25
2 24 -5.9463 -1.1251 21.25 -5.6734 -2.1472 21.25
2 24 -5.6734 -2.1472 21.25 -5.2257 -3.0915 21.25
2 24 -6.9291 -2.8701 21.25 -5.3033 -5.3033 21.25
2 24 -5.2257 -3.0915 21.25 -4.5926 -3.9591 21.25
2 24 -1.1251 -5.9463 21.25 -2.1472 -5.6734 21.25
2 24 -2.1472 -5.6734 21.25 -3.0528 -5.2539 21.25
2 24 -3.0528 -5.2539 21.25 -3.8144 -4.7016 21.25
2 24 -2.8701 -6.9291 21.25 -5.3033 -5.3033 21.25
2 24 -4.5926 -3.9591 21.25 -3.8144 -4.7016 21.25
2 24 -5.8326 -1.1067 19.25 -5.9375 0 19.25
2 24 -5.8354 -1.0917 3.15 -5.9375 0 3.15
2 24 -1.1166 -5.8307 19.25 -2.1401 -5.5016 19.25
2 24 -2.1401 -5.5016 19.25 -2.1266 -5.5147 3.15
2 24 -1.1093 -5.8321 3.15 -2.1266 -5.5147 3.15
2 24 -2.1401 -5.5016 19.25 -1.1166 -5.8307 19.25
2 24 0 -7.5 19.25 -2.8701 -6.9291 19.25
2 24 -5.8326 -1.1067 19.25 -5.9375 0 19.25
2 24 -5.8326 -1.1067 19.25 -5.4879 -2.1533 19.25
2 24 -5.4879 -2.1533 19.25 -5.4945 -2.1469 3.15
2 24 -5.8354 -1.0917 3.15 -5.4945 -2.1469 3.15
2 24 -7.5 0 19.25 -6.9291 -2.8701 19.25
2 24 -5.8326 -1.1067 19.25 -5.4879 -2.1533 19.25
2 24 -2.2401 -2.1568 19.25 -5.4879 -2.1533 19.25
2 24 -2.2401 -2.1568 19.25 -2.2599 -2.1371 3.15
2 24 -5.4879 -2.1533 19.25 -5.4945 -2.1469 3.15
2 24 -2.2599 -2.1371 3.15 -5.4945 -2.1469 3.15
2 24 -5.4879 -2.1533 19.25 -2.2401 -2.1568 19.25
2 24 -6.9291 -2.8701 19.25 -5.3033 -5.3033 19.25
2 24 -2.1401 -5.5016 19.25 -2.2401 -2.1568 19.25
2 24 -2.1401 -5.5016 19.25 -2.1266 -5.5147 3.15
2 24 -2.2401 -2.1568 19.25 -2.2599 -2.1371 3.15
2 24 -2.1266 -5.5147 3.15 -2.2599 -2.1371 3.15
2 24 -2.1401 -5.5016 19.25 -2.2401 -2.1568 19.25
2 24 -2.8701 -6.9291 19.25 -5.3033 -5.3033 19.25
2 24 1.1166 -5.8307 19.25 0 -5.9368 19.25
2 24 1.1093 -5.8321 3.15 0 -5.9382 3.15
2 24 6.9291 2.8701 21.25 5.3033 5.3033 21.25
2 24 6.9291 2.8701 19.25 5.3033 5.3033 19.25
2 24 5.3033 5.3033 21.25 2.8701 6.9291 21.25
2 24 5.3033 5.3033 19.25 2.8701 6.9291 19.25
2 24 2.8701 6.9291 21.25 0 7.5 21.25
2 24 2.8701 6.9291 19.25 0 7.5 19.25
2 24 7.5 0 19.25 6.9291 2.8701 19.25
2 24 7.5 0 21.25 6.9291 2.8701 21.25
2 24 0 6.0562 21.25 1.1251 5.9463 21.25
2 24 0 7.5 21.25 2.8701 6.9291 21.25
2 24 6.0562 0 21.25 5.9463 1.1251 21.25
2 24 7.5 0 21.25 6.9291 2.8701 21.25
2 24 5.9463 1.1251 21.25 5.6734 2.1472 21.25
2 24 5.6734 2.1472 21.25 5.2257 3.0915 21.25
2 24 6.9291 2.8701 21.25 5.3033 5.3033 21.25
2 24 5.2257 3.0915 21.25 4.5926 3.9591 21.25
2 24 1.1251 5.9463 21.25 2.1472 5.6734 21.25
2 24 2.1472 5.6734 21.25 3.0528 5.2539 21.25
2 24 3.0528 5.2539 21.25 3.8144 4.7016 21.25
2 24 2.8701 6.9291 21.25 5.3033 5.3033 21.25
2 24 4.5926 3.9591 21.25 3.8144 4.7016 21.25
2 24 5.9375 0 19.25 5.8326 1.1067 19.25
2 24 5.9375 0 3.15 5.8354 1.0917 3.15
2 24 1.1166 5.8307 19.25 2.1401 5.5016 19.25
2 24 2.1401 5.5016 19.25 2.1266 5.5147 3.15
2 24 1.1093 5.8321 3.15 2.1266 5.5147 3.15
2 24 2.1401 5.5016 19.25 1.1166 5.8307 19.25
2 24 2.8701 6.9291 19.25 0 7.5 19.25
2 24 5.9375 0 19.25 5.8326 1.1067 19.25
2 24 5.8326 1.1067 19.25 5.4879 2.1533 19.25
2 24 5.4879 2.1533 19.25 5.4945 2.1469 3.15
2 24 5.8354 1.0917 3.15 5.4945 2.1469 3.15
2 24 7.5 0 19.25 6.9291 2.8701 19.25
2 24 5.8326 1.1067 19.25 5.4879 2.1533 19.25
2 24 2.2401 2.1568 19.25 5.4879 2.1533 19.25
2 24 2.2401 2.1568 19.25 2.2599 2.1371 3.15
2 24 5.4879 2.1533 19.25 5.4945 2.1469 3.15
2 24 2.2599 2.1371 3.15 5.4945 2.1469 3.15
2 24 5.4879 2.1533 19.25 2.2401 2.1568 19.25
2 24 6.9291 2.8701 19.25 5.3033 5.3033 19.25
2 24 2.1401 5.5016 19.25 2.2401 2.1568 19.25
2 24 2.1401 5.5016 19.25 2.1266 5.5147 3.15
2 24 2.2401 2.1568 19.25 2.2599 2.1371 3.15
2 24 2.1266 5.5147 3.15 2.2599 2.1371 3.15
2 24 2.1401 5.5016 19.25 2.2401 2.1568 19.25
2 24 2.8701 6.9291 19.25 5.3033 5.3033 19.25
2 24 0 5.9367 19.25 -1.1166 5.8307 19.25
2 24 -6.9291 2.8701 21.25 -5.3033 5.3033 21.25
2 24 -6.9291 2.8701 19.25 -5.3033 5.3033 19.25
2 24 -5.3033 5.3033 21.25 -2.8701 6.9291 21.25
2 24 -5.3033 5.3033 19.25 -2.8701 6.9291 19.25
2 24 0 7.5 21.25 -2.8701 6.9291 21.25
2 24 0 7.5 19.25 -2.8701 6.9291 19.25
2 24 -7.5 0 19.25 -6.9291 2.8701 19.25
2 24 -7.5 0 21.25 -6.9291 2.8701 21.25
2 24 0 6.0562 21.25 -1.1251 5.9463 21.25
2 24 0 7.5 21.25 -2.8701 6.9291 21.25
2 24 -6.0562 0 21.25 -5.9463 1.1251 21.25
2 24 -7.5 0 21.25 -6.9291 2.8701 21.25
2 24 -5.9463 1.1251 21.25 -5.6734 2.1472 21.25
2 24 -5.6734 2.1472 21.25 -5.2257 3.0915 21.25
2 24 -6.9291 2.8701 21.25 -5.3033 5.3033 21.25
2 24 -5.2257 3.0915 21.25 -4.5926 3.9591 21.25
2 24 -1.1251 5.9463 21.25 -2.1472 5.6734 21.25
2 24 -2.1472 5.6734 21.25 -3.0528 5.2539 21.25
2 24 -2.8701 6.9291 21.25 -5.3033 5.3033 21.25
2 24 -3.0528 5.2539 21.25 -3.8144 4.7016 21.25
2 24 -4.5926 3.9591 21.25 -3.8144 4.7016 21.25
2 24 -5.9375 0 19.25 -5.8326 1.1067 19.25
2 24 -5.9375 0 3.15 -5.8354 1.0917 3.15
2 24 -2.1401 5.5016 19.25 -1.1166 5.8307 19.25
2 24 -2.1401 5.5016 19.25 -2.1266 5.5147 3.15
2 24 -2.1266 5.5147 3.15 -1.1093 5.8321 3.15
2 24 -1.1166 5.8307 19.25 -2.1401 5.5016 19.25
2 24 0 7.5 19.25 -2.8701 6.9291 19.25
2 24 -5.9375 0 19.25 -5.8326 1.1067 19.25
2 24 -5.8326 1.1067 19.25 -5.4879 2.1533 19.25
2 24 -5.4879 2.1533 19.25 -5.4945 2.1469 3.15
2 24 -5.8354 1.0917 3.15 -5.4945 2.1469 3.15
2 24 -5.8326 1.1067 19.25 -5.4879 2.1533 19.25
2 24 -7.5 0 19.25 -6.9291 2.8701 19.25
2 24 -5.4879 2.1533 19.25 -2.2401 2.1568 19.25
2 24 -5.4879 2.1533 19.25 -5.4945 2.1469 3.15
2 24 -2.2401 2.1568 19.25 -2.2599 2.1371 3.15
2 24 -5.4945 2.1469 3.15 -2.2599 2.1371 3.15
2 24 -6.9291 2.8701 19.25 -5.3033 5.3033 19.25
2 24 -5.4879 2.1533 19.25 -2.2401 2.1568 19.25
2 24 -2.2401 2.1568 19.25 -2.1401 5.5016 19.25
2 24 -2.2401 2.1568 19.25 -2.2599 2.1371 3.15
2 24 -2.1401 5.5016 19.25 -2.1266 5.5147 3.15
2 24 -2.2599 2.1371 3.15 -2.1266 5.5147 3.15
2 24 -2.1401 5.5016 19.25 -2.2401 2.1568 19.25
2 24 -2.8701 6.9291 19.25 -5.3033 5.3033 19.25
2 24 -1.1166 5.8307 19.25 0 5.9367 19.25
2 24 -1.1093 5.8321 3.15 0 5.9381 3.15
2 24 1.1166 5.8307 19.25 0 5.9367 19.25
2 24 1.1166 5.8307 19.25 0 5.9367 19.25
2 24 1.1093 5.8321 3.15 0 5.9381 3.15
2 24 0 -5.9368 19.25 -1.1166 -5.8307 19.25
2 24 -1.1166 -5.8307 19.25 0 -5.9368 19.25
2 24 -1.1093 -5.8321 3.15 0 -5.9382 3.15
2 24 5.8354 -1.0917 3.15 5.4945 -2.1469 3.15
2 24 5.1333 -1.6912 1.1722 5.4945 -2.1469 3.15
2 24 5.1333 -1.6912 1.1722 4.1882 -1.1845 0.2267
2 24 4.1882 -1.1845 0.2267 3.498 -1.0734 0.0274
2 24 5.1333 -1.6912 1.1722 5.4945 -2.1469 3.15
2 24 5.4945 -2.1469 3.15 2.2599 -2.1371 3.15
2 24 2.7884 -1.1016 0.0042 2.3877 -1.4973 0.1816
2 24 3.498 -1.0734 0.0274 4.1882 -1.1845 0.2267
2 24 5.1333 -1.6912 1.1722 4.1882 -1.1845 0.2267
2 24 5.8354 -1.0917 3.15 5.9375 0 3.15
2 24 1.5869 -2.3179 0.2084 1.9684 -1.9065 0.2748
2 24 1.6912 -5.1333 1.1722 2.1266 -5.5147 3.15
2 24 1.1093 -5.8321 3.15 2.1266 -5.5147 3.15
2 24 1.6912 -5.1333 1.1722 1.2472 -4.2472 0.2647
2 24 1.2472 -4.2472 0.2647 1.053 -3.5904 0.0377
2 24 1.053 -3.5904 0.0377 1.2472 -4.2472 0.2647
2 24 1.2472 -4.2472 0.2647 1.6912 -5.1333 1.1722
2 24 1.6912 -5.1333 1.1722 2.1266 -5.5147 3.15
2 24 1.053 -3.5904 0.0377 1.1281 -2.7674 0.0115
2 24 1.1281 -2.7674 0.0115 0.4582 -2.9671 0
2 24 2.3877 -1.4973 0.1816 1.9684 -1.9065 0.2748
2 24 2.9781 -0.4289 0 3.0152 0 0
2 24 3.498 -1.0734 0.0274 2.7884 -1.1016 0.0042
2 24 2.9781 -0.4289 0 2.7884 -1.1016 0.0042
2 24 2.7884 -1.1016 0.0042 3.498 -1.0734 0.0274
2 24 2.1031 -1.3516 0.5 1.6372 -1.8894 0.5
2 24 2.3877 -1.4973 0.1816 1.9684 -1.9065 0.2748
2 24 2.1031 -1.3516 0.5 1.6372 -1.8894 0.5
2 24 2.5 0 0.5 2.3987 -0.7043 0.5
2 24 3.0152 0 0 2.9781 -0.4289 0
2 24 2.5 0 0.5 2.3987 -0.7043 0.5
2 24 2.9781 -0.4289 0 2.7884 -1.1016 0.0042
2 24 2.1031 -1.3516 0.5 2.3987 -0.7043 0.5
2 24 1.5869 -2.3179 0.2084 1.1281 -2.7674 0.0115
2 24 1.0385 -2.2741 0.5 0.3558 -2.4746 0.5
2 24 1.1281 -2.7674 0.0115 0.4582 -2.9671 0
2 24 1.0385 -2.2741 0.5 0.3558 -2.4746 0.5
2 24 1.9684 -1.9065 0.2748 1.5869 -2.3179 0.2084
2 24 1.6372 -1.8894 0.5 1.0385 -2.2741 0.5
2 24 1.6372 -1.8894 0.5 1.0385 -2.2741 0.5
2 24 6.0544 0 86.7875 5.9463 -1.125 86.7875
2 24 2.2501 -2.25 86.7875 2.2501 -2.2501 30
2 24 2.2501 -2.25 86.7875 5.6364 -2.25 86.7875
2 24 2.2501 -2.2501 30 5.6364 -2.2501 30.0001
2 24 5.6364 -2.25 86.7875 5.6364 -2.2501 30.0001
2 24 0.8902 -2.902 90 1.468 -1.468 90
2 24 2.2501 -2.25 86.7875 2.25 -5.6364 86.7875
2 24 2.25 -5.6364 86.7875 1.8947 -5.383 88.7181
2 24 0 -6.0544 86.7875 1.125 -5.9463 86.7875
2 24 2.2501 -2.2501 30 2.2501 -2.25 86.7875
2 24 2.2501 -2.2501 30 2.2501 -5.6364 30.0001
2 24 2.2501 -2.25 86.7875 2.25 -5.6364 86.7875
2 24 2.2501 -5.6364 30.0001 2.25 -5.6364 86.7875
2 24 1.1251 -5.9463 21.25 0 -6.0562 21.25
2 24 1.1251 -5.9463 21.25 2.1472 -5.6734 21.25
2 24 2.2501 -5.6364 30.0001 3.0528 -5.2539 30
2 24 2.1472 -5.6734 21.25 3.0528 -5.2539 21.25
2 24 3.0528 -5.2539 21.25 3.8144 -4.7016 21.25
2 24 3.0528 -5.2539 30 3.8144 -4.7016 30
2 24 0 -6.0544 86.7875 1.125 -5.9463 86.7875
2 24 6.0544 0 86.7875 5.9463 -1.125 86.7875
2 24 1.468 -1.468 90 2.902 -0.8902 90
2 24 4.5238 0 90 4.3766 -1.1155 90
2 24 4.3766 -1.1155 90 5.383 -1.8947 88.7181
2 24 2.902 -0.8902 90 4.3766 -1.1155 90
2 24 1.468 -1.468 90 2.902 -0.8902 90
2 24 5.9463 -1.125 86.7875 5.6364 -2.25 86.7875
2 24 5.383 -1.8947 88.7181 5.6364 -2.25 86.7875
2 24 1.125 -5.9463 86.7875 2.25 -5.6364 86.7875
2 24 1.8947 -5.383 88.7181 2.25 -5.6364 86.7875
2 24 0 -4.5238 90 1.1155 -4.3766 90
2 24 1.8947 -5.383 88.7181 1.1155 -4.3766 90
2 24 1.468 -1.468 90 0.8902 -2.902 90
2 24 0.8902 -2.902 90 1.1155 -4.3766 90
2 24 1.8947 -5.383 88.7181 1.1155 -4.3766 90
2 24 1.1155 -4.3766 90 0.8902 -2.902 90
2 24 1.125 -5.9463 86.7875 2.25 -5.6364 86.7875
2 24 2.2501 -5.6364 30.0001 2.25 -5.6364 86.7875
2 24 5.6364 -2.2501 30.0001 5.6364 -2.25 86.7875
2 24 5.9463 -1.125 86.7875 5.6364 -2.25 86.7875
2 24 2.2501 -5.6364 30.0001 3.0528 -5.2539 30
2 24 2.2501 -2.2501 30 2.2501 -5.6364 30.0001
2 24 2.2501 -2.25 86.7875 5.6364 -2.25 86.7875
2 24 5.6364 -2.25 86.7875 5.383 -1.8947 88.7181
2 24 2.2501 -2.2501 30 5.6364 -2.2501 30.0001
2 24 5.2257 -3.0915 30 5.6364 -2.2501 30.0001
2 24 2.902 -0.8902 90 4.3766 -1.1155 90
2 24 5.383 -1.8947 88.7181 4.3766 -1.1155 90
2 24 3.0528 -5.2539 30 3.8144 -4.7016 30
2 24 3.8144 -4.7016 30 4.5926 -3.9591 30
2 24 5.2257 -3.0915 30 4.5926 -3.9591 30
2 24 6.0562 0 21.25 5.9463 -1.1251 21.25
2 24 5.9463 -1.1251 21.25 5.6734 -2.1472 21.25
2 24 5.6734 -2.1472 21.25 5.2257 -3.0915 21.25
2 24 5.6364 -2.2501 30.0001 5.2257 -3.0915 30
2 24 5.2257 -3.0915 21.25 4.5926 -3.9591 21.25
2 24 5.2257 -3.0915 30 4.5926 -3.9591 30
2 24 3.8144 -4.7016 21.25 4.5926 -3.9591 21.25
2 24 3.8144 -4.7016 30 4.5926 -3.9591 30
2 24 2.2599 -2.1371 3.15 2.1266 -5.5147 3.15
2 24 2.3877 -1.4973 0.1816 2.7884 -1.1016 0.0042
2 24 2.1031 -1.3516 0.5 2.3987 -0.7043 0.5
2 24 1.053 -3.5904 0.0377 1.1281 -2.7674 0.0115
2 24 1.5869 -2.3179 0.2084 1.1281 -2.7674 0.0115
2 24 2.1759 -2.1759 88.7181 2.2501 -2.25 86.7875
2 24 -5.1333 -1.6912 1.1722 -5.4945 -2.1469 3.15
2 24 -5.8354 -1.0917 3.15 -5.4945 -2.1469 3.15
2 24 -5.1333 -1.6912 1.1722 -4.1882 -1.1845 0.2267
2 24 -4.1882 -1.1845 0.2267 -3.498 -1.0734 0.0274
2 24 -5.1333 -1.6912 1.1722 -5.4945 -2.1469 3.15
2 24 -5.4945 -2.1469 3.15 -2.2599 -2.1371 3.15
2 24 -2.3877 -1.4973 0.1816 -2.7884 -1.1016 0.0042
2 24 -3.498 -1.0734 0.0274 -4.1882 -1.1845 0.2267
2 24 -5.1333 -1.6912 1.1722 -4.1882 -1.1845 0.2267
2 24 -5.8354 -1.0917 3.15 -5.9375 0 3.15
2 24 -1.9684 -1.9065 0.2748 -1.5869 -2.3179 0.2084
2 24 -1.1093 -5.8321 3.15 -2.1266 -5.5147 3.15
2 24 -1.6912 -5.1333 1.1722 -2.1266 -5.5147 3.15
2 24 -1.6912 -5.1333 1.1722 -1.2472 -4.2472 0.2647
2 24 1.1093 -5.8321 3.15 0 -5.9382 3.15
2 24 -1.2472 -4.2472 0.2647 -1.053 -3.5904 0.0377
2 24 -1.053 -3.5904 0.0377 -1.2472 -4.2472 0.2647
2 24 -1.2472 -4.2472 0.2647 -1.6912 -5.1333 1.1722
2 24 -1.6912 -5.1333 1.1722 -2.1266 -5.5147 3.15
2 24 -1.1281 -2.7674 0.0115 -0.4582 -2.9671 0
2 24 -1.053 -3.5904 0.0377 -1.1281 -2.7674 0.0115
2 24 -2.3877 -1.4973 0.1816 -1.9684 -1.9065 0.2748
2 24 -3.0152 0 0 -2.9781 -0.4289 0
2 24 -3.498 -1.0734 0.0274 -2.7884 -1.1016 0.0042
2 24 -2.9781 -0.4289 0 -2.7884 -1.1016 0.0042
2 24 -2.7884 -1.1016 0.0042 -3.498 -1.0734 0.0274
2 24 -1.6372 -1.8894 0.5 -2.1031 -1.3516 0.5
2 24 -1.6372 -1.8894 0.5 -2.1031 -1.3516 0.5
2 24 -1.9684 -1.9065 0.2748 -2.3877 -1.4973 0.1816
2 24 -2.3987 -0.7043 0.5 -2.5 0 0.5
2 24 -3.0152 0 0 -2.9781 -0.4289 0
2 24 -2.5 0 0.5 -2.3987 -0.7043 0.5
2 24 -2.9781 -0.4289 0 -2.7884 -1.1016 0.0042
2 24 -2.1031 -1.3516 0.5 -2.3987 -0.7043 0.5
2 24 -1.1281 -2.7674 0.0115 -1.5869 -2.3179 0.2084
2 24 -1.0385 -2.2741 0.5 -0.3558 -2.4746 0.5
2 24 -1.1281 -2.7674 0.0115 -0.4582 -2.9671 0
2 24 -1.0385 -2.2741 0.5 -0.3558 -2.4746 0.5
2 24 0.4582 -2.9671 0 -0.4582 -2.9671 0
2 24 0.3558 -2.4746 0.5 -0.3558 -2.4746 0.5
2 24 0.3558 -2.4746 0.5 -0.3558 -2.4746 0.5
2 24 -1.6372 -1.8894 0.5 -1.0385 -2.2741 0.5
2 24 -1.9684 -1.9065 0.2748 -1.5869 -2.3179 0.2084
2 24 -1.6372 -1.8894 0.5 -1.0385 -2.2741 0.5
2 24 -5.9463 -1.125 86.7875 -6.0544 0 86.7875
2 24 -2.2501 -2.25 86.7875 -5.6364 -2.25 86.7875
2 24 -2.2501 -2.25 86.7875 -2.2501 -2.2501 30
2 24 -5.6364 -2.25 86.7875 -5.6364 -2.2501 30.0001
2 24 -2.2501 -2.2501 30 -5.6364 -2.2501 30.0001
2 24 -0.8902 -2.902 90 -1.468 -1.468 90
2 24 -2.2501 -2.25 86.7875 -2.25 -5.6364 86.7875
2 24 -2.25 -5.6364 86.7875 -1.8947 -5.383 88.7181
2 24 0 -6.0544 86.7875 -1.125 -5.9463 86.7875
2 24 -2.2501 -2.2501 30 -2.2501 -5.6364 30.0001
2 24 -2.2501 -2.2501 30 -2.2501 -2.25 86.7875
2 24 -2.2501 -5.6364 30.0001 -2.25 -5.6364 86.7875
2 24 -2.2501 -2.25 86.7875 -2.25 -5.6364 86.7875
2 24 0 -6.0562 21.25 -1.1251 -5.9463 21.25
2 24 -1.1251 -5.9463 21.25 -2.1472 -5.6734 21.25
2 24 -2.1472 -5.6734 21.25 -3.0528 -5.2539 21.25
2 24 -2.2501 -5.6364 30.0001 -3.0528 -5.2539 30
2 24 -3.0528 -5.2539 21.25 -3.8144 -4.7016 21.25
2 24 -3.0528 -5.2539 30 -3.8144 -4.7016 30
2 24 0 -6.0544 86.7875 -1.125 -5.9463 86.7875
2 24 -6.0544 0 86.7875 -5.9463 -1.125 86.7875
2 24 -2.902 -0.8902 90 -1.468 -1.468 90
2 24 -5.383 -1.8947 88.7181 -4.3766 -1.1155 90
2 24 -4.5238 0 90 -4.3766 -1.1155 90
2 24 -2.902 -0.8902 90 -4.3766 -1.1155 90
2 24 -1.468 -1.468 90 -2.902 -0.8902 90
2 24 -5.383 -1.8947 88.7181 -5.6364 -2.25 86.7875
2 24 -5.9463 -1.125 86.7875 -5.6364 -2.25 86.7875
2 24 -1.125 -5.9463 86.7875 -2.25 -5.6364 86.7875
2 24 -2.25 -5.6364 86.7875 -1.8947 -5.383 88.7181
2 24 0 -4.5238 90 -1.1155 -4.3766 90
2 24 -1.8947 -5.383 88.7181 -1.1155 -4.3766 90
2 24 -1.468 -1.468 90 -0.8902 -2.902 90
2 24 -1.8947 -5.383 88.7181 -1.1155 -4.3766 90
2 24 -0.8902 -2.902 90 -1.1155 -4.3766 90
2 24 -1.1155 -4.3766 90 -0.8902 -2.902 90
2 24 -2.2501 -5.6364 30.0001 -2.25 -5.6364 86.7875
2 24 -1.125 -5.9463 86.7875 -2.25 -5.6364 86.7875
2 24 -5.6364 -2.2501 30.0001 -5.6364 -2.25 86.7875
2 24 -5.9463 -1.125 86.7875 -5.6364 -2.25 86.7875
2 24 -3.0528 -5.2539 30 -2.2501 -5.6364 30.0001
2 24 -2.2501 -2.2501 30 -2.2501 -5.6364 30.0001
2 24 -2.2501 -2.25 86.7875 -5.6364 -2.25 86.7875
2 24 -5.6364 -2.25 86.7875 -5.383 -1.8947 88.7181
2 24 -2.2501 -2.2501 30 -5.6364 -2.2501 30.0001
2 24 -5.2257 -3.0915 30 -5.6364 -2.2501 30.0001
2 24 -5.383 -1.8947 88.7181 -4.3766 -1.1155 90
2 24 -2.902 -0.8902 90 -4.3766 -1.1155 90
2 24 -3.0528 -5.2539 30 -3.8144 -4.7016 30
2 24 -3.8144 -4.7016 30 -4.5926 -3.9591 30
2 24 -5.2257 -3.0915 30 -4.5926 -3.9591 30
2 24 -5.9463 -1.1251 21.25 -6.0562 0 21.25
2 24 -5.9463 -1.1251 21.25 -5.6734 -2.1472 21.25
2 24 -5.6364 -2.2501 30.0001 -5.2257 -3.0915 30
2 24 -5.6734 -2.1472 21.25 -5.2257 -3.0915 21.25
2 24 -5.2257 -3.0915 21.25 -4.5926 -3.9591 21.25
2 24 -5.2257 -3.0915 30 -4.5926 -3.9591 30
2 24 -3.8144 -4.7016 21.25 -4.5926 -3.9591 21.25
2 24 -3.8144 -4.7016 30 -4.5926 -3.9591 30
2 24 -2.2599 -2.1371 3.15 -2.1266 -5.5147 3.15
2 24 -2.1031 -1.3516 0.5 -2.3987 -0.7043 0.5
2 24 -2.3877 -1.4973 0.1816 -2.7884 -1.1016 0.0042
2 24 -1.053 -3.5904 0.0377 -1.1281 -2.7674 0.0115
2 24 -1.5869 -2.3179 0.2084 -1.1281 -2.7674 0.0115
2 24 -2.1759 -2.1759 88.7181 -2.2501 -2.25 86.7875
2 24 5.1333 1.6912 1.1722 5.4945 2.1469 3.15
2 24 5.8354 1.0917 3.15 5.4945 2.1469 3.15
2 24 5.1333 1.6912 1.1722 4.1882 1.1845 0.2267
2 24 4.1882 1.1845 0.2267 3.498 1.0734 0.0274
2 24 5.1333 1.6912 1.1722 5.4945 2.1469 3.15
2 24 5.4945 2.1469 3.15 2.2599 2.1371 3.15
2 24 2.3877 1.4973 0.1816 2.7884 1.1016 0.0042
2 24 3.498 1.0734 0.0274 4.1882 1.1845 0.2267
2 24 5.1333 1.6912 1.1722 4.1882 1.1845 0.2267
2 24 5.9375 0 3.15 5.8354 1.0917 3.15
2 24 1.9684 1.9065 0.2748 1.5869 2.3179 0.2084
2 24 1.1093 5.8321 3.15 2.1266 5.5147 3.15
2 24 1.6912 5.1333 1.1722 2.1266 5.5147 3.15
2 24 1.6912 5.1333 1.1722 1.2472 4.2472 0.2647
2 24 1.2472 4.2472 0.2647 1.053 3.5904 0.0377
2 24 1.053 3.5904 0.0377 1.2472 4.2472 0.2647
2 24 1.2472 4.2472 0.2647 1.6912 5.1333 1.1722
2 24 1.6912 5.1333 1.1722 2.1266 5.5147 3.15
2 24 1.1281 2.7674 0.0115 0.4582 2.9671 0
2 24 1.053 3.5904 0.0377 1.1281 2.7674 0.0115
2 24 2.3877 1.4973 0.1816 1.9684 1.9065 0.2748
2 24 3.0152 0 0 2.9781 0.4289 0
2 24 3.498 1.0734 0.0274 2.7884 1.1016 0.0042
2 24 2.9781 0.4289 0 2.7884 1.1016 0.0042
2 24 2.7884 1.1016 0.0042 3.498 1.0734 0.0274
2 24 1.6372 1.8894 0.5 2.1031 1.3516 0.5
2 24 1.6372 1.8894 0.5 2.1031 1.3516 0.5
2 24 1.9684 1.9065 0.2748 2.3877 1.4973 0.1816
2 24 2.5 0 0.5 2.3987 0.7043 0.5
2 24 3.0152 0 0 2.9781 0.4289 0
2 24 2.5 0 0.5 2.3987 0.7043 0.5
2 24 2.9781 0.4289 0 2.7884 1.1016 0.0042
2 24 2.1031 1.3516 0.5 2.3987 0.7043 0.5
2 24 1.1281 2.7674 0.0115 1.5869 2.3179 0.2084
2 24 1.0385 2.2741 0.5 0.3558 2.4746 0.5
2 24 1.1281 2.7674 0.0115 0.4582 2.9671 0
2 24 1.0385 2.2741 0.5 0.3558 2.4746 0.5
2 24 1.6372 1.8894 0.5 1.0385 2.2741 0.5
2 24 1.9684 1.9065 0.2748 1.5869 2.3179 0.2084
2 24 1.6372 1.8894 0.5 1.0385 2.2741 0.5
2 24 6.0544 0 86.7875 5.9463 1.125 86.7875
2 24 2.2501 2.25 86.7875 5.6364 2.25 86.7875
2 24 2.2501 2.25 86.7875 2.2501 2.2501 30
2 24 5.6364 2.25 86.7875 5.6364 2.2501 30.0001
2 24 2.2501 2.2501 30 5.6364 2.2501 30.0001
2 24 0.8902 2.902 90 1.468 1.468 90
2 24 2.2501 2.25 86.7875 2.25 5.6364 86.7875
2 24 2.25 5.6364 86.7875 1.8947 5.383 88.7181
2 24 0 6.0544 86.7875 1.125 5.9463 86.7875
2 24 2.2501 2.2501 30 2.2501 5.6364 30.0001
2 24 2.2501 2.2501 30 2.2501 2.25 86.7875
2 24 2.2501 5.6364 30.0001 2.25 5.6364 86.7875
2 24 2.2501 2.25 86.7875 2.25 5.6364 86.7875
2 24 0 6.0562 21.25 1.1251 5.9463 21.25
2 24 1.1251 5.9463 21.25 2.1472 5.6734 21.25
2 24 2.1472 5.6734 21.25 3.0528 5.2539 21.25
2 24 2.2501 5.6364 30.0001 3.0528 5.2539 30
2 24 3.0528 5.2539 21.25 3.8144 4.7016 21.25
2 24 3.0528 5.2539 30 3.8144 4.7016 30
2 24 0 6.0544 86.7875 1.125 5.9463 86.7875
2 24 6.0544 0 86.7875 5.9463 1.125 86.7875
2 24 2.902 0.8902 90 1.468 1.468 90
2 24 5.383 1.8947 88.7181 4.3766 1.1155 90
2 24 4.5238 0 90 4.3766 1.1155 90
2 24 2.902 0.8902 90 4.3766 1.1155 90
2 24 1.468 1.468 90 2.902 0.8902 90
2 24 5.383 1.8947 88.7181 5.6364 2.25 86.7875
2 24 5.9463 1.125 86.7875 5.6364 2.25 86.7875
2 24 1.125 5.9463 86.7875 2.25 5.6364 86.7875
2 24 2.25 5.6364 86.7875 1.8947 5.383 88.7181
2 24 0 4.5238 90 1.1155 4.3766 90
2 24 1.8947 5.383 88.7181 1.1155 4.3766 90
2 24 1.468 1.468 90 0.8902 2.902 90
2 24 1.8947 5.383 88.7181 1.1155 4.3766 90
2 24 0.8902 2.902 90 1.1155 4.3766 90
2 24 1.1155 4.3766 90 0.8902 2.902 90
2 24 2.2501 5.6364 30.0001 2.25 5.6364 86.7875
2 24 1.125 5.9463 86.7875 2.25 5.6364 86.7875
2 24 5.6364 2.2501 30.0001 5.6364 2.25 86.7875
2 24 5.9463 1.125 86.7875 5.6364 2.25 86.7875
2 24 3.0528 5.2539 30 2.2501 5.6364 30.0001
2 24 2.2501 2.2501 30 2.2501 5.6364 30.0001
2 24 2.2501 2.25 86.7875 5.6364 2.25 86.7875
2 24 5.6364 2.25 86.7875 5.383 1.8947 88.7181
2 24 2.2501 2.2501 30 5.6364 2.2501 30.0001
2 24 5.2257 3.0915 30 5.6364 2.2501 30.0001
2 24 5.383 1.8947 88.7181 4.3766 1.1155 90
2 24 2.902 0.8902 90 4.3766 1.1155 90
2 24 3.0528 5.2539 30 3.8144 4.7016 30
2 24 3.8144 4.7016 30 4.5926 3.9591 30
2 24 5.2257 3.0915 30 4.5926 3.9591 30
2 24 6.0562 0 21.25 5.9463 1.1251 21.25
2 24 5.9463 1.1251 21.25 5.6734 2.1472 21.25
2 24 5.6364 2.2501 30.0001 5.2257 3.0915 30
2 24 5.6734 2.1472 21.25 5.2257 3.0915 21.25
2 24 5.2257 3.0915 21.25 4.5926 3.9591 21.25
2 24 5.2257 3.0915 30 4.5926 3.9591 30
2 24 3.8144 4.7016 21.25 4.5926 3.9591 21.25
2 24 3.8144 4.7016 30 4.5926 3.9591 30
2 24 2.2599 2.1371 3.15 2.1266 5.5147 3.15
2 24 2.1031 1.3516 0.5 2.3987 0.7043 0.5
2 24 2.3877 1.4973 0.1816 2.7884 1.1016 0.0042
2 24 1.053 3.5904 0.0377 1.1281 2.7674 0.0115
2 24 1.5869 2.3179 0.2084 1.1281 2.7674 0.0115
2 24 2.1759 2.1759 88.7181 2.2501 2.25 86.7875
2 24 -5.8354 1.0917 3.15 -5.4945 2.1469 3.15
2 24 -5.1333 1.6912 1.1722 -5.4945 2.1469 3.15
2 24 -5.1333 1.6912 1.1722 -4.1882 1.1845 0.2267
2 24 -4.1882 1.1845 0.2267 -3.498 1.0734 0.0274
2 24 -5.1333 1.6912 1.1722 -5.4945 2.1469 3.15
2 24 -5.4945 2.1469 3.15 -2.2599 2.1371 3.15
2 24 -2.7884 1.1016 0.0042 -2.3877 1.4973 0.1816
2 24 -3.498 1.0734 0.0274 -4.1882 1.1845 0.2267
2 24 -5.1333 1.6912 1.1722 -4.1882 1.1845 0.2267
2 24 -5.9375 0 3.15 -5.8354 1.0917 3.15
2 24 -1.5869 2.3179 0.2084 -1.9684 1.9065 0.2748
2 24 -1.6912 5.1333 1.1722 -2.1266 5.5147 3.15
2 24 -1.1093 5.8321 3.15 -2.1266 5.5147 3.15
2 24 -1.6912 5.1333 1.1722 -1.2472 4.2472 0.2647
2 24 -1.1093 5.8321 3.15 0 5.9381 3.15
2 24 -1.2472 4.2472 0.2647 -1.053 3.5904 0.0377
2 24 -1.053 3.5904 0.0377 -1.2472 4.2472 0.2647
2 24 -1.2472 4.2472 0.2647 -1.6912 5.1333 1.1722
2 24 -1.6912 5.1333 1.1722 -2.1266 5.5147 3.15
2 24 -1.053 3.5904 0.0377 -1.1281 2.7674 0.0115
2 24 -1.1281 2.7674 0.0115 -0.4582 2.9671 0
2 24 -2.3877 1.4973 0.1816 -1.9684 1.9065 0.2748
2 24 -3.0152 0 0 -2.9781 0.4289 0
2 24 -3.498 1.0734 0.0274 -2.7884 1.1016 0.0042
2 24 -2.9781 0.4289 0 -2.7884 1.1016 0.0042
2 24 -2.7884 1.1016 0.0042 -3.498 1.0734 0.0274
2 24 -2.1031 1.3516 0.5 -1.6372 1.8894 0.5
2 24 -2.3877 1.4973 0.1816 -1.9684 1.9065 0.2748
2 24 -2.1031 1.3516 0.5 -1.6372 1.8894 0.5
2 24 -2.5 0 0.5 -2.3987 0.7043 0.5
2 24 -3.0152 0 0 -2.9781 0.4289 0
2 24 -2.5 0 0.5 -2.3987 0.7043 0.5
2 24 -2.9781 0.4289 0 -2.7884 1.1016 0.0042
2 24 -2.1031 1.3516 0.5 -2.3987 0.7043 0.5
2 24 -1.5869 2.3179 0.2084 -1.1281 2.7674 0.0115
2 24 -1.0385 2.2741 0.5 -0.3558 2.4746 0.5
2 24 -1.1281 2.7674 0.0115 -0.4582 2.9671 0
2 24 -1.0385 2.2741 0.5 -0.3558 2.4746 0.5
2 24 0.4582 2.9671 0 -0.4582 2.9671 0
2 24 0.3558 2.4746 0.5 -0.3558 2.4746 0.5
2 24 0.3558 2.4746 0.5 -0.3558 2.4746 0.5
2 24 -1.9684 1.9065 0.2748 -1.5869 2.3179 0.2084
2 24 -1.6372 1.8894 0.5 -1.0385 2.2741 0.5
2 24 -1.6372 1.8894 0.5 -1.0385 2.2741 0.5
2 24 -6.0544 0 86.7875 -5.9463 1.125 86.7875
2 24 -2.2501 2.25 86.7875 -2.2501 2.2501 30
2 24 -2.2501 2.25 86.7875 -5.6364 2.25 86.7875
2 24 -2.2501 2.2501 30 -5.6364 2.2501 30.0001
2 24 -5.6364 2.25 86.7875 -5.6364 2.2501 30.0001
2 24 -0.8902 2.902 90 -1.468 1.468 90
2 24 -2.2501 2.25 86.7875 -2.25 5.6364 86.7875
2 24 -2.25 5.6364 86.7875 -1.8947 5.383 88.7181
2 24 0 6.0544 86.7875 -1.125 5.9463 86.7875
2 24 -2.2501 2.2501 30 -2.2501 2.25 86.7875
2 24 -2.2501 2.2501 30 -2.2501 5.6364 30.0001
2 24 -2.2501 2.25 86.7875 -2.25 5.6364 86.7875
2 24 -2.2501 5.6364 30.0001 -2.25 5.6364 86.7875
2 24 0 6.0562 21.25 -1.1251 5.9463 21.25
2 24 -1.1251 5.9463 21.25 -2.1472 5.6734 21.25
2 24 -2.2501 5.6364 30.0001 -3.0528 5.2539 30
2 24 -2.1472 5.6734 21.25 -3.0528 5.2539 21.25
2 24 -3.0528 5.2539 21.25 -3.8144 4.7016 21.25
2 24 -3.0528 5.2539 30 -3.8144 4.7016 30
2 24 0 6.0544 86.7875 -1.125 5.9463 86.7875
2 24 -6.0544 0 86.7875 -5.9463 1.125 86.7875
2 24 -1.468 1.468 90 -2.902 0.8902 90
2 24 -4.5238 0 90 -4.3766 1.1155 90
2 24 -4.3766 1.1155 90 -5.383 1.8947 88.7181
2 24 -2.902 0.8902 90 -4.3766 1.1155 90
2 24 -1.468 1.468 90 -2.902 0.8902 90
2 24 -5.9463 1.125 86.7875 -5.6364 2.25 86.7875
2 24 -5.383 1.8947 88.7181 -5.6364 2.25 86.7875
2 24 -1.125 5.9463 86.7875 -2.25 5.6364 86.7875
2 24 -1.8947 5.383 88.7181 -2.25 5.6364 86.7875
2 24 0 4.5238 90 -1.1155 4.3766 90
2 24 -1.8947 5.383 88.7181 -1.1155 4.3766 90
2 24 -1.468 1.468 90 -0.8902 2.902 90
2 24 -0.8902 2.902 90 -1.1155 4.3766 90
2 24 -1.8947 5.383 88.7181 -1.1155 4.3766 90
2 24 -1.1155 4.3766 90 -0.8902 2.902 90
2 24 -1.125 5.9463 86.7875 -2.25 5.6364 86.7875
2 24 -2.2501 5.6364 30.0001 -2.25 5.6364 86.7875
2 24 -5.6364 2.2501 30.0001 -5.6364 2.25 86.7875
2 24 -5.9463 1.125 86.7875 -5.6364 2.25 86.7875
2 24 -2.2501 5.6364 30.0001 -3.0528 5.2539 30
2 24 -2.2501 2.2501 30 -2.2501 5.6364 30.0001
2 24 -2.2501 2.25 86.7875 -5.6364 2.25 86.7875
2 24 -5.6364 2.25 86.7875 -5.383 1.8947 88.7181
2 24 -2.2501 2.2501 30 -5.6364 2.2501 30.0001
2 24 -5.2257 3.0915 30 -5.6364 2.2501 30.0001
2 24 -2.902 0.8902 90 -4.3766 1.1155 90
2 24 -5.383 1.8947 88.7181 -4.3766 1.1155 90
2 24 -3.0528 5.2539 30 -3.8144 4.7016 30
2 24 -3.8144 4.7016 30 -4.5926 3.9591 30
2 24 -5.2257 3.0915 30 -4.5926 3.9591 30
2 24 -6.0562 0 21.25 -5.9463 1.1251 21.25
2 24 -5.9463 1.1251 21.25 -5.6734 2.1472 21.25
2 24 -5.6734 2.1472 21.25 -5.2257 3.0915 21.25
2 24 -5.6364 2.2501 30.0001 -5.2257 3.0915 30
2 24 -5.2257 3.0915 21.25 -4.5926 3.9591 21.25
2 24 -5.2257 3.0915 30 -4.5926 3.9591 30
2 24 -3.8144 4.7016 21.25 -4.5926 3.9591 21.25
2 24 -3.8144 4.7016 30 -4.5926 3.9591 30
2 24 -2.2599 2.1371 3.15 -2.1266 5.5147 3.15
2 24 -2.3877 1.4973 0.1816 -2.7884 1.1016 0.0042
2 24 -2.1031 1.3516 0.5 -2.3987 0.7043 0.5
2 24 -1.053 3.5904 0.0377 -1.1281 2.7674 0.0115
2 24 -1.5869 2.3179 0.2084 -1.1281 2.7674 0.0115
2 24 -2.1759 2.1759 88.7181 -2.2501 2.25 86.7875
2 24 1.1093 5.8321 3.15 0 5.9381 3.15
2 24 0.4582 2.9671 0 -0.4582 2.9671 0
2 24 -1.1093 -5.8321 3.15 0 -5.9382 3.15
2 24 0.4582 -2.9671 0 -0.4582 -2.9671 0
0 STEP
