0 Brick, Round 4 x 5 x 1 2/3 Half Circle Extended with 2 Studs and Curved Top
0 Name: bl_7613.dat
0 Author: 
0 BL_Item_No 7613
0 BFC CERTIFY CCW
3 16 88.8082 24 16.8786 88.3537 23.65 18.0075 88.6149 18.1684 16.8217
3 16 88.3537 23.65 18.0075 88.0578 22.5166 18.5761 88.6149 18.1684 16.8217
3 16 88.6149 18.1684 16.8217 88.0578 22.5166 18.5761 87.9202 20.2782 18.6854
3 16 88.6149 18.1684 16.8217 87.9202 20.2782 18.6854 87.6508 19.2015 19.1513
3 16 89.6087 23.9953 13.7617 88.8082 24 16.8786 89.4305 18.774 13.7233
3 16 89.4305 18.774 13.7233 88.8082 24 16.8786 88.6149 18.1684 16.8217
3 16 78.9926 20.2172 28.3037 78.9043 12.5199 28.0226 79.5087 19.0952 27.8793
3 16 78.9043 12.5199 28.0226 78.9926 20.2172 28.3037 77.8772 21.9376 29.1717
3 16 77.8772 21.9376 29.1717 78.9926 20.2172 28.3037 78.9229 22.5488 28.4552
3 16 89.4305 18.774 13.7233 89.8269 19.0417 10 89.6087 23.9953 13.7617
3 16 89.6087 23.9953 13.7617 89.8269 19.0417 10 89.9998 23.9928 10
3 16 77.8772 21.9376 29.1717 74.5469 22.0421 31.4783 78.9043 12.5199 28.0226
3 16 78.9043 12.5199 28.0226 74.5469 22.0421 31.4783 72.7751 9.3832 32.0498
3 16 87.0804 18.75 20.1706 87.0248 17.2419 20.1615 87.6508 19.2015 19.1513
3 16 87.6508 19.2015 19.1513 87.0248 17.2419 20.1615 88.6149 18.1684 16.8217
3 16 83.7799 15.2677 24.1669 87.0248 17.2419 20.1615 83.8697 18.7302 24.2496
3 16 83.8697 18.7302 24.2496 87.0248 17.2419 20.1615 87.0804 18.75 20.1706
3 16 78.9043 12.5199 28.0226 80.3568 18.7466 27.2359 79.5087 19.0952 27.8793
3 16 78.9043 12.5199 28.0226 83.7799 15.2677 24.1669 80.3568 18.7466 27.2359
3 16 80.3568 18.7466 27.2359 83.7799 15.2677 24.1669 83.8697 18.7302 24.2496
3 16 71.602 22.3248 33.2588 72.7751 9.3832 32.0498 74.5469 22.0421 31.4783
3 16 10 -4.9037 49.8286 14.8039 -4.803 49.7115 10 -0.0006 49.9998
3 16 10 -0.0006 49.9998 14.8039 -4.803 49.7115 14.7381 0 49.9034
3 16 43.8969 -0.8832 44.926 53.9113 1.8876 41.4832 43.8474 5.4421 45.1794
3 16 43.8474 5.4421 45.1794 53.9113 1.8876 41.4832 53.8545 9.5408 41.7951
3 16 53.9113 1.8876 41.4832 63.8989 5.467 37.0007 53.8545 9.5408 41.7951
3 16 53.8545 9.5408 41.7951 63.8989 5.467 37.0007 63.8825 15.0034 37.391
3 16 22.8399 -4.3133 49.1369 32.9128 -3.0742 47.61 22.7455 0.5029 49.3191
3 16 22.7455 0.5029 49.3191 32.9128 -3.0742 47.61 32.8572 2.2781 47.7959
3 16 32.9128 -3.0742 47.61 43.8969 -0.8832 44.926 32.8572 2.2781 47.7959
3 16 32.8572 2.2781 47.7959 43.8969 -0.8832 44.926 43.8474 5.4421 45.1794
3 16 88.8077 23.9994 3.1216 88.6149 18.2229 3.1754 88.3537 23.65 1.9925
3 16 88.6149 18.2229 3.1754 88.0577 22.5166 1.4239 88.3537 23.65 1.9925
3 16 88.6149 18.2229 3.1754 87.9202 20.2782 1.3146 88.0577 22.5166 1.4239
3 16 88.6149 18.2229 3.1754 87.6508 19.2015 0.8487 87.9202 20.2782 1.3146
3 16 87.0804 18.75 -0.1706 87.6508 19.2015 0.8487 87.0233 17.2419 -0.1605
3 16 87.0233 17.2419 -0.1605 87.6508 19.2015 0.8487 88.6149 18.2229 3.1754
3 16 89.6077 23.9954 6.2385 89.4305 18.7753 6.2766 88.8077 23.9994 3.1216
3 16 88.8077 23.9994 3.1216 89.4305 18.7753 6.2766 88.6149 18.2229 3.1754
3 16 87.0804 18.75 -0.1706 87.0233 17.2419 -0.1605 83.8696 18.7287 -4.2492
3 16 83.8696 18.7287 -4.2492 87.0233 17.2419 -0.1605 83.7791 15.2706 -4.1668
3 16 78.9066 12.5197 -8.0258 79.5087 19.0952 -7.8793 80.3568 18.7466 -7.2359
3 16 78.9928 20.2172 -8.3037 79.5087 19.0952 -7.8793 78.9066 12.5197 -8.0258
3 16 78.9228 22.5488 -8.4552 77.8777 21.9375 -9.1722 78.5777 23.54 -8.7465
3 16 78.5777 23.54 -8.7465 77.8777 21.9375 -9.1722 77.6523 24 -9.4233
3 16 89.9998 23.9928 10 89.8269 19.0417 10 89.6077 23.9954 6.2385
3 16 89.6077 23.9954 6.2385 89.8269 19.0417 10 89.4305 18.7753 6.2766
3 16 71.7395 23.9999 -13.2158 71.6016 22.3248 -13.258 70.4432 23.4566 -13.8668
3 16 70.4432 23.4566 -13.8668 71.6016 22.3248 -13.258 70.0111 22.3807 -14.115
3 16 71.6016 22.3248 -13.258 71.7395 23.9999 -13.2158 74.547 22.0421 -11.4785
3 16 74.547 22.0421 -11.4785 71.7395 23.9999 -13.2158 74.8211 24 -11.3901
3 16 70 19.2 -14.176 72.7751 9.3832 -12.0498 63.8825 15.0014 -17.3884
3 16 63.8825 15.0014 -17.3884 72.7751 9.3832 -12.0498 63.902 5.4637 -17.0076
3 16 74.8211 24 -11.3901 77.6523 24 -9.4233 74.547 22.0421 -11.4785
3 16 74.547 22.0421 -11.4785 77.6523 24 -9.4233 77.8777 21.9375 -9.1722
3 16 78.9066 12.5197 -8.0258 80.3568 18.7466 -7.2359 83.7791 15.2706 -4.1668
3 16 83.7791 15.2706 -4.1668 80.3568 18.7466 -7.2359 83.8696 18.7287 -4.2492
3 16 10 -4.9037 -29.8286 10 -0.0006 -29.9998 14.804 -4.803 -29.7134
3 16 14.804 -4.803 -29.7134 10 -0.0006 -29.9998 14.7381 0 -29.904
3 16 53.8546 9.5386 -21.7927 53.9083 1.8897 -21.4773 43.8479 5.4401 -25.1788
3 16 43.8479 5.4401 -25.1788 53.9083 1.8897 -21.4773 43.8965 -0.8825 -24.9255
3 16 63.8825 15.0014 -17.3884 63.902 5.4637 -17.0076 53.8546 9.5386 -21.7927
3 16 53.8546 9.5386 -21.7927 63.902 5.4637 -17.0076 53.9083 1.8897 -21.4773
3 16 22.8396 -4.3122 -29.1373 22.7459 0.4983 -29.318 32.9127 -3.0739 -27.6114
3 16 32.9127 -3.0739 -27.6114 22.7459 0.4983 -29.318 32.8571 2.2855 -27.804
3 16 43.8479 5.4401 -25.1788 43.8965 -0.8825 -24.9255 32.8571 2.2855 -27.804
3 16 32.8571 2.2855 -27.804 43.8965 -0.8825 -24.9255 32.9127 -3.0739 -27.6114
3 16 10 -8 30 10 0 30 -10 -8 30
3 16 -10 -8 30 10 0 30 -10 0 30
3 16 10 0 -10 10 -8 -10 -10 0 -10
3 16 -10 0 -10 10 -8 -10 -10 -8 -10
3 16 -10 -8 30 -10 0 30 -10 -8 -10
3 16 -10 -8 -10 -10 0 30 -10 0 -10
3 16 -10 -8 30 -10 -8 -10 10 -8 10
3 16 10 -8 10 -10 -8 -10 10 -8 -10
3 16 6.25 0.0001 26.25 10 0 30 9.9852 -0.0005 26.25
3 16 10 0 -10 -10 0 -10 6.25 0.0001 -6.25
3 16 6.25 0.0001 -6.25 -10 0 -10 -6.25 0 -6.25
3 16 -6.25 0 26.25 6.25 0.0001 26.25 -6.25 -5.25 26.25
3 16 -6.25 -5.25 26.25 6.25 0.0001 26.25 6.25 -5.25 26.25
3 16 6.25 0.0001 -6.25 -6.25 0 -6.25 6.25 -5.25 -6.25
3 16 6.25 -5.25 -6.25 -6.25 0 -6.25 -6.25 -5.25 -6.25
3 16 -6.25 0 26.25 -6.25 -5.25 26.25 -6.25 0 -6.25
3 16 -6.25 0 -6.25 -6.25 -5.25 26.25 -6.25 -5.25 -6.25
3 16 -10 0 30 -6.25 0 26.25 -10 0 -10
3 16 -10 0 -10 -6.25 0 26.25 -6.25 0 -6.25
3 16 6.25 -5.25 26.25 6.25 0.0001 26.25 6.25 -5.25 -6.25
3 16 6.25 -5.25 -6.25 6.25 0.0001 26.25 6.25 0.0001 -6.25
3 16 6.25 0.0001 26.25 9.9852 -0.0005 26.25 6.25 0.0001 -6.25
3 16 6.25 0.0001 -6.25 9.9852 -0.0005 26.25 9.9852 0 -6.25
3 16 9.9852 0 -6.25 9.9852 -0.0005 26.25 10 -4.25 -6.25
3 16 10 -4.25 -6.25 9.9852 -0.0005 26.25 10 -4.25 26.25
3 16 10 -4.25 26.25 13.9163 -4.25 26.25 13.9163 -4.25 10
3 16 13.9163 -4.25 26.25 10 -4.25 26.25 13.9163 0 26.2644
3 16 13.9163 0 26.2644 10 -4.25 26.25 9.9852 -0.0005 26.25
3 16 13.9163 -4.25 -6.25 13.9163 0 -6.2644 10 -4.25 -6.25
3 16 10 -4.25 -6.25 13.9163 0 -6.2644 9.9852 0 -6.25
3 16 13.9163 -4.25 26.25 13.9163 0 26.2644 13.9163 -2.6614 46.1833
3 16 13.9163 -2.6614 46.1833 13.9163 0 26.2644 13.9163 0 46.1983
3 16 13.9163 -4.25 -6.25 13.9163 -2.265 -26.1847 13.9163 0 -6.2644
3 16 13.9163 0 -6.2644 13.9163 -2.265 -26.1847 13.9163 0 -26.1929
3 16 10 -0.0006 -29.9998 10 0 -10 13.9163 0 -26.1929
3 16 13.9163 0 -26.1929 10 0 -10 13.9163 0 -6.2644
3 16 10 0 30 13.9163 0 26.2644 9.9852 -0.0005 26.25
3 16 -6.25 -5.25 26.25 6.25 -5.25 26.25 -6.25 -5.25 -6.25
3 16 -6.25 -5.25 -6.25 6.25 -5.25 26.25 6.25 -5.25 -6.25
3 16 88.0578 22.5166 18.5761 88.3537 23.65 18.0075 85.2162 22.5166 15.7345
3 16 85.2162 22.5166 15.7345 88.3537 23.65 18.0075 85.4166 23.5838 15.1815
3 16 88.3537 23.65 18.0075 88.8082 24 16.8786 85.4166 23.5838 15.1815
3 16 85.4166 23.5838 15.1815 88.8082 24 16.8786 85.7587 23.9998 14.025
3 16 87.9202 20.2782 18.6854 88.0578 22.5166 18.5761 85.1297 20.1868 15.9373
3 16 85.1297 20.1868 15.9373 88.0578 22.5166 18.5761 85.2162 22.5166 15.7345
3 16 87.6508 19.2015 19.1513 87.9202 20.2782 18.6854 84.8797 19.1079 16.5312
3 16 84.8797 19.1079 16.5312 87.9202 20.2782 18.6854 85.1297 20.1868 15.9373
3 16 87.0804 18.75 20.1706 87.6508 19.2015 19.1513 84.4137 18.75 17.5039
3 16 84.4137 18.75 17.5039 87.6508 19.2015 19.1513 84.8797 19.1079 16.5312
3 16 88.8082 24 16.8786 89.6087 23.9953 13.7617 85.7587 23.9998 14.025
3 16 85.7587 23.9998 14.025 89.6087 23.9953 13.7617 86.1016 24 12.1991
3 16 83.4381 18.75 19.141 87.0804 18.75 20.1706 84.4137 18.75 17.5039
3 16 80.3568 18.7466 27.2359 77.6482 18.75 24.558 79.5087 19.0952 27.8793
3 16 79.5087 19.0952 27.8793 77.6482 18.75 24.558 76.9137 19.0154 25.0822
3 16 79.5087 19.0952 27.8793 76.9137 19.0154 25.0822 78.9926 20.2172 28.3037
3 16 78.9926 20.2172 28.3037 76.9137 19.0154 25.0822 76.311 20.2334 25.5101
3 16 78.9229 22.5488 28.4552 76.15 22.5166 25.6317 78.5777 23.54 28.7466
3 16 78.5777 23.54 28.7466 76.15 22.5166 25.6317 75.7243 23.5648 25.9302
3 16 78.5777 23.54 28.7466 75.7243 23.5648 25.9302 77.6523 24 29.4233
3 16 77.6523 24 29.4233 75.7243 23.5648 25.9302 74.7939 24 26.5649
3 16 78.9229 22.5488 28.4552 78.9926 20.2172 28.3037 76.15 22.5166 25.6317
3 16 76.15 22.5166 25.6317 78.9926 20.2172 28.3037 76.311 20.2334 25.5101
3 16 89.6087 23.9953 13.7617 89.9998 23.9928 10 86.1016 24 12.1991
3 16 86.1016 24 12.1991 89.9998 23.9928 10 86.2647 24 10.0005
3 16 70.0111 22.3807 34.115 70.4432 23.4566 33.8668 70.0111 22.3807 29.6106
3 16 70.0111 22.3807 29.6106 70.4432 23.4566 33.8668 70.5605 23.5931 29.2815
3 16 70.4432 23.4566 33.8668 71.7396 24 33.2159 70.5605 23.5931 29.2815
3 16 70.5605 23.5931 29.2815 71.7396 24 33.2159 71.6361 24 28.6169
3 16 70 19.2 34.176 70.0111 22.3807 34.115 70 19.2 29.6044
3 16 70 19.2 29.6044 70.0111 22.3807 34.115 70.0111 22.3807 29.6106
3 16 71.7396 24 33.2159 74.8209 24 31.3899 71.6361 24 28.6169
3 16 71.6361 24 28.6169 74.8209 24 31.3899 73.108 24 27.6677
3 16 83.8697 18.7302 24.2496 81.2434 18.75 21.6706 80.3568 18.7466 27.2359
3 16 80.3568 18.7466 27.2359 81.2434 18.75 21.6706 77.6482 18.75 24.558
3 16 77.6523 24 29.4233 74.7939 24 26.5649 74.8209 24 31.3899
3 16 74.8209 24 31.3899 74.7939 24 26.5649 73.108 24 27.6677
3 16 63.8825 15.0034 37.391 70 19.2 34.176 63.8736 15.0633 32.9991
3 16 63.8736 15.0633 32.9991 70 19.2 34.176 70 19.2 29.6044
3 16 43.8474 5.4421 45.1794 53.8545 9.5408 41.7951 43.8861 5.5477 41.1605
3 16 43.8861 5.5477 41.1605 53.8545 9.5408 41.7951 53.8404 9.6252 37.6368
3 16 53.8545 9.5408 41.7951 63.8825 15.0034 37.391 53.8404 9.6252 37.6368
3 16 53.8404 9.6252 37.6368 63.8825 15.0034 37.391 63.8736 15.0633 32.9991
3 16 22.7455 0.5029 49.3191 32.8572 2.2781 47.7959 22.8474 0.5316 45.5462
3 16 22.8474 0.5316 45.5462 32.8572 2.2781 47.7959 32.9783 2.3098 43.9963
3 16 32.8572 2.2781 47.7959 43.8474 5.4421 45.1794 32.9783 2.3098 43.9963
3 16 32.9783 2.3098 43.9963 43.8474 5.4421 45.1794 43.8861 5.5477 41.1605
3 16 88.0577 22.5166 1.4239 85.2161 22.5167 4.2656 88.3537 23.65 1.9925
3 16 88.3537 23.65 1.9925 85.2161 22.5167 4.2656 85.4166 23.5839 4.8186
3 16 88.3537 23.65 1.9925 85.4166 23.5839 4.8186 88.8077 23.9994 3.1216
3 16 88.8077 23.9994 3.1216 85.4166 23.5839 4.8186 85.7584 23.9992 5.9743
3 16 87.9202 20.2782 1.3146 85.1297 20.1867 4.0628 88.0577 22.5166 1.4239
3 16 88.0577 22.5166 1.4239 85.1297 20.1867 4.0628 85.2161 22.5167 4.2656
3 16 87.6508 19.2015 0.8487 84.8797 19.1082 3.469 87.9202 20.2782 1.3146
3 16 87.9202 20.2782 1.3146 84.8797 19.1082 3.469 85.1297 20.1867 4.0628
3 16 87.0804 18.75 -0.1706 84.414 18.75 2.4964 87.6508 19.2015 0.8487
3 16 87.6508 19.2015 0.8487 84.414 18.75 2.4964 84.8797 19.1082 3.469
3 16 88.8077 23.9994 3.1216 85.7584 23.9992 5.9743 89.6077 23.9954 6.2385
3 16 89.6077 23.9954 6.2385 85.7584 23.9992 5.9743 86.1005 24 7.8012
3 16 87.0804 18.75 -0.1706 83.8696 18.7287 -4.2492 83.4374 18.75 0.8594
3 16 83.4374 18.75 0.8594 83.8696 18.7287 -4.2492 81.2429 18.75 -1.6706
3 16 80.3568 18.7466 -7.2359 79.5087 19.0952 -7.8793 77.6484 18.75 -4.5578
3 16 77.6484 18.75 -4.5578 79.5087 19.0952 -7.8793 76.914 19.0153 -5.0819
3 16 79.5087 19.0952 -7.8793 78.9928 20.2172 -8.3037 76.914 19.0153 -5.0819
3 16 76.914 19.0153 -5.0819 78.9928 20.2172 -8.3037 76.3111 20.2333 -5.51
3 16 78.9228 22.5488 -8.4552 78.5777 23.54 -8.7465 76.1501 22.5164 -5.6317
3 16 76.1501 22.5164 -5.6317 78.5777 23.54 -8.7465 75.7248 23.5647 -5.9304
3 16 78.5777 23.54 -8.7465 77.6523 24 -9.4233 75.7248 23.5647 -5.9304
3 16 75.7248 23.5647 -5.9304 77.6523 24 -9.4233 74.7937 24 -6.5658
3 16 78.9228 22.5488 -8.4552 76.1501 22.5164 -5.6317 78.9928 20.2172 -8.3037
3 16 78.9928 20.2172 -8.3037 76.1501 22.5164 -5.6317 76.3111 20.2333 -5.51
3 16 89.6077 23.9954 6.2385 86.1005 24 7.8012 89.9998 23.9928 10
3 16 89.9998 23.9928 10 86.1005 24 7.8012 86.2647 24 10.0005
3 16 70.0111 22.3807 -14.115 70.0111 22.3808 -9.6107 70.4432 23.4566 -13.8668
3 16 70.4432 23.4566 -13.8668 70.0111 22.3808 -9.6107 70.5605 23.5932 -9.2813
3 16 70.4432 23.4566 -13.8668 70.5605 23.5932 -9.2813 71.7395 23.9999 -13.2158
3 16 71.7395 23.9999 -13.2158 70.5605 23.5932 -9.2813 71.6368 24.0002 -8.6164
3 16 70 19.2 -14.176 70.0059 19.1982 -9.6033 70.0111 22.3807 -14.115
3 16 70.0111 22.3807 -14.115 70.0059 19.1982 -9.6033 70.0111 22.3808 -9.6107
3 16 70.0059 19.1982 -9.6033 70 19.2 -14.176 63.8737 15.0611 -12.9988
3 16 63.8737 15.0611 -12.9988 70 19.2 -14.176 63.8825 15.0014 -17.3884
3 16 71.7395 23.9999 -13.2158 71.6368 24.0002 -8.6164 74.8211 24 -11.3901
3 16 74.8211 24 -11.3901 71.6368 24.0002 -8.6164 73.1083 24 -7.6681
3 16 83.8696 18.7287 -4.2492 80.3568 18.7466 -7.2359 81.2429 18.75 -1.6706
3 16 81.2429 18.75 -1.6706 80.3568 18.7466 -7.2359 77.6484 18.75 -4.5578
3 16 77.6523 24 -9.4233 74.8211 24 -11.3901 74.7937 24 -6.5658
3 16 74.7937 24 -6.5658 74.8211 24 -11.3901 73.1083 24 -7.6681
3 16 43.8479 5.4401 -25.1788 43.8897 5.5426 -21.1661 53.8546 9.5386 -21.7927
3 16 53.8546 9.5386 -21.7927 43.8897 5.5426 -21.1661 53.8404 9.6199 -17.6368
3 16 53.8546 9.5386 -21.7927 53.8404 9.6199 -17.6368 63.8825 15.0014 -17.3884
3 16 63.8825 15.0014 -17.3884 53.8404 9.6199 -17.6368 63.8737 15.0611 -12.9988
3 16 22.7459 0.4983 -29.318 22.8475 0.5311 -25.5463 32.8571 2.2855 -27.804
3 16 32.8571 2.2855 -27.804 22.8475 0.5311 -25.5463 32.9783 2.3103 -23.9968
3 16 32.8571 2.2855 -27.804 32.9783 2.3103 -23.9968 43.8479 5.4401 -25.1788
3 16 43.8479 5.4401 -25.1788 32.9783 2.3103 -23.9968 43.8897 5.5426 -21.1661
3 16 63.571 7.77 33.0948 63.8736 15.0633 32.9991 70.6202 10.8413 29.1741
3 16 70.6202 10.8413 29.1741 63.8736 15.0633 32.9991 70 19.2 29.6044
3 16 53.8404 9.6252 37.6368 53.8614 4.2404 37.5868 43.8861 5.5477 41.1605
3 16 43.8861 5.5477 41.1605 53.8614 4.2404 37.5868 43.8736 1.4172 41.1357
3 16 63.8736 15.0633 32.9991 63.571 7.77 33.0948 53.8404 9.6252 37.6368
3 16 53.8404 9.6252 37.6368 63.571 7.77 33.0948 53.8614 4.2404 37.5868
3 16 32.9783 2.3098 43.9963 32.8933 -0.8116 43.9686 22.8474 0.5316 45.5462
3 16 22.8474 0.5316 45.5462 32.8933 -0.8116 43.9686 22.8186 -2.0465 45.5407
3 16 43.8861 5.5477 41.1605 43.8736 1.4172 41.1357 32.9783 2.3098 43.9963
3 16 32.9783 2.3098 43.9963 43.8736 1.4172 41.1357 32.8933 -0.8116 43.9686
3 16 53.8404 9.6199 -17.6368 43.8897 5.5426 -21.1661 53.8614 4.2361 -17.5815
3 16 53.8614 4.2361 -17.5815 43.8897 5.5426 -21.1661 43.8736 1.4178 -21.1351
3 16 63.8737 15.0611 -12.9988 53.8404 9.6199 -17.6368 63.571 7.77 -13.0948
3 16 63.571 7.77 -13.0948 53.8404 9.6199 -17.6368 53.8614 4.2361 -17.5815
3 16 32.9783 2.3103 -23.9968 22.8475 0.5311 -25.5463 32.8948 -0.8139 -23.9734
3 16 32.8948 -0.8139 -23.9734 22.8475 0.5311 -25.5463 22.8189 -2.0479 -25.541
3 16 43.8897 5.5426 -21.1661 32.9783 2.3103 -23.9968 43.8736 1.4178 -21.1351
3 16 43.8736 1.4178 -21.1351 32.9783 2.3103 -23.9968 32.8948 -0.8139 -23.9734
3 16 86.2647 24 10.0005 86.2501 19.8137 10 86.1016 24 12.1991
3 16 86.1016 24 12.1991 86.2501 19.8137 10 86.1031 19.6992 12.1723
3 16 86.2647 24 10.0005 86.1005 24 7.8012 86.2501 19.8137 10
3 16 86.2501 19.8137 10 86.1005 24 7.8012 86.103 19.6992 7.8278
3 16 85.7011 19.4392 14.182 85.7587 23.9998 14.025 86.1031 19.6992 12.1723
3 16 86.1031 19.6992 12.1723 85.7587 23.9998 14.025 86.1016 24 12.1991
3 16 86.1005 24 7.8012 85.7584 23.9992 5.9743 86.103 19.6992 7.8278
3 16 86.103 19.6992 7.8278 85.7584 23.9992 5.9743 85.7011 19.4392 5.8181
3 16 85.7587 23.9998 14.025 85.7011 19.4392 14.182 85.4166 23.5838 15.1815
3 16 85.4166 23.5838 15.1815 85.7011 19.4392 14.182 85.2162 22.5166 15.7345
3 16 85.7584 23.9992 5.9743 85.4166 23.5839 4.8186 85.7011 19.4392 5.8181
3 16 85.4166 23.5839 4.8186 85.2161 22.5167 4.2656 85.7011 19.4392 5.8181
3 16 85.7011 19.4392 14.182 85.1297 20.1868 15.9373 85.2162 22.5166 15.7345
3 16 85.7011 19.4392 5.8181 85.2161 22.5167 4.2656 85.1297 20.1867 4.0628
3 16 84.9029 18.9408 16.4766 84.8797 19.1079 16.5312 85.7011 19.4392 14.182
3 16 84.8797 19.1079 16.5312 85.1297 20.1868 15.9373 85.7011 19.4392 14.182
3 16 84.9029 18.9408 3.5234 85.7011 19.4392 5.8181 84.8797 19.1082 3.469
3 16 85.1297 20.1867 4.0628 84.8797 19.1082 3.469 85.7011 19.4392 5.8181
3 16 84.8797 19.1079 16.5312 84.9029 18.9408 16.4766 84.4137 18.75 17.5039
3 16 84.4137 18.75 17.5039 84.9029 18.9408 16.4766 84.302 18.5439 17.7126
3 16 84.8797 19.1082 3.469 84.414 18.75 2.4964 84.9029 18.9408 3.5234
3 16 84.9029 18.9408 3.5234 84.414 18.75 2.4964 84.302 18.5439 2.2874
3 16 83.4596 17.9937 19.0965 83.4381 18.75 19.141 84.302 18.5439 17.7126
3 16 84.302 18.5439 17.7126 83.4381 18.75 19.141 84.4137 18.75 17.5039
3 16 81.1585 16.6042 -1.7348 83.4596 17.9937 0.9035 81.2429 18.75 -1.6706
3 16 81.2429 18.75 -1.6706 83.4596 17.9937 0.9035 83.4374 18.75 0.8594
3 16 81.2434 18.75 21.6706 81.1585 16.6042 21.7349 77.6482 18.75 24.558
3 16 77.6482 18.75 24.558 81.1585 16.6042 21.7349 76.3297 13.7921 25.4549
3 16 81.2429 18.75 -1.6706 77.6484 18.75 -4.5578 81.1585 16.6042 -1.7348
3 16 81.1585 16.6042 -1.7348 77.6484 18.75 -4.5578 76.3297 13.7921 -5.4549
3 16 74.7059 20.3111 26.6068 74.7939 24 26.5649 76.15 22.5166 25.6317
3 16 76.15 22.5166 25.6317 74.7939 24 26.5649 75.7243 23.5648 25.9302
3 16 74.7059 20.3111 -6.6068 76.1501 22.5164 -5.6317 74.7937 24 -6.5658
3 16 74.7937 24 -6.5658 76.1501 22.5164 -5.6317 75.7248 23.5647 -5.9304
3 16 74.7059 20.3111 26.6068 76.15 22.5166 25.6317 76.311 20.2334 25.5101
3 16 74.7059 20.3111 -6.6068 76.3111 20.2333 -5.51 76.1501 22.5164 -5.6317
3 16 76.3297 13.7921 25.4549 74.7059 20.3111 26.6068 76.9137 19.0154 25.0822
3 16 76.9137 19.0154 25.0822 74.7059 20.3111 26.6068 76.311 20.2334 25.5101
3 16 76.3297 13.7921 -5.4549 76.914 19.0153 -5.0819 74.7059 20.3111 -6.6068
3 16 74.7059 20.3111 -6.6068 76.914 19.0153 -5.0819 76.3111 20.2333 -5.51
3 16 77.6482 18.75 24.558 76.3297 13.7921 25.4549 76.9137 19.0154 25.0822
3 16 76.3297 13.7921 -5.4549 77.6484 18.75 -4.5578 76.914 19.0153 -5.0819
3 16 72.0394 20.1468 28.3376 70.0111 22.3807 29.6106 71.6361 24 28.6169
3 16 71.6361 24 28.6169 70.0111 22.3807 29.6106 70.5605 23.5931 29.2815
3 16 72.0394 20.1468 -8.3376 71.6368 24.0002 -8.6164 70.0111 22.3808 -9.6107
3 16 70.0111 22.3808 -9.6107 71.6368 24.0002 -8.6164 70.5605 23.5932 -9.2813
3 16 72.0394 20.1468 28.3376 71.6361 24 28.6169 73.108 24 27.6677
3 16 72.0394 20.1468 -8.3376 73.1083 24 -7.6681 71.6368 24.0002 -8.6164
3 16 72.0394 20.1468 28.3376 73.108 24 27.6677 74.7059 20.3111 26.6068
3 16 74.7059 20.3111 26.6068 73.108 24 27.6677 74.7939 24 26.5649
3 16 72.0394 20.1468 -8.3376 74.7059 20.3111 -6.6068 73.1083 24 -7.6681
3 16 73.1083 24 -7.6681 74.7059 20.3111 -6.6068 74.7937 24 -6.5658
3 16 72.0394 20.1468 28.3376 70 19.2 29.6044 70.0111 22.3807 29.6106
3 16 72.0394 20.1468 -8.3376 70.0111 22.3808 -9.6107 70.0059 19.1982 -9.6033
3 16 74.7059 20.3111 26.6068 76.3297 13.7921 25.4549 72.0394 20.1468 28.3376
3 16 72.0394 20.1468 28.3376 76.3297 13.7921 25.4549 70.6202 10.8413 29.1741
3 16 74.7059 20.3111 -6.6068 72.0394 20.1468 -8.3376 76.3297 13.7921 -5.4549
3 16 76.3297 13.7921 -5.4549 72.0394 20.1468 -8.3376 70.6202 10.8413 -9.1741
3 16 70.6202 10.8413 -9.1741 72.0394 20.1468 -8.3376 70.0059 19.1982 -9.6033
3 16 73.5752 4.977 15.7912 73.7509 4.7062 10 82.0438 11.674 15.039
3 16 82.0438 11.674 15.039 73.7509 4.7062 10 82.4438 11.7328 10
3 16 73.7509 4.7062 10 73.5752 4.977 15.7912 64.0086 -1.6023 10
3 16 64.0086 -1.6023 10 73.5752 4.977 15.7912 64.0202 -1.0876 17.0787
3 16 72.8703 7.2172 -6.6316 63.97 2.4895 -10.311 72.7751 9.3832 -12.0498
3 16 72.7751 9.3832 -12.0498 63.97 2.4895 -10.311 63.902 5.4637 -17.0076
3 16 43.9036 -9.9051 19.1742 43.8881 -10.5652 10.0001 53.9505 -6.1015 18.286
3 16 53.9505 -6.1015 18.286 43.8881 -10.5652 10.0001 53.9326 -6.7053 10
3 16 53.9529 -1.7593 -13.7632 43.9247 -5.0751 -16.3133 53.9083 1.8897 -21.4773
3 16 53.9083 1.8897 -21.4773 43.9247 -5.0751 -16.3133 43.8965 -0.8825 -24.9255
3 16 53.9505 -6.1015 18.286 53.9326 -6.7053 10 64.0202 -1.0876 17.0787
3 16 64.0202 -1.0876 17.0787 53.9326 -6.7053 10 64.0086 -1.6023 10
3 16 63.97 2.4895 -10.311 53.9529 -1.7593 -13.7632 63.902 5.4637 -17.0076
3 16 63.902 5.4637 -17.0076 53.9529 -1.7593 -13.7632 53.9083 1.8897 -21.4773
3 16 72.8703 7.2172 26.6316 72.7751 9.3832 32.0498 63.97 2.4895 30.311
3 16 63.97 2.4895 30.311 72.7751 9.3832 32.0498 63.8989 5.467 37.0007
3 16 53.9113 1.8876 41.4832 53.9528 -1.7593 33.7632 63.8989 5.467 37.0007
3 16 63.8989 5.467 37.0007 53.9528 -1.7593 33.7632 63.97 2.4895 30.311
3 16 43.8969 -0.8832 44.926 43.9247 -5.0751 36.3133 53.9113 1.8876 41.4832
3 16 53.9113 1.8876 41.4832 43.9247 -5.0751 36.3133 53.9528 -1.7593 33.7632
3 16 63.97 2.4895 -10.311 72.8703 7.2172 -6.6316 63.9908 0.3659 -4.0114
3 16 63.9908 0.3659 -4.0114 72.8703 7.2172 -6.6316 73.1813 5.8242 -1.4611
3 16 63.9908 0.3659 -4.0114 53.9437 -4.3471 -6.4066 63.97 2.4895 -10.311
3 16 63.97 2.4895 -10.311 53.9437 -4.3471 -6.4066 53.9529 -1.7593 -13.7632
3 16 53.9437 -4.3471 -6.4066 43.9043 -7.9643 -8.1712 53.9529 -1.7593 -13.7632
3 16 53.9529 -1.7593 -13.7632 43.9043 -7.9643 -8.1712 43.9247 -5.0751 -16.3133
3 16 32.8716 -13.5576 10.0003 32.8849 -12.8563 19.8699 22.8384 -15.233 10.0011
3 16 22.8384 -15.233 10.0011 32.8849 -12.8563 19.8699 22.8476 -14.5167 20.2667
3 16 32.8916 -10.7905 -9.5531 22.8551 -12.4025 -10.3421 32.9202 -7.6933 -18.3113
3 16 32.9202 -7.6933 -18.3113 22.8551 -12.4025 -10.3421 22.8693 -9.2046 -19.4527
3 16 32.9202 -7.6933 -18.3113 22.8693 -9.2046 -19.4527 32.9127 -3.0739 -27.6114
3 16 32.9127 -3.0739 -27.6114 22.8693 -9.2046 -19.4527 22.8396 -4.3122 -29.1373
3 16 32.9203 -7.6934 38.311 32.9128 -3.0742 47.61 22.8694 -9.2052 39.4514
3 16 22.8694 -9.2052 39.4514 32.9128 -3.0742 47.61 22.8399 -4.3133 49.1369
3 16 43.9043 -7.9643 -8.1712 32.8916 -10.7905 -9.5531 43.9247 -5.0751 -16.3133
3 16 43.9247 -5.0751 -16.3133 32.8916 -10.7905 -9.5531 32.9202 -7.6933 -18.3113
3 16 43.9036 -9.9051 19.1742 43.9043 -7.9643 28.1712 32.8849 -12.8563 19.8699
3 16 32.8849 -12.8563 19.8699 43.9043 -7.9643 28.1712 32.8917 -10.7905 29.553
3 16 32.8849 -12.8563 19.8699 32.8716 -13.5576 10.0003 43.9036 -9.9051 19.1742
3 16 43.9036 -9.9051 19.1742 32.8716 -13.5576 10.0003 43.8881 -10.5652 10.0001
3 16 43.9247 -5.0751 -16.3133 32.9202 -7.6933 -18.3113 43.8965 -0.8825 -24.9255
3 16 43.8965 -0.8825 -24.9255 32.9202 -7.6933 -18.3113 32.9127 -3.0739 -27.6114
3 16 43.9247 -5.0751 36.3133 43.8969 -0.8832 44.926 32.9203 -7.6934 38.311
3 16 32.9203 -7.6934 38.311 43.8969 -0.8832 44.926 32.9128 -3.0742 47.61
3 16 71.0101 7.1165 14.7015 77.2526 11.734 13.6247 71.0403 6.8676 10
3 16 71.0403 6.8676 10 77.2526 11.734 13.6247 77.3377 11.6289 10
3 16 70.9271 7.879 0.571 71.0101 7.1165 5.2985 77.0698 12.1085 2.6517
3 16 77.0698 12.1085 2.6517 71.0101 7.1165 5.2985 77.2526 11.734 6.3753
3 16 63.4708 2.4174 15.7392 71.0101 7.1165 14.7015 63.4575 2.056 10
3 16 63.4575 2.056 10 71.0101 7.1165 14.7015 71.0403 6.8676 10
3 16 63.5279 3.5039 -1.4229 63.4708 2.4174 4.2608 70.9271 7.879 0.571
3 16 70.9271 7.879 0.571 63.4708 2.4174 4.2608 71.0101 7.1165 5.2985
3 16 53.8744 -2.4264 16.8437 63.4708 2.4174 15.7392 53.875 -2.8603 10
3 16 53.875 -2.8603 10 63.4708 2.4174 15.7392 63.4575 2.056 10
3 16 53.8733 -1.1099 -3.6934 53.8744 -2.4264 3.1563 63.5279 3.5039 -1.4229
3 16 63.5279 3.5039 -1.4229 53.8744 -2.4264 3.1563 63.4708 2.4174 4.2608
3 16 43.8644 -6.2363 17.784 53.8744 -2.4264 16.8437 43.865 -6.7396 10.0001
3 16 43.865 -6.7396 10.0001 53.8744 -2.4264 16.8437 53.875 -2.8603 10
3 16 43.8616 -4.7224 -5.5631 43.8644 -6.2363 2.2159 53.8733 -1.1099 -3.6934
3 16 53.8733 -1.1099 -3.6934 43.8644 -6.2363 2.2159 53.8744 -2.4264 3.1563
3 16 32.657 -9.3234 18.4643 43.8644 -6.2363 17.784 32.6556 -9.8696 10.0006
3 16 32.6556 -9.8696 10.0006 43.8644 -6.2363 17.784 43.865 -6.7396 10.0001
3 16 32.6657 -7.6993 -6.9161 32.6571 -9.3233 1.5351 43.8616 -4.7224 -5.5631
3 16 43.8616 -4.7224 -5.5631 32.6571 -9.3233 1.5351 43.8644 -6.2363 2.2159
3 16 22.408 -10.9858 18.7849 32.657 -9.3234 18.4643 22.4074 -11.5365 10.0022
3 16 22.4074 -11.5365 10.0022 32.657 -9.3234 18.4643 32.6556 -9.8696 10.0006
3 16 22.4099 -9.3474 -7.5381 22.408 -10.9855 1.2129 32.6657 -7.6993 -6.9161
3 16 32.6657 -7.6993 -6.9161 22.408 -10.9855 1.2129 32.6571 -9.3233 1.5351
3 16 22.408 -10.9855 1.2129 22.4074 -11.5365 10.0022 32.6571 -9.3233 1.5351
3 16 32.6571 -9.3233 1.5351 22.4074 -11.5365 10.0022 32.6556 -9.8696 10.0006
3 16 32.6571 -9.3233 1.5351 32.6556 -9.8696 10.0006 43.8644 -6.2363 2.2159
3 16 43.8644 -6.2363 2.2159 32.6556 -9.8696 10.0006 43.865 -6.7396 10.0001
3 16 43.8644 -6.2363 2.2159 43.865 -6.7396 10.0001 53.8744 -2.4264 3.1563
3 16 53.8744 -2.4264 3.1563 43.865 -6.7396 10.0001 53.875 -2.8603 10
3 16 53.8744 -2.4264 3.1563 53.875 -2.8603 10 63.4708 2.4174 4.2608
3 16 63.4708 2.4174 4.2608 53.875 -2.8603 10 63.4575 2.056 10
3 16 63.4708 2.4174 4.2608 63.4575 2.056 10 71.0101 7.1165 5.2985
3 16 71.0101 7.1165 5.2985 63.4575 2.056 10 71.0403 6.8676 10
3 16 71.0101 7.1165 5.2985 71.0403 6.8676 10 77.2526 11.734 6.3753
3 16 77.2526 11.734 6.3753 71.0403 6.8676 10 77.3377 11.6289 10
3 16 22.8186 -2.0465 45.5407 32.8933 -0.8116 43.9686 22.4174 -6.5772 36.2142
3 16 22.4174 -6.5772 36.2142 32.8933 -0.8116 43.9686 32.6875 -4.9391 35.3869
3 16 32.8933 -0.8116 43.9686 43.8736 1.4172 41.1357 32.6875 -4.9391 35.3869
3 16 32.6875 -4.9391 35.3869 43.8736 1.4172 41.1357 43.862 -2.1545 33.4255
3 16 43.8736 1.4172 41.1357 53.8614 4.2404 37.5868 43.862 -2.1545 33.4255
3 16 43.862 -2.1545 33.4255 53.8614 4.2404 37.5868 53.875 1.1287 30.6932
3 16 53.8614 4.2404 37.5868 63.571 7.77 33.0948 53.875 1.1287 30.6932
3 16 53.875 1.1287 30.6932 63.571 7.77 33.0948 63.5014 5.2689 27.2635
3 16 63.571 7.77 33.0948 70.6202 10.8413 29.1741 63.5014 5.2689 27.2635
3 16 63.5014 5.2689 27.2635 70.6202 10.8413 29.1741 70.7846 9.1178 24.2118
3 16 70.6202 10.8413 29.1741 76.3297 13.7921 25.4549 70.7846 9.1178 24.2118
3 16 70.7846 9.1178 24.2118 76.3297 13.7921 25.4549 76.8038 12.7812 21.1577
3 16 77.2526 11.734 13.6247 82.6207 16.4016 12.76 77.3377 11.6289 10
3 16 77.3377 11.6289 10 82.6207 16.4016 12.76 82.8232 16.4417 10
3 16 70.9271 7.879 19.429 77.0698 12.1085 17.3483 71.0101 7.1165 14.7015
3 16 71.0101 7.1165 14.7015 77.0698 12.1085 17.3483 77.2526 11.734 13.6247
3 16 63.5279 3.5039 21.4229 70.9271 7.879 19.429 63.4708 2.4174 15.7392
3 16 63.4708 2.4174 15.7392 70.9271 7.879 19.429 71.0101 7.1165 14.7015
3 16 53.8733 -1.1099 23.6934 63.5279 3.5039 21.4229 53.8744 -2.4264 16.8437
3 16 53.8744 -2.4264 16.8437 63.5279 3.5039 21.4229 63.4708 2.4174 15.7392
3 16 43.8616 -4.7224 25.5631 53.8733 -1.1099 23.6934 43.8644 -6.2363 17.784
3 16 43.8644 -6.2363 17.784 53.8733 -1.1099 23.6934 53.8744 -2.4264 16.8437
3 16 32.6657 -7.6987 26.9186 43.8616 -4.7224 25.5631 32.657 -9.3234 18.4643
3 16 32.657 -9.3234 18.4643 43.8616 -4.7224 25.5631 43.8644 -6.2363 17.784
3 16 22.4099 -9.3452 27.5467 32.6657 -7.6987 26.9186 22.408 -10.9858 18.7849
3 16 22.408 -10.9858 18.7849 32.6657 -7.6987 26.9186 32.657 -9.3234 18.4643
3 16 70.7846 9.1178 -4.2118 70.9271 7.879 0.571 76.8038 12.7812 -1.1577
3 16 76.8038 12.7812 -1.1577 70.9271 7.879 0.571 77.0698 12.1085 2.6517
3 16 63.5014 5.2689 -7.2635 63.5279 3.5039 -1.4229 70.7846 9.1178 -4.2118
3 16 70.7846 9.1178 -4.2118 63.5279 3.5039 -1.4229 70.9271 7.879 0.571
3 16 53.875 1.1287 -10.6932 53.8733 -1.1099 -3.6934 63.5014 5.2689 -7.2635
3 16 63.5014 5.2689 -7.2635 53.8733 -1.1099 -3.6934 63.5279 3.5039 -1.4229
3 16 43.862 -2.1545 -13.4255 43.8616 -4.7224 -5.5631 53.875 1.1287 -10.6932
3 16 53.875 1.1287 -10.6932 43.8616 -4.7224 -5.5631 53.8733 -1.1099 -3.6934
3 16 32.6875 -4.9391 -15.387 32.6657 -7.6993 -6.9161 43.862 -2.1545 -13.4255
3 16 43.862 -2.1545 -13.4255 32.6657 -7.6993 -6.9161 43.8616 -4.7224 -5.5631
3 16 22.4174 -6.5772 -16.2142 22.4099 -9.3474 -7.5381 32.6875 -4.9391 -15.387
3 16 32.6875 -4.9391 -15.387 22.4099 -9.3474 -7.5381 32.6657 -7.6993 -6.9161
3 16 76.3297 13.7921 25.4549 81.1585 16.6042 21.7349 76.8038 12.7812 21.1577
3 16 76.8038 12.7812 21.1577 81.1585 16.6042 21.7349 81.8604 16.3763 18.2716
3 16 76.8038 12.7812 -1.1577 77.0698 12.1085 2.6517 81.8604 16.3763 1.7284
3 16 81.8604 16.3763 1.7284 77.0698 12.1085 2.6517 82.2992 16.3814 4.5416
3 16 76.8038 12.7812 21.1577 81.8604 16.3763 18.2716 77.0698 12.1085 17.3483
3 16 77.0698 12.1085 17.3483 81.8604 16.3763 18.2716 82.2978 16.3814 15.4674
3 16 70.7846 9.1178 24.2118 76.8038 12.7812 21.1577 70.9271 7.879 19.429
3 16 70.9271 7.879 19.429 76.8038 12.7812 21.1577 77.0698 12.1085 17.3483
3 16 63.5014 5.2689 27.2635 70.7846 9.1178 24.2118 63.5279 3.5039 21.4229
3 16 63.5279 3.5039 21.4229 70.7846 9.1178 24.2118 70.9271 7.879 19.429
3 16 53.875 1.1287 30.6932 63.5014 5.2689 27.2635 53.8733 -1.1099 23.6934
3 16 53.8733 -1.1099 23.6934 63.5014 5.2689 27.2635 63.5279 3.5039 21.4229
3 16 43.862 -2.1545 33.4255 53.875 1.1287 30.6932 43.8616 -4.7224 25.5631
3 16 43.8616 -4.7224 25.5631 53.875 1.1287 30.6932 53.8733 -1.1099 23.6934
3 16 32.6875 -4.9391 35.3869 43.862 -2.1545 33.4255 32.6657 -7.6987 26.9186
3 16 32.6657 -7.6987 26.9186 43.862 -2.1545 33.4255 43.8616 -4.7224 25.5631
3 16 22.4174 -6.5772 36.2142 32.6875 -4.9391 35.3869 22.4099 -9.3452 27.5467
3 16 22.4099 -9.3452 27.5467 32.6875 -4.9391 35.3869 32.6657 -7.6987 26.9186
3 16 81.8604 16.3763 1.7284 81.1585 16.6042 -1.7348 76.8038 12.7812 -1.1577
3 16 76.8038 12.7812 -1.1577 81.1585 16.6042 -1.7348 76.3297 13.7921 -5.4549
3 16 76.8038 12.7812 -1.1577 76.3297 13.7921 -5.4549 70.7846 9.1178 -4.2118
3 16 70.7846 9.1178 -4.2118 76.3297 13.7921 -5.4549 70.6202 10.8413 -9.1741
3 16 70.7846 9.1178 -4.2118 70.6202 10.8413 -9.1741 63.5014 5.2689 -7.2635
3 16 63.5014 5.2689 -7.2635 70.6202 10.8413 -9.1741 63.571 7.77 -13.0948
3 16 63.5014 5.2689 -7.2635 63.571 7.77 -13.0948 53.875 1.1287 -10.6932
3 16 53.875 1.1287 -10.6932 63.571 7.77 -13.0948 53.8614 4.2361 -17.5815
3 16 53.875 1.1287 -10.6932 53.8614 4.2361 -17.5815 43.862 -2.1545 -13.4255
3 16 43.862 -2.1545 -13.4255 53.8614 4.2361 -17.5815 43.8736 1.4178 -21.1351
3 16 43.862 -2.1545 -13.4255 43.8736 1.4178 -21.1351 32.6875 -4.9391 -15.387
3 16 32.6875 -4.9391 -15.387 43.8736 1.4178 -21.1351 32.8948 -0.8139 -23.9734
3 16 22.8189 -2.0479 -25.541 22.4174 -6.5772 -16.2142 32.8948 -0.8139 -23.9734
3 16 32.8948 -0.8139 -23.9734 22.4174 -6.5772 -16.2142 32.6875 -4.9391 -15.387
3 16 85.7011 19.4392 14.182 82.2978 16.3814 15.4674 84.9029 18.9408 16.4766
3 16 84.9029 18.9408 16.4766 82.2978 16.3814 15.4674 81.8604 16.3763 18.2716
3 16 82.6207 16.4016 12.76 86.1031 19.6992 12.1723 82.8232 16.4417 10
3 16 82.8232 16.4417 10 86.1031 19.6992 12.1723 86.2501 19.8137 10
3 16 85.7011 19.4392 5.8181 84.9029 18.9408 3.5234 82.2992 16.3814 4.5416
3 16 82.2992 16.3814 4.5416 84.9029 18.9408 3.5234 81.8604 16.3763 1.7284
3 16 84.9029 18.9408 16.4766 81.8604 16.3763 18.2716 84.302 18.5439 17.7126
3 16 81.8604 16.3763 18.2716 83.4596 17.9937 19.0965 84.302 18.5439 17.7126
3 16 81.1585 16.6042 -1.7348 81.8604 16.3763 1.7284 83.4596 17.9937 0.9035
3 16 13.9163 -4.25 -6.25 13.9163 -9.9017 -7.7548 13.9163 -7.0645 -16.7362
3 16 13.9163 -4.25 10 13.9163 -4.25 26.25 13.9163 -11.5013 18.8949
3 16 13.9163 -11.5013 18.8949 13.9163 -4.25 26.25 13.9163 -9.9017 27.7548
3 16 13.9163 -4.25 10 13.9163 -11.5255 1.0654 13.9163 -4.25 -6.25
3 16 13.9163 -4.25 -6.25 13.9163 -11.5255 1.0654 13.9163 -9.9017 -7.7548
3 16 13.9163 -4.25 -6.25 13.9163 -7.0645 -16.7362 13.9163 -2.265 -26.1847
3 16 13.9163 -7.0645 36.7362 13.9163 -4.25 26.25 13.9163 -2.6614 46.1833
3 16 13.9163 -9.9017 27.7548 13.9163 -4.25 26.25 13.9163 -7.0645 36.7362
3 16 13.9163 -4.25 10 13.9163 -11.5013 18.8949 13.9163 -12.0615 10
3 16 13.9163 -4.25 10 13.9163 -12.0615 10 13.9163 -11.5255 1.0654
3 16 14.7381 0 49.9034 13.9163 0 46.1983 10 -0.0006 49.9998
3 16 14.7381 0 -29.904 10 -0.0006 -29.9998 13.9163 0 -26.1929
3 16 81.8604 16.3763 18.2716 81.1585 16.6042 21.7349 83.4596 17.9937 19.0965
3 16 83.4381 18.75 19.141 83.4596 17.9937 19.0965 81.2434 18.75 21.6706
3 16 81.2434 18.75 21.6706 83.4596 17.9937 19.0965 81.1585 16.6042 21.7349
3 16 87.0804 18.75 20.1706 83.4381 18.75 19.141 83.8697 18.7302 24.2496
3 16 83.8697 18.7302 24.2496 83.4381 18.75 19.141 81.2434 18.75 21.6706
3 16 84.9029 18.9408 3.5234 84.302 18.5439 2.2874 81.8604 16.3763 1.7284
3 16 83.4596 17.9937 0.9035 81.8604 16.3763 1.7284 84.302 18.5439 2.2874
3 16 83.4596 17.9937 0.9035 84.302 18.5439 2.2874 83.4374 18.75 0.8594
3 16 83.4374 18.75 0.8594 84.302 18.5439 2.2874 84.414 18.75 2.4964
3 16 87.0804 18.75 -0.1706 83.4374 18.75 0.8594 84.414 18.75 2.4964
3 16 10 -0.0006 49.9998 13.9163 0 46.1983 10 0 30
3 16 10 0 30 13.9163 0 46.1983 13.9163 0 26.2644
3 16 13.9163 0 -6.2644 10 0 -10 9.9852 0 -6.25
3 16 73.5752 4.977 4.2088 82.0438 11.674 4.961 73.7509 4.7062 10
3 16 73.7509 4.7062 10 82.0438 11.674 4.961 82.4438 11.7328 10
3 16 64.0202 -1.0876 2.9215 73.5752 4.977 4.2088 64.0086 -1.6023 10
3 16 64.0086 -1.6023 10 73.5752 4.977 4.2088 73.7509 4.7062 10
3 16 53.9506 -6.1014 1.7138 64.0202 -1.0876 2.9215 53.9326 -6.7053 10
3 16 53.9326 -6.7053 10 64.0202 -1.0876 2.9215 64.0086 -1.6023 10
3 16 43.9036 -9.9051 0.8259 53.9506 -6.1014 1.7138 43.8881 -10.5652 10.0001
3 16 43.8881 -10.5652 10.0001 53.9506 -6.1014 1.7138 53.9326 -6.7053 10
3 16 32.8849 -12.8563 0.1303 43.9036 -9.9051 0.8259 32.8716 -13.5576 10.0003
3 16 32.8716 -13.5576 10.0003 43.9036 -9.9051 0.8259 43.8881 -10.5652 10.0001
3 16 22.8475 -14.5168 -0.2661 32.8849 -12.8563 0.1303 22.8384 -15.233 10.0011
3 16 22.8384 -15.233 10.0011 32.8849 -12.8563 0.1303 32.8716 -13.5576 10.0003
3 16 82.0438 11.674 15.039 81.3964 11.8781 19.3736 73.5752 4.977 15.7912
3 16 73.5752 4.977 15.7912 81.3964 11.8781 19.3736 73.1813 5.8242 21.4611
3 16 73.5752 4.977 15.7912 73.1813 5.8242 21.4611 64.0202 -1.0876 17.0787
3 16 64.0202 -1.0876 17.0787 73.1813 5.8242 21.4611 63.9908 0.3659 24.0116
3 16 64.0202 -1.0876 17.0787 63.9908 0.3659 24.0116 53.9505 -6.1015 18.286
3 16 53.9505 -6.1015 18.286 63.9908 0.3659 24.0116 53.9434 -4.3473 26.4065
3 16 53.9505 -6.1015 18.286 53.9434 -4.3473 26.4065 43.9036 -9.9051 19.1742
3 16 43.9036 -9.9051 19.1742 53.9434 -4.3473 26.4065 43.9043 -7.9643 28.1712
3 16 32.8849 -12.8563 19.8699 32.8917 -10.7905 29.553 22.8476 -14.5167 20.2667
3 16 22.8476 -14.5167 20.2667 32.8917 -10.7905 29.553 22.8552 -12.4026 30.3416
3 16 73.1813 5.8242 -1.4611 81.3964 11.8781 0.6264 73.5752 4.977 4.2088
3 16 73.5752 4.977 4.2088 81.3964 11.8781 0.6264 82.0438 11.674 4.961
3 16 63.9908 0.3659 -4.0114 73.1813 5.8242 -1.4611 64.0202 -1.0876 2.9215
3 16 64.0202 -1.0876 2.9215 73.1813 5.8242 -1.4611 73.5752 4.977 4.2088
3 16 53.9437 -4.3471 -6.4066 63.9908 0.3659 -4.0114 53.9506 -6.1014 1.7138
3 16 53.9506 -6.1014 1.7138 63.9908 0.3659 -4.0114 64.0202 -1.0876 2.9215
3 16 43.9043 -7.9643 -8.1712 53.9437 -4.3471 -6.4066 43.9036 -9.9051 0.8259
3 16 43.9036 -9.9051 0.8259 53.9437 -4.3471 -6.4066 53.9506 -6.1014 1.7138
3 16 32.8916 -10.7905 -9.5531 43.9043 -7.9643 -8.1712 32.8849 -12.8563 0.1303
3 16 32.8849 -12.8563 0.1303 43.9043 -7.9643 -8.1712 43.9036 -9.9051 0.8259
3 16 22.8551 -12.4025 -10.3421 32.8916 -10.7905 -9.5531 22.8475 -14.5168 -0.2661
3 16 22.8475 -14.5168 -0.2661 32.8916 -10.7905 -9.5531 32.8849 -12.8563 0.1303
3 16 73.1813 5.8242 21.4611 72.8703 7.2172 26.6316 63.9908 0.3659 24.0116
3 16 63.9908 0.3659 24.0116 72.8703 7.2172 26.6316 63.97 2.4895 30.311
3 16 53.9528 -1.7593 33.7632 53.9434 -4.3473 26.4065 63.97 2.4895 30.311
3 16 63.97 2.4895 30.311 53.9434 -4.3473 26.4065 63.9908 0.3659 24.0116
3 16 43.9247 -5.0751 36.3133 43.9043 -7.9643 28.1712 53.9528 -1.7593 33.7632
3 16 53.9528 -1.7593 33.7632 43.9043 -7.9643 28.1712 53.9434 -4.3473 26.4065
3 16 32.9203 -7.6934 38.311 32.8917 -10.7905 29.553 43.9247 -5.0751 36.3133
3 16 43.9247 -5.0751 36.3133 32.8917 -10.7905 29.553 43.9043 -7.9643 28.1712
3 16 22.8694 -9.2052 39.4514 22.8552 -12.4026 30.3416 32.9203 -7.6934 38.311
3 16 32.9203 -7.6934 38.311 22.8552 -12.4026 30.3416 32.8917 -10.7905 29.553
3 16 88.6149 18.2229 3.1754 82.0438 11.674 4.961 87.0233 17.2419 -0.1605
3 16 87.0233 17.2419 -0.1605 82.0438 11.674 4.961 81.3964 11.8781 0.6264
3 16 81.3964 11.8781 19.3736 82.0438 11.674 15.039 87.0248 17.2419 20.1615
3 16 87.0248 17.2419 20.1615 82.0438 11.674 15.039 88.6149 18.1684 16.8217
3 16 89.4305 18.7753 6.2766 82.0438 11.674 4.961 88.6149 18.2229 3.1754
3 16 88.6149 18.1684 16.8217 82.0438 11.674 15.039 89.4305 18.774 13.7233
3 16 89.8269 19.0417 10 82.4438 11.7328 10 89.4305 18.7753 6.2766
3 16 89.4305 18.7753 6.2766 82.4438 11.7328 10 82.0438 11.674 4.961
3 16 82.0438 11.674 15.039 82.4438 11.7328 10 89.4305 18.774 13.7233
3 16 89.4305 18.774 13.7233 82.4438 11.7328 10 89.8269 19.0417 10
3 16 72.7751 9.3832 32.0498 72.8703 7.2172 26.6316 78.9043 12.5199 28.0226
3 16 78.9043 12.5199 28.0226 72.8703 7.2172 26.6316 80.1486 12.0599 23.8125
3 16 72.7751 9.3832 -12.0498 78.9066 12.5197 -8.0258 72.8703 7.2172 -6.6316
3 16 72.8703 7.2172 -6.6316 78.9066 12.5197 -8.0258 80.1486 12.0599 -3.8125
3 16 72.8703 7.2172 -6.6316 80.1486 12.0599 -3.8125 73.1813 5.8242 -1.4611
3 16 73.1813 5.8242 -1.4611 80.1486 12.0599 -3.8125 81.3964 11.8781 0.6264
3 16 72.8703 7.2172 26.6316 73.1813 5.8242 21.4611 80.1486 12.0599 23.8125
3 16 80.1486 12.0599 23.8125 73.1813 5.8242 21.4611 81.3964 11.8781 19.3736
3 16 87.0233 17.2419 -0.1605 81.3964 11.8781 0.6264 83.7791 15.2706 -4.1668
3 16 83.7791 15.2706 -4.1668 81.3964 11.8781 0.6264 80.1486 12.0599 -3.8125
3 16 80.1486 12.0599 23.8125 81.3964 11.8781 19.3736 83.7799 15.2677 24.1669
3 16 83.7799 15.2677 24.1669 81.3964 11.8781 19.3736 87.0248 17.2419 20.1615
3 16 83.7791 15.2706 -4.1668 80.1486 12.0599 -3.8125 78.9066 12.5197 -8.0258
3 16 80.1486 12.0599 23.8125 83.7799 15.2677 24.1669 78.9043 12.5199 28.0226
3 16 14.8415 -13.0327 -10.713 10 -13.1919 -10.5948 14.843 -9.7812 -19.9834
3 16 14.843 -9.7812 -19.9834 10 -13.1919 -10.5948 10 -9.8152 -20.2331
3 16 14.8261 -15.8881 10.0022 14.8339 -15.1687 20.4557 10 -15.996 10.0008
3 16 10 -15.996 10.0008 14.8339 -15.1687 20.4557 10 -15.2727 20.5091
3 16 14.843 -9.7812 -19.9834 10 -9.8152 -20.2331 14.804 -4.803 -29.7134
3 16 14.804 -4.803 -29.7134 10 -9.8152 -20.2331 10 -4.9037 -29.8286
3 16 14.8432 -9.7824 39.9807 14.8039 -4.803 49.7115 10 -9.8142 40.2323
3 16 10 -9.8142 40.2323 14.8039 -4.803 49.7115 10 -4.9037 49.8286
3 16 14.8261 -15.8881 10.0022 10 -15.996 10.0008 14.8335 -15.1689 -0.4543
3 16 14.8335 -15.1689 -0.4543 10 -15.996 10.0008 10 -15.275 -0.5079
3 16 14.8419 -13.0329 30.7122 10 -13.1896 30.5949 14.8339 -15.1687 20.4557
3 16 14.8339 -15.1687 20.4557 10 -13.1896 30.5949 10 -15.2727 20.5091
3 16 14.8415 -13.0327 -10.713 14.8335 -15.1689 -0.4543 10 -13.1919 -10.5948
3 16 10 -13.1919 -10.5948 14.8335 -15.1689 -0.4543 10 -15.275 -0.5079
3 16 14.8419 -13.0329 30.7122 14.8432 -9.7824 39.9807 10 -13.1896 30.5949
3 16 10 -13.1896 30.5949 14.8432 -9.7824 39.9807 10 -9.8142 40.2323
3 16 10 -15.2727 20.5091 10 -8 10 10 -15.996 10.0008
3 16 10 -15.996 10.0008 10 -8 10 10 -15.275 -0.5079
3 16 10 -8 10 10 -8 -10 10 -15.275 -0.5079
3 16 10 -15.275 -0.5079 10 -8 -10 10 -13.1919 -10.5948
3 16 10 0 30 10 -8 30 10 -9.8142 40.2323
3 16 10 -9.8142 40.2323 10 -8 30 10 -13.1896 30.5949
3 16 10 -13.1919 -10.5948 10 -8 -10 10 -9.8152 -20.2331
3 16 10 -9.8152 -20.2331 10 -8 -10 10 0 -10
3 16 10 -13.1896 30.5949 10 -8 30 10 -15.2727 20.5091
3 16 10 -15.2727 20.5091 10 -8 30 10 -8 10
3 16 10 0 -10 10 -0.0006 -29.9998 10 -9.8152 -20.2331
3 16 10 -9.8152 -20.2331 10 -0.0006 -29.9998 10 -4.9037 -29.8286
3 16 10 0 30 10 -9.8142 40.2323 10 -0.0006 49.9998
3 16 10 -0.0006 49.9998 10 -9.8142 40.2323 10 -4.9037 49.8286
3 16 -10 0 30 10 0 30 -6.25 0 26.25
3 16 -6.25 0 26.25 10 0 30 6.25 0.0001 26.25
3 16 10 0 -10 6.25 0.0001 -6.25 9.9852 0 -6.25
3 16 63.8989 5.467 37.0007 72.7751 9.3832 32.0498 63.8825 15.0034 37.391
3 16 63.8825 15.0034 37.391 72.7751 9.3832 32.0498 70 19.2 34.176
3 16 78.9066 12.5197 -8.0258 77.8777 21.9375 -9.1722 78.9928 20.2172 -8.3037
3 16 78.9928 20.2172 -8.3037 77.8777 21.9375 -9.1722 78.9228 22.5488 -8.4552
3 16 77.8777 21.9375 -9.1722 78.9066 12.5197 -8.0258 74.547 22.0421 -11.4785
3 16 74.547 22.0421 -11.4785 78.9066 12.5197 -8.0258 72.7751 9.3832 -12.0498
3 16 70.0111 22.3807 -14.115 71.6016 22.3248 -13.258 70 19.2 -14.176
3 16 70 19.2 -14.176 71.6016 22.3248 -13.258 72.7751 9.3832 -12.0498
3 16 78.9229 22.5488 28.4552 78.5777 23.54 28.7466 77.8772 21.9376 29.1717
3 16 77.8772 21.9376 29.1717 78.5777 23.54 28.7466 77.6523 24 29.4233
3 16 74.8209 24 31.3899 74.5469 22.0421 31.4783 77.6523 24 29.4233
3 16 77.6523 24 29.4233 74.5469 22.0421 31.4783 77.8772 21.9376 29.1717
3 16 71.602 22.3248 33.2588 74.5469 22.0421 31.4783 71.7396 24 33.2159
3 16 71.7396 24 33.2159 74.5469 22.0421 31.4783 74.8209 24 31.3899
3 16 71.7396 24 33.2159 70.4432 23.4566 33.8668 71.602 22.3248 33.2588
3 16 71.602 22.3248 33.2588 70.4432 23.4566 33.8668 70.0111 22.3807 34.115
3 16 72.7751 9.3832 -12.0498 71.6016 22.3248 -13.258 74.547 22.0421 -11.4785
3 16 72.7751 9.3832 32.0498 71.602 22.3248 33.2588 70 19.2 34.176
3 16 70 19.2 34.176 71.602 22.3248 33.2588 70.0111 22.3807 34.115
3 16 70.6202 10.8413 29.1741 70 19.2 29.6044 72.0394 20.1468 28.3376
3 16 70.0059 19.1982 -9.6033 63.8737 15.0611 -12.9988 70.6202 10.8413 -9.1741
3 16 70.6202 10.8413 -9.1741 63.8737 15.0611 -12.9988 63.571 7.77 -13.0948
3 16 14.8432 -9.7824 39.9807 14.8419 -13.0329 30.7122 22.8694 -9.2052 39.4514
3 16 22.8694 -9.2052 39.4514 14.8419 -13.0329 30.7122 22.8552 -12.4026 30.3416
3 16 22.8476 -14.5167 20.2667 22.8552 -12.4026 30.3416 14.8339 -15.1687 20.4557
3 16 14.8339 -15.1687 20.4557 22.8552 -12.4026 30.3416 14.8419 -13.0329 30.7122
3 16 22.8384 -15.233 10.0011 22.8476 -14.5167 20.2667 14.8261 -15.8881 10.0022
3 16 14.8261 -15.8881 10.0022 22.8476 -14.5167 20.2667 14.8339 -15.1687 20.4557
3 16 14.8335 -15.1689 -0.4543 22.8475 -14.5168 -0.2661 14.8261 -15.8881 10.0022
3 16 14.8261 -15.8881 10.0022 22.8475 -14.5168 -0.2661 22.8384 -15.233 10.0011
3 16 14.8415 -13.0327 -10.713 22.8551 -12.4025 -10.3421 14.8335 -15.1689 -0.4543
3 16 14.8335 -15.1689 -0.4543 22.8551 -12.4025 -10.3421 22.8475 -14.5168 -0.2661
3 16 22.8551 -12.4025 -10.3421 14.8415 -13.0327 -10.713 22.8693 -9.2046 -19.4527
3 16 22.8693 -9.2046 -19.4527 14.8415 -13.0327 -10.713 14.843 -9.7812 -19.9834
3 16 22.8693 -9.2046 -19.4527 14.843 -9.7812 -19.9834 22.8396 -4.3122 -29.1373
3 16 22.8396 -4.3122 -29.1373 14.843 -9.7812 -19.9834 14.804 -4.803 -29.7134
3 16 14.804 -4.803 -29.7134 14.7381 0 -29.904 22.8396 -4.3122 -29.1373
3 16 22.8396 -4.3122 -29.1373 14.7381 0 -29.904 22.7459 0.4983 -29.318
3 16 22.7459 0.4983 -29.318 14.7381 0 -29.904 22.8475 0.5311 -25.5463
3 16 22.8475 0.5311 -25.5463 14.7381 0 -29.904 13.9163 0 -26.1929
3 16 22.8475 0.5311 -25.5463 13.9163 0 -26.1929 22.8189 -2.0479 -25.541
3 16 22.8189 -2.0479 -25.541 13.9163 0 -26.1929 13.9163 -2.265 -26.1847
3 16 13.9163 -2.265 -26.1847 13.9163 -7.0645 -16.7362 22.8189 -2.0479 -25.541
3 16 22.8189 -2.0479 -25.541 13.9163 -7.0645 -16.7362 22.4174 -6.5772 -16.2142
3 16 22.4099 -9.3474 -7.5381 22.4174 -6.5772 -16.2142 13.9163 -9.9017 -7.7548
3 16 13.9163 -9.9017 -7.7548 22.4174 -6.5772 -16.2142 13.9163 -7.0645 -16.7362
3 16 22.408 -10.9855 1.2129 22.4099 -9.3474 -7.5381 13.9163 -11.5255 1.0654
3 16 13.9163 -11.5255 1.0654 22.4099 -9.3474 -7.5381 13.9163 -9.9017 -7.7548
3 16 22.4074 -11.5365 10.0022 22.408 -10.9855 1.2129 13.9163 -12.0615 10
3 16 13.9163 -12.0615 10 22.408 -10.9855 1.2129 13.9163 -11.5255 1.0654
3 16 13.9163 -11.5013 18.8949 22.408 -10.9858 18.7849 13.9163 -12.0615 10
3 16 13.9163 -12.0615 10 22.408 -10.9858 18.7849 22.4074 -11.5365 10.0022
3 16 13.9163 -9.9017 27.7548 22.4099 -9.3452 27.5467 13.9163 -11.5013 18.8949
3 16 13.9163 -11.5013 18.8949 22.4099 -9.3452 27.5467 22.408 -10.9858 18.7849
3 16 13.9163 -7.0645 36.7362 22.4174 -6.5772 36.2142 13.9163 -9.9017 27.7548
3 16 13.9163 -9.9017 27.7548 22.4174 -6.5772 36.2142 22.4099 -9.3452 27.5467
3 16 13.9163 -2.6614 46.1833 22.8186 -2.0465 45.5407 13.9163 -7.0645 36.7362
3 16 13.9163 -7.0645 36.7362 22.8186 -2.0465 45.5407 22.4174 -6.5772 36.2142
3 16 22.8474 0.5316 45.5462 22.8186 -2.0465 45.5407 13.9163 0 46.1983
3 16 13.9163 0 46.1983 22.8186 -2.0465 45.5407 13.9163 -2.6614 46.1833
3 16 22.7455 0.5029 49.3191 22.8474 0.5316 45.5462 14.7381 0 49.9034
3 16 14.7381 0 49.9034 22.8474 0.5316 45.5462 13.9163 0 46.1983
3 16 14.8039 -4.803 49.7115 22.8399 -4.3133 49.1369 14.7381 0 49.9034
3 16 14.7381 0 49.9034 22.8399 -4.3133 49.1369 22.7455 0.5029 49.3191
3 16 22.8694 -9.2052 39.4514 22.8399 -4.3133 49.1369 14.8432 -9.7824 39.9807
3 16 14.8432 -9.7824 39.9807 22.8399 -4.3133 49.1369 14.8039 -4.803 49.7115
3 16 10 -8 10 10 -8 30 -10 -8 30
3 16 10 -4.25 26.25 13.9163 -4.25 10 10 -4.25 -6.25
3 16 10 -4.25 -6.25 13.9163 -4.25 10 13.9163 -4.25 -6.25
3 16 77.2526 11.734 6.3753 77.3377 11.6289 10 82.621 16.4017 7.2444
3 16 82.621 16.4017 7.2444 77.3377 11.6289 10 82.8232 16.4417 10
3 16 82.621 16.4017 7.2444 82.8232 16.4417 10 86.103 19.6992 7.8278
3 16 86.103 19.6992 7.8278 82.8232 16.4417 10 86.2501 19.8137 10
3 16 77.0698 12.1085 2.6517 77.2526 11.734 6.3753 82.2992 16.3814 4.5416
3 16 82.2992 16.3814 4.5416 77.2526 11.734 6.3753 82.621 16.4017 7.2444
3 16 82.2992 16.3814 4.5416 82.621 16.4017 7.2444 85.7011 19.4392 5.8181
3 16 85.7011 19.4392 5.8181 82.621 16.4017 7.2444 86.103 19.6992 7.8278
3 16 82.6207 16.4016 12.76 77.2526 11.734 13.6247 82.2978 16.3814 15.4674
3 16 82.2978 16.3814 15.4674 77.2526 11.734 13.6247 77.0698 12.1085 17.3483
3 16 86.1031 19.6992 12.1723 82.6207 16.4016 12.76 85.7011 19.4392 14.182
3 16 85.7011 19.4392 14.182 82.6207 16.4016 12.76 82.2978 16.3814 15.4674
3 16 0 -5.25 13.9382 1.9691 -5.25 13.4106 0 0 13.9382
3 16 0 0 13.9382 1.9691 -5.25 13.4106 1.9691 0 13.4106
3 16 -1.9691 -5.25 13.4106 0 -5.25 13.9382 -1.9691 0 13.4106
3 16 -1.9691 0 13.4106 0 -5.25 13.9382 0 0 13.9382
3 16 -3.4106 -5.25 11.9691 -1.9691 -5.25 13.4106 -3.4106 0 11.9691
3 16 -3.4106 0 11.9691 -1.9691 -5.25 13.4106 -1.9691 0 13.4106
3 16 -3.9382 -5.25 10 -3.4106 -5.25 11.9691 -3.9382 0 10
3 16 -3.9382 0 10 -3.4106 -5.25 11.9691 -3.4106 0 11.9691
3 16 -3.4106 -5.25 8.0309 -3.9382 -5.25 10 -3.4106 0 8.0309
3 16 -3.4106 0 8.0309 -3.9382 -5.25 10 -3.9382 0 10
3 16 -1.9691 -5.25 6.5894 -3.4106 -5.25 8.0309 -1.9691 0 6.5894
3 16 -1.9691 0 6.5894 -3.4106 -5.25 8.0309 -3.4106 0 8.0309
3 16 0 -5.25 6.0618 -1.9691 -5.25 6.5894 0 0 6.0618
3 16 0 0 6.0618 -1.9691 -5.25 6.5894 -1.9691 0 6.5894
3 16 1.9691 -5.25 6.5894 0 -5.25 6.0618 1.9691 0 6.5894
3 16 1.9691 0 6.5894 0 -5.25 6.0618 0 0 6.0618
3 16 3.4106 -5.25 8.0309 1.9691 -5.25 6.5894 3.4106 0 8.0309
3 16 3.4106 0 8.0309 1.9691 -5.25 6.5894 1.9691 0 6.5894
3 16 3.9382 -5.25 10 3.4106 -5.25 8.0309 3.9382 0 10
3 16 3.9382 0 10 3.4106 -5.25 8.0309 3.4106 0 8.0309
3 16 3.4106 -5.25 11.9691 3.9382 -5.25 10 3.4106 0 11.9691
3 16 3.4106 0 11.9691 3.9382 -5.25 10 3.9382 0 10
3 16 3.4106 0 11.9691 1.9691 0 13.4106 3.4106 -5.25 11.9691
3 16 3.4106 -5.25 11.9691 1.9691 0 13.4106 1.9691 -5.25 13.4106
3 16 1.9691 0 13.4106 0 0 10 0 0 13.9382
3 16 0 0 10 1.9691 0 13.4106 3.4106 0 11.9691
3 16 0 0 10 3.4106 0 11.9691 3.9382 0 10
3 16 0 0 10 3.9382 0 10 3.4106 0 8.0309
3 16 0 0 10 3.4106 0 8.0309 1.9691 0 6.5894
3 16 0 0 10 1.9691 0 6.5894 0 0 6.0618
3 16 0 0 10 0 0 6.0618 -1.9691 0 6.5894
3 16 0 0 10 -1.9691 0 6.5894 -3.4106 0 8.0309
3 16 0 0 10 -3.4106 0 8.0309 -3.9382 0 10
3 16 0 0 10 -3.9382 0 10 -3.4106 0 11.9691
3 16 0 0 10 -3.4106 0 11.9691 -1.9691 0 13.4106
3 16 0 0 10 -1.9691 0 13.4106 0 0 13.9382
3 16 0 -12.45 20 5.4144 -12.45 23.126 3.126 -12.45 25.4144
3 16 3.126 -12.45 25.4144 0 -12.45 26.252 0 -12.45 20
3 16 0 -12.45 26.252 -3.126 -12.45 25.4144 0 -12.45 20
3 16 -3.126 -12.45 25.4144 -5.4144 -12.45 23.126 0 -12.45 20
3 16 -5.4144 -12.45 23.126 -6.252 -12.45 20 0 -12.45 20
3 16 -6.252 -12.45 20 -5.4144 -12.45 16.874 0 -12.45 20
3 16 -5.4144 -12.45 16.874 -3.126 -12.45 14.5856 0 -12.45 20
3 16 -3.126 -12.45 14.5856 0 -12.45 13.748 0 -12.45 20
3 16 0 -12.45 13.748 3.126 -12.45 14.5856 0 -12.45 20
3 16 3.126 -12.45 14.5856 5.4144 -12.45 16.874 0 -12.45 20
3 16 5.4144 -12.45 16.874 6.252 -12.45 20 0 -12.45 20
3 16 6.252 -12.45 20 5.4144 -12.45 23.126 0 -12.45 20
3 16 5.4144 -8 23.126 3.126 -8 25.4144 5.4144 -12.45 23.126
3 16 5.4144 -12.45 23.126 3.126 -8 25.4144 3.126 -12.45 25.4144
3 16 3.126 -8 25.4144 0 -8 26.252 3.126 -12.45 25.4144
3 16 3.126 -12.45 25.4144 0 -8 26.252 0 -12.45 26.252
3 16 0 -8 26.252 -3.126 -8 25.4144 0 -12.45 26.252
3 16 0 -12.45 26.252 -3.126 -8 25.4144 -3.126 -12.45 25.4144
3 16 -3.126 -8 25.4144 -5.4144 -8 23.126 -3.126 -12.45 25.4144
3 16 -3.126 -12.45 25.4144 -5.4144 -8 23.126 -5.4144 -12.45 23.126
3 16 -5.4144 -8 23.126 -6.252 -8 20 -5.4144 -12.45 23.126
3 16 -5.4144 -12.45 23.126 -6.252 -8 20 -6.252 -12.45 20
3 16 -6.252 -8 20 -5.4144 -8 16.874 -6.252 -12.45 20
3 16 -6.252 -12.45 20 -5.4144 -8 16.874 -5.4144 -12.45 16.874
3 16 -5.4144 -8 16.874 -3.126 -8 14.5856 -5.4144 -12.45 16.874
3 16 -5.4144 -12.45 16.874 -3.126 -8 14.5856 -3.126 -12.45 14.5856
3 16 -3.126 -8 14.5856 0 -8 13.748 -3.126 -12.45 14.5856
3 16 -3.126 -12.45 14.5856 0 -8 13.748 0 -12.45 13.748
3 16 0 -8 13.748 3.126 -8 14.5856 0 -12.45 13.748
3 16 0 -12.45 13.748 3.126 -8 14.5856 3.126 -12.45 14.5856
3 16 3.126 -8 14.5856 5.4144 -8 16.874 3.126 -12.45 14.5856
3 16 3.126 -12.45 14.5856 5.4144 -8 16.874 5.4144 -12.45 16.874
3 16 5.4144 -8 16.874 6.252 -8 20 5.4144 -12.45 16.874
3 16 5.4144 -12.45 16.874 6.252 -8 20 6.252 -12.45 20
3 16 6.252 -8 20 5.4144 -8 23.126 6.252 -12.45 20
3 16 6.252 -12.45 20 5.4144 -8 23.126 5.4144 -12.45 23.126
3 16 0 -12.45 0 5.4144 -12.45 3.126 3.126 -12.45 5.4144
3 16 3.126 -12.45 5.4144 0 -12.45 6.252 0 -12.45 0
3 16 0 -12.45 6.252 -3.126 -12.45 5.4144 0 -12.45 0
3 16 -3.126 -12.45 5.4144 -5.4144 -12.45 3.126 0 -12.45 0
3 16 -5.4144 -12.45 3.126 -6.252 -12.45 0 0 -12.45 0
3 16 -6.252 -12.45 0 -5.4144 -12.45 -3.126 0 -12.45 0
3 16 -5.4144 -12.45 -3.126 -3.126 -12.45 -5.4144 0 -12.45 0
3 16 -3.126 -12.45 -5.4144 0 -12.45 -6.252 0 -12.45 0
3 16 0 -12.45 -6.252 3.126 -12.45 -5.4144 0 -12.45 0
3 16 3.126 -12.45 -5.4144 5.4144 -12.45 -3.126 0 -12.45 0
3 16 5.4144 -12.45 -3.126 6.252 -12.45 0 0 -12.45 0
3 16 6.252 -12.45 0 5.4144 -12.45 3.126 0 -12.45 0
3 16 5.4144 -8 3.126 3.126 -8 5.4144 5.4144 -12.45 3.126
3 16 5.4144 -12.45 3.126 3.126 -8 5.4144 3.126 -12.45 5.4144
3 16 3.126 -8 5.4144 0 -8 6.252 3.126 -12.45 5.4144
3 16 3.126 -12.45 5.4144 0 -8 6.252 0 -12.45 6.252
3 16 0 -8 6.252 -3.126 -8 5.4144 0 -12.45 6.252
3 16 0 -12.45 6.252 -3.126 -8 5.4144 -3.126 -12.45 5.4144
3 16 -3.126 -8 5.4144 -5.4144 -8 3.126 -3.126 -12.45 5.4144
3 16 -3.126 -12.45 5.4144 -5.4144 -8 3.126 -5.4144 -12.45 3.126
3 16 -5.4144 -8 3.126 -6.252 -8 0 -5.4144 -12.45 3.126
3 16 -5.4144 -12.45 3.126 -6.252 -8 0 -6.252 -12.45 0
3 16 -6.252 -8 0 -5.4144 -8 -3.126 -6.252 -12.45 0
3 16 -6.252 -12.45 0 -5.4144 -8 -3.126 -5.4144 -12.45 -3.126
3 16 -5.4144 -8 -3.126 -3.126 -8 -5.4144 -5.4144 -12.45 -3.126
3 16 -5.4144 -12.45 -3.126 -3.126 -8 -5.4144 -3.126 -12.45 -5.4144
3 16 -3.126 -8 -5.4144 0 -8 -6.252 -3.126 -12.45 -5.4144
3 16 -3.126 -12.45 -5.4144 0 -8 -6.252 0 -12.45 -6.252
3 16 0 -8 -6.252 3.126 -8 -5.4144 0 -12.45 -6.252
3 16 0 -12.45 -6.252 3.126 -8 -5.4144 3.126 -12.45 -5.4144
3 16 3.126 -8 -5.4144 5.4144 -8 -3.126 3.126 -12.45 -5.4144
3 16 3.126 -12.45 -5.4144 5.4144 -8 -3.126 5.4144 -12.45 -3.126
3 16 5.4144 -8 -3.126 6.252 -8 0 5.4144 -12.45 -3.126
3 16 5.4144 -12.45 -3.126 6.252 -8 0 6.252 -12.45 0
3 16 6.252 -8 0 5.4144 -8 3.126 6.252 -12.45 0
3 16 6.252 -12.45 0 5.4144 -8 3.126 5.4144 -12.45 3.126
2 24 88.8082 24 16.8786 88.3537 23.65 18.0075
2 24 88.3537 23.65 18.0075 88.0578 22.5166 18.5761
2 24 88.0578 22.5166 18.5761 87.9202 20.2782 18.6854
2 24 87.9202 20.2782 18.6854 87.6508 19.2015 19.1513
2 24 88.8082 24 16.8786 89.6087 23.9953 13.7617
2 24 88.6149 18.1684 16.8217 89.4305 18.774 13.7233
2 24 78.9926 20.2172 28.3037 79.5087 19.0952 27.8793
2 24 78.9926 20.2172 28.3037 78.9229 22.5488 28.4552
2 24 89.4305 18.774 13.7233 89.8269 19.0417 10
2 24 89.6087 23.9953 13.7617 89.9998 23.9928 10
2 24 78.9043 12.5199 28.0226 72.7751 9.3832 32.0498
2 24 87.6508 19.2015 19.1513 87.0804 18.75 20.1706
2 24 88.6149 18.1684 16.8217 87.0248 17.2419 20.1615
2 24 87.0248 17.2419 20.1615 83.7799 15.2677 24.1669
2 24 87.0804 18.75 20.1706 83.8697 18.7302 24.2496
2 24 79.5087 19.0952 27.8793 80.3568 18.7466 27.2359
2 24 78.9043 12.5199 28.0226 83.7799 15.2677 24.1669
2 24 83.8697 18.7302 24.2496 80.3568 18.7466 27.2359
2 24 10 -4.9037 49.8286 14.8039 -4.803 49.7115
2 24 10 -4.9037 49.8286 10 -0.0006 49.9998
2 24 10 -0.0006 49.9998 14.7381 0 49.9034
2 24 43.8969 -0.8832 44.926 53.9113 1.8876 41.4832
2 24 43.8474 5.4421 45.1794 53.8545 9.5408 41.7951
2 24 53.9113 1.8876 41.4832 63.8989 5.467 37.0007
2 24 53.8545 9.5408 41.7951 63.8825 15.0034 37.391
2 24 22.8399 -4.3133 49.1369 32.9128 -3.0742 47.61
2 24 22.7455 0.5029 49.3191 32.8572 2.2781 47.7959
2 24 43.8969 -0.8832 44.926 32.9128 -3.0742 47.61
2 24 43.8474 5.4421 45.1794 32.8572 2.2781 47.7959
2 24 88.8077 23.9994 3.1216 88.3537 23.65 1.9925
2 24 88.3537 23.65 1.9925 88.0577 22.5166 1.4239
2 24 88.0577 22.5166 1.4239 87.9202 20.2782 1.3146
2 24 87.9202 20.2782 1.3146 87.6508 19.2015 0.8487
2 24 87.6508 19.2015 0.8487 87.0804 18.75 -0.1706
2 24 88.6149 18.2229 3.1754 87.0233 17.2419 -0.1605
2 24 88.8077 23.9994 3.1216 89.6077 23.9954 6.2385
2 24 88.6149 18.2229 3.1754 89.4305 18.7753 6.2766
2 24 87.0804 18.75 -0.1706 83.8696 18.7287 -4.2492
2 24 87.0233 17.2419 -0.1605 83.7791 15.2706 -4.1668
2 24 79.5087 19.0952 -7.8793 80.3568 18.7466 -7.2359
2 24 79.5087 19.0952 -7.8793 78.9928 20.2172 -8.3037
2 24 78.9228 22.5488 -8.4552 78.5777 23.54 -8.7465
2 24 78.5777 23.54 -8.7465 77.6523 24 -9.4233
2 24 89.9998 23.9928 10 89.6077 23.9954 6.2385
2 24 89.8269 19.0417 10 89.4305 18.7753 6.2766
2 24 71.7395 23.9999 -13.2158 70.4432 23.4566 -13.8668
2 24 70.4432 23.4566 -13.8668 70.0111 22.3807 -14.115
2 24 71.7395 23.9999 -13.2158 74.8211 24 -11.3901
2 24 70 19.2 -14.176 63.8825 15.0014 -17.3884
2 24 72.7751 9.3832 -12.0498 63.902 5.4637 -17.0076
2 24 77.6523 24 -9.4233 74.8211 24 -11.3901
2 24 83.7791 15.2706 -4.1668 78.9066 12.5197 -8.0258
2 24 83.8696 18.7287 -4.2492 80.3568 18.7466 -7.2359
2 24 10 -4.9037 -29.8286 10 -0.0006 -29.9998
2 24 10 -4.9037 -29.8286 14.804 -4.803 -29.7134
2 24 10 -0.0006 -29.9998 14.7381 0 -29.904
2 24 53.8546 9.5386 -21.7927 43.8479 5.4401 -25.1788
2 24 53.9083 1.8897 -21.4773 43.8965 -0.8825 -24.9255
2 24 63.8825 15.0014 -17.3884 53.8546 9.5386 -21.7927
2 24 63.902 5.4637 -17.0076 53.9083 1.8897 -21.4773
2 24 22.8396 -4.3122 -29.1373 32.9127 -3.0739 -27.6114
2 24 22.7459 0.4983 -29.318 32.8571 2.2855 -27.804
2 24 43.8479 5.4401 -25.1788 32.8571 2.2855 -27.804
2 24 43.8965 -0.8825 -24.9255 32.9127 -3.0739 -27.6114
2 24 10 -8 30 10 0 30
2 24 10 -8 30 -10 -8 30
2 24 10 0 30 -10 0 30
2 24 -10 -8 30 -10 0 30
2 24 10 0 -10 10 -8 -10
2 24 10 0 -10 -10 0 -10
2 24 10 -8 -10 -10 -8 -10
2 24 -10 0 -10 -10 -8 -10
2 24 -10 -8 30 -10 0 30
2 24 -10 -8 30 -10 -8 -10
2 24 -10 0 30 -10 0 -10
2 24 -10 -8 -10 -10 0 -10
2 24 -10 -8 30 -10 -8 -10
2 24 -10 -8 -10 10 -8 -10
2 24 10 -8 10 10 -8 -10
2 24 10 0 -10 -10 0 -10
2 24 6.25 0.0001 -6.25 -6.25 0 -6.25
2 24 -6.25 0 26.25 6.25 0.0001 26.25
2 24 -6.25 0 26.25 -6.25 -5.25 26.25
2 24 6.25 0.0001 26.25 6.25 -5.25 26.25
2 24 -6.25 -5.25 26.25 6.25 -5.25 26.25
2 24 6.25 0.0001 -6.25 -6.25 0 -6.25
2 24 6.25 0.0001 -6.25 6.25 -5.25 -6.25
2 24 -6.25 0 -6.25 -6.25 -5.25 -6.25
2 24 6.25 -5.25 -6.25 -6.25 -5.25 -6.25
2 24 -6.25 0 26.25 -6.25 -5.25 26.25
2 24 -6.25 0 26.25 -6.25 0 -6.25
2 24 -6.25 -5.25 26.25 -6.25 -5.25 -6.25
2 24 -6.25 0 -6.25 -6.25 -5.25 -6.25
2 24 -10 0 -10 -10 0 30
2 24 -6.25 0 -6.25 -6.25 0 26.25
2 24 6.25 -5.25 26.25 6.25 0.0001 26.25
2 24 6.25 -5.25 26.25 6.25 -5.25 -6.25
2 24 6.25 0.0001 26.25 6.25 0.0001 -6.25
2 24 6.25 -5.25 -6.25 6.25 0.0001 -6.25
2 24 6.25 0.0001 26.25 6.25 0.0001 -6.25
2 24 9.9852 -0.0005 26.25 9.9852 0 -6.25
2 24 9.9852 0 -6.25 9.9852 -0.0005 26.25
2 24 9.9852 0 -6.25 10 -4.25 -6.25
2 24 9.9852 -0.0005 26.25 10 -4.25 26.25
2 24 10 -4.25 -6.25 10 -4.25 26.25
2 24 13.9163 -4.25 26.25 13.9163 -4.25 10
2 24 10 -4.25 26.25 13.9163 -4.25 26.25
2 24 13.9163 -4.25 26.25 10 -4.25 26.25
2 24 13.9163 -4.25 26.25 13.9163 0 26.2644
2 24 10 -4.25 26.25 9.9852 -0.0005 26.25
2 24 13.9163 0 26.2644 9.9852 -0.0005 26.25
2 24 13.9163 -4.25 -6.25 13.9163 0 -6.2644
2 24 13.9163 -4.25 -6.25 10 -4.25 -6.25
2 24 13.9163 0 -6.2644 9.9852 0 -6.25
2 24 10 -4.25 -6.25 9.9852 0 -6.25
2 24 13.9163 -4.25 26.25 13.9163 0 26.2644
2 24 13.9163 0 26.2644 13.9163 0 46.1983
2 24 13.9163 -2.6614 46.1833 13.9163 0 46.1983
2 24 13.9163 -4.25 -6.25 13.9163 0 -6.2644
2 24 13.9163 -2.265 -26.1847 13.9163 0 -26.1929
2 24 13.9163 0 -6.2644 13.9163 0 -26.1929
2 24 10 0 -10 10 -0.0006 -29.9998
2 24 13.9163 0 -26.1929 13.9163 0 -6.2644
2 24 9.9852 -0.0005 26.25 13.9163 0 26.2644
2 24 -6.25 -5.25 26.25 6.25 -5.25 26.25
2 24 -6.25 -5.25 26.25 -6.25 -5.25 -6.25
2 24 6.25 -5.25 26.25 6.25 -5.25 -6.25
2 24 -6.25 -5.25 -6.25 6.25 -5.25 -6.25
2 24 88.0578 22.5166 18.5761 88.3537 23.65 18.0075
2 24 88.3537 23.65 18.0075 85.4166 23.5838 15.1815
2 24 85.2162 22.5166 15.7345 85.4166 23.5838 15.1815
2 24 88.3537 23.65 18.0075 88.8082 24 16.8786
2 24 85.4166 23.5838 15.1815 85.7587 23.9998 14.025
2 24 88.0578 22.5166 18.5761 87.9202 20.2782 18.6854
2 24 85.2162 22.5166 15.7345 85.1297 20.1868 15.9373
2 24 87.9202 20.2782 18.6854 87.6508 19.2015 19.1513
2 24 85.1297 20.1868 15.9373 84.8797 19.1079 16.5312
2 24 87.6508 19.2015 19.1513 87.0804 18.75 20.1706
2 24 84.8797 19.1079 16.5312 84.4137 18.75 17.5039
2 24 88.8082 24 16.8786 89.6087 23.9953 13.7617
2 24 85.7587 23.9998 14.025 86.1016 24 12.1991
2 24 84.4137 18.75 17.5039 83.4381 18.75 19.141
2 24 80.3568 18.7466 27.2359 79.5087 19.0952 27.8793
2 24 77.6482 18.75 24.558 76.9137 19.0154 25.0822
2 24 79.5087 19.0952 27.8793 78.9926 20.2172 28.3037
2 24 76.9137 19.0154 25.0822 76.311 20.2334 25.5101
2 24 78.9229 22.5488 28.4552 78.5777 23.54 28.7466
2 24 76.15 22.5166 25.6317 75.7243 23.5648 25.9302
2 24 78.5777 23.54 28.7466 77.6523 24 29.4233
2 24 75.7243 23.5648 25.9302 74.7939 24 26.5649
2 24 78.9926 20.2172 28.3037 78.9229 22.5488 28.4552
2 24 76.311 20.2334 25.5101 76.15 22.5166 25.6317
2 24 89.6087 23.9953 13.7617 89.9998 23.9928 10
2 24 86.1016 24 12.1991 86.2647 24 10.0005
2 24 70.0111 22.3807 34.115 70.4432 23.4566 33.8668
2 24 70.0111 22.3807 29.6106 70.5605 23.5931 29.2815
2 24 70.4432 23.4566 33.8668 71.7396 24 33.2159
2 24 70.5605 23.5931 29.2815 71.6361 24 28.6169
2 24 70.0111 22.3807 34.115 70 19.2 34.176
2 24 70 19.2 34.176 70 19.2 29.6044
2 24 70.0111 22.3807 29.6106 70 19.2 29.6044
2 24 71.7396 24 33.2159 74.8209 24 31.3899
2 24 71.6361 24 28.6169 73.108 24 27.6677
2 24 80.3568 18.7466 27.2359 83.8697 18.7302 24.2496
2 24 77.6482 18.75 24.558 81.2434 18.75 21.6706
2 24 77.6523 24 29.4233 74.8209 24 31.3899
2 24 74.7939 24 26.5649 73.108 24 27.6677
2 24 63.8825 15.0034 37.391 70 19.2 34.176
2 24 70 19.2 34.176 70 19.2 29.6044
2 24 63.8736 15.0633 32.9991 70 19.2 29.6044
2 24 43.8474 5.4421 45.1794 53.8545 9.5408 41.7951
2 24 43.8861 5.5477 41.1605 53.8404 9.6252 37.6368
2 24 63.8825 15.0034 37.391 53.8545 9.5408 41.7951
2 24 63.8736 15.0633 32.9991 53.8404 9.6252 37.6368
2 24 22.7455 0.5029 49.3191 32.8572 2.2781 47.7959
2 24 22.8474 0.5316 45.5462 32.9783 2.3098 43.9963
2 24 43.8474 5.4421 45.1794 32.8572 2.2781 47.7959
2 24 43.8861 5.5477 41.1605 32.9783 2.3098 43.9963
2 24 88.0577 22.5166 1.4239 88.3537 23.65 1.9925
2 24 85.2161 22.5167 4.2656 85.4166 23.5839 4.8186
2 24 88.3537 23.65 1.9925 85.4166 23.5839 4.8186
2 24 88.3537 23.65 1.9925 88.8077 23.9994 3.1216
2 24 85.4166 23.5839 4.8186 85.7584 23.9992 5.9743
2 24 88.0577 22.5166 1.4239 87.9202 20.2782 1.3146
2 24 85.2161 22.5167 4.2656 85.1297 20.1867 4.0628
2 24 87.9202 20.2782 1.3146 87.6508 19.2015 0.8487
2 24 85.1297 20.1867 4.0628 84.8797 19.1082 3.469
2 24 87.6508 19.2015 0.8487 87.0804 18.75 -0.1706
2 24 84.8797 19.1082 3.469 84.414 18.75 2.4964
2 24 88.8077 23.9994 3.1216 89.6077 23.9954 6.2385
2 24 85.7584 23.9992 5.9743 86.1005 24 7.8012
2 24 87.0804 18.75 -0.1706 83.8696 18.7287 -4.2492
2 24 83.4374 18.75 0.8594 81.2429 18.75 -1.6706
2 24 80.3568 18.7466 -7.2359 79.5087 19.0952 -7.8793
2 24 77.6484 18.75 -4.5578 76.914 19.0153 -5.0819
2 24 79.5087 19.0952 -7.8793 78.9928 20.2172 -8.3037
2 24 76.914 19.0153 -5.0819 76.3111 20.2333 -5.51
2 24 78.9228 22.5488 -8.4552 78.5777 23.54 -8.7465
2 24 76.1501 22.5164 -5.6317 75.7248 23.5647 -5.9304
2 24 78.5777 23.54 -8.7465 77.6523 24 -9.4233
2 24 75.7248 23.5647 -5.9304 74.7937 24 -6.5658
2 24 78.9928 20.2172 -8.3037 78.9228 22.5488 -8.4552
2 24 76.3111 20.2333 -5.51 76.1501 22.5164 -5.6317
2 24 89.9998 23.9928 10 89.6077 23.9954 6.2385
2 24 86.2647 24 10.0005 86.1005 24 7.8012
2 24 70.0111 22.3807 -14.115 70.4432 23.4566 -13.8668
2 24 70.0111 22.3808 -9.6107 70.5605 23.5932 -9.2813
2 24 70.4432 23.4566 -13.8668 71.7395 23.9999 -13.2158
2 24 70.5605 23.5932 -9.2813 71.6368 24.0002 -8.6164
2 24 70 19.2 -14.176 70.0059 19.1982 -9.6033
2 24 70.0111 22.3807 -14.115 70 19.2 -14.176
2 24 70.0111 22.3808 -9.6107 70.0059 19.1982 -9.6033
2 24 70.0059 19.1982 -9.6033 70 19.2 -14.176
2 24 70.0059 19.1982 -9.6033 63.8737 15.0611 -12.9988
2 24 70 19.2 -14.176 63.8825 15.0014 -17.3884
2 24 71.7395 23.9999 -13.2158 74.8211 24 -11.3901
2 24 71.6368 24.0002 -8.6164 73.1083 24 -7.6681
2 24 83.8696 18.7287 -4.2492 80.3568 18.7466 -7.2359
2 24 81.2429 18.75 -1.6706 77.6484 18.75 -4.5578
2 24 77.6523 24 -9.4233 74.8211 24 -11.3901
2 24 74.7937 24 -6.5658 73.1083 24 -7.6681
2 24 43.8479 5.4401 -25.1788 53.8546 9.5386 -21.7927
2 24 43.8897 5.5426 -21.1661 53.8404 9.6199 -17.6368
2 24 63.8825 15.0014 -17.3884 53.8546 9.5386 -21.7927
2 24 63.8737 15.0611 -12.9988 53.8404 9.6199 -17.6368
2 24 22.7459 0.4983 -29.318 32.8571 2.2855 -27.804
2 24 22.8475 0.5311 -25.5463 32.9783 2.3103 -23.9968
2 24 43.8479 5.4401 -25.1788 32.8571 2.2855 -27.804
2 24 43.8897 5.5426 -21.1661 32.9783 2.3103 -23.9968
2 24 63.571 7.77 33.0948 70.6202 10.8413 29.1741
2 24 63.8736 15.0633 32.9991 70 19.2 29.6044
2 24 53.8404 9.6252 37.6368 43.8861 5.5477 41.1605
2 24 53.8614 4.2404 37.5868 43.8736 1.4172 41.1357
2 24 63.8736 15.0633 32.9991 53.8404 9.6252 37.6368
2 24 63.571 7.77 33.0948 53.8614 4.2404 37.5868
2 24 32.9783 2.3098 43.9963 22.8474 0.5316 45.5462
2 24 32.8933 -0.8116 43.9686 22.8186 -2.0465 45.5407
2 24 43.8861 5.5477 41.1605 32.9783 2.3098 43.9963
2 24 43.8736 1.4172 41.1357 32.8933 -0.8116 43.9686
2 24 53.8404 9.6199 -17.6368 43.8897 5.5426 -21.1661
2 24 53.8614 4.2361 -17.5815 43.8736 1.4178 -21.1351
2 24 53.8404 9.6199 -17.6368 63.8737 15.0611 -12.9988
2 24 53.8614 4.2361 -17.5815 63.571 7.77 -13.0948
2 24 32.9783 2.3103 -23.9968 22.8475 0.5311 -25.5463
2 24 32.8948 -0.8139 -23.9734 22.8189 -2.0479 -25.541
2 24 43.8897 5.5426 -21.1661 32.9783 2.3103 -23.9968
2 24 43.8736 1.4178 -21.1351 32.8948 -0.8139 -23.9734
2 24 86.2647 24 10.0005 86.1016 24 12.1991
2 24 86.2501 19.8137 10 86.1031 19.6992 12.1723
2 24 86.2647 24 10.0005 86.1005 24 7.8012
2 24 86.2501 19.8137 10 86.103 19.6992 7.8278
2 24 86.1031 19.6992 12.1723 85.7011 19.4392 14.182
2 24 86.1016 24 12.1991 85.7587 23.9998 14.025
2 24 86.1005 24 7.8012 85.7584 23.9992 5.9743
2 24 86.103 19.6992 7.8278 85.7011 19.4392 5.8181
2 24 85.7587 23.9998 14.025 85.4166 23.5838 15.1815
2 24 85.4166 23.5838 15.1815 85.2162 22.5166 15.7345
2 24 85.7584 23.9992 5.9743 85.4166 23.5839 4.8186
2 24 85.4166 23.5839 4.8186 85.2161 22.5167 4.2656
2 24 85.2162 22.5166 15.7345 85.1297 20.1868 15.9373
2 24 85.2161 22.5167 4.2656 85.1297 20.1867 4.0628
2 24 85.7011 19.4392 14.182 84.9029 18.9408 16.4766
2 24 85.1297 20.1868 15.9373 84.8797 19.1079 16.5312
2 24 85.7011 19.4392 5.8181 84.9029 18.9408 3.5234
2 24 85.1297 20.1867 4.0628 84.8797 19.1082 3.469
2 24 84.8797 19.1079 16.5312 84.4137 18.75 17.5039
2 24 84.9029 18.9408 16.4766 84.302 18.5439 17.7126
2 24 84.8797 19.1082 3.469 84.414 18.75 2.4964
2 24 84.9029 18.9408 3.5234 84.302 18.5439 2.2874
2 24 84.302 18.5439 17.7126 83.4596 17.9937 19.0965
2 24 84.4137 18.75 17.5039 83.4381 18.75 19.141
2 24 81.1585 16.6042 -1.7348 83.4596 17.9937 0.9035
2 24 81.2429 18.75 -1.6706 83.4374 18.75 0.8594
2 24 81.2434 18.75 21.6706 77.6482 18.75 24.558
2 24 81.1585 16.6042 21.7349 76.3297 13.7921 25.4549
2 24 81.2429 18.75 -1.6706 77.6484 18.75 -4.5578
2 24 81.1585 16.6042 -1.7348 76.3297 13.7921 -5.4549
2 24 74.7939 24 26.5649 75.7243 23.5648 25.9302
2 24 76.15 22.5166 25.6317 75.7243 23.5648 25.9302
2 24 76.1501 22.5164 -5.6317 75.7248 23.5647 -5.9304
2 24 74.7937 24 -6.5658 75.7248 23.5647 -5.9304
2 24 76.15 22.5166 25.6317 76.311 20.2334 25.5101
2 24 76.1501 22.5164 -5.6317 76.3111 20.2333 -5.51
2 24 76.311 20.2334 25.5101 76.9137 19.0154 25.0822
2 24 76.3111 20.2333 -5.51 76.914 19.0153 -5.0819
2 24 77.6482 18.75 24.558 76.9137 19.0154 25.0822
2 24 77.6484 18.75 -4.5578 76.914 19.0153 -5.0819
2 24 70.0111 22.3807 29.6106 70.5605 23.5931 29.2815
2 24 71.6361 24 28.6169 70.5605 23.5931 29.2815
2 24 71.6368 24.0002 -8.6164 70.5605 23.5932 -9.2813
2 24 70.0111 22.3808 -9.6107 70.5605 23.5932 -9.2813
2 24 71.6361 24 28.6169 73.108 24 27.6677
2 24 71.6368 24.0002 -8.6164 73.1083 24 -7.6681
2 24 74.7939 24 26.5649 73.108 24 27.6677
2 24 74.7937 24 -6.5658 73.1083 24 -7.6681
2 24 70 19.2 29.6044 70.0111 22.3807 29.6106
2 24 70.0111 22.3808 -9.6107 70.0059 19.1982 -9.6033
2 24 70.6202 10.8413 29.1741 76.3297 13.7921 25.4549
2 24 76.3297 13.7921 -5.4549 70.6202 10.8413 -9.1741
2 24 72.7751 9.3832 -12.0498 63.902 5.4637 -17.0076
2 24 53.9083 1.8897 -21.4773 43.8965 -0.8825 -24.9255
2 24 63.902 5.4637 -17.0076 53.9083 1.8897 -21.4773
2 24 72.7751 9.3832 32.0498 63.8989 5.467 37.0007
2 24 63.8989 5.467 37.0007 53.9113 1.8876 41.4832
2 24 53.9113 1.8876 41.4832 43.8969 -0.8832 44.926
2 24 32.9127 -3.0739 -27.6114 22.8396 -4.3122 -29.1373
2 24 32.9128 -3.0742 47.61 22.8399 -4.3133 49.1369
2 24 43.8965 -0.8825 -24.9255 32.9127 -3.0739 -27.6114
2 24 43.8969 -0.8832 44.926 32.9128 -3.0742 47.61
2 24 22.8186 -2.0465 45.5407 32.8933 -0.8116 43.9686
2 24 32.8933 -0.8116 43.9686 43.8736 1.4172 41.1357
2 24 43.8736 1.4172 41.1357 53.8614 4.2404 37.5868
2 24 53.8614 4.2404 37.5868 63.571 7.77 33.0948
2 24 63.571 7.77 33.0948 70.6202 10.8413 29.1741
2 24 70.6202 10.8413 29.1741 76.3297 13.7921 25.4549
2 24 76.3297 13.7921 25.4549 81.1585 16.6042 21.7349
2 24 81.1585 16.6042 -1.7348 76.3297 13.7921 -5.4549
2 24 76.3297 13.7921 -5.4549 70.6202 10.8413 -9.1741
2 24 70.6202 10.8413 -9.1741 63.571 7.77 -13.0948
2 24 63.571 7.77 -13.0948 53.8614 4.2361 -17.5815
2 24 53.8614 4.2361 -17.5815 43.8736 1.4178 -21.1351
2 24 43.8736 1.4178 -21.1351 32.8948 -0.8139 -23.9734
2 24 32.8948 -0.8139 -23.9734 22.8189 -2.0479 -25.541
2 24 85.7011 19.4392 14.182 84.9029 18.9408 16.4766
2 24 86.1031 19.6992 12.1723 86.2501 19.8137 10
2 24 85.7011 19.4392 5.8181 84.9029 18.9408 3.5234
2 24 84.9029 18.9408 16.4766 84.302 18.5439 17.7126
2 24 84.302 18.5439 17.7126 83.4596 17.9937 19.0965
2 24 81.1585 16.6042 -1.7348 83.4596 17.9937 0.9035
2 24 13.9163 -9.9017 -7.7548 13.9163 -7.0645 -16.7362
2 24 13.9163 -4.25 26.25 13.9163 -4.25 10
2 24 13.9163 -11.5013 18.8949 13.9163 -9.9017 27.7548
2 24 13.9163 -4.25 -6.25 13.9163 -4.25 10
2 24 13.9163 -9.9017 -7.7548 13.9163 -11.5255 1.0654
2 24 13.9163 -2.265 -26.1847 13.9163 -7.0645 -16.7362
2 24 13.9163 -2.6614 46.1833 13.9163 -7.0645 36.7362
2 24 13.9163 -9.9017 27.7548 13.9163 -7.0645 36.7362
2 24 13.9163 -11.5013 18.8949 13.9163 -12.0615 10
2 24 13.9163 -11.5255 1.0654 13.9163 -12.0615 10
2 24 14.7381 0 49.9034 10 -0.0006 49.9998
2 24 10 -0.0006 -29.9998 14.7381 0 -29.904
2 24 81.1585 16.6042 21.7349 83.4596 17.9937 19.0965
2 24 83.4381 18.75 19.141 81.2434 18.75 21.6706
2 24 83.4596 17.9937 19.0965 81.1585 16.6042 21.7349
2 24 87.0804 18.75 20.1706 83.8697 18.7302 24.2496
2 24 83.4381 18.75 19.141 81.2434 18.75 21.6706
2 24 84.9029 18.9408 3.5234 84.302 18.5439 2.2874
2 24 83.4596 17.9937 0.9035 84.302 18.5439 2.2874
2 24 84.302 18.5439 2.2874 83.4596 17.9937 0.9035
2 24 84.414 18.75 2.4964 83.4374 18.75 0.8594
2 24 84.414 18.75 2.4964 83.4374 18.75 0.8594
2 24 10 0 30 10 -0.0006 49.9998
2 24 13.9163 0 26.2644 13.9163 0 46.1983
2 24 9.9852 0 -6.25 13.9163 0 -6.2644
2 24 88.6149 18.2229 3.1754 87.0233 17.2419 -0.1605
2 24 87.0248 17.2419 20.1615 88.6149 18.1684 16.8217
2 24 88.6149 18.2229 3.1754 89.4305 18.7753 6.2766
2 24 88.6149 18.1684 16.8217 89.4305 18.774 13.7233
2 24 89.4305 18.7753 6.2766 89.8269 19.0417 10
2 24 89.4305 18.774 13.7233 89.8269 19.0417 10
2 24 72.7751 9.3832 32.0498 78.9043 12.5199 28.0226
2 24 72.7751 9.3832 -12.0498 78.9066 12.5197 -8.0258
2 24 87.0233 17.2419 -0.1605 83.7791 15.2706 -4.1668
2 24 87.0248 17.2419 20.1615 83.7799 15.2677 24.1669
2 24 78.9066 12.5197 -8.0258 83.7791 15.2706 -4.1668
2 24 78.9043 12.5199 28.0226 83.7799 15.2677 24.1669
2 24 10 -13.1919 -10.5948 10 -9.8152 -20.2331
2 24 10 -15.996 10.0008 10 -15.2727 20.5091
2 24 10 -9.8152 -20.2331 10 -4.9037 -29.8286
2 24 14.804 -4.803 -29.7134 10 -4.9037 -29.8286
2 24 14.8039 -4.803 49.7115 10 -4.9037 49.8286
2 24 10 -9.8142 40.2323 10 -4.9037 49.8286
2 24 10 -15.996 10.0008 10 -15.275 -0.5079
2 24 10 -15.2727 20.5091 10 -13.1896 30.5949
2 24 10 -13.1919 -10.5948 10 -15.275 -0.5079
2 24 10 -9.8142 40.2323 10 -13.1896 30.5949
2 24 10 -15.2727 20.5091 10 -15.996 10.0008
2 24 10 -15.996 10.0008 10 -15.275 -0.5079
2 24 10 -8 10 10 -8 -10
2 24 10 -15.275 -0.5079 10 -13.1919 -10.5948
2 24 10 0 30 10 -8 30
2 24 10 -9.8142 40.2323 10 -13.1896 30.5949
2 24 10 -13.1919 -10.5948 10 -9.8152 -20.2331
2 24 10 -8 -10 10 0 -10
2 24 10 -15.2727 20.5091 10 -13.1896 30.5949
2 24 10 -8 10 10 -8 30
2 24 10 0 -10 10 -0.0006 -29.9998
2 24 10 -0.0006 -29.9998 10 -4.9037 -29.8286
2 24 10 -9.8152 -20.2331 10 -4.9037 -29.8286
2 24 10 0 30 10 -0.0006 49.9998
2 24 10 -9.8142 40.2323 10 -4.9037 49.8286
2 24 10 -0.0006 49.9998 10 -4.9037 49.8286
2 24 10 0 30 -10 0 30
2 24 6.25 0.0001 26.25 -6.25 0 26.25
2 24 72.7751 9.3832 32.0498 63.8989 5.467 37.0007
2 24 63.8825 15.0034 37.391 70 19.2 34.176
2 24 78.9928 20.2172 -8.3037 78.9228 22.5488 -8.4552
2 24 78.9066 12.5197 -8.0258 72.7751 9.3832 -12.0498
2 24 70.0111 22.3807 -14.115 70 19.2 -14.176
2 24 78.9229 22.5488 28.4552 78.5777 23.54 28.7466
2 24 78.5777 23.54 28.7466 77.6523 24 29.4233
2 24 77.6523 24 29.4233 74.8209 24 31.3899
2 24 74.8209 24 31.3899 71.7396 24 33.2159
2 24 71.7396 24 33.2159 70.4432 23.4566 33.8668
2 24 70.4432 23.4566 33.8668 70.0111 22.3807 34.115
2 24 70 19.2 34.176 70.0111 22.3807 34.115
2 24 63.8737 15.0611 -12.9988 70.0059 19.1982 -9.6033
2 24 63.571 7.77 -13.0948 70.6202 10.8413 -9.1741
2 24 22.8396 -4.3122 -29.1373 14.804 -4.803 -29.7134
2 24 14.804 -4.803 -29.7134 22.8396 -4.3122 -29.1373
2 24 14.7381 0 -29.904 22.7459 0.4983 -29.318
2 24 22.7459 0.4983 -29.318 14.7381 0 -29.904
2 24 13.9163 0 -26.1929 22.8475 0.5311 -25.5463
2 24 22.8475 0.5311 -25.5463 13.9163 0 -26.1929
2 24 13.9163 0 -26.1929 13.9163 -2.265 -26.1847
2 24 22.8189 -2.0479 -25.541 13.9163 -2.265 -26.1847
2 24 13.9163 -2.265 -26.1847 13.9163 -7.0645 -16.7362
2 24 22.8189 -2.0479 -25.541 13.9163 -2.265 -26.1847
2 24 13.9163 -7.0645 -16.7362 13.9163 -9.9017 -7.7548
2 24 13.9163 -9.9017 -7.7548 13.9163 -11.5255 1.0654
2 24 13.9163 -11.5255 1.0654 13.9163 -12.0615 10
2 24 13.9163 -12.0615 10 13.9163 -11.5013 18.8949
2 24 13.9163 -11.5013 18.8949 13.9163 -9.9017 27.7548
2 24 13.9163 -9.9017 27.7548 13.9163 -7.0645 36.7362
2 24 22.8186 -2.0465 45.5407 13.9163 -2.6614 46.1833
2 24 13.9163 -7.0645 36.7362 13.9163 -2.6614 46.1833
2 24 22.8474 0.5316 45.5462 13.9163 0 46.1983
2 24 22.8186 -2.0465 45.5407 13.9163 -2.6614 46.1833
2 24 13.9163 0 46.1983 13.9163 -2.6614 46.1833
2 24 22.7455 0.5029 49.3191 14.7381 0 49.9034
2 24 22.8474 0.5316 45.5462 13.9163 0 46.1983
2 24 14.8039 -4.803 49.7115 22.8399 -4.3133 49.1369
2 24 14.7381 0 49.9034 22.7455 0.5029 49.3191
2 24 22.8399 -4.3133 49.1369 14.8039 -4.803 49.7115
2 24 -10 -8 30 10 -8 30
2 24 10 -8 10 10 -8 30
2 24 10 -4.25 26.25 10 -4.25 -6.25
2 24 13.9163 -4.25 10 13.9163 -4.25 -6.25
2 24 10 -4.25 -6.25 13.9163 -4.25 -6.25
2 24 86.2501 19.8137 10 86.103 19.6992 7.8278
2 24 85.7011 19.4392 5.8181 86.103 19.6992 7.8278
2 24 85.7011 19.4392 14.182 86.1031 19.6992 12.1723
2 24 0 -5.25 13.9382 1.9691 -5.25 13.4106
2 24 0 0 13.9382 1.9691 0 13.4106
2 24 0 -5.25 13.9382 -1.9691 -5.25 13.4106
2 24 0 0 13.9382 -1.9691 0 13.4106
2 24 -1.9691 -5.25 13.4106 -3.4106 -5.25 11.9691
2 24 -1.9691 0 13.4106 -3.4106 0 11.9691
2 24 -3.4106 -5.25 11.9691 -3.9382 -5.25 10
2 24 -3.4106 0 11.9691 -3.9382 0 10
2 24 -3.9382 -5.25 10 -3.4106 -5.25 8.0309
2 24 -3.9382 0 10 -3.4106 0 8.0309
2 24 -3.4106 -5.25 8.0309 -1.9691 -5.25 6.5894
2 24 -3.4106 0 8.0309 -1.9691 0 6.5894
2 24 -1.9691 -5.25 6.5894 0 -5.25 6.0618
2 24 -1.9691 0 6.5894 0 0 6.0618
2 24 0 -5.25 6.0618 1.9691 -5.25 6.5894
2 24 0 0 6.0618 1.9691 0 6.5894
2 24 1.9691 -5.25 6.5894 3.4106 -5.25 8.0309
2 24 1.9691 0 6.5894 3.4106 0 8.0309
2 24 3.4106 -5.25 8.0309 3.9382 -5.25 10
2 24 3.4106 0 8.0309 3.9382 0 10
2 24 3.9382 -5.25 10 3.4106 -5.25 11.9691
2 24 3.9382 0 10 3.4106 0 11.9691
2 24 1.9691 0 13.4106 3.4106 0 11.9691
2 24 1.9691 -5.25 13.4106 3.4106 -5.25 11.9691
2 24 1.9691 0 13.4106 0 0 13.9382
2 24 1.9691 0 13.4106 3.4106 0 11.9691
2 24 3.4106 0 11.9691 3.9382 0 10
2 24 3.9382 0 10 3.4106 0 8.0309
2 24 3.4106 0 8.0309 1.9691 0 6.5894
2 24 1.9691 0 6.5894 0 0 6.0618
2 24 0 0 6.0618 -1.9691 0 6.5894
2 24 -1.9691 0 6.5894 -3.4106 0 8.0309
2 24 -3.4106 0 8.0309 -3.9382 0 10
2 24 -3.9382 0 10 -3.4106 0 11.9691
2 24 -3.4106 0 11.9691 -1.9691 0 13.4106
2 24 0 0 13.9382 -1.9691 0 13.4106
2 24 5.4144 -12.45 23.126 3.126 -12.45 25.4144
2 24 3.126 -12.45 25.4144 0 -12.45 26.252
2 24 0 -12.45 26.252 -3.126 -12.45 25.4144
2 24 -3.126 -12.45 25.4144 -5.4144 -12.45 23.126
2 24 -5.4144 -12.45 23.126 -6.252 -12.45 20
2 24 -6.252 -12.45 20 -5.4144 -12.45 16.874
2 24 -5.4144 -12.45 16.874 -3.126 -12.45 14.5856
2 24 -3.126 -12.45 14.5856 0 -12.45 13.748
2 24 0 -12.45 13.748 3.126 -12.45 14.5856
2 24 3.126 -12.45 14.5856 5.4144 -12.45 16.874
2 24 5.4144 -12.45 16.874 6.252 -12.45 20
2 24 5.4144 -12.45 23.126 6.252 -12.45 20
2 24 5.4144 -8 23.126 3.126 -8 25.4144
2 24 5.4144 -12.45 23.126 3.126 -12.45 25.4144
2 24 3.126 -8 25.4144 0 -8 26.252
2 24 3.126 -12.45 25.4144 0 -12.45 26.252
2 24 0 -8 26.252 -3.126 -8 25.4144
2 24 0 -12.45 26.252 -3.126 -12.45 25.4144
2 24 -3.126 -8 25.4144 -5.4144 -8 23.126
2 24 -3.126 -12.45 25.4144 -5.4144 -12.45 23.126
2 24 -5.4144 -8 23.126 -6.252 -8 20
2 24 -5.4144 -12.45 23.126 -6.252 -12.45 20
2 24 -6.252 -8 20 -5.4144 -8 16.874
2 24 -6.252 -12.45 20 -5.4144 -12.45 16.874
2 24 -5.4144 -8 16.874 -3.126 -8 14.5856
2 24 -5.4144 -12.45 16.874 -3.126 -12.45 14.5856
2 24 -3.126 -8 14.5856 0 -8 13.748
2 24 -3.126 -12.45 14.5856 0 -12.45 13.748
2 24 0 -8 13.748 3.126 -8 14.5856
2 24 0 -12.45 13.748 3.126 -12.45 14.5856
2 24 3.126 -8 14.5856 5.4144 -8 16.874
2 24 3.126 -12.45 14.5856 5.4144 -12.45 16.874
2 24 5.4144 -8 16.874 6.252 -8 20
2 24 5.4144 -12.45 16.874 6.252 -12.45 20
2 24 5.4144 -8 23.126 6.252 -8 20
2 24 5.4144 -12.45 23.126 6.252 -12.45 20
2 24 5.4144 -12.45 3.126 3.126 -12.45 5.4144
2 24 3.126 -12.45 5.4144 0 -12.45 6.252
2 24 0 -12.45 6.252 -3.126 -12.45 5.4144
2 24 -3.126 -12.45 5.4144 -5.4144 -12.45 3.126
2 24 -5.4144 -12.45 3.126 -6.252 -12.45 0
2 24 -6.252 -12.45 0 -5.4144 -12.45 -3.126
2 24 -5.4144 -12.45 -3.126 -3.126 -12.45 -5.4144
2 24 -3.126 -12.45 -5.4144 0 -12.45 -6.252
2 24 0 -12.45 -6.252 3.126 -12.45 -5.4144
2 24 3.126 -12.45 -5.4144 5.4144 -12.45 -3.126
2 24 5.4144 -12.45 -3.126 6.252 -12.45 0
2 24 5.4144 -12.45 3.126 6.252 -12.45 0
2 24 5.4144 -8 3.126 3.126 -8 5.4144
2 24 5.4144 -12.45 3.126 3.126 -12.45 5.4144
2 24 3.126 -8 5.4144 0 -8 6.252
2 24 3.126 -12.45 5.4144 0 -12.45 6.252
2 24 0 -8 6.252 -3.126 -8 5.4144
2 24 0 -12.45 6.252 -3.126 -12.45 5.4144
2 24 -3.126 -8 5.4144 -5.4144 -8 3.126
2 24 -3.126 -12.45 5.4144 -5.4144 -12.45 3.126
2 24 -5.4144 -8 3.126 -6.252 -8 0
2 24 -5.4144 -12.45 3.126 -6.252 -12.45 0
2 24 -6.252 -8 0 -5.4144 -8 -3.126
2 24 -6.252 -12.45 0 -5.4144 -12.45 -3.126
2 24 -5.4144 -8 -3.126 -3.126 -8 -5.4144
2 24 -5.4144 -12.45 -3.126 -3.126 -12.45 -5.4144
2 24 -3.126 -8 -5.4144 0 -8 -6.252
2 24 -3.126 -12.45 -5.4144 0 -12.45 -6.252
2 24 0 -8 -6.252 3.126 -8 -5.4144
2 24 0 -12.45 -6.252 3.126 -12.45 -5.4144
2 24 3.126 -8 -5.4144 5.4144 -8 -3.126
2 24 3.126 -12.45 -5.4144 5.4144 -12.45 -3.126
2 24 5.4144 -8 -3.126 6.252 -8 0
2 24 5.4144 -12.45 -3.126 6.252 -12.45 0
2 24 5.4144 -8 3.126 6.252 -8 0
2 24 5.4144 -12.45 3.126 6.252 -12.45 0
0 STEP
