0 Container, Box 2 x 2 x 1 1/3 - Top Opening with Hinge and Hole in Bottom
0 Name: bl_7711.dat
0 Author: 
0 BL_Item_No 7711
0 BFC CERTIFY CCW
3 16 16.037 0 8.3824 16.037 -8 8.3824 16.25 0 10
3 16 16.25 0 10 16.037 -8 8.3824 16.25 -8 10
3 16 26.25 -32 26.75 26.25 -8 26.75 26.25 -8 10
3 16 15.4127 0 6.875 15.4127 -8 6.875 16.037 0 8.3824
3 16 16.037 0 8.3824 15.4127 -8 6.875 16.037 -8 8.3824
3 16 14.4194 0 5.5806 14.4194 -8 5.5806 15.4127 0 6.875
3 16 15.4127 0 6.875 14.4194 -8 5.5806 15.4127 -8 6.875
3 16 13.125 0 4.5873 13.125 -8 4.5873 14.4194 0 5.5806
3 16 14.4194 0 5.5806 13.125 -8 4.5873 14.4194 -8 5.5806
3 16 11.6176 0 3.963 11.6176 -8 3.963 13.125 0 4.5873
3 16 13.125 0 4.5873 11.6176 -8 3.963 13.125 -8 4.5873
3 16 10 0 3.75 10 -8 3.75 11.6176 0 3.963
3 16 11.6176 0 3.963 10 -8 3.75 11.6176 -8 3.963
3 16 22.5 -32 -10 22.5 -32 -6.25 -2.5 -32 -10
3 16 -2.5 -32 -10 22.5 -32 -6.25 -2.5 -32 -6.25
3 16 26.25 -8 -2 22.5 -8 -2 26.25 -32 -2
3 16 26.25 -32 -2 22.5 -8 -2 22.5 -36 -2
3 16 22.5 -36 -2 22.5 -8 -2 22.5 -32 -6.25
3 16 22.5 -32 -6.25 22.5 -8 -2 22.5 -8 -6.25
3 16 11.6176 0 16.037 11.6176 -8 16.037 10 0 16.25
3 16 10 0 16.25 11.6176 -8 16.037 10 -8 16.25
3 16 16.25 0 10 16.25 -8 10 16.037 0 11.6176
3 16 16.037 0 11.6176 16.25 -8 10 16.037 -8 11.6176
3 16 13.125 0 15.4127 13.125 -8 15.4127 11.6176 0 16.037
3 16 11.6176 0 16.037 13.125 -8 15.4127 11.6176 -8 16.037
3 16 16.037 0 11.6176 16.037 -8 11.6176 15.4127 0 13.125
3 16 15.4127 0 13.125 16.037 -8 11.6176 15.4127 -8 13.125
3 16 14.4194 0 14.4194 14.4194 -8 14.4194 13.125 0 15.4127
3 16 13.125 0 15.4127 14.4194 -8 14.4194 13.125 -8 15.4127
3 16 15.4127 0 13.125 15.4127 -8 13.125 14.4194 0 14.4194
3 16 14.4194 0 14.4194 15.4127 -8 13.125 14.4194 -8 14.4194
3 16 22.5 -8 -2 26.25 -8 -2 26.25 -8 10
3 16 26.25 0 26.25 26.25 -5.25 10 26.25 -5.25 26.25
3 16 16.25 -8 10 26.25 -8 10 16.037 -8 11.6176
3 16 26.25 -8 26.75 16.037 -8 11.6176 26.25 -8 10
3 16 16.037 -8 11.6176 26.25 -8 26.75 15.4127 -8 13.125
3 16 15.4127 -8 13.125 26.25 -8 26.75 14.4194 -8 14.4194
3 16 -6.25 -8 26.75 10 -8 16.25 26.25 -8 26.75
3 16 10 -8 16.25 11.6176 -8 16.037 26.25 -8 26.75
3 16 11.6176 -8 16.037 13.125 -8 15.4127 26.25 -8 26.75
3 16 26.25 -8 26.75 13.125 -8 15.4127 14.4194 -8 14.4194
3 16 16.25 -8 10 16.037 -8 8.3824 26.25 -8 10
3 16 16.037 -8 8.3824 22.5 -8 -2 26.25 -8 10
3 16 16.037 -8 8.3824 15.4127 -8 6.875 22.5 -8 -2
3 16 15.4127 -8 6.875 14.4194 -8 5.5806 22.5 -8 -2
3 16 -2.5 -8 -2 22.5 -8 -2 10 -8 3.75
3 16 22.5 -8 -2 11.6176 -8 3.963 10 -8 3.75
3 16 11.6176 -8 3.963 22.5 -8 -2 13.125 -8 4.5873
3 16 22.5 -8 -2 14.4194 -8 5.5806 13.125 -8 4.5873
3 16 -2.5 -8 -6.25 22.5 -8 -6.25 -2.5 -8 -2
3 16 -2.5 -8 -2 22.5 -8 -6.25 22.5 -8 -2
3 16 26.25 -5.25 -6.25 26.25 -5.25 10 26.25 0 -6.25
3 16 26.25 0 -6.25 26.25 -5.25 10 26.25 0 26.25
3 16 30 0 30 30 0 -10 26.25 0 26.25
3 16 26.25 0 26.25 30 0 -10 26.25 0 -6.25
3 16 30 -32 30 30 -32 -10 30 0 30
3 16 30 0 30 30 -32 -10 30 0 -10
3 16 30 -32 -10 30 -32 30 26.25 -32 -2
3 16 26.25 -32 -2 30 -32 30 26.25 -32 26.75
3 16 26.25 -8 -2 26.25 -32 -2 26.25 -8 10
3 16 26.25 -8 10 26.25 -32 -2 26.25 -32 26.75
3 16 22.5 -32 -6.25 22.5 -8 -6.25 -2.5 -32 -6.25
3 16 -2.5 -32 -6.25 22.5 -8 -6.25 -2.5 -8 -6.25
3 16 30 0 -10 22.5 -32 -10 -10 0 -10
3 16 -10 0 -10 22.5 -32 -10 -2.5 -32 -10
3 16 26.25 0 -6.25 30 0 -10 -6.25 0 -6.25
3 16 -6.25 0 -6.25 30 0 -10 -10 0 -10
3 16 -6.25 -5.25 -6.25 26.25 -5.25 -6.25 -6.25 0 -6.25
3 16 -6.25 0 -6.25 26.25 -5.25 -6.25 26.25 0 -6.25
3 16 17.0365 -5.25 5.9375 26.25 -5.25 -6.25 15.7452 -5.25 4.2548
3 16 15.7452 -5.25 4.2548 26.25 -5.25 -6.25 14.0625 -5.25 2.9635
3 16 -6.25 -5.25 -6.25 10 -5.25 1.875 26.25 -5.25 -6.25
3 16 10 -5.25 1.875 12.1029 -5.25 2.1519 26.25 -5.25 -6.25
3 16 26.25 -5.25 -6.25 12.1029 -5.25 2.1519 14.0625 -5.25 2.9635
3 16 18.125 -5.25 10 17.8481 -5.25 12.1029 26.25 -5.25 10
3 16 17.8481 -5.25 12.1029 26.25 -5.25 26.25 26.25 -5.25 10
3 16 18.125 -5.25 10 26.25 -5.25 10 17.8482 -5.25 7.8971
3 16 26.25 -5.25 -6.25 17.8482 -5.25 7.8971 26.25 -5.25 10
3 16 26.25 -5.25 -6.25 17.0365 -5.25 5.9375 17.8482 -5.25 7.8971
3 16 -6.25 -5.25 26.25 26.25 -5.25 26.25 10 -5.25 18.125
3 16 26.25 -5.25 26.25 12.1029 -5.25 17.8481 10 -5.25 18.125
3 16 10 0 18.125 10 -5.25 18.125 12.1029 0 17.8481
3 16 12.1029 0 17.8481 10 -5.25 18.125 12.1029 -5.25 17.8481
3 16 12.1029 0 17.8481 12.1029 -5.25 17.8481 14.0625 0 17.0365
3 16 14.0625 0 17.0365 12.1029 -5.25 17.8481 14.0625 -5.25 17.0365
3 16 14.0625 0 17.0365 14.0625 -5.25 17.0365 15.7452 0 15.7452
3 16 15.7452 0 15.7452 14.0625 -5.25 17.0365 15.7452 -5.25 15.7452
3 16 15.7452 0 15.7452 15.7452 -5.25 15.7452 17.0365 0 14.0625
3 16 17.0365 0 14.0625 15.7452 -5.25 15.7452 17.0365 -5.25 14.0625
3 16 17.0365 0 14.0625 17.0365 -5.25 14.0625 17.8481 0 12.1029
3 16 17.8481 0 12.1029 17.0365 -5.25 14.0625 17.8481 -5.25 12.1029
3 16 17.8481 0 12.1029 17.8481 -5.25 12.1029 18.125 0 10
3 16 18.125 0 10 17.8481 -5.25 12.1029 18.125 -5.25 10
3 16 18.125 0 10 18.125 -5.25 10 17.8482 0 7.8971
3 16 17.8482 0 7.8971 18.125 -5.25 10 17.8482 -5.25 7.8971
3 16 17.8482 0 7.8971 17.8482 -5.25 7.8971 17.0365 0 5.9375
3 16 17.0365 0 5.9375 17.8482 -5.25 7.8971 17.0365 -5.25 5.9375
3 16 17.0365 0 5.9375 17.0365 -5.25 5.9375 15.7452 0 4.2548
3 16 15.7452 0 4.2548 17.0365 -5.25 5.9375 15.7452 -5.25 4.2548
3 16 15.7452 0 4.2548 15.7452 -5.25 4.2548 14.0625 0 2.9635
3 16 14.0625 0 2.9635 15.7452 -5.25 4.2548 14.0625 -5.25 2.9635
3 16 14.0625 0 2.9635 14.0625 -5.25 2.9635 12.1029 0 2.1519
3 16 12.1029 0 2.1519 14.0625 -5.25 2.9635 12.1029 -5.25 2.1519
3 16 12.1029 0 2.1519 12.1029 -5.25 2.1519 10 0 1.875
3 16 10 0 1.875 12.1029 -5.25 2.1519 10 -5.25 1.875
3 16 16.25 0 10 18.125 0 10 16.037 0 8.3824
3 16 16.037 0 8.3824 18.125 0 10 17.8482 0 7.8971
3 16 16.037 0 8.3824 17.8482 0 7.8971 15.4127 0 6.875
3 16 15.4127 0 6.875 17.8482 0 7.8971 17.0365 0 5.9375
3 16 15.4127 0 6.875 17.0365 0 5.9375 14.4194 0 5.5806
3 16 14.4194 0 5.5806 17.0365 0 5.9375 15.7452 0 4.2548
3 16 14.4194 0 5.5806 15.7452 0 4.2548 13.125 0 4.5873
3 16 13.125 0 4.5873 15.7452 0 4.2548 14.0625 0 2.9635
3 16 13.125 0 4.5873 14.0625 0 2.9635 11.6176 0 3.963
3 16 11.6176 0 3.963 14.0625 0 2.9635 12.1029 0 2.1519
3 16 11.6176 0 3.963 12.1029 0 2.1519 10 0 3.75
3 16 10 0 3.75 12.1029 0 2.1519 10 0 1.875
3 16 10 0 16.25 10 0 18.125 11.6176 0 16.037
3 16 11.6176 0 16.037 10 0 18.125 12.1029 0 17.8481
3 16 11.6176 0 16.037 12.1029 0 17.8481 13.125 0 15.4127
3 16 13.125 0 15.4127 12.1029 0 17.8481 14.0625 0 17.0365
3 16 13.125 0 15.4127 14.0625 0 17.0365 14.4194 0 14.4194
3 16 14.4194 0 14.4194 14.0625 0 17.0365 15.7452 0 15.7452
3 16 14.4194 0 14.4194 15.7452 0 15.7452 15.4127 0 13.125
3 16 15.4127 0 13.125 15.7452 0 15.7452 17.0365 0 14.0625
3 16 15.4127 0 13.125 17.0365 0 14.0625 16.037 0 11.6176
3 16 16.037 0 11.6176 17.0365 0 14.0625 17.8481 0 12.1029
3 16 16.037 0 11.6176 17.8481 0 12.1029 16.25 0 10
3 16 16.25 0 10 17.8481 0 12.1029 18.125 0 10
3 16 30 0 -10 30 -32 -10 26.25 -32 -10
3 16 30 -32 -10 26.25 -32 -2 26.25 -32 -10
3 16 30 0 -10 26.25 -32 -10 22.5 -32 -10
3 16 26.25 -36 -2 22.5 -36 -2 26.25 -37.5307 -2.3045
3 16 26.25 -37.5307 -2.3045 22.5 -36 -2 22.5 -37.5307 -2.3045
3 16 26.25 -37.5307 -2.3045 22.5 -37.5307 -2.3045 26.25 -38.8284 -3.1716
3 16 26.25 -38.8284 -3.1716 22.5 -37.5307 -2.3045 22.5 -38.8284 -3.1716
3 16 26.25 -38.8284 -3.1716 22.5 -38.8284 -3.1716 26.25 -39.6955 -4.4693
3 16 26.25 -39.6955 -4.4693 22.5 -38.8284 -3.1716 22.5 -39.6955 -4.4693
3 16 26.25 -39.6955 -4.4693 22.5 -39.6955 -4.4693 26.25 -40 -6
3 16 26.25 -40 -6 22.5 -39.6955 -4.4693 22.5 -40 -6
3 16 26.25 -40 -6 22.5 -40 -6 26.25 -39.6955 -7.5307
3 16 26.25 -39.6955 -7.5307 22.5 -40 -6 22.5 -39.6955 -7.5307
3 16 26.25 -39.6955 -7.5307 22.5 -39.6955 -7.5307 26.25 -38.8284 -8.8284
3 16 26.25 -38.8284 -8.8284 22.5 -39.6955 -7.5307 22.5 -38.8284 -8.8284
3 16 26.25 -38.8284 -8.8284 22.5 -38.8284 -8.8284 26.25 -37.5307 -9.6955
3 16 26.25 -37.5307 -9.6955 22.5 -38.8284 -8.8284 22.5 -37.5307 -9.6955
3 16 26.25 -37.5307 -9.6955 22.5 -37.5307 -9.6955 26.25 -36 -10
3 16 26.25 -36 -10 22.5 -37.5307 -9.6955 22.5 -36 -10
3 16 26.25 -36 -2 26.25 -32 -2 22.5 -36 -2
3 16 22.5 -36 -10 22.5 -32 -10 26.25 -36 -10
3 16 26.25 -36 -10 22.5 -32 -10 26.25 -32 -10
3 16 22.5 -36 -2 22.5 -32 -6.25 22.5 -36 -6
3 16 22.5 -40 -6 22.5 -39.6955 -4.4693 22.5 -36 -6
3 16 22.5 -36 -6 22.5 -39.6955 -4.4693 22.5 -38.8284 -3.1716
3 16 22.5 -37.5307 -2.3045 22.5 -36 -2 22.5 -36 -6
3 16 22.5 -37.5307 -2.3045 22.5 -36 -6 22.5 -38.8284 -3.1716
3 16 22.5 -38.8284 -8.8284 22.5 -39.6955 -7.5307 22.5 -36 -6
3 16 22.5 -36 -6 22.5 -39.6955 -7.5307 22.5 -40 -6
3 16 22.5 -36 -6 22.5 -37.5307 -9.6955 22.5 -38.8284 -8.8284
3 16 22.5 -36 -6 22.5 -36 -10 22.5 -37.5307 -9.6955
3 16 22.5 -32 -10 22.5 -36 -10 22.5 -32 -6.25
3 16 22.5 -32 -6.25 22.5 -36 -10 22.5 -36 -6
3 16 26.25 -36.0002 -6 26.25 -36 -10 26.25 -32 -10
3 16 26.25 -36.0002 -6 26.25 -37.5307 -9.6955 26.25 -36 -10
3 16 26.25 -36.0002 -6 26.25 -38.8284 -8.8284 26.25 -37.5307 -9.6955
3 16 26.25 -39.6955 -7.5307 26.25 -36.0002 -6 26.25 -40 -6
3 16 26.25 -39.6955 -4.4693 26.25 -40 -6 26.25 -36.0002 -6
3 16 26.25 -38.8284 -3.1716 26.25 -36.0002 -6 26.25 -37.5307 -2.3045
3 16 26.25 -37.5307 -2.3045 26.25 -36.0002 -6 26.25 -36 -2
3 16 26.25 -32 -10 26.25 -32 -2 26.25 -36.0002 -6
3 16 26.25 -36.0002 -6 26.25 -32 -2 26.25 -36 -2
3 16 26.25 -36.0002 -6 26.25 -38.8284 -3.1716 26.25 -39.6955 -4.4693
3 16 26.25 -39.6955 -7.5307 26.25 -38.8284 -8.8284 26.25 -36.0002 -6
3 16 17.8481 -5.25 12.1029 17.0365 -5.25 14.0625 26.25 -5.25 26.25
3 16 12.1029 -5.25 17.8481 26.25 -5.25 26.25 14.0625 -5.25 17.0365
3 16 14.0625 -5.25 17.0365 26.25 -5.25 26.25 15.7452 -5.25 15.7452
3 16 26.25 -5.25 26.25 17.0365 -5.25 14.0625 15.7452 -5.25 15.7452
3 16 3.963 0 8.3824 3.75 0 10 3.963 -8 8.3824
3 16 3.963 -8 8.3824 3.75 0 10 3.75 -8 10
3 16 -6.25 -32 26.75 -6.25 -8 10 -6.25 -8 26.75
3 16 4.5873 0 6.875 3.963 0 8.3824 4.5873 -8 6.875
3 16 4.5873 -8 6.875 3.963 0 8.3824 3.963 -8 8.3824
3 16 26.25 -32 26.75 -6.25 -32 26.75 26.25 -8 26.75
3 16 26.25 -8 26.75 -6.25 -32 26.75 -6.25 -8 26.75
3 16 5.5806 0 5.5806 4.5873 0 6.875 5.5806 -8 5.5806
3 16 5.5806 -8 5.5806 4.5873 0 6.875 4.5873 -8 6.875
3 16 6.875 0 4.5873 5.5806 0 5.5806 6.875 -8 4.5873
3 16 6.875 -8 4.5873 5.5806 0 5.5806 5.5806 -8 5.5806
3 16 8.3824 0 3.963 6.875 0 4.5873 8.3824 -8 3.963
3 16 8.3824 -8 3.963 6.875 0 4.5873 6.875 -8 4.5873
3 16 10 0 3.75 8.3824 0 3.963 10 -8 3.75
3 16 10 -8 3.75 8.3824 0 3.963 8.3824 -8 3.963
3 16 30 -32 30 -10 -32 30 26.25 -32 26.75
3 16 26.25 -32 26.75 -10 -32 30 -6.25 -32 26.75
3 16 -2.5 -36 -2 -2.5 -8 -2 -6.25 -32 -2
3 16 -6.25 -32 -2 -2.5 -8 -2 -6.25 -8 -2
3 16 -2.5 -36 -2 -2.5 -32 -6.25 -2.5 -8 -2
3 16 -2.5 -8 -2 -2.5 -32 -6.25 -2.5 -8 -6.25
3 16 8.3824 0 16.037 10 0 16.25 8.3824 -8 16.037
3 16 8.3824 -8 16.037 10 0 16.25 10 -8 16.25
3 16 3.75 0 10 3.963 0 11.6176 3.75 -8 10
3 16 3.75 -8 10 3.963 0 11.6176 3.963 -8 11.6176
3 16 6.875 0 15.4127 8.3824 0 16.037 6.875 -8 15.4127
3 16 6.875 -8 15.4127 8.3824 0 16.037 8.3824 -8 16.037
3 16 3.963 0 11.6176 4.5873 0 13.125 3.963 -8 11.6176
3 16 3.963 -8 11.6176 4.5873 0 13.125 4.5873 -8 13.125
3 16 5.5806 0 14.4194 6.875 0 15.4127 5.5806 -8 14.4194
3 16 5.5806 -8 14.4194 6.875 0 15.4127 6.875 -8 15.4127
3 16 4.5873 0 13.125 5.5806 0 14.4194 4.5873 -8 13.125
3 16 4.5873 -8 13.125 5.5806 0 14.4194 5.5806 -8 14.4194
3 16 -2.5 -8 -2 -6.25 -8 10 -6.25 -8 -2
3 16 30 0 30 -10 0 30 30 -32 30
3 16 30 -32 30 -10 0 30 -10 -32 30
3 16 -6.25 -5.25 26.25 -6.25 0 26.25 26.25 -5.25 26.25
3 16 26.25 -5.25 26.25 -6.25 0 26.25 26.25 0 26.25
3 16 -6.25 0 26.25 -6.25 -5.25 26.25 -6.25 -5.25 10
3 16 26.25 0 26.25 -6.25 0 26.25 30 0 30
3 16 30 0 30 -6.25 0 26.25 -10 0 30
3 16 3.75 -8 10 3.963 -8 11.6176 -6.25 -8 10
3 16 -6.25 -8 26.75 -6.25 -8 10 3.963 -8 11.6176
3 16 3.963 -8 11.6176 4.5873 -8 13.125 -6.25 -8 26.75
3 16 4.5873 -8 13.125 5.5806 -8 14.4194 -6.25 -8 26.75
3 16 10 -8 16.25 -6.25 -8 26.75 8.3824 -8 16.037
3 16 8.3824 -8 16.037 -6.25 -8 26.75 6.875 -8 15.4127
3 16 -6.25 -8 26.75 5.5806 -8 14.4194 6.875 -8 15.4127
3 16 3.75 -8 10 -6.25 -8 10 3.963 -8 8.3824
3 16 -6.25 -8 10 -2.5 -8 -2 3.963 -8 8.3824
3 16 3.963 -8 8.3824 -2.5 -8 -2 4.5873 -8 6.875
3 16 4.5873 -8 6.875 -2.5 -8 -2 5.5806 -8 5.5806
3 16 -2.5 -8 -2 10 -8 3.75 8.3824 -8 3.963
3 16 8.3824 -8 3.963 6.875 -8 4.5873 -2.5 -8 -2
3 16 -2.5 -8 -2 6.875 -8 4.5873 5.5806 -8 5.5806
3 16 -6.25 0 26.25 -6.25 -5.25 10 -6.25 0 -6.25
3 16 -6.25 0 -6.25 -6.25 -5.25 10 -6.25 -5.25 -6.25
3 16 -10 0 30 -6.25 0 26.25 -10 0 -10
3 16 -10 0 -10 -6.25 0 26.25 -6.25 0 -6.25
3 16 -10 -32 30 -10 0 30 -10 -32 -10
3 16 -10 -32 -10 -10 0 30 -10 0 -10
3 16 -10 -32 -10 -6.25 -32 -2 -10 -32 30
3 16 -10 -32 30 -6.25 -32 -2 -6.25 -32 26.75
3 16 -6.25 -32 26.75 -6.25 -32 -2 -6.25 -8 10
3 16 -6.25 -8 10 -6.25 -32 -2 -6.25 -8 -2
3 16 2.9635 -5.25 5.9375 4.2548 -5.25 4.2548 -6.25 -5.25 -6.25
3 16 4.2548 -5.25 4.2548 5.9375 -5.25 2.9635 -6.25 -5.25 -6.25
3 16 10 -5.25 1.875 -6.25 -5.25 -6.25 7.8971 -5.25 2.1519
3 16 -6.25 -5.25 -6.25 5.9375 -5.25 2.9635 7.8971 -5.25 2.1519
3 16 1.875 -5.25 10 -6.25 -5.25 10 2.1519 -5.25 12.1029
3 16 -6.25 -5.25 10 -6.25 -5.25 26.25 2.1519 -5.25 12.1029
3 16 1.875 -5.25 10 2.1519 -5.25 7.8971 -6.25 -5.25 10
3 16 -6.25 -5.25 -6.25 -6.25 -5.25 10 2.1519 -5.25 7.8971
3 16 -6.25 -5.25 -6.25 2.1519 -5.25 7.8971 2.9635 -5.25 5.9375
3 16 -6.25 -5.25 26.25 10 -5.25 18.125 7.8971 -5.25 17.8481
3 16 10 0 18.125 7.8971 0 17.8481 10 -5.25 18.125
3 16 10 -5.25 18.125 7.8971 0 17.8481 7.8971 -5.25 17.8481
3 16 7.8971 0 17.8481 5.9375 0 17.0365 7.8971 -5.25 17.8481
3 16 7.8971 -5.25 17.8481 5.9375 0 17.0365 5.9375 -5.25 17.0365
3 16 5.9375 0 17.0365 4.2548 0 15.7452 5.9375 -5.25 17.0365
3 16 5.9375 -5.25 17.0365 4.2548 0 15.7452 4.2548 -5.25 15.7452
3 16 4.2548 0 15.7452 2.9635 0 14.0625 4.2548 -5.25 15.7452
3 16 4.2548 -5.25 15.7452 2.9635 0 14.0625 2.9635 -5.25 14.0625
3 16 2.9635 0 14.0625 2.1519 0 12.1029 2.9635 -5.25 14.0625
3 16 2.9635 -5.25 14.0625 2.1519 0 12.1029 2.1519 -5.25 12.1029
3 16 2.1519 0 12.1029 1.875 0 10 2.1519 -5.25 12.1029
3 16 2.1519 -5.25 12.1029 1.875 0 10 1.875 -5.25 10
3 16 1.875 0 10 2.1519 0 7.8971 1.875 -5.25 10
3 16 1.875 -5.25 10 2.1519 0 7.8971 2.1519 -5.25 7.8971
3 16 2.1519 0 7.8971 2.9635 0 5.9375 2.1519 -5.25 7.8971
3 16 2.1519 -5.25 7.8971 2.9635 0 5.9375 2.9635 -5.25 5.9375
3 16 2.9635 0 5.9375 4.2548 0 4.2548 2.9635 -5.25 5.9375
3 16 2.9635 -5.25 5.9375 4.2548 0 4.2548 4.2548 -5.25 4.2548
3 16 4.2548 0 4.2548 5.9375 0 2.9635 4.2548 -5.25 4.2548
3 16 4.2548 -5.25 4.2548 5.9375 0 2.9635 5.9375 -5.25 2.9635
3 16 5.9375 0 2.9635 7.8971 0 2.1519 5.9375 -5.25 2.9635
3 16 5.9375 -5.25 2.9635 7.8971 0 2.1519 7.8971 -5.25 2.1519
3 16 7.8971 0 2.1519 10 0 1.875 7.8971 -5.25 2.1519
3 16 7.8971 -5.25 2.1519 10 0 1.875 10 -5.25 1.875
3 16 3.75 0 10 3.963 0 8.3824 1.875 0 10
3 16 1.875 0 10 3.963 0 8.3824 2.1519 0 7.8971
3 16 3.963 0 8.3824 4.5873 0 6.875 2.1519 0 7.8971
3 16 2.1519 0 7.8971 4.5873 0 6.875 2.9635 0 5.9375
3 16 4.5873 0 6.875 5.5806 0 5.5806 2.9635 0 5.9375
3 16 2.9635 0 5.9375 5.5806 0 5.5806 4.2548 0 4.2548
3 16 5.5806 0 5.5806 6.875 0 4.5873 4.2548 0 4.2548
3 16 4.2548 0 4.2548 6.875 0 4.5873 5.9375 0 2.9635
3 16 6.875 0 4.5873 8.3824 0 3.963 5.9375 0 2.9635
3 16 5.9375 0 2.9635 8.3824 0 3.963 7.8971 0 2.1519
3 16 8.3824 0 3.963 10 0 3.75 7.8971 0 2.1519
3 16 7.8971 0 2.1519 10 0 3.75 10 0 1.875
3 16 10 0 16.25 8.3824 0 16.037 10 0 18.125
3 16 10 0 18.125 8.3824 0 16.037 7.8971 0 17.8481
3 16 8.3824 0 16.037 6.875 0 15.4127 7.8971 0 17.8481
3 16 7.8971 0 17.8481 6.875 0 15.4127 5.9375 0 17.0365
3 16 6.875 0 15.4127 5.5806 0 14.4194 5.9375 0 17.0365
3 16 5.9375 0 17.0365 5.5806 0 14.4194 4.2548 0 15.7452
3 16 5.5806 0 14.4194 4.5873 0 13.125 4.2548 0 15.7452
3 16 4.2548 0 15.7452 4.5873 0 13.125 2.9635 0 14.0625
3 16 4.5873 0 13.125 3.963 0 11.6176 2.9635 0 14.0625
3 16 2.9635 0 14.0625 3.963 0 11.6176 2.1519 0 12.1029
3 16 3.963 0 11.6176 3.75 0 10 2.1519 0 12.1029
3 16 2.1519 0 12.1029 3.75 0 10 1.875 0 10
3 16 -10 0 -10 -6.25 -32 -10 -10 -32 -10
3 16 -10 -32 -10 -6.25 -32 -10 -6.25 -32 -2
3 16 -10 0 -10 -2.5 -32 -10 -6.25 -32 -10
3 16 -6.25 -36 -2 -6.25 -37.5307 -2.3045 -2.5 -36 -2
3 16 -2.5 -36 -2 -6.25 -37.5307 -2.3045 -2.5 -37.5307 -2.3045
3 16 -6.25 -37.5307 -2.3045 -6.25 -38.8284 -3.1716 -2.5 -37.5307 -2.3045
3 16 -2.5 -37.5307 -2.3045 -6.25 -38.8284 -3.1716 -2.5 -38.8284 -3.1716
3 16 -6.25 -38.8284 -3.1716 -6.25 -39.6955 -4.4693 -2.5 -38.8284 -3.1716
3 16 -2.5 -38.8284 -3.1716 -6.25 -39.6955 -4.4693 -2.5 -39.6955 -4.4693
3 16 -6.25 -39.6955 -4.4693 -6.25 -40 -6 -2.5 -39.6955 -4.4693
3 16 -2.5 -39.6955 -4.4693 -6.25 -40 -6 -2.5 -40 -6
3 16 -6.25 -40 -6 -6.25 -39.6955 -7.5307 -2.5 -40 -6
3 16 -2.5 -40 -6 -6.25 -39.6955 -7.5307 -2.5 -39.6955 -7.5307
3 16 -6.25 -39.6955 -7.5307 -6.25 -38.8284 -8.8284 -2.5 -39.6955 -7.5307
3 16 -2.5 -39.6955 -7.5307 -6.25 -38.8284 -8.8284 -2.5 -38.8284 -8.8284
3 16 -6.25 -38.8284 -8.8284 -6.25 -37.5307 -9.6955 -2.5 -38.8284 -8.8284
3 16 -2.5 -38.8284 -8.8284 -6.25 -37.5307 -9.6955 -2.5 -37.5307 -9.6955
3 16 -6.25 -37.5307 -9.6955 -6.25 -36 -10 -2.5 -37.5307 -9.6955
3 16 -2.5 -37.5307 -9.6955 -6.25 -36 -10 -2.5 -36 -10
3 16 -6.25 -36 -2 -2.5 -36 -2 -6.25 -32 -2
3 16 -2.5 -36 -10 -6.25 -36 -10 -2.5 -32 -10
3 16 -2.5 -32 -10 -6.25 -36 -10 -6.25 -32 -10
3 16 -2.5 -36 -2 -2.5 -36 -10 -2.5 -32 -6.25
3 16 -2.5 -32 -6.25 -2.5 -36 -10 -2.5 -32 -10
3 16 -2.5 -38.8284 -3.1716 -2.5 -39.6955 -4.4693 -2.5 -38.8284 -6
3 16 -2.5 -38.8284 -6 -2.5 -39.6955 -4.4693 -2.5 -40 -6
3 16 -2.5 -36 -2 -2.5 -37.5307 -2.3045 -2.5 -36 -10
3 16 -2.5 -36 -10 -2.5 -37.5307 -2.3045 -2.5 -37.5307 -9.6955
3 16 -2.5 -37.5307 -2.3045 -2.5 -38.8284 -3.1716 -2.5 -38.8284 -6
3 16 -6.25 -32 -10 -6.25 -36 -10 -6.25 -36.0002 -6
3 16 -6.25 -36.0002 -6 -6.25 -36 -10 -6.25 -37.5307 -9.6955
3 16 -6.25 -36.0002 -6 -6.25 -37.5307 -9.6955 -6.25 -38.8284 -8.8284
3 16 -6.25 -39.6955 -7.5307 -6.25 -40 -6 -6.25 -36.0002 -6
3 16 -6.25 -39.6955 -4.4693 -6.25 -36.0002 -6 -6.25 -40 -6
3 16 -6.25 -38.8284 -3.1716 -6.25 -37.5307 -2.3045 -6.25 -36.0002 -6
3 16 -6.25 -37.5307 -2.3045 -6.25 -36 -2 -6.25 -36.0002 -6
3 16 -6.25 -32 -10 -6.25 -36.0002 -6 -6.25 -32 -2
3 16 -6.25 -32 -2 -6.25 -36.0002 -6 -6.25 -36 -2
3 16 -6.25 -36.0002 -6 -6.25 -39.6955 -4.4693 -6.25 -38.8284 -3.1716
3 16 -6.25 -39.6955 -7.5307 -6.25 -36.0002 -6 -6.25 -38.8284 -8.8284
3 16 2.1519 -5.25 12.1029 -6.25 -5.25 26.25 2.9635 -5.25 14.0625
3 16 7.8971 -5.25 17.8481 5.9375 -5.25 17.0365 -6.25 -5.25 26.25
3 16 5.9375 -5.25 17.0365 4.2548 -5.25 15.7452 -6.25 -5.25 26.25
3 16 -6.25 -5.25 26.25 4.2548 -5.25 15.7452 2.9635 -5.25 14.0625
3 16 -2.5 -40 -6 -2.5 -39.6955 -7.5307 -2.5 -38.8284 -6
3 16 -2.5 -38.8284 -6 -2.5 -39.6955 -7.5307 -2.5 -38.8284 -8.8284
3 16 -2.5 -37.5307 -2.3045 -2.5 -38.8284 -6 -2.5 -37.5307 -9.6955
3 16 -2.5 -37.5307 -9.6955 -2.5 -38.8284 -6 -2.5 -38.8284 -8.8284
2 24 16.037 0 8.3824 16.25 0 10
2 24 16.037 -8 8.3824 16.25 -8 10
2 24 26.25 -8 26.75 26.25 -8 10
2 24 26.25 -32 26.75 26.25 -8 26.75
2 24 16.037 0 8.3824 15.4127 0 6.875
2 24 16.037 -8 8.3824 15.4127 -8 6.875
2 24 15.4127 0 6.875 14.4194 0 5.5806
2 24 15.4127 -8 6.875 14.4194 -8 5.5806
2 24 14.4194 0 5.5806 13.125 0 4.5873
2 24 14.4194 -8 5.5806 13.125 -8 4.5873
2 24 13.125 0 4.5873 11.6176 0 3.963
2 24 13.125 -8 4.5873 11.6176 -8 3.963
2 24 11.6176 0 3.963 10 0 3.75
2 24 11.6176 -8 3.963 10 -8 3.75
2 24 22.5 -32 -10 22.5 -32 -6.25
2 24 22.5 -32 -10 -2.5 -32 -10
2 24 22.5 -32 -6.25 -2.5 -32 -6.25
2 24 -2.5 -32 -10 -2.5 -32 -6.25
2 24 26.25 -8 -2 22.5 -8 -2
2 24 26.25 -8 -2 26.25 -32 -2
2 24 22.5 -8 -2 22.5 -36 -2
2 24 22.5 -36 -2 22.5 -8 -2
2 24 22.5 -8 -2 22.5 -8 -6.25
2 24 22.5 -32 -6.25 22.5 -8 -6.25
2 24 11.6176 0 16.037 10 0 16.25
2 24 11.6176 -8 16.037 10 -8 16.25
2 24 16.25 0 10 16.037 0 11.6176
2 24 16.25 -8 10 16.037 -8 11.6176
2 24 11.6176 0 16.037 13.125 0 15.4127
2 24 11.6176 -8 16.037 13.125 -8 15.4127
2 24 16.037 0 11.6176 15.4127 0 13.125
2 24 16.037 -8 11.6176 15.4127 -8 13.125
2 24 13.125 0 15.4127 14.4194 0 14.4194
2 24 13.125 -8 15.4127 14.4194 -8 14.4194
2 24 15.4127 0 13.125 14.4194 0 14.4194
2 24 15.4127 -8 13.125 14.4194 -8 14.4194
2 24 26.25 -8 -2 26.25 -8 10
2 24 22.5 -8 -2 26.25 -8 -2
2 24 26.25 -5.25 10 26.25 -5.25 26.25
2 24 26.25 0 26.25 26.25 -5.25 26.25
2 24 16.25 -8 10 16.037 -8 11.6176
2 24 26.25 -8 10 26.25 -8 26.75
2 24 16.037 -8 11.6176 15.4127 -8 13.125
2 24 15.4127 -8 13.125 14.4194 -8 14.4194
2 24 26.25 -8 26.75 -6.25 -8 26.75
2 24 10 -8 16.25 11.6176 -8 16.037
2 24 11.6176 -8 16.037 13.125 -8 15.4127
2 24 14.4194 -8 14.4194 13.125 -8 15.4127
2 24 16.25 -8 10 16.037 -8 8.3824
2 24 16.037 -8 8.3824 15.4127 -8 6.875
2 24 15.4127 -8 6.875 14.4194 -8 5.5806
2 24 10 -8 3.75 11.6176 -8 3.963
2 24 11.6176 -8 3.963 13.125 -8 4.5873
2 24 14.4194 -8 5.5806 13.125 -8 4.5873
2 24 -2.5 -8 -6.25 22.5 -8 -6.25
2 24 -2.5 -8 -2 -2.5 -8 -6.25
2 24 22.5 -8 -2 22.5 -8 -6.25
2 24 26.25 -5.25 10 26.25 -5.25 -6.25
2 24 26.25 -5.25 -6.25 26.25 0 -6.25
2 24 26.25 0 26.25 26.25 0 -6.25
2 24 30 0 30 30 0 -10
2 24 26.25 0 26.25 26.25 0 -6.25
2 24 30 -32 30 30 -32 -10
2 24 30 -32 30 30 0 30
2 24 30 -32 -10 30 0 -10
2 24 30 0 30 30 0 -10
2 24 30 -32 -10 30 -32 30
2 24 26.25 -32 -2 26.25 -32 26.75
2 24 26.25 -8 -2 26.25 -32 -2
2 24 26.25 -8 10 26.25 -8 -2
2 24 26.25 -32 26.75 26.25 -32 -2
2 24 22.5 -32 -6.25 22.5 -8 -6.25
2 24 22.5 -32 -6.25 -2.5 -32 -6.25
2 24 22.5 -8 -6.25 -2.5 -8 -6.25
2 24 -2.5 -32 -6.25 -2.5 -8 -6.25
2 24 30 0 -10 -10 0 -10
2 24 22.5 -32 -10 -2.5 -32 -10
2 24 26.25 0 -6.25 -6.25 0 -6.25
2 24 30 0 -10 -10 0 -10
2 24 -6.25 -5.25 -6.25 26.25 -5.25 -6.25
2 24 -6.25 -5.25 -6.25 -6.25 0 -6.25
2 24 26.25 -5.25 -6.25 26.25 0 -6.25
2 24 -6.25 0 -6.25 26.25 0 -6.25
2 24 17.0365 -5.25 5.9375 15.7452 -5.25 4.2548
2 24 15.7452 -5.25 4.2548 14.0625 -5.25 2.9635
2 24 26.25 -5.25 -6.25 -6.25 -5.25 -6.25
2 24 10 -5.25 1.875 12.1029 -5.25 2.1519
2 24 14.0625 -5.25 2.9635 12.1029 -5.25 2.1519
2 24 18.125 -5.25 10 17.8481 -5.25 12.1029
2 24 26.25 -5.25 10 26.25 -5.25 26.25
2 24 18.125 -5.25 10 17.8482 -5.25 7.8971
2 24 26.25 -5.25 -6.25 26.25 -5.25 10
2 24 17.0365 -5.25 5.9375 17.8482 -5.25 7.8971
2 24 26.25 -5.25 26.25 -6.25 -5.25 26.25
2 24 10 -5.25 18.125 12.1029 -5.25 17.8481
2 24 10 0 18.125 12.1029 0 17.8481
2 24 10 -5.25 18.125 12.1029 -5.25 17.8481
2 24 12.1029 0 17.8481 14.0625 0 17.0365
2 24 12.1029 -5.25 17.8481 14.0625 -5.25 17.0365
2 24 14.0625 0 17.0365 15.7452 0 15.7452
2 24 14.0625 -5.25 17.0365 15.7452 -5.25 15.7452
2 24 15.7452 0 15.7452 17.0365 0 14.0625
2 24 15.7452 -5.25 15.7452 17.0365 -5.25 14.0625
2 24 17.0365 0 14.0625 17.8481 0 12.1029
2 24 17.0365 -5.25 14.0625 17.8481 -5.25 12.1029
2 24 17.8481 0 12.1029 18.125 0 10
2 24 17.8481 -5.25 12.1029 18.125 -5.25 10
2 24 18.125 0 10 17.8482 0 7.8971
2 24 18.125 -5.25 10 17.8482 -5.25 7.8971
2 24 17.8482 0 7.8971 17.0365 0 5.9375
2 24 17.8482 -5.25 7.8971 17.0365 -5.25 5.9375
2 24 17.0365 0 5.9375 15.7452 0 4.2548
2 24 17.0365 -5.25 5.9375 15.7452 -5.25 4.2548
2 24 15.7452 0 4.2548 14.0625 0 2.9635
2 24 15.7452 -5.25 4.2548 14.0625 -5.25 2.9635
2 24 14.0625 0 2.9635 12.1029 0 2.1519
2 24 14.0625 -5.25 2.9635 12.1029 -5.25 2.1519
2 24 12.1029 0 2.1519 10 0 1.875
2 24 12.1029 -5.25 2.1519 10 -5.25 1.875
2 24 16.25 0 10 16.037 0 8.3824
2 24 18.125 0 10 17.8482 0 7.8971
2 24 16.037 0 8.3824 15.4127 0 6.875
2 24 17.8482 0 7.8971 17.0365 0 5.9375
2 24 15.4127 0 6.875 14.4194 0 5.5806
2 24 17.0365 0 5.9375 15.7452 0 4.2548
2 24 14.4194 0 5.5806 13.125 0 4.5873
2 24 15.7452 0 4.2548 14.0625 0 2.9635
2 24 13.125 0 4.5873 11.6176 0 3.963
2 24 14.0625 0 2.9635 12.1029 0 2.1519
2 24 11.6176 0 3.963 10 0 3.75
2 24 12.1029 0 2.1519 10 0 1.875
2 24 10 0 16.25 11.6176 0 16.037
2 24 10 0 18.125 12.1029 0 17.8481
2 24 11.6176 0 16.037 13.125 0 15.4127
2 24 12.1029 0 17.8481 14.0625 0 17.0365
2 24 13.125 0 15.4127 14.4194 0 14.4194
2 24 14.0625 0 17.0365 15.7452 0 15.7452
2 24 14.4194 0 14.4194 15.4127 0 13.125
2 24 15.7452 0 15.7452 17.0365 0 14.0625
2 24 15.4127 0 13.125 16.037 0 11.6176
2 24 17.0365 0 14.0625 17.8481 0 12.1029
2 24 16.25 0 10 16.037 0 11.6176
2 24 18.125 0 10 17.8481 0 12.1029
2 24 30 -32 -10 26.25 -32 -10
2 24 30 0 -10 30 -32 -10
2 24 26.25 -32 -2 26.25 -32 -10
2 24 30 -32 -10 26.25 -32 -10
2 24 26.25 -36 -2 26.25 -37.5307 -2.3045
2 24 22.5 -36 -2 22.5 -37.5307 -2.3045
2 24 26.25 -37.5307 -2.3045 26.25 -38.8284 -3.1716
2 24 22.5 -37.5307 -2.3045 22.5 -38.8284 -3.1716
2 24 26.25 -38.8284 -3.1716 26.25 -39.6955 -4.4693
2 24 22.5 -38.8284 -3.1716 22.5 -39.6955 -4.4693
2 24 26.25 -39.6955 -4.4693 26.25 -40 -6
2 24 22.5 -39.6955 -4.4693 22.5 -40 -6
2 24 26.25 -40 -6 26.25 -39.6955 -7.5307
2 24 22.5 -40 -6 22.5 -39.6955 -7.5307
2 24 26.25 -39.6955 -7.5307 26.25 -38.8284 -8.8284
2 24 22.5 -39.6955 -7.5307 22.5 -38.8284 -8.8284
2 24 26.25 -38.8284 -8.8284 26.25 -37.5307 -9.6955
2 24 22.5 -38.8284 -8.8284 22.5 -37.5307 -9.6955
2 24 26.25 -37.5307 -9.6955 26.25 -36 -10
2 24 22.5 -37.5307 -9.6955 22.5 -36 -10
2 24 26.25 -32 -2 26.25 -36 -2
2 24 22.5 -32 -10 22.5 -36 -10
2 24 26.25 -32 -10 26.25 -36 -10
2 24 22.5 -40 -6 22.5 -39.6955 -4.4693
2 24 22.5 -39.6955 -4.4693 22.5 -38.8284 -3.1716
2 24 22.5 -36 -2 22.5 -37.5307 -2.3045
2 24 22.5 -38.8284 -3.1716 22.5 -37.5307 -2.3045
2 24 22.5 -38.8284 -8.8284 22.5 -39.6955 -7.5307
2 24 22.5 -40 -6 22.5 -39.6955 -7.5307
2 24 22.5 -38.8284 -8.8284 22.5 -37.5307 -9.6955
2 24 22.5 -37.5307 -9.6955 22.5 -36 -10
2 24 22.5 -36 -10 22.5 -32 -10
2 24 22.5 -32 -6.25 22.5 -32 -10
2 24 26.25 -36 -10 26.25 -32 -10
2 24 26.25 -36 -10 26.25 -37.5307 -9.6955
2 24 26.25 -37.5307 -9.6955 26.25 -38.8284 -8.8284
2 24 26.25 -39.6955 -7.5307 26.25 -40 -6
2 24 26.25 -40 -6 26.25 -39.6955 -4.4693
2 24 26.25 -38.8284 -3.1716 26.25 -37.5307 -2.3045
2 24 26.25 -37.5307 -2.3045 26.25 -36 -2
2 24 26.25 -32 -10 26.25 -32 -2
2 24 26.25 -36 -2 26.25 -32 -2
2 24 26.25 -39.6955 -4.4693 26.25 -38.8284 -3.1716
2 24 26.25 -38.8284 -8.8284 26.25 -39.6955 -7.5307
2 24 17.8481 -5.25 12.1029 17.0365 -5.25 14.0625
2 24 12.1029 -5.25 17.8481 14.0625 -5.25 17.0365
2 24 14.0625 -5.25 17.0365 15.7452 -5.25 15.7452
2 24 17.0365 -5.25 14.0625 15.7452 -5.25 15.7452
2 24 3.963 0 8.3824 3.75 0 10
2 24 3.963 -8 8.3824 3.75 -8 10
2 24 -6.25 -8 10 -6.25 -8 26.75
2 24 -6.25 -32 26.75 -6.25 -8 26.75
2 24 3.963 0 8.3824 4.5873 0 6.875
2 24 3.963 -8 8.3824 4.5873 -8 6.875
2 24 26.25 -32 26.75 -6.25 -32 26.75
2 24 26.25 -32 26.75 26.25 -8 26.75
2 24 -6.25 -32 26.75 -6.25 -8 26.75
2 24 26.25 -8 26.75 -6.25 -8 26.75
2 24 4.5873 0 6.875 5.5806 0 5.5806
2 24 4.5873 -8 6.875 5.5806 -8 5.5806
2 24 5.5806 0 5.5806 6.875 0 4.5873
2 24 5.5806 -8 5.5806 6.875 -8 4.5873
2 24 6.875 0 4.5873 8.3824 0 3.963
2 24 6.875 -8 4.5873 8.3824 -8 3.963
2 24 10 0 3.75 8.3824 0 3.963
2 24 10 -8 3.75 8.3824 -8 3.963
2 24 30 -32 30 -10 -32 30
2 24 26.25 -32 26.75 -6.25 -32 26.75
2 24 -2.5 -36 -2 -2.5 -8 -2
2 24 -2.5 -8 -2 -6.25 -8 -2
2 24 -6.25 -32 -2 -6.25 -8 -2
2 24 -2.5 -36 -2 -2.5 -8 -2
2 24 -2.5 -32 -6.25 -2.5 -8 -6.25
2 24 -2.5 -8 -2 -2.5 -8 -6.25
2 24 10 0 16.25 8.3824 0 16.037
2 24 10 -8 16.25 8.3824 -8 16.037
2 24 3.75 0 10 3.963 0 11.6176
2 24 3.75 -8 10 3.963 -8 11.6176
2 24 8.3824 0 16.037 6.875 0 15.4127
2 24 8.3824 -8 16.037 6.875 -8 15.4127
2 24 3.963 0 11.6176 4.5873 0 13.125
2 24 3.963 -8 11.6176 4.5873 -8 13.125
2 24 6.875 0 15.4127 5.5806 0 14.4194
2 24 6.875 -8 15.4127 5.5806 -8 14.4194
2 24 4.5873 0 13.125 5.5806 0 14.4194
2 24 4.5873 -8 13.125 5.5806 -8 14.4194
2 24 -6.25 -8 10 -6.25 -8 -2
2 24 -2.5 -8 -2 -6.25 -8 -2
2 24 30 0 30 -10 0 30
2 24 30 0 30 30 -32 30
2 24 -10 0 30 -10 -32 30
2 24 30 -32 30 -10 -32 30
2 24 -6.25 -5.25 26.25 -6.25 0 26.25
2 24 -6.25 -5.25 26.25 26.25 -5.25 26.25
2 24 -6.25 0 26.25 26.25 0 26.25
2 24 26.25 -5.25 26.25 26.25 0 26.25
2 24 -6.25 -5.25 26.25 -6.25 -5.25 10
2 24 -6.25 0 26.25 -6.25 -5.25 26.25
2 24 26.25 0 26.25 -6.25 0 26.25
2 24 30 0 30 -10 0 30
2 24 3.75 -8 10 3.963 -8 11.6176
2 24 -6.25 -8 26.75 -6.25 -8 10
2 24 3.963 -8 11.6176 4.5873 -8 13.125
2 24 4.5873 -8 13.125 5.5806 -8 14.4194
2 24 10 -8 16.25 8.3824 -8 16.037
2 24 8.3824 -8 16.037 6.875 -8 15.4127
2 24 5.5806 -8 14.4194 6.875 -8 15.4127
2 24 3.75 -8 10 3.963 -8 8.3824
2 24 3.963 -8 8.3824 4.5873 -8 6.875
2 24 4.5873 -8 6.875 5.5806 -8 5.5806
2 24 10 -8 3.75 8.3824 -8 3.963
2 24 8.3824 -8 3.963 6.875 -8 4.5873
2 24 5.5806 -8 5.5806 6.875 -8 4.5873
2 24 -6.25 0 26.25 -6.25 0 -6.25
2 24 -6.25 -5.25 10 -6.25 -5.25 -6.25
2 24 -6.25 0 -6.25 -6.25 -5.25 -6.25
2 24 -10 0 -10 -10 0 30
2 24 -6.25 0 -6.25 -6.25 0 26.25
2 24 -10 -32 30 -10 0 30
2 24 -10 -32 30 -10 -32 -10
2 24 -10 0 30 -10 0 -10
2 24 -10 -32 -10 -10 0 -10
2 24 -10 -32 30 -10 -32 -10
2 24 -6.25 -32 26.75 -6.25 -32 -2
2 24 -6.25 -32 26.75 -6.25 -32 -2
2 24 -6.25 -32 -2 -6.25 -8 -2
2 24 -6.25 -8 10 -6.25 -8 -2
2 24 2.9635 -5.25 5.9375 4.2548 -5.25 4.2548
2 24 4.2548 -5.25 4.2548 5.9375 -5.25 2.9635
2 24 10 -5.25 1.875 7.8971 -5.25 2.1519
2 24 5.9375 -5.25 2.9635 7.8971 -5.25 2.1519
2 24 1.875 -5.25 10 2.1519 -5.25 12.1029
2 24 -6.25 -5.25 26.25 -6.25 -5.25 10
2 24 1.875 -5.25 10 2.1519 -5.25 7.8971
2 24 -6.25 -5.25 -6.25 -6.25 -5.25 10
2 24 2.9635 -5.25 5.9375 2.1519 -5.25 7.8971
2 24 10 -5.25 18.125 7.8971 -5.25 17.8481
2 24 10 0 18.125 7.8971 0 17.8481
2 24 10 -5.25 18.125 7.8971 -5.25 17.8481
2 24 7.8971 0 17.8481 5.9375 0 17.0365
2 24 7.8971 -5.25 17.8481 5.9375 -5.25 17.0365
2 24 5.9375 0 17.0365 4.2548 0 15.7452
2 24 5.9375 -5.25 17.0365 4.2548 -5.25 15.7452
2 24 4.2548 0 15.7452 2.9635 0 14.0625
2 24 4.2548 -5.25 15.7452 2.9635 -5.25 14.0625
2 24 2.9635 0 14.0625 2.1519 0 12.1029
2 24 2.9635 -5.25 14.0625 2.1519 -5.25 12.1029
2 24 2.1519 0 12.1029 1.875 0 10
2 24 2.1519 -5.25 12.1029 1.875 -5.25 10
2 24 1.875 0 10 2.1519 0 7.8971
2 24 1.875 -5.25 10 2.1519 -5.25 7.8971
2 24 2.1519 0 7.8971 2.9635 0 5.9375
2 24 2.1519 -5.25 7.8971 2.9635 -5.25 5.9375
2 24 2.9635 0 5.9375 4.2548 0 4.2548
2 24 2.9635 -5.25 5.9375 4.2548 -5.25 4.2548
2 24 4.2548 0 4.2548 5.9375 0 2.9635
2 24 4.2548 -5.25 4.2548 5.9375 -5.25 2.9635
2 24 5.9375 0 2.9635 7.8971 0 2.1519
2 24 5.9375 -5.25 2.9635 7.8971 -5.25 2.1519
2 24 10 0 1.875 7.8971 0 2.1519
2 24 10 -5.25 1.875 7.8971 -5.25 2.1519
2 24 3.75 0 10 3.963 0 8.3824
2 24 1.875 0 10 2.1519 0 7.8971
2 24 3.963 0 8.3824 4.5873 0 6.875
2 24 2.1519 0 7.8971 2.9635 0 5.9375
2 24 4.5873 0 6.875 5.5806 0 5.5806
2 24 2.9635 0 5.9375 4.2548 0 4.2548
2 24 5.5806 0 5.5806 6.875 0 4.5873
2 24 4.2548 0 4.2548 5.9375 0 2.9635
2 24 6.875 0 4.5873 8.3824 0 3.963
2 24 5.9375 0 2.9635 7.8971 0 2.1519
2 24 10 0 3.75 8.3824 0 3.963
2 24 10 0 1.875 7.8971 0 2.1519
2 24 10 0 16.25 8.3824 0 16.037
2 24 10 0 18.125 7.8971 0 17.8481
2 24 8.3824 0 16.037 6.875 0 15.4127
2 24 7.8971 0 17.8481 5.9375 0 17.0365
2 24 6.875 0 15.4127 5.5806 0 14.4194
2 24 5.9375 0 17.0365 4.2548 0 15.7452
2 24 5.5806 0 14.4194 4.5873 0 13.125
2 24 4.2548 0 15.7452 2.9635 0 14.0625
2 24 4.5873 0 13.125 3.963 0 11.6176
2 24 2.9635 0 14.0625 2.1519 0 12.1029
2 24 3.75 0 10 3.963 0 11.6176
2 24 1.875 0 10 2.1519 0 12.1029
2 24 -6.25 -32 -10 -10 -32 -10
2 24 -10 0 -10 -10 -32 -10
2 24 -6.25 -32 -2 -6.25 -32 -10
2 24 -10 -32 -10 -6.25 -32 -10
2 24 -6.25 -36 -2 -6.25 -37.5307 -2.3045
2 24 -2.5 -36 -2 -2.5 -37.5307 -2.3045
2 24 -6.25 -37.5307 -2.3045 -6.25 -38.8284 -3.1716
2 24 -2.5 -37.5307 -2.3045 -2.5 -38.8284 -3.1716
2 24 -6.25 -38.8284 -3.1716 -6.25 -39.6955 -4.4693
2 24 -2.5 -38.8284 -3.1716 -2.5 -39.6955 -4.4693
2 24 -6.25 -39.6955 -4.4693 -6.25 -40 -6
2 24 -2.5 -39.6955 -4.4693 -2.5 -40 -6
2 24 -6.25 -40 -6 -6.25 -39.6955 -7.5307
2 24 -2.5 -40 -6 -2.5 -39.6955 -7.5307
2 24 -6.25 -39.6955 -7.5307 -6.25 -38.8284 -8.8284
2 24 -2.5 -39.6955 -7.5307 -2.5 -38.8284 -8.8284
2 24 -6.25 -38.8284 -8.8284 -6.25 -37.5307 -9.6955
2 24 -2.5 -38.8284 -8.8284 -2.5 -37.5307 -9.6955
2 24 -6.25 -37.5307 -9.6955 -6.25 -36 -10
2 24 -2.5 -37.5307 -9.6955 -2.5 -36 -10
2 24 -6.25 -32 -2 -6.25 -36 -2
2 24 -2.5 -32 -10 -2.5 -36 -10
2 24 -6.25 -32 -10 -6.25 -36 -10
2 24 -2.5 -36 -10 -2.5 -32 -10
2 24 -2.5 -32 -6.25 -2.5 -32 -10
2 24 -2.5 -38.8284 -3.1716 -2.5 -39.6955 -4.4693
2 24 -2.5 -39.6955 -4.4693 -2.5 -40 -6
2 24 -2.5 -36 -2 -2.5 -37.5307 -2.3045
2 24 -2.5 -36 -10 -2.5 -37.5307 -9.6955
2 24 -2.5 -38.8284 -3.1716 -2.5 -37.5307 -2.3045
2 24 -6.25 -32 -10 -6.25 -36 -10
2 24 -6.25 -36 -10 -6.25 -37.5307 -9.6955
2 24 -6.25 -37.5307 -9.6955 -6.25 -38.8284 -8.8284
2 24 -6.25 -39.6955 -7.5307 -6.25 -40 -6
2 24 -6.25 -40 -6 -6.25 -39.6955 -4.4693
2 24 -6.25 -38.8284 -3.1716 -6.25 -37.5307 -2.3045
2 24 -6.25 -37.5307 -2.3045 -6.25 -36 -2
2 24 -6.25 -32 -10 -6.25 -32 -2
2 24 -6.25 -36 -2 -6.25 -32 -2
2 24 -6.25 -39.6955 -4.4693 -6.25 -38.8284 -3.1716
2 24 -6.25 -38.8284 -8.8284 -6.25 -39.6955 -7.5307
2 24 2.1519 -5.25 12.1029 2.9635 -5.25 14.0625
2 24 7.8971 -5.25 17.8481 5.9375 -5.25 17.0365
2 24 5.9375 -5.25 17.0365 4.2548 -5.25 15.7452
2 24 2.9635 -5.25 14.0625 4.2548 -5.25 15.7452
2 24 -2.5 -40 -6 -2.5 -39.6955 -7.5307
2 24 -2.5 -39.6955 -7.5307 -2.5 -38.8284 -8.8284
2 24 -2.5 -37.5307 -9.6955 -2.5 -38.8284 -8.8284
0 STEP
