0 Slope, Curved 2 x 2 x 1 2/3
0 Name: bl_7527.dat
0 Author: 
0 BL_Item_No 7527
0 BFC CERTIFY CCW
3 16 13.4646 -24 18.5649 13.75 -24 20 13.4646 -34.3465 18.5649
3 16 13.4646 -34.3465 18.5649 13.75 -24 20 13.75 -34.7914 20
3 16 10 -35.6564 23.75 11.4351 -35.6052 23.4646 10 -24 23.75
3 16 10 -24 23.75 11.4351 -35.6052 23.4646 11.4351 -24 23.4646
3 16 -10 0 -10 30 0 -10 -10 -8.0192 -9.1879
3 16 -10 -8.0192 -9.1879 30 0 -10 30 -8.0192 -9.1879
3 16 18.5 -24 10 11.5 -24 10 18.5 -30.1735 10
3 16 18.5 -30.1735 10 11.5 -24 10 11.5 -30.1735 10
3 16 12.6517 -33.9172 17.3484 11.4351 -33.6028 16.5355 12.6517 -24 17.3484
3 16 12.6517 -24 17.3484 11.4351 -33.6028 16.5355 11.4351 -24 16.5355
3 16 30 -28.373 1.8047 -10 -28.373 1.8047 30 -22.3532 -3.1713
3 16 30 -22.3532 -3.1713 -10 -28.373 1.8047 -10 -22.3532 -3.1713
3 16 11.4351 -33.6028 16.5355 10 -33.487 16.25 11.4351 -24 16.5355
3 16 11.4351 -24 16.5355 10 -33.487 16.25 10 -24 16.25
3 16 -6.25 -24 26.25 -6.25 -32.3571 13.7686 -6.25 -24 10
3 16 -6.25 -24 10 -6.25 -32.3571 13.7686 -6.25 -30.1735 10
3 16 -10 -40 30 30 -40 30 -10 -24 30
3 16 -10 -24 30 30 -40 30 30 -24 30
3 16 21.5 -30.1735 10 21.5 -32.3478 13.75 26.25 -30.1735 10
3 16 26.25 -30.1735 10 21.5 -32.3478 13.75 26.25 -32.3571 13.7686
3 16 30 -24 30 30 -24 10 26.25 -24 26.25
3 16 26.25 -24 26.25 30 -24 10 26.25 -24 10
3 16 13.75 -34.7914 20 13.4646 -35.1722 21.4351 26.25 -35.2943 21.9529
3 16 -10 -15.4813 -6.8826 30 -15.4813 -6.8826 -10 -22.3532 -3.1713
3 16 -10 -22.3532 -3.1713 30 -15.4813 -6.8826 30 -22.3532 -3.1713
3 16 18.5 -32.3478 13.75 18.5 -24 13.75 18.5 -30.1735 10
3 16 18.5 -30.1735 10 18.5 -24 13.75 18.5 -24 10
3 16 21.5 -32.3478 13.75 21.5 -30.1735 10 21.5 -24 13.75
3 16 21.5 -24 13.75 21.5 -30.1735 10 21.5 -24 10
3 16 11.5 -32.3478 13.75 11.5 -30.1735 10 11.5 -24 13.75
3 16 11.5 -24 13.75 11.5 -30.1735 10 11.5 -24 10
3 16 11.5 -32.3478 13.75 18.5 -32.3478 13.75 11.5 -30.1735 10
3 16 11.5 -30.1735 10 18.5 -32.3478 13.75 18.5 -30.1735 10
3 16 30 -36.9792 14.7507 -10 -36.9792 14.7507 30 -33.3111 7.8556
3 16 30 -33.3111 7.8556 -10 -36.9792 14.7507 -10 -33.3111 7.8556
3 16 -6.25 -32.3571 13.7686 -6.25 -24 26.25 -6.25 -34.0723 17.7723
3 16 18.5 -24 13.75 21.5 -24 13.75 18.5 -24 10
3 16 18.5 -24 10 21.5 -24 13.75 21.5 -24 10
3 16 10 -24 20.0002 11.4351 -24 16.5355 10 -24 16.25
3 16 13.4646 -24 21.4351 12.6517 -24 22.6517 13.4646 -35.1722 21.4351
3 16 13.4646 -35.1722 21.4351 12.6517 -24 22.6517 12.6517 -35.4463 22.6517
3 16 11.4351 -35.6052 23.4646 12.6517 -35.4463 22.6517 11.4351 -24 23.4646
3 16 11.4351 -24 23.4646 12.6517 -35.4463 22.6517 12.6517 -24 22.6517
3 16 26.25 -36.0053 26.25 10 -35.6564 23.75 -6.25 -36.0053 26.25
3 16 30 -15.4813 -6.8826 -10 -15.4813 -6.8826 30 -8.0192 -9.1879
3 16 30 -8.0192 -9.1879 -10 -15.4813 -6.8826 -10 -8.0192 -9.1879
3 16 30 -24 30 30 -40 30 30 -39.2375 22.2272
3 16 30 -33.3111 7.8556 -10 -33.3111 7.8556 30 -28.373 1.8047
3 16 30 -28.373 1.8047 -10 -33.3111 7.8556 -10 -28.373 1.8047
3 16 18.5 -32.3478 13.75 21.5 -32.3478 13.75 18.5 -24 13.75
3 16 18.5 -24 13.75 21.5 -32.3478 13.75 21.5 -24 13.75
3 16 30 -39.2375 22.2272 -10 -39.2375 22.2272 30 -36.9792 14.7507
3 16 30 -36.9792 14.7507 -10 -39.2375 22.2272 -10 -36.9792 14.7507
3 16 -10 -39.2375 22.2272 30 -39.2375 22.2272 -10 -40 30
3 16 -10 -40 30 30 -39.2375 22.2272 30 -40 30
3 16 26.25 -24 26.25 -6.25 -24 26.25 30 -24 30
3 16 30 -24 30 -6.25 -24 26.25 -10 -24 30
3 16 26.25 -24 10 21.5 -24 10 26.25 -30.1735 10
3 16 26.25 -30.1735 10 21.5 -24 10 21.5 -30.1735 10
3 16 -10 0 10 -10 0 -10 -10 -8.0192 -9.1879
3 16 30 -24 10 30 0 10 26.25 -24 10
3 16 -10 0 10 8.5 -24 10 30 0 10
3 16 8.5 -24 10 11.5 -24 10 30 0 10
3 16 26.25 -24 10 30 0 10 21.5 -24 10
3 16 11.5 -24 10 18.5 -24 10 30 0 10
3 16 21.5 -24 10 30 0 10 18.5 -24 10
3 16 13.4646 -24 18.5649 12.6517 -24 17.3484 10 -24 20.0002
3 16 10 -24 20.0002 11.4351 -24 23.4646 12.6517 -24 22.6517
3 16 13.75 -24 20 13.4646 -24 18.5649 10 -24 20.0002
3 16 13.4646 -34.3465 18.5649 12.6517 -33.9172 17.3484 13.4646 -24 18.5649
3 16 13.4646 -24 18.5649 12.6517 -33.9172 17.3484 12.6517 -24 17.3484
3 16 10 -24 20.0002 13.4646 -24 21.4351 13.75 -24 20
3 16 30 -24 10 30 -33.3111 7.8556 30 -28.373 1.8047
3 16 10 -24 20.0002 12.6517 -24 22.6517 13.4646 -24 21.4351
3 16 30 -24 30 30 -39.2375 22.2272 30 -24 10
3 16 30 -24 10 30 -39.2375 22.2272 30 -36.9792 14.7507
3 16 30 -36.9792 14.7507 30 -33.3111 7.8556 30 -24 10
3 16 12.6517 -24 17.3484 11.4351 -24 16.5355 10 -24 20.0002
3 16 30 -24 10 30 -28.373 1.8047 30 -22.3532 -3.1713
3 16 30 -22.3532 -3.1713 30 -15.4813 -6.8826 30 -24 10
3 16 30 -24 10 30 -15.4813 -6.8826 30 0 10
3 16 30 0 10 30 -15.4813 -6.8826 30 -8.0192 -9.1879
3 16 30 0 10 30 -8.0192 -9.1879 30 0 -10
3 16 7.3483 -24 17.3484 7.3483 -33.9172 17.3484 6.5355 -24 18.5649
3 16 6.5355 -24 18.5649 7.3483 -33.9172 17.3484 6.5355 -34.3465 18.5649
3 16 10 -24 20.0002 6.25 -24 20 6.5355 -24 21.4351
3 16 8.5649 -24 23.4646 8.5649 -35.6052 23.4646 10 -24 23.75
3 16 10 -24 23.75 8.5649 -35.6052 23.4646 10 -35.6564 23.75
3 16 11.5 -32.3478 13.75 11.5 -24 13.75 8.5 -32.3478 13.75
3 16 8.5 -32.3478 13.75 11.5 -24 13.75 8.5 -24 13.75
3 16 8.5649 -24 16.5355 8.5649 -33.6028 16.5355 7.3483 -24 17.3484
3 16 7.3483 -24 17.3484 8.5649 -33.6028 16.5355 7.3483 -33.9172 17.3484
3 16 1.5 -24 10 1.5 -24 13.75 1.5 -30.1735 10
3 16 1.5 -30.1735 10 1.5 -24 13.75 1.5 -32.3478 13.75
3 16 1.5 -32.3478 13.75 1.5 -24 13.75 -1.5 -32.3478 13.75
3 16 -1.5 -32.3478 13.75 1.5 -24 13.75 -1.5 -24 13.75
3 16 6.25 -34.7914 20 -6.25 -35.2943 21.9529 6.5355 -35.1722 21.4351
3 16 7.3483 -35.4463 22.6517 7.3483 -24 22.6517 6.5355 -35.1722 21.4351
3 16 6.5355 -35.1722 21.4351 7.3483 -24 22.6517 6.5355 -24 21.4351
3 16 8.5 -32.3478 13.75 8.5 -24 13.75 8.5 -30.1735 10
3 16 8.5 -30.1735 10 8.5 -24 13.75 8.5 -24 10
3 16 -10 -24 30 -6.25 -24 26.25 -10 -24 10
3 16 -10 -24 10 -6.25 -24 26.25 -6.25 -24 10
3 16 1.5 -32.3478 13.75 8.5649 -33.6028 16.5355 8.5 -32.3478 13.75
3 16 8.5 -32.3478 13.75 8.5649 -33.6028 16.5355 10 -33.487 16.25
3 16 1.5 -24 13.75 1.5 -24 10 -1.5 -24 13.75
3 16 -1.5 -24 13.75 1.5 -24 10 -1.5 -24 10
3 16 10 -24 20.0002 7.3483 -24 22.6517 8.5649 -24 23.4646
3 16 -10 0 10 -10 -15.4813 -6.8826 -10 -24 10
3 16 -10 -24 10 -10 -15.4813 -6.8826 -10 -22.3532 -3.1713
3 16 -10 -28.373 1.8047 -10 -33.3111 7.8556 -10 -24 10
3 16 -10 -24 10 -6.25 -24 10 -10 0 10
3 16 6.5355 -24 18.5649 6.5355 -34.3465 18.5649 6.25 -24 20
3 16 6.25 -24 20 6.5355 -34.3465 18.5649 6.25 -34.7914 20
3 16 6.5355 -35.1722 21.4351 -6.25 -35.2943 21.9529 7.3483 -35.4463 22.6517
3 16 7.3483 -35.4463 22.6517 -6.25 -35.2943 21.9529 -6.25 -36.0053 26.25
3 16 6.25 -24 20 10 -24 20.0002 6.5355 -24 18.5649
3 16 -1.5 -30.1735 10 -6.25 -30.1735 10 -1.5 -32.3478 13.75
3 16 -1.5 -32.3478 13.75 -6.25 -30.1735 10 -6.25 -32.3571 13.7686
3 16 -10 -36.9792 14.7507 -10 -39.2375 22.2272 -10 -24 10
3 16 -10 -24 10 -10 -39.2375 22.2272 -10 -24 30
3 16 -10 -24 10 -10 -22.3532 -3.1713 -10 -28.373 1.8047
3 16 -10 -8.0192 -9.1879 -10 -15.4813 -6.8826 -10 0 10
3 16 7.3483 -35.4463 22.6517 -6.25 -36.0053 26.25 8.5649 -35.6052 23.4646
3 16 1.5 -24 10 1.5 -30.1735 10 8.5 -24 10
3 16 8.5 -24 10 1.5 -30.1735 10 8.5 -30.1735 10
3 16 -10 -24 30 -10 -39.2375 22.2272 -10 -40 30
3 16 26.25 -36.0053 26.25 -6.25 -36.0053 26.25 26.25 -24 26.25
3 16 26.25 -24 26.25 -6.25 -36.0053 26.25 -6.25 -24 26.25
3 16 -6.25 -24 10 -6.25 -30.1735 10 -1.5 -24 10
3 16 -1.5 -24 10 -6.25 -30.1735 10 -1.5 -30.1735 10
3 16 7.3483 -24 22.6517 7.3483 -35.4463 22.6517 8.5649 -24 23.4646
3 16 8.5649 -24 23.4646 7.3483 -35.4463 22.6517 8.5649 -35.6052 23.4646
3 16 10 -24 16.25 10 -33.487 16.25 8.5649 -24 16.5355
3 16 8.5649 -24 16.5355 10 -33.487 16.25 8.5649 -33.6028 16.5355
3 16 1.5 -30.1735 10 1.5 -32.3478 13.75 8.5 -30.1735 10
3 16 8.5 -30.1735 10 1.5 -32.3478 13.75 8.5 -32.3478 13.75
3 16 26.25 -32.3571 13.7686 21.5 -32.3478 13.75 26.25 -34.0723 17.7723
3 16 -1.5 -32.3478 13.75 -1.5 -24 13.75 -1.5 -30.1735 10
3 16 -1.5 -30.1735 10 -1.5 -24 13.75 -1.5 -24 10
3 16 8.5 -24 10 -10 0 10 1.5 -24 10
3 16 -1.5 -24 10 1.5 -24 10 -10 0 10
3 16 6.25 -24 20 6.25 -34.7914 20 6.5355 -24 21.4351
3 16 6.5355 -24 21.4351 6.25 -34.7914 20 6.5355 -35.1722 21.4351
3 16 -10 -33.3111 7.8556 -10 -36.9792 14.7507 -10 -24 10
3 16 6.5355 -34.3465 18.5649 -6.25 -34.0723 17.7723 6.25 -34.7914 20
3 16 6.25 -34.7914 20 -6.25 -34.0723 17.7723 -6.25 -35.2943 21.9529
3 16 -6.25 -24 10 -1.5 -24 10 -10 0 10
3 16 10 -24 20.0002 10 -24 16.25 8.5649 -24 16.5355
3 16 10 -24 20.0002 8.5649 -24 23.4646 10 -24 23.75
3 16 10 -24 20.0002 10 -24 23.75 11.4351 -24 23.4646
3 16 13.75 -24 20 13.4646 -24 21.4351 13.75 -34.7914 20
3 16 13.75 -34.7914 20 13.4646 -24 21.4351 13.4646 -35.1722 21.4351
3 16 12.6517 -35.4463 22.6517 11.4351 -35.6052 23.4646 26.25 -36.0053 26.25
3 16 13.4646 -34.3465 18.5649 13.75 -34.7914 20 26.25 -34.0723 17.7723
3 16 26.25 -34.0723 17.7723 13.75 -34.7914 20 26.25 -35.2943 21.9529
3 16 13.4646 -35.1722 21.4351 12.6517 -35.4463 22.6517 26.25 -35.2943 21.9529
3 16 26.25 -35.2943 21.9529 12.6517 -35.4463 22.6517 26.25 -36.0053 26.25
3 16 26.25 -24 26.25 26.25 -24 10 26.25 -32.3571 13.7686
3 16 26.25 -32.3571 13.7686 26.25 -24 10 26.25 -30.1735 10
3 16 7.3483 -24 17.3484 10 -24 20.0002 8.5649 -24 16.5355
3 16 26.25 -24 26.25 26.25 -32.3571 13.7686 26.25 -34.0723 17.7723
3 16 26.25 -34.0723 17.7723 26.25 -35.2943 21.9529 26.25 -24 26.25
3 16 26.25 -35.2943 21.9529 26.25 -36.0053 26.25 26.25 -24 26.25
3 16 6.5355 -24 18.5649 10 -24 20.0002 7.3483 -24 17.3484
3 16 10 -24 20.0002 6.5355 -24 21.4351 7.3483 -24 22.6517
3 16 -6.25 -34.0723 17.7723 -6.25 -24 26.25 -6.25 -35.2943 21.9529
3 16 -6.25 -35.2943 21.9529 -6.25 -24 26.25 -6.25 -36.0053 26.25
3 16 11.5 -24 13.75 11.5 -24 10 8.5 -24 13.75
3 16 8.5 -24 13.75 11.5 -24 10 8.5 -24 10
3 16 10 -33.487 16.25 11.5 -32.3478 13.75 8.5 -32.3478 13.75
3 16 18.5 -32.3478 13.75 11.5 -32.3478 13.75 11.4351 -33.6028 16.5355
3 16 11.4351 -33.6028 16.5355 11.5 -32.3478 13.75 10 -33.487 16.25
3 16 7.3483 -33.9172 17.3484 -6.25 -34.0723 17.7723 6.5355 -34.3465 18.5649
3 16 -1.5 -32.3478 13.75 7.3483 -33.9172 17.3484 1.5 -32.3478 13.75
3 16 1.5 -32.3478 13.75 7.3483 -33.9172 17.3484 8.5649 -33.6028 16.5355
3 16 26.25 -34.0723 17.7723 21.5 -32.3478 13.75 12.6517 -33.9172 17.3484
3 16 -6.25 -32.3571 13.7686 -6.25 -34.0723 17.7723 -1.5 -32.3478 13.75
3 16 26.25 -36.0053 26.25 11.4351 -35.6052 23.4646 10 -35.6564 23.75
3 16 -6.25 -36.0053 26.25 10 -35.6564 23.75 8.5649 -35.6052 23.4646
3 16 21.5 -32.3478 13.75 18.5 -32.3478 13.75 12.6517 -33.9172 17.3484
3 16 12.6517 -33.9172 17.3484 18.5 -32.3478 13.75 11.4351 -33.6028 16.5355
3 16 -1.5 -32.3478 13.75 -6.25 -34.0723 17.7723 7.3483 -33.9172 17.3484
3 16 26.25 -34.0723 17.7723 12.6517 -33.9172 17.3484 13.4646 -34.3465 18.5649
3 16 13.75 0 0 13.4646 0 1.4351 13.75 -20.2593 0
3 16 13.75 -20.2593 0 13.4646 0 1.4351 13.4646 -22.2372 1.4351
3 16 13.4646 0 1.4351 12.6517 0 2.6517 13.4646 -22.2372 1.4351
3 16 13.4646 -22.2372 1.4351 12.6517 0 2.6517 12.6517 -23.7173 2.6517
3 16 11.0451 -24.77 3.6014 11.0674 -27.3199 6.25 11.4351 -24.6243 3.4645
3 16 26.25 -27.3199 6.25 11.4351 -24.6243 3.4645 11.0674 -27.3199 6.25
3 16 10 0 3.75 10 -5.275 3.75 11.4351 0 3.4645
3 16 11.4351 0 3.4645 10 -5.275 3.75 10.6244 -5.5278 3.6973
3 16 13.75 -20.2593 0 13.4646 -17.952 -1.4351 13.75 0 0
3 16 13.75 0 0 13.4646 -17.952 -1.4351 13.4646 0 -1.4351
3 16 10.8826 -6.1424 3.6447 10.8826 -6.1424 6.25 11.0451 -24.77 3.6014
3 16 11.0451 -24.77 3.6014 10.8826 -6.1424 6.25 11.0674 -27.3199 6.25
3 16 10.6244 -5.5278 3.6973 10 -5.275 3.75 10.6236 -5.5286 6.25
3 16 10.6236 -5.5286 6.25 10 -5.275 3.75 10 -5.275 6.25
3 16 12.6517 0 2.6517 11.4351 0 3.4645 12.6517 -23.7173 2.6517
3 16 12.6517 -23.7173 2.6517 11.4351 0 3.4645 11.4351 -24.6243 3.4645
3 16 26.25 0 6.25 26.25 -4.4451 -6.25 26.25 -5.3078 -6.0964
3 16 13.4646 -17.952 -1.4351 12.6517 -15.6304 -2.6517 13.4646 0 -1.4351
3 16 13.4646 0 -1.4351 12.6517 -15.6304 -2.6517 12.6517 0 -2.6517
3 16 10.6236 -5.5286 6.25 10.8826 -6.1424 6.25 10.6244 -5.5278 3.6973
3 16 10.6244 -5.5278 3.6973 10.8826 -6.1424 6.25 10.8826 -6.1424 3.6447
3 16 10 0 -3.75 11.4351 0 -3.4645 10 -5.275 -3.75
3 16 10 -5.275 -3.75 11.4351 0 -3.4645 10.6208 -5.5258 -3.6982
3 16 13.4646 -17.952 -1.4351 26.25 -17.9269 -1.4494 12.6517 -15.6304 -2.6517
3 16 12.6517 -15.6304 -2.6517 26.25 -17.9269 -1.4494 26.25 -12.3974 -4.0112
3 16 10.8826 -6.1424 -3.6447 10.8826 -6.1424 -5.7075 10.6208 -5.5258 -3.6982
3 16 10.6208 -5.5258 -3.6982 10.8826 -6.1424 -5.7075 10.6406 -5.5458 -5.9946
3 16 10.8826 -6.1424 -3.6447 12.6517 -15.6304 -2.6517 10.9415 -13.3995 -3.6143
3 16 10.8826 -6.1424 -3.6447 10.6208 -5.5258 -3.6982 11.4351 0 -3.4645
3 16 10.6208 -5.5258 -3.6982 10.6406 -5.5458 -5.9946 10 -5.275 -3.75
3 16 10 -5.275 -3.75 10.6406 -5.5458 -5.9946 10 -5.2749 -6.1083
3 16 11.4351 0 3.4645 10.8826 -6.1424 3.6447 11.4351 -24.6243 3.4645
3 16 11.4351 -24.6243 3.4645 10.8826 -6.1424 3.6447 11.0451 -24.77 3.6014
3 16 10.6406 -5.5458 -5.9946 10.8826 -6.1424 -5.7075 26.25 -5.3078 -6.0964
3 16 26.25 -5.3078 -6.0964 10.8826 -6.1424 -5.7075 26.25 -6.0978 -5.7235
3 16 26.25 -12.3974 -4.0112 10.9415 -13.3995 -3.6143 12.6517 -15.6304 -2.6517
3 16 26.25 -17.9269 -1.4494 26.25 -22.9488 2.0033 26.25 0 6.25
3 16 -6.25 -4.4451 -6.25 26.25 -4.4451 -6.25 -6.25 0 -6.25
3 16 -6.25 0 -6.25 26.25 -4.4451 -6.25 26.25 0 -6.25
3 16 -6.25 0 -6.25 26.25 0 -6.25 -10 0 -10
3 16 -10 0 -10 26.25 0 -6.25 30 0 -10
3 16 10.8826 -6.1424 -3.6447 10.9415 -13.3995 -3.6143 10.8826 -6.1424 -5.7075
3 16 26.25 -22.9488 2.0033 26.25 -17.9269 -1.4494 13.75 -20.2593 0
3 16 13.75 -20.2593 0 26.25 -17.9269 -1.4494 13.4646 -17.952 -1.4351
3 16 13.4646 0 1.4351 10 0 0.0056 12.6517 0 2.6517
3 16 10 0 0.0056 10 0 3.75 11.4351 0 3.4645
3 16 26.25 0 6.25 26.25 0 -6.25 26.25 -4.4451 -6.25
3 16 26.25 0 6.25 30 0 10 26.25 0 -6.25
3 16 26.25 0 -6.25 30 0 10 30 0 -10
3 16 13.75 0 0 13.4646 0 -1.4351 10 0 0.0056
3 16 13.75 0 0 10 0 0.0056 13.4646 0 1.4351
3 16 13.4646 0 -1.4351 12.6517 0 -2.6517 10 0 0.0056
3 16 12.6517 0 -2.6517 11.4351 0 -3.4645 10 0 0.0056
3 16 10 -5.2749 -6.1083 10.6406 -5.5458 -5.9946 26.25 -4.4451 -6.25
3 16 26.25 -4.4451 -6.25 10.6406 -5.5458 -5.9946 26.25 -5.3078 -6.0964
3 16 12.6517 0 2.6517 10 0 0.0056 11.4351 0 3.4645
3 16 11.4351 0 -3.4645 10 0 -3.75 10 0 0.0056
3 16 26.25 0 6.25 26.25 -5.3078 -6.0964 26.25 -6.0978 -5.7235
3 16 26.25 -22.9488 2.0033 26.25 -27.3199 6.25 26.25 0 6.25
3 16 26.25 -6.0978 -5.7235 26.25 -12.3974 -4.0112 26.25 0 6.25
3 16 26.25 -12.3974 -4.0112 26.25 -17.9269 -1.4494 26.25 0 6.25
3 16 10.8826 -6.1424 6.25 10.6236 -5.5286 6.25 26.25 0 6.25
3 16 26.25 0 6.25 26.25 -27.3199 6.25 10.8826 -6.1424 6.25
3 16 10.8826 -6.1424 6.25 26.25 -27.3199 6.25 11.0674 -27.3199 6.25
3 16 7.3484 0 -2.6517 7.3484 -15.6304 -2.6517 6.5355 0 -1.4351
3 16 6.5355 0 -1.4351 7.3484 -15.6304 -2.6517 6.5355 -17.952 -1.4351
3 16 9.3792 -5.5258 -3.6982 8.5649 0 -3.4645 10 -5.275 -3.75
3 16 10 -5.275 -3.75 8.5649 0 -3.4645 10 0 -3.75
3 16 9.0585 -13.3995 -3.6143 9.1174 -6.1424 -3.6447 9.1174 -6.1424 -5.7075
3 16 26.25 0 6.25 -6.25 0 6.25 30 0 10
3 16 30 0 10 -6.25 0 6.25 -10 0 10
3 16 8.9326 -27.3199 6.25 9.1174 -6.1424 6.25 8.9549 -24.77 3.6014
3 16 8.9549 -24.77 3.6014 9.1174 -6.1424 6.25 9.1174 -6.1424 3.6447
3 16 -6.25 -6.0978 -5.7235 -6.25 0 6.25 -6.25 -12.3974 -4.0112
3 16 7.3484 0 -2.6517 10 0 0.0056 8.5649 0 -3.4645
3 16 9.3594 -5.5458 -5.9946 -6.25 -5.3078 -6.0964 9.1174 -6.1424 -5.7075
3 16 9.1174 -6.1424 -5.7075 -6.25 -5.3078 -6.0964 -6.25 -6.0978 -5.7235
3 16 6.25 0 0 10 0 0.0056 6.5355 0 -1.4351
3 16 -6.25 -17.9269 -1.4494 -6.25 0 6.25 -6.25 -22.9488 2.0033
3 16 9.3764 -5.5286 6.25 -6.25 0 6.25 10 -5.275 6.25
3 16 -6.25 -12.3974 -4.0112 -6.25 -17.9269 -1.4494 7.3484 -15.6304 -2.6517
3 16 7.3484 -15.6304 -2.6517 -6.25 -17.9269 -1.4494 6.5355 -17.952 -1.4351
3 16 7.3484 -23.7173 2.6517 7.3484 0 2.6517 6.5355 -22.2372 1.4351
3 16 6.5355 -22.2372 1.4351 7.3484 0 2.6517 6.5355 0 1.4351
3 16 9.1174 -6.1424 -3.6447 8.5649 0 -3.4645 9.3792 -5.5258 -3.6982
3 16 9.3594 -5.5458 -5.9946 9.1174 -6.1424 -5.7075 9.3792 -5.5258 -3.6982
3 16 9.3792 -5.5258 -3.6982 9.1174 -6.1424 -5.7075 9.1174 -6.1424 -3.6447
3 16 9.3756 -5.5278 3.6973 10 -5.275 3.75 8.5649 0 3.4645
3 16 8.5649 0 3.4645 10 -5.275 3.75 10 0 3.75
3 16 10 -5.275 6.25 10 -5.275 3.75 9.3764 -5.5286 6.25
3 16 9.3764 -5.5286 6.25 10 -5.275 3.75 9.3756 -5.5278 3.6973
3 16 6.5355 -17.952 -1.4351 -6.25 -17.9269 -1.4494 6.25 -20.2593 0
3 16 6.25 -20.2593 0 -6.25 -17.9269 -1.4494 -6.25 -22.9488 2.0033
3 16 6.5355 0 -1.4351 10 0 0.0056 7.3484 0 -2.6517
3 16 8.5649 0 -3.4645 10 0 0.0056 10 0 -3.75
3 16 8.5649 0 -3.4645 9.1174 -6.1424 -3.6447 7.3484 0 -2.6517
3 16 7.3484 0 -2.6517 9.1174 -6.1424 -3.6447 7.3484 -15.6304 -2.6517
3 16 9.1174 -6.1424 6.25 -6.25 0 6.25 9.3764 -5.5286 6.25
3 16 -6.25 0 6.25 -6.25 -5.3078 -6.0964 -6.25 -4.4451 -6.25
3 16 8.5649 0 3.4645 8.5649 -24.6243 3.4645 9.1174 -6.1424 3.6447
3 16 9.1174 -6.1424 3.6447 8.5649 -24.6243 3.4645 8.9549 -24.77 3.6014
3 16 9.0585 -13.3995 -3.6143 9.1174 -6.1424 -5.7075 -6.25 -12.3974 -4.0112
3 16 -6.25 -12.3974 -4.0112 9.1174 -6.1424 -5.7075 -6.25 -6.0978 -5.7235
3 16 8.9326 -27.3199 6.25 -6.25 -27.3199 6.25 9.1174 -6.1424 6.25
3 16 9.1174 -6.1424 6.25 -6.25 -27.3199 6.25 -6.25 0 6.25
3 16 8.5649 0 3.4645 9.1174 -6.1424 3.6447 9.3756 -5.5278 3.6973
3 16 -6.25 -22.9488 2.0033 6.5355 -22.2372 1.4351 6.25 -20.2593 0
3 16 -6.25 -27.3199 6.25 8.5649 -24.6243 3.4645 7.3484 -23.7173 2.6517
3 16 9.3792 -5.5258 -3.6982 10 -5.275 -3.75 9.3594 -5.5458 -5.9946
3 16 9.3594 -5.5458 -5.9946 10 -5.275 -3.75 10 -5.2749 -6.1083
3 16 6.25 0 0 6.25 -20.2593 0 6.5355 0 1.4351
3 16 6.5355 0 1.4351 6.25 -20.2593 0 6.5355 -22.2372 1.4351
3 16 6.5355 0 1.4351 7.3484 0 2.6517 10 0 0.0056
3 16 7.3484 0 2.6517 8.5649 0 3.4645 10 0 0.0056
3 16 6.25 0 0 6.5355 0 1.4351 10 0 0.0056
3 16 -6.25 0 6.25 26.25 0 6.25 10 -5.275 6.25
3 16 6.5355 0 -1.4351 6.5355 -17.952 -1.4351 6.25 0 0
3 16 6.25 0 0 6.5355 -17.952 -1.4351 6.25 -20.2593 0
3 16 10 0 0.0056 8.5649 0 3.4645 10 0 3.75
3 16 -6.25 -22.9488 2.0033 -6.25 0 6.25 -6.25 -27.3199 6.25
3 16 6.5355 -22.2372 1.4351 -6.25 -22.9488 2.0033 7.3484 -23.7173 2.6517
3 16 7.3484 -23.7173 2.6517 -6.25 -22.9488 2.0033 -6.25 -27.3199 6.25
3 16 -6.25 -12.3974 -4.0112 -6.25 0 6.25 -6.25 -17.9269 -1.4494
3 16 -6.25 -6.0978 -5.7235 -6.25 -5.3078 -6.0964 -6.25 0 6.25
3 16 9.1174 -6.1424 3.6447 9.1174 -6.1424 6.25 9.3756 -5.5278 3.6973
3 16 9.3756 -5.5278 3.6973 9.1174 -6.1424 6.25 9.3764 -5.5286 6.25
3 16 26.25 -27.3199 6.25 12.6517 -23.7173 2.6517 11.4351 -24.6243 3.4645
3 16 13.4646 -22.2372 1.4351 12.6517 -23.7173 2.6517 26.25 -22.9488 2.0033
3 16 26.25 -22.9488 2.0033 12.6517 -23.7173 2.6517 26.25 -27.3199 6.25
3 16 8.9549 -24.77 3.6014 8.5649 -24.6243 3.4645 8.9326 -27.3199 6.25
3 16 -6.25 -27.3199 6.25 8.9326 -27.3199 6.25 8.5649 -24.6243 3.4645
3 16 11.4351 0 3.4645 10.6244 -5.5278 3.6973 10.8826 -6.1424 3.6447
3 16 8.5649 -24.6243 3.4645 8.5649 0 3.4645 7.3484 -23.7173 2.6517
3 16 7.3484 -23.7173 2.6517 8.5649 0 3.4645 7.3484 0 2.6517
3 16 10.6236 -5.5286 6.25 10 -5.275 6.25 26.25 0 6.25
3 16 -6.25 0 6.25 -6.25 0 -6.25 -10 0 10
3 16 -10 0 10 -6.25 0 -6.25 -10 0 -10
3 16 -6.25 0 6.25 -6.25 -4.4451 -6.25 -6.25 0 -6.25
3 16 10 -5.2749 -6.1083 -6.25 -4.4451 -6.25 9.3594 -5.5458 -5.9946
3 16 9.3594 -5.5458 -5.9946 -6.25 -4.4451 -6.25 -6.25 -5.3078 -6.0964
3 16 10 -5.2749 -6.1083 26.25 -4.4451 -6.25 -6.25 -4.4451 -6.25
3 16 26.25 -22.9488 2.0033 13.75 -20.2593 0 13.4646 -22.2372 1.4351
3 16 11.4351 0 -3.4645 12.6517 0 -2.6517 10.8826 -6.1424 -3.6447
3 16 10.8826 -6.1424 -3.6447 12.6517 0 -2.6517 12.6517 -15.6304 -2.6517
3 16 7.3484 -15.6304 -2.6517 9.1174 -6.1424 -3.6447 9.0585 -13.3995 -3.6143
3 16 26.25 -6.0978 -5.7235 10.8826 -6.1424 -5.7075 26.25 -12.3974 -4.0112
3 16 26.25 -12.3974 -4.0112 10.8826 -6.1424 -5.7075 10.9415 -13.3995 -3.6143
3 16 7.3484 -15.6304 -2.6517 9.0585 -13.3995 -3.6143 -6.25 -12.3974 -4.0112
2 24 13.4646 -24 18.5649 13.75 -24 20
2 24 13.4646 -34.3465 18.5649 13.75 -34.7914 20
2 24 10 -35.6564 23.75 11.4351 -35.6052 23.4646
2 24 10 -24 23.75 11.4351 -24 23.4646
2 24 -10 0 -10 30 0 -10
2 24 -10 0 -10 -10 -8.0192 -9.1879
2 24 30 0 -10 30 -8.0192 -9.1879
2 24 18.5 -24 10 18.5 -30.1735 10
2 24 11.5 -24 10 11.5 -30.1735 10
2 24 18.5 -30.1735 10 11.5 -30.1735 10
2 24 12.6517 -33.9172 17.3484 11.4351 -33.6028 16.5355
2 24 12.6517 -24 17.3484 11.4351 -24 16.5355
2 24 30 -28.373 1.8047 30 -22.3532 -3.1713
2 24 -10 -28.373 1.8047 -10 -22.3532 -3.1713
2 24 11.4351 -33.6028 16.5355 10 -33.487 16.25
2 24 11.4351 -24 16.5355 10 -24 16.25
2 24 -6.25 -24 26.25 -6.25 -24 10
2 24 -6.25 -32.3571 13.7686 -6.25 -30.1735 10
2 24 -6.25 -24 10 -6.25 -30.1735 10
2 24 -10 -40 30 30 -40 30
2 24 -10 -40 30 -10 -24 30
2 24 30 -40 30 30 -24 30
2 24 -10 -24 30 30 -24 30
2 24 21.5 -30.1735 10 21.5 -32.3478 13.75
2 24 21.5 -30.1735 10 26.25 -30.1735 10
2 24 26.25 -30.1735 10 26.25 -32.3571 13.7686
2 24 30 -24 30 30 -24 10
2 24 30 -24 10 26.25 -24 10
2 24 26.25 -24 26.25 26.25 -24 10
2 24 13.75 -34.7914 20 13.4646 -35.1722 21.4351
2 24 -10 -22.3532 -3.1713 -10 -15.4813 -6.8826
2 24 30 -22.3532 -3.1713 30 -15.4813 -6.8826
2 24 18.5 -32.3478 13.75 18.5 -24 13.75
2 24 18.5 -32.3478 13.75 18.5 -30.1735 10
2 24 18.5 -24 13.75 18.5 -24 10
2 24 18.5 -30.1735 10 18.5 -24 10
2 24 21.5 -32.3478 13.75 21.5 -30.1735 10
2 24 21.5 -32.3478 13.75 21.5 -24 13.75
2 24 21.5 -30.1735 10 21.5 -24 10
2 24 21.5 -24 13.75 21.5 -24 10
2 24 11.5 -32.3478 13.75 11.5 -30.1735 10
2 24 11.5 -32.3478 13.75 11.5 -24 13.75
2 24 11.5 -30.1735 10 11.5 -24 10
2 24 11.5 -24 13.75 11.5 -24 10
2 24 11.5 -32.3478 13.75 11.5 -30.1735 10
2 24 18.5 -32.3478 13.75 18.5 -30.1735 10
2 24 11.5 -30.1735 10 18.5 -30.1735 10
2 24 30 -36.9792 14.7507 30 -33.3111 7.8556
2 24 -10 -36.9792 14.7507 -10 -33.3111 7.8556
2 24 -6.25 -32.3571 13.7686 -6.25 -34.0723 17.7723
2 24 18.5 -24 13.75 21.5 -24 13.75
2 24 18.5 -24 13.75 18.5 -24 10
2 24 21.5 -24 13.75 21.5 -24 10
2 24 18.5 -24 10 21.5 -24 10
2 24 11.4351 -24 16.5355 10 -24 16.25
2 24 13.4646 -24 21.4351 12.6517 -24 22.6517
2 24 13.4646 -35.1722 21.4351 12.6517 -35.4463 22.6517
2 24 11.4351 -35.6052 23.4646 12.6517 -35.4463 22.6517
2 24 11.4351 -24 23.4646 12.6517 -24 22.6517
2 24 26.25 -36.0053 26.25 -6.25 -36.0053 26.25
2 24 30 -8.0192 -9.1879 30 -15.4813 -6.8826
2 24 -10 -8.0192 -9.1879 -10 -15.4813 -6.8826
2 24 30 -40 30 30 -39.2375 22.2272
2 24 30 -24 30 30 -40 30
2 24 30 -28.373 1.8047 30 -33.3111 7.8556
2 24 -10 -28.373 1.8047 -10 -33.3111 7.8556
2 24 18.5 -32.3478 13.75 21.5 -32.3478 13.75
2 24 18.5 -32.3478 13.75 18.5 -24 13.75
2 24 21.5 -32.3478 13.75 21.5 -24 13.75
2 24 18.5 -24 13.75 21.5 -24 13.75
2 24 30 -36.9792 14.7507 30 -39.2375 22.2272
2 24 -10 -36.9792 14.7507 -10 -39.2375 22.2272
2 24 -10 -39.2375 22.2272 -10 -40 30
2 24 30 -39.2375 22.2272 30 -40 30
2 24 -10 -40 30 30 -40 30
2 24 26.25 -24 26.25 -6.25 -24 26.25
2 24 30 -24 30 -10 -24 30
2 24 26.25 -24 10 26.25 -30.1735 10
2 24 21.5 -24 10 21.5 -30.1735 10
2 24 26.25 -30.1735 10 21.5 -30.1735 10
2 24 -10 0 -10 -10 -8.0192 -9.1879
2 24 -10 0 10 -10 0 -10
2 24 30 -24 10 30 0 10
2 24 26.25 -24 10 30 -24 10
2 24 30 0 10 -10 0 10
2 24 11.5 -24 10 8.5 -24 10
2 24 18.5 -24 10 21.5 -24 10
2 24 13.4646 -24 18.5649 12.6517 -24 17.3484
2 24 11.4351 -24 23.4646 12.6517 -24 22.6517
2 24 13.4646 -24 18.5649 13.75 -24 20
2 24 13.4646 -34.3465 18.5649 12.6517 -33.9172 17.3484
2 24 13.4646 -24 18.5649 12.6517 -24 17.3484
2 24 13.75 -24 20 13.4646 -24 21.4351
2 24 30 -33.3111 7.8556 30 -28.373 1.8047
2 24 12.6517 -24 22.6517 13.4646 -24 21.4351
2 24 30 -24 30 30 -24 10
2 24 30 -39.2375 22.2272 30 -36.9792 14.7507
2 24 30 -33.3111 7.8556 30 -36.9792 14.7507
2 24 11.4351 -24 16.5355 12.6517 -24 17.3484
2 24 30 -28.373 1.8047 30 -22.3532 -3.1713
2 24 30 -22.3532 -3.1713 30 -15.4813 -6.8826
2 24 30 -24 10 30 0 10
2 24 30 -15.4813 -6.8826 30 -8.0192 -9.1879
2 24 30 -8.0192 -9.1879 30 0 -10
2 24 30 0 10 30 0 -10
2 24 7.3483 -24 17.3484 6.5355 -24 18.5649
2 24 7.3483 -33.9172 17.3484 6.5355 -34.3465 18.5649
2 24 6.25 -24 20 6.5355 -24 21.4351
2 24 10 -24 23.75 8.5649 -24 23.4646
2 24 10 -35.6564 23.75 8.5649 -35.6052 23.4646
2 24 11.5 -32.3478 13.75 11.5 -24 13.75
2 24 11.5 -32.3478 13.75 8.5 -32.3478 13.75
2 24 11.5 -24 13.75 8.5 -24 13.75
2 24 8.5 -32.3478 13.75 8.5 -24 13.75
2 24 7.3483 -24 17.3484 8.5649 -24 16.5355
2 24 7.3483 -33.9172 17.3484 8.5649 -33.6028 16.5355
2 24 1.5 -24 10 1.5 -24 13.75
2 24 1.5 -24 10 1.5 -30.1735 10
2 24 1.5 -24 13.75 1.5 -32.3478 13.75
2 24 1.5 -30.1735 10 1.5 -32.3478 13.75
2 24 1.5 -32.3478 13.75 1.5 -24 13.75
2 24 1.5 -32.3478 13.75 -1.5 -32.3478 13.75
2 24 1.5 -24 13.75 -1.5 -24 13.75
2 24 -1.5 -32.3478 13.75 -1.5 -24 13.75
2 24 6.25 -34.7914 20 6.5355 -35.1722 21.4351
2 24 7.3483 -35.4463 22.6517 6.5355 -35.1722 21.4351
2 24 7.3483 -24 22.6517 6.5355 -24 21.4351
2 24 8.5 -32.3478 13.75 8.5 -24 13.75
2 24 8.5 -32.3478 13.75 8.5 -30.1735 10
2 24 8.5 -24 13.75 8.5 -24 10
2 24 8.5 -30.1735 10 8.5 -24 10
2 24 -10 -24 30 -10 -24 10
2 24 -6.25 -24 26.25 -6.25 -24 10
2 24 -10 -24 10 -6.25 -24 10
2 24 8.5649 -33.6028 16.5355 10 -33.487 16.25
2 24 1.5 -24 13.75 1.5 -24 10
2 24 1.5 -24 13.75 -1.5 -24 13.75
2 24 1.5 -24 10 -1.5 -24 10
2 24 -1.5 -24 13.75 -1.5 -24 10
2 24 7.3483 -24 22.6517 8.5649 -24 23.4646
2 24 -10 0 10 -10 -24 10
2 24 -10 -15.4813 -6.8826 -10 -22.3532 -3.1713
2 24 -10 -28.373 1.8047 -10 -33.3111 7.8556
2 24 -10 -24 10 -6.25 -24 10
2 24 -10 0 10 -10 -24 10
2 24 6.5355 -24 18.5649 6.25 -24 20
2 24 6.5355 -34.3465 18.5649 6.25 -34.7914 20
2 24 6.5355 -35.1722 21.4351 7.3483 -35.4463 22.6517
2 24 -6.25 -36.0053 26.25 -6.25 -35.2943 21.9529
2 24 6.25 -24 20 6.5355 -24 18.5649
2 24 -1.5 -30.1735 10 -6.25 -30.1735 10
2 24 -1.5 -30.1735 10 -1.5 -32.3478 13.75
2 24 -6.25 -30.1735 10 -6.25 -32.3571 13.7686
2 24 -10 -36.9792 14.7507 -10 -39.2375 22.2272
2 24 -10 -24 10 -10 -24 30
2 24 -10 -22.3532 -3.1713 -10 -28.373 1.8047
2 24 -10 -8.0192 -9.1879 -10 -15.4813 -6.8826
2 24 7.3483 -35.4463 22.6517 8.5649 -35.6052 23.4646
2 24 1.5 -24 10 1.5 -30.1735 10
2 24 1.5 -30.1735 10 8.5 -30.1735 10
2 24 8.5 -24 10 8.5 -30.1735 10
2 24 -10 -39.2375 22.2272 -10 -40 30
2 24 -10 -24 30 -10 -40 30
2 24 26.25 -36.0053 26.25 -6.25 -36.0053 26.25
2 24 26.25 -36.0053 26.25 26.25 -24 26.25
2 24 -6.25 -36.0053 26.25 -6.25 -24 26.25
2 24 26.25 -24 26.25 -6.25 -24 26.25
2 24 -6.25 -24 10 -6.25 -30.1735 10
2 24 -6.25 -30.1735 10 -1.5 -30.1735 10
2 24 -1.5 -24 10 -1.5 -30.1735 10
2 24 8.5649 -24 23.4646 7.3483 -24 22.6517
2 24 8.5649 -35.6052 23.4646 7.3483 -35.4463 22.6517
2 24 10 -24 16.25 8.5649 -24 16.5355
2 24 10 -33.487 16.25 8.5649 -33.6028 16.5355
2 24 1.5 -32.3478 13.75 1.5 -30.1735 10
2 24 1.5 -30.1735 10 8.5 -30.1735 10
2 24 8.5 -32.3478 13.75 8.5 -30.1735 10
2 24 26.25 -32.3571 13.7686 26.25 -34.0723 17.7723
2 24 -1.5 -32.3478 13.75 -1.5 -24 13.75
2 24 -1.5 -32.3478 13.75 -1.5 -30.1735 10
2 24 -1.5 -24 13.75 -1.5 -24 10
2 24 -1.5 -30.1735 10 -1.5 -24 10
2 24 1.5 -24 10 -1.5 -24 10
2 24 6.5355 -24 21.4351 6.25 -24 20
2 24 6.5355 -35.1722 21.4351 6.25 -34.7914 20
2 24 -10 -33.3111 7.8556 -10 -36.9792 14.7507
2 24 6.25 -34.7914 20 6.5355 -34.3465 18.5649
2 24 -6.25 -35.2943 21.9529 -6.25 -34.0723 17.7723
2 24 10 -24 16.25 8.5649 -24 16.5355
2 24 8.5649 -24 23.4646 10 -24 23.75
2 24 11.4351 -24 23.4646 10 -24 23.75
2 24 13.75 -24 20 13.4646 -24 21.4351
2 24 13.75 -34.7914 20 13.4646 -35.1722 21.4351
2 24 12.6517 -35.4463 22.6517 11.4351 -35.6052 23.4646
2 24 13.75 -34.7914 20 13.4646 -34.3465 18.5649
2 24 26.25 -35.2943 21.9529 26.25 -34.0723 17.7723
2 24 13.4646 -35.1722 21.4351 12.6517 -35.4463 22.6517
2 24 26.25 -35.2943 21.9529 26.25 -36.0053 26.25
2 24 26.25 -24 26.25 26.25 -24 10
2 24 26.25 -24 10 26.25 -30.1735 10
2 24 26.25 -32.3571 13.7686 26.25 -30.1735 10
2 24 8.5649 -24 16.5355 7.3483 -24 17.3484
2 24 26.25 -32.3571 13.7686 26.25 -34.0723 17.7723
2 24 26.25 -34.0723 17.7723 26.25 -35.2943 21.9529
2 24 26.25 -24 26.25 26.25 -36.0053 26.25
2 24 26.25 -35.2943 21.9529 26.25 -36.0053 26.25
2 24 6.5355 -24 18.5649 7.3483 -24 17.3484
2 24 6.5355 -24 21.4351 7.3483 -24 22.6517
2 24 -6.25 -34.0723 17.7723 -6.25 -35.2943 21.9529
2 24 -6.25 -24 26.25 -6.25 -36.0053 26.25
2 24 -6.25 -35.2943 21.9529 -6.25 -36.0053 26.25
2 24 11.5 -24 13.75 11.5 -24 10
2 24 11.5 -24 13.75 8.5 -24 13.75
2 24 11.5 -24 10 8.5 -24 10
2 24 8.5 -24 13.75 8.5 -24 10
2 24 11.5 -32.3478 13.75 8.5 -32.3478 13.75
2 24 10 -33.487 16.25 11.4351 -33.6028 16.5355
2 24 6.5355 -34.3465 18.5649 7.3483 -33.9172 17.3484
2 24 1.5 -32.3478 13.75 -1.5 -32.3478 13.75
2 24 8.5649 -33.6028 16.5355 7.3483 -33.9172 17.3484
2 24 -6.25 -32.3571 13.7686 -6.25 -34.0723 17.7723
2 24 10 -35.6564 23.75 11.4351 -35.6052 23.4646
2 24 10 -35.6564 23.75 8.5649 -35.6052 23.4646
2 24 21.5 -32.3478 13.75 18.5 -32.3478 13.75
2 24 11.4351 -33.6028 16.5355 12.6517 -33.9172 17.3484
2 24 13.4646 -34.3465 18.5649 12.6517 -33.9172 17.3484
2 24 13.75 0 0 13.4646 0 1.4351
2 24 13.75 -20.2593 0 13.4646 -22.2372 1.4351
2 24 13.4646 0 1.4351 12.6517 0 2.6517
2 24 13.4646 -22.2372 1.4351 12.6517 -23.7173 2.6517
2 24 11.0451 -24.77 3.6014 11.0674 -27.3199 6.25
2 24 11.0451 -24.77 3.6014 11.4351 -24.6243 3.4645
2 24 11.0674 -27.3199 6.25 26.25 -27.3199 6.25
2 24 10 0 3.75 11.4351 0 3.4645
2 24 10 -5.275 3.75 10.6244 -5.5278 3.6973
2 24 13.75 -20.2593 0 13.4646 -17.952 -1.4351
2 24 13.75 0 0 13.4646 0 -1.4351
2 24 10.8826 -6.1424 3.6447 11.0451 -24.77 3.6014
2 24 10.8826 -6.1424 6.25 11.0674 -27.3199 6.25
2 24 11.0451 -24.77 3.6014 11.0674 -27.3199 6.25
2 24 10.6244 -5.5278 3.6973 10 -5.275 3.75
2 24 10.6244 -5.5278 3.6973 10.6236 -5.5286 6.25
2 24 10.6236 -5.5286 6.25 10 -5.275 6.25
2 24 12.6517 0 2.6517 11.4351 0 3.4645
2 24 12.6517 -23.7173 2.6517 11.4351 -24.6243 3.4645
2 24 26.25 -4.4451 -6.25 26.25 -5.3078 -6.0964
2 24 13.4646 -17.952 -1.4351 12.6517 -15.6304 -2.6517
2 24 13.4646 0 -1.4351 12.6517 0 -2.6517
2 24 10.8826 -6.1424 6.25 10.6236 -5.5286 6.25
2 24 10.8826 -6.1424 3.6447 10.6244 -5.5278 3.6973
2 24 10 0 -3.75 11.4351 0 -3.4645
2 24 10 -5.275 -3.75 10.6208 -5.5258 -3.6982
2 24 13.4646 -17.952 -1.4351 12.6517 -15.6304 -2.6517
2 24 26.25 -17.9269 -1.4494 26.25 -12.3974 -4.0112
2 24 10.8826 -6.1424 -3.6447 10.6208 -5.5258 -3.6982
2 24 10.8826 -6.1424 -5.7075 10.6406 -5.5458 -5.9946
2 24 10.6208 -5.5258 -3.6982 10.6406 -5.5458 -5.9946
2 24 12.6517 -15.6304 -2.6517 10.9415 -13.3995 -3.6143
2 24 10.8826 -6.1424 -3.6447 10.9415 -13.3995 -3.6143
2 24 10.6208 -5.5258 -3.6982 10.8826 -6.1424 -3.6447
2 24 10.6208 -5.5258 -3.6982 10 -5.275 -3.75
2 24 10.6406 -5.5458 -5.9946 10 -5.2749 -6.1083
2 24 10 -5.275 -3.75 10 -5.2749 -6.1083
2 24 10.8826 -6.1424 3.6447 11.0451 -24.77 3.6014
2 24 11.4351 -24.6243 3.4645 11.0451 -24.77 3.6014
2 24 10.6406 -5.5458 -5.9946 10.8826 -6.1424 -5.7075
2 24 26.25 -5.3078 -6.0964 26.25 -6.0978 -5.7235
2 24 12.6517 -15.6304 -2.6517 10.9415 -13.3995 -3.6143
2 24 26.25 -17.9269 -1.4494 26.25 -22.9488 2.0033
2 24 -6.25 -4.4451 -6.25 -6.25 0 -6.25
2 24 26.25 -4.4451 -6.25 26.25 0 -6.25
2 24 -6.25 0 -6.25 26.25 0 -6.25
2 24 -6.25 0 -6.25 26.25 0 -6.25
2 24 -10 0 -10 30 0 -10
2 24 10.8826 -6.1424 -5.7075 10.9415 -13.3995 -3.6143
2 24 10.8826 -6.1424 -3.6447 10.9415 -13.3995 -3.6143
2 24 26.25 -17.9269 -1.4494 26.25 -22.9488 2.0033
2 24 13.4646 -17.952 -1.4351 13.75 -20.2593 0
2 24 13.4646 0 1.4351 12.6517 0 2.6517
2 24 10 0 3.75 11.4351 0 3.4645
2 24 26.25 -4.4451 -6.25 26.25 0 -6.25
2 24 26.25 0 6.25 26.25 0 -6.25
2 24 26.25 0 -6.25 26.25 0 6.25
2 24 30 0 -10 30 0 10
2 24 13.75 0 0 13.4646 0 -1.4351
2 24 13.4646 0 1.4351 13.75 0 0
2 24 13.4646 0 -1.4351 12.6517 0 -2.6517
2 24 12.6517 0 -2.6517 11.4351 0 -3.4645
2 24 10.6406 -5.5458 -5.9946 10 -5.2749 -6.1083
2 24 26.25 -5.3078 -6.0964 26.25 -4.4451 -6.25
2 24 12.6517 0 2.6517 11.4351 0 3.4645
2 24 11.4351 0 -3.4645 10 0 -3.75
2 24 26.25 -5.3078 -6.0964 26.25 -6.0978 -5.7235
2 24 26.25 0 6.25 26.25 -27.3199 6.25
2 24 26.25 -22.9488 2.0033 26.25 -27.3199 6.25
2 24 26.25 -6.0978 -5.7235 26.25 -12.3974 -4.0112
2 24 26.25 -17.9269 -1.4494 26.25 -12.3974 -4.0112
2 24 10.8826 -6.1424 6.25 10.6236 -5.5286 6.25
2 24 26.25 0 6.25 26.25 -27.3199 6.25
2 24 26.25 -27.3199 6.25 11.0674 -27.3199 6.25
2 24 10.8826 -6.1424 6.25 11.0674 -27.3199 6.25
2 24 7.3484 0 -2.6517 6.5355 0 -1.4351
2 24 7.3484 -15.6304 -2.6517 6.5355 -17.952 -1.4351
2 24 10 -5.275 -3.75 9.3792 -5.5258 -3.6982
2 24 10 0 -3.75 8.5649 0 -3.4645
2 24 9.0585 -13.3995 -3.6143 9.1174 -6.1424 -3.6447
2 24 9.0585 -13.3995 -3.6143 9.1174 -6.1424 -5.7075
2 24 26.25 0 6.25 -6.25 0 6.25
2 24 30 0 10 -10 0 10
2 24 8.9326 -27.3199 6.25 9.1174 -6.1424 6.25
2 24 8.9326 -27.3199 6.25 8.9549 -24.77 3.6014
2 24 8.9549 -24.77 3.6014 9.1174 -6.1424 3.6447
2 24 -6.25 -6.0978 -5.7235 -6.25 -12.3974 -4.0112
2 24 7.3484 0 -2.6517 8.5649 0 -3.4645
2 24 9.3594 -5.5458 -5.9946 9.1174 -6.1424 -5.7075
2 24 -6.25 -5.3078 -6.0964 -6.25 -6.0978 -5.7235
2 24 6.25 0 0 6.5355 0 -1.4351
2 24 -6.25 -17.9269 -1.4494 -6.25 -22.9488 2.0033
2 24 9.3764 -5.5286 6.25 10 -5.275 6.25
2 24 -6.25 -12.3974 -4.0112 -6.25 -17.9269 -1.4494
2 24 7.3484 -15.6304 -2.6517 6.5355 -17.952 -1.4351
2 24 7.3484 -23.7173 2.6517 6.5355 -22.2372 1.4351
2 24 7.3484 0 2.6517 6.5355 0 1.4351
2 24 9.3792 -5.5258 -3.6982 9.1174 -6.1424 -3.6447
2 24 9.1174 -6.1424 -5.7075 9.3594 -5.5458 -5.9946
2 24 9.3594 -5.5458 -5.9946 9.3792 -5.5258 -3.6982
2 24 9.1174 -6.1424 -3.6447 9.3792 -5.5258 -3.6982
2 24 10 -5.275 3.75 9.3756 -5.5278 3.6973
2 24 10 0 3.75 8.5649 0 3.4645
2 24 10 -5.275 6.25 9.3764 -5.5286 6.25
2 24 10 -5.275 3.75 9.3756 -5.5278 3.6973
2 24 9.3764 -5.5286 6.25 9.3756 -5.5278 3.6973
2 24 6.5355 -17.952 -1.4351 6.25 -20.2593 0
2 24 -6.25 -17.9269 -1.4494 -6.25 -22.9488 2.0033
2 24 7.3484 0 -2.6517 6.5355 0 -1.4351
2 24 10 0 -3.75 8.5649 0 -3.4645
2 24 7.3484 0 -2.6517 8.5649 0 -3.4645
2 24 9.3764 -5.5286 6.25 9.1174 -6.1424 6.25
2 24 -6.25 -5.3078 -6.0964 -6.25 -4.4451 -6.25
2 24 8.5649 -24.6243 3.4645 8.9549 -24.77 3.6014
2 24 9.1174 -6.1424 3.6447 8.9549 -24.77 3.6014
2 24 9.1174 -6.1424 -5.7075 9.0585 -13.3995 -3.6143
2 24 -6.25 -6.0978 -5.7235 -6.25 -12.3974 -4.0112
2 24 8.9326 -27.3199 6.25 -6.25 -27.3199 6.25
2 24 9.1174 -6.1424 6.25 8.9326 -27.3199 6.25
2 24 -6.25 0 6.25 -6.25 -27.3199 6.25
2 24 9.3756 -5.5278 3.6973 9.1174 -6.1424 3.6447
2 24 6.25 -20.2593 0 6.5355 -22.2372 1.4351
2 24 8.5649 -24.6243 3.4645 7.3484 -23.7173 2.6517
2 24 10 -5.275 -3.75 9.3792 -5.5258 -3.6982
2 24 10 -5.2749 -6.1083 9.3594 -5.5458 -5.9946
2 24 6.5355 0 1.4351 6.25 0 0
2 24 6.5355 -22.2372 1.4351 6.25 -20.2593 0
2 24 6.5355 0 1.4351 7.3484 0 2.6517
2 24 7.3484 0 2.6517 8.5649 0 3.4645
2 24 6.25 0 0 6.5355 0 1.4351
2 24 26.25 0 6.25 -6.25 0 6.25
2 24 6.5355 0 -1.4351 6.25 0 0
2 24 6.5355 -17.952 -1.4351 6.25 -20.2593 0
2 24 10 0 3.75 8.5649 0 3.4645
2 24 -6.25 0 6.25 -6.25 -27.3199 6.25
2 24 -6.25 -22.9488 2.0033 -6.25 -27.3199 6.25
2 24 6.5355 -22.2372 1.4351 7.3484 -23.7173 2.6517
2 24 -6.25 -22.9488 2.0033 -6.25 -27.3199 6.25
2 24 -6.25 -12.3974 -4.0112 -6.25 -17.9269 -1.4494
2 24 -6.25 -6.0978 -5.7235 -6.25 -5.3078 -6.0964
2 24 9.1174 -6.1424 3.6447 9.3756 -5.5278 3.6973
2 24 9.1174 -6.1424 6.25 9.3764 -5.5286 6.25
2 24 11.4351 -24.6243 3.4645 12.6517 -23.7173 2.6517
2 24 12.6517 -23.7173 2.6517 13.4646 -22.2372 1.4351
2 24 26.25 -27.3199 6.25 26.25 -22.9488 2.0033
2 24 8.5649 -24.6243 3.4645 8.9549 -24.77 3.6014
2 24 8.9549 -24.77 3.6014 8.9326 -27.3199 6.25
2 24 -6.25 -27.3199 6.25 8.9326 -27.3199 6.25
2 24 10.6244 -5.5278 3.6973 10.8826 -6.1424 3.6447
2 24 7.3484 -23.7173 2.6517 8.5649 -24.6243 3.4645
2 24 7.3484 0 2.6517 8.5649 0 3.4645
2 24 10.6236 -5.5286 6.25 10 -5.275 6.25
2 24 -6.25 0 -6.25 -6.25 0 6.25
2 24 -10 0 -10 -10 0 10
2 24 -6.25 -4.4451 -6.25 -6.25 0 -6.25
2 24 -6.25 0 6.25 -6.25 0 -6.25
2 24 10 -5.2749 -6.1083 9.3594 -5.5458 -5.9946
2 24 -6.25 -4.4451 -6.25 -6.25 -5.3078 -6.0964
2 24 13.75 -20.2593 0 13.4646 -22.2372 1.4351
2 24 12.6517 0 -2.6517 11.4351 0 -3.4645
2 24 9.1174 -6.1424 -3.6447 9.0585 -13.3995 -3.6143
2 24 7.3484 -15.6304 -2.6517 9.0585 -13.3995 -3.6143
2 24 26.25 -12.3974 -4.0112 26.25 -6.0978 -5.7235
2 24 10.8826 -6.1424 -5.7075 10.9415 -13.3995 -3.6143
2 24 7.3484 -15.6304 -2.6517 9.0585 -13.3995 -3.6143
0 STEP
