0 ~Container  3 x  6 x  3.333 Crystallized - Half
0 Name: s\7591s01.dat
0 Author: Gerald Lasser [GeraldLasser]
0 !LDRAW_ORG Unofficial_Subpart
0 !LICENSE Licensed under CC BY 4.0 : see CAreadme.txt

0 BFC CERTIFY CCW

0 // Bottom
1 16 0 80 0 0 0 -2 0 -1 0 2 0 0 1-8ring3.dat
1 16 0 80 0 -6 0 0 0 -1 0 0 0 6 1-8tndis.dat
3 16 -4.2426 80 4.2426 -6 80 4.2426 -5.6568 80 5.6568
3 16 -5.6568 80 5.6568 -6 80 4.2426 -6.7661 80 3.9969
3 16 -6.7661 80 3.9969 -6 80 4.2426 -6 80 0
2 24 -5.6568 80 5.6568 -6.7661 80 3.9969

3 16 -31.395 80 0 -31.395 80 4 -21.5 80 4
4 16 -21.5 80 4 -18.5 80 4 -6 80 0 -31.395 80 0
3 16 -18.5 80 4 -6.7661 80 3.9969 -6 80 0
2 24 -31.395 80 4 -21.5 80 4
2 24 -6 80 0 -31.395 80 0
2 24 -18.5 80 4 -6.7661 80 3.9969
2 24 -6 80 0 -6 72 0

0 BFC INVERTNEXT
1 16 0 80 0 0 0 -6 0 -8 0 6 0 0 1-4cylo.dat
1 16 0 80 0 0 0 -8 0 -5.2 0 8 0 0 1-8cylo.dat
4 16 -6.7661 74.8 3.9969 -5.6568 74.8 5.6568 -5.6568 80 5.6568 -6.7661 80 3.9969
2 24 -5.6568 74.8 5.6568 -6.7661 74.8 3.9969
2 24 -6.7661 80 3.9969 -6.7661 74.8 3.9969
5 24 -5.6568 74.8 5.6568 -5.6568 80 5.6568 -6.7661 80 3.9969 -3.0614 80 7.391
4 16 -32.423 79.816 4 -21.5 74.8 4 -21.5 80 4 -31.395 80 4
4 16 -32.423 79.816 4 -33.341 79.283 4 -38.6013 74.8 4 -21.5 74.8 4
4 16 -18.5 80 4 -18.5 74.8 4 -6.7661 74.8 3.9969 -6.7661 80 3.9969
2 24 -32.423 79.816 4 -31.395 80 4
2 24 -33.341 79.283 4 -32.423 79.816 4
2 24 -38.6013 74.8 4 -33.341 79.283 4
2 24 -38.6013 74.8 4 -21.5 74.8 4
2 24 -18.5 74.8 4 -6.7661 74.8 3.9969

1 16 0 74.8 0 0 0 -8 0 -1 0 8 0 0 1-8tndis.dat

4 16 -11.7121 74.8 14.7737 -5.6568 74.8 8 -5.6568 74.8 5.6568 -16.9384 74.8 12.6088
4 16 -16.9384 74.8 12.6088 -5.6568 74.8 5.6568 -6.7661 74.8 3.9969 -18.5 74.8 4
3 16 -16.9384 74.8 12.6088 -18.5 74.8 4 -18.5 74.8 12.298
4 16 -38.5949 74.8 4.7018 -25.2263 74.8 11.7121 -21.5 74.8 4 -38.6013 74.8 4
4 16 -25.2263 74.8 11.7121 -23.0615 74.8 12.6088 -21.5 74.8 12.298 -21.5 74.8 4
4 16 -25.2263 74.8 11.7121 -38.5949 74.8 4.7018 -33.0652 74.8 18.065 -27.3912 74.8 16.9384
3 16 -27.876 74.75 18.065 -27.3912 74.8 16.9384 -33.0652 74.8 18.065
1 16 -20 74.8 20 -7.3912 0 3.0616 0 -1 0 -3.0616 0 -7.3912 1-8tndis.dat
1 16 -20 74.8 20 3.0616 0 7.3912 0 -1 0 -7.3912 0 3.0616 1-8tndis.dat
1 16 -20 74.8 20 7.3912 0 -3.0616 0 -1 0 3.0616 0 7.3912 1-8tndis.dat
1 16 0 74.8 20 -7.3912 0 3.0616 0 -1 0 3.0616 0 7.3912 1-8tndis.dat
4 16 -12.298 74.8 21.5 -12.6088 74.8 23.0616 -7.3912 74.8 23.0616 -7.702 74.8 21.5
4 16 -14.7737 74.8 28.2879 -5.2263 74.8 28.2879 -7.3912 74.8 23.0616 -12.6088 74.8 23.0616
4 16 -14.7737 74.8 28.2879 -16.9385 74.8 27.3912 -18.253 74.8 27.904 -18.253 74.8 32.9882
4 16 -1.5 74.8 27.702 -3.0615 74.8 27.3912 -5.2263 74.8 28.2879 -1.5 74.8 38.6631
4 16 -18.253 74.8 32.9882 -4.7018 74.8 38.5949 -5.2263 74.8 28.2879 -14.7737 74.8 28.2879
3 16 -5.2263 74.8 28.2879 -4.7018 74.8 38.5949 -1.5 74.8 38.6631
2 24 -38.5949 74.8 4.7018 -38.6013 74.8 4
2 24 -38.5949 74.8 4.7018 -33.0652 74.8 18.065
2 24 -33.0652 74.8 18.065 -27.876 74.75 18.065
2 24 -4.7018 74.8 38.5949 -18.253 74.8 32.9882
2 24 -1.5 74.8 38.6631 -4.7018 74.8 38.5949
2 24 -1.5 74.8 28 -1.5 74.8 38.6631
2 24 -18.253 74.8 32.9882 -18.253 74.8 27.904

4 16 -33.0652 74.8 18.065 -31.676 77.722 18.065 -27.876 80 18.065 -27.876 74.75 18.065
4 16 -18.253 74.8 32.9882 -18.253 74.8 27.904 -18.253 80 27.904 -18.253 77.629 31.643
4 16 -1.5 80 28 -1.5 74.8 28 -1.5 74.8 38.6631 -1.5 80 32.5
2 24 -27.876 80 18.065 -18.253 80 27.904
2 24 -33.0652 74.8 18.065 -31.676 77.722 18.065
2 24 -31.676 77.722 18.065 -27.876 80 18.065
2 24 -18.253 74.8 32.9882 -18.253 77.629 31.643
2 24 -18.253 77.629 31.643 -18.253 80 27.904
2 24 -1.5 80 28 -1.5 80 32.5
2 24 -1.5 80 32.5 -1.5 74.8 38.6631

0 // Bottom Studs

0 BFC INVERTNEXT
1 16 -20 74.8 20 6 0 0 0 5.2 0 0 0 -6 7-16cylo.dat
0 BFC INVERTNEXT
1 16 -20 74.8 20 6 0 0 0 5.2 0 0 0 6 3-16cylo.dat
1 16 -20 74.8 20 6 0 0 0 -1 0 0 0 -6 7-16chrd.dat
1 16 -20 74.8 20 6 0 0 0 -1 0 0 0 6 3-16chrd.dat
3 16 -17.7038 74.8 25.5434 -14 74.8 20 -25.5434 74.8 17.7038
4 16 -25.5434 80 17.7038 -17.7038 80 25.5434 -17.7038 74.8 25.5434 -25.5434 74.8 17.7038
2 24 -17.7038 74.8 25.5434 -17.7038 80 25.5434
2 24 -17.7038 80 25.5434 -25.5434 80 17.7038
2 24 -25.5434 80 17.7038 -25.5434 74.8 17.7038
2 24 -17.7038 74.8 25.5434 -25.5434 74.8 17.7038
1 16 -20 80 20 -7.3912 0 3.0616 0 -5.2 0 -3.0616 0 -7.3912 1-8cylo.dat
1 16 -20 80 20 3.0616 0 7.3912 0 -5.2 0 -7.3912 0 3.0616 1-8cylo.dat
1 16 -20 80 20 7.3912 0 -3.0616 0 -5.2 0 3.0616 0 7.3912 1-8cylo.dat
1 16 -20 74.8 20 1 0 0 0 -1.3 0 0 0 -1 st4jfil3.dat
1 16 -20 74.8 20 0 0 -1 0 -1.3 0 -1 0 0 st4jfil3.dat
1 16 -20 80 20 1.8478 0 -.7654 0 -1 0 .7654 0 1.8478 1-8ring3.dat
1 16 -20 80 20 .7654 0 1.8478 0 -1 0 -1.8478 0 .7654 1-8ring3.dat
1 16 -20 80 20 -1.8478 0 .7654 0 -1 0 -.7654 0 -1.8478 1-8ring3.dat
4 16 -16.9385 74.8 27.3912 -16.9385 80 27.3912 -18.253 80 27.904 -18.253 74.8 27.904
4 16 -27.876 80 18.065 -27.3912 80 16.9384 -27.3912 74.8 16.9384 -27.876 74.75 18.065
3 16 -25.5434 80 17.7038 -27.3912 80 16.9384 -27.876 80 18.065
3 16 -16.9385 80 27.3912 -17.7039 80 25.5434 -18.253 80 27.904
4 16 -25.5434 80 17.7038 -27.876 80 18.065 -18.253 80 27.904 -17.7038 80 25.5434
2 24 -18.253 80 27.904 -16.9385 80 27.3912
2 24 -18.253 80 27.904 -18.253 74.8 27.904
2 24 -18.253 74.8 27.904 -16.9385 74.8 27.3912
2 24 -27.3912 80 16.9384 -27.876 80 18.065
2 24 -27.876 80 18.065 -27.876 74.75 18.065
2 24 -27.876 74.75 18.065 -27.3912 74.8 16.9384
5 24 -27.3912 80 16.9384 -27.3912 74.8 16.9384 -25.6571 74.8 14.3428 -27.876 74.75 18.065
5 24 -16.9385 80 27.3912 -16.9385 74.8 27.3912 -18.253 80 27.904 -14.3431 80 25.657

1 16 -10 74.8 20 2 0 0 0 5.2 0 0 0 1.5 box3u8p.dat
1 16 -20 74.8 8 0 0 1.5 0 5.2 0 -4 0 0 box3u6.dat

0 // Bottom Outside
4 16 -32.423 79.816 0 -32.423 79.816 4 -31.395 80 4 -31.395 80 0
4 16 -33.341 79.283 0 -33.341 79.283 4 -32.423 79.816 4 -32.423 79.816 0
4 16 -41.875 72.01 0 -38.6013 74.8 4 -33.341 79.283 4 -33.341 79.283 0
3 16 -41.875 72.01 0 -38.5949 74.8 4.7018 -38.6013 74.8 4
3 16 -23.6919 74.8 30.7347 -23.9724 74.8 30.6176 -29.61 72.01 29.61
3 16 -29.61 72.01 29.61 0 72.009 41.971 -18.253 74.8 32.9882
3 16 -18.253 74.8 32.9882 -23.6919 74.8 30.7347 -29.61 72.01 29.61
3 16 0 72.009 41.971 -4.7018 74.8 38.5949 -18.253 74.8 32.9882
4 16 -23.683 74.943 30.671 -23.6919 74.8 30.7347 -18.253 74.8 32.9882 -18.253 77.629 31.643
4 16 -33.0652 74.8 18.065 -38.5949 74.8 4.7018 -41.875 72.01 0 -29.61 72.01 29.61
3 16 -29.61 72.01 29.61 -30.6163 74.8 23.9785 -30.8185 74.8 23.4903
3 16 -33.0652 74.8 18.065 -29.61 72.01 29.61 -30.8185 74.8 23.4903
4 16 -30.8185 74.8 23.4903 -30.708 75.045 23.477 -31.676 77.722 18.065 -33.0652 74.8 18.065
3 16 -4.7018 74.8 38.5949 0 72.009 41.971 -1.5 74.8 38.6631
3 16 -29.61 72.01 29.61 -23.9724 74.8 30.6176 -30.6163 74.8 23.9785
3 16 -18.253 80 27.904 -23.729 76.123 28.666 -18.253 77.629 31.643
3 16 -18.253 77.629 31.643 -23.729 76.123 28.666 -23.683 74.943 30.671
3 16 -18.253 80 27.904 -24.343 76.833 26.874 -23.729 76.123 28.666
4 16 -27.876 80 18.065 -25.455 77.086 25.342 -24.343 76.833 26.874 -18.253 80 27.904
3 16 -27.876 80 18.065 -26.969 76.859 24.204 -25.455 77.086 25.342
4 16 -31.676 77.722 18.065 -28.75 76.174 23.561 -26.969 76.859 24.204 -27.876 80 18.065
3 16 -30.708 75.045 23.477 -28.75 76.174 23.561 -31.676 77.722 18.065
2 24 -31.395 80 0 -32.423 79.816 0
2 24 -33.341 79.283 0 -32.423 79.816 0
2 24 -41.875 72.01 0 -33.341 79.283 0
2 24 -41.875 72.01 0 -38.5949 74.8 4.7018
2 24 -29.61 72.01 29.61 -41.875 72.01 0
2 24 0 72.009 41.971 -29.61 72.01 29.61
2 24 -23.6919 74.8 30.7347 -23.9724 74.8 30.6176
2 24 -23.9724 74.8 30.6176 -29.61 72.01 29.61
2 24 0 72.009 41.971 -4.7018 74.8 38.5949
2 24 -23.683 74.943 30.671 -23.6919 74.8 30.7347
2 24 -18.253 77.629 31.643 -23.683 74.943 30.671
2 24 -29.61 72.01 29.61 -30.6163 74.8 23.9785
2 24 -30.6163 74.8 23.9785 -30.8185 74.8 23.4903
2 24 -30.8185 74.8 23.4903 -30.708 75.045 23.477
2 24 -30.708 75.045 23.477 -31.676 77.722 18.065
2 24 -23.9724 74.8 30.6176 -30.6163 74.8 23.9785
2 24 -23.729 76.123 28.666 -23.683 74.943 30.671
2 24 -24.343 76.833 26.874 -23.729 76.123 28.666
2 24 -25.455 77.086 25.342 -24.343 76.833 26.874
2 24 -26.969 76.859 24.204 -25.455 77.086 25.342
2 24 -28.75 76.174 23.561 -26.969 76.859 24.204
2 24 -30.708 75.045 23.477 -28.75 76.174 23.561
2 24 -23.729 74.8 28.666 -23.6919 74.8 30.7347
2 24 -24.343 74.8 26.874 -23.729 74.8 28.666
2 24 -25.455 74.8 25.342 -24.343 74.8 26.874
2 24 -26.969 74.8 24.204 -25.455 74.8 25.342
2 24 -28.75 74.8 23.561 -26.969 74.8 24.204
2 24 -30.8185 74.8 23.4903 -28.75 74.8 23.561
3 16 -23.729 76.123 28.666 -23.729 74.8 28.666 -23.683 74.943 30.671
3 16 -23.683 74.943 30.671 -23.729 74.8 28.666 -23.6919 74.8 30.7347
4 16 -24.343 76.833 26.874 -24.343 74.8 26.874 -23.729 74.8 28.666 -23.729 76.123 28.666
4 16 -25.455 77.086 25.342 -25.455 74.8 25.342 -24.343 74.8 26.874 -24.343 76.833 26.874
4 16 -26.969 74.8 24.204 -25.455 74.8 25.342 -25.455 77.086 25.342 -26.969 76.859 24.204
4 16 -28.75 74.8 23.561 -26.969 74.8 24.204 -26.969 76.859 24.204 -28.75 76.174 23.561
3 16 -30.708 75.045 23.477 -28.75 74.8 23.561 -28.75 76.174 23.561
3 16 -30.8185 74.8 23.4903 -28.75 74.8 23.561 -30.708 75.045 23.477
4 16 -24.343 74.8 26.874 -26.969 74.8 24.204 -30.6163 74.8 23.9785 -23.9724 74.8 30.6176
4 16 -26.969 74.8 24.204 -28.75 74.8 23.561 -30.8185 74.8 23.4903 -30.6163 74.8 23.9785
3 16 -24.343 74.8 26.874 -25.455 74.8 25.342 -26.969 74.8 24.204
4 16 -23.6919 74.8 30.7347 -23.729 74.8 28.666 -24.343 74.8 26.874 -23.9724 74.8 30.6176
5 24 -24.343 76.833 26.874 -24.343 74.8 26.874 -23.729 74.8 28.666 -25.455 77.086 25.342
5 24 -25.455 77.086 25.342 -25.455 74.8 25.342 -24.343 74.8 26.874 -26.969 76.859 24.204
5 24 -28.75 74.8 23.561 -30.708 75.045 23.477 -30.8185 74.8 23.4903 -28.75 76.174 23.561
5 24 -23.729 76.123 28.666 -23.729 74.8 28.666 -24.343 76.833 26.874 -23.683 74.943 30.671
5 24 -26.969 76.859 24.204 -26.969 74.8 24.204 -28.75 76.174 23.561 -25.455 74.8 25.342
5 24 -23.729 74.8 28.666 -23.683 74.943 30.671 -23.6919 74.8 30.7347 -23.729 76.123 28.666
5 24 -28.75 74.8 23.561 -28.75 76.174 23.561 -26.969 74.8 24.204 -30.708 75.045 23.477
5 24 -38.6013 74.8 4 -41.875 72.01 0 -33.341 79.283 4 -38.5949 74.8 4.7018
5 24 -32.423 79.816 4 -32.423 79.816 0 -31.395 80 4 -33.341 79.283 0
5 24 -31.395 80 0 -31.395 80 4 -21.5 80 4 -32.423 79.816 0
5 24 -33.341 79.283 4 -33.341 79.283 0 -32.423 79.816 4 -41.875 72.01 0

0 // Inside
1 16 0 72 0 0 0 -6 0 1 0 6 0 0 1-4ndis.dat
1 16 0 72 20 0 0 -6 0 1 0 6 0 0 2-4ndis.dat
1 16 0 72 20 0 0 -6 0 1 0 6 0 0 2-4edge.dat
0 BFC INVERTNEXT
1 16 0 72 20 0 0 -6 0 2.8 0 6 0 0 2-4cyli.dat

4 16 -6 72 6 -36.094 72 2.745 -36.094 72 0 -6 72 0
4 16 -36.094 72 2.745 -6 72 6 -6 72 14 -27.463 72 23.581
4 16 -23.581 72 27.463 -27.463 72 23.581 -6 72 14 -6 72 20
3 16 -23.581 72 27.463 -6 72 20 -6 72 26
3 16 -23.581 72 27.463 -6 72 26 -2.745 72.01 36.094
4 16 0 72.01 36.094 -2.745 72.01 36.094 -6 72 26 0 72 26
4 16 -6 72 14 -6 72 6 0 72 6 0 72 14
2 24 -23.581 72 27.463 -2.745 72.01 36.094
2 24 -36.094 72 2.745 -27.463 72 23.581
2 24 -27.463 72 23.581 -23.581 72 27.463
2 24 -2.745 72.01 36.094 0 72.01 36.094
2 24 -36.094 72 0 -36.094 72 2.745
2 24 -36.094 72 0 -6 72 0
3 16 -17.185 52.089 42.101 0 70.02 38.428 0 52.253 45.609
3 16 -41.922 52.089 17.618 -27.173 70.02 27.173 -32.251 52.253 32.251
3 16 -32.251 52.253 32.251 -27.173 70.02 27.173 -17.185 52.089 42.101
3 16 -45.61 52.253 0 -38.428 70.02 0 -41.922 52.089 17.618
4 16 -17.185 52.089 42.101 -27.173 70.02 27.173 -23.581 72 27.463 0 70.02 38.428
3 16 0 70.02 38.428 -23.581 72 27.463 -2.745 72.01 36.094
4 16 -41.922 52.089 17.618 -38.428 70.02 0 -36.094 72 2.745 -27.173 70.02 27.173
3 16 -27.173 70.02 27.173 -36.094 72 2.745 -27.463 72 23.581
3 16 -27.173 70.02 27.173 -27.463 72 23.581 -23.581 72 27.463
3 16 -2.745 72.01 36.094 0 72.01 36.094 0 70.02 38.428
3 16 -38.428 70.02 0 -36.094 72 0 -36.094 72 2.745
2 24 -41.922 52.089 17.618 -32.251 52.253 32.251
2 24 -32.251 52.253 32.251 -17.185 52.089 42.101
2 24 -17.185 52.089 42.101 0 52.253 45.609
2 24 -45.61 52.253 0 -41.922 52.089 17.618
2 24 -17.185 52.089 42.101 0 70.02 38.428
2 24 -41.922 52.089 17.618 -27.173 70.02 27.173
2 24 -27.173 70.02 27.173 -32.251 52.253 32.251
2 24 -27.173 70.02 27.173 -17.185 52.089 42.101
2 24 -45.61 52.253 0 -38.428 70.02 0
2 24 -38.428 70.02 0 -41.922 52.089 17.618
2 24 -27.173 70.02 27.173 -23.581 72 27.463
2 24 -2.745 72.01 36.094 0 70.02 38.428
2 24 -38.428 70.02 0 -36.094 72 2.745
2 24 -27.463 72 23.581 -27.173 70.02 27.173
2 24 -38.428 70.02 0 -36.094 72 0
4 16 -17.593 3.875 0 -27.455 19.161 0 -19.414 19.161 19.414 -12.44 3.875 12.44
3 16 -27.455 19.161 0 -41.922 52.089 17.618 -19.414 19.161 19.414
4 16 -12.44 3.875 12.44 -19.414 19.161 19.414 0 19.161 27.455 0 3.875 17.593
3 16 -19.414 19.161 19.414 -17.185 52.089 42.101 0 19.161 27.455
3 16 -41.922 52.089 17.618 -32.251 52.253 32.251 -19.414 19.161 19.414
3 16 -19.414 19.161 19.414 -32.251 52.253 32.251 -17.185 52.089 42.101
3 16 -17.185 52.089 42.101 0 52.253 45.609 0 19.161 27.455
3 16 -27.455 19.161 0 -45.61 52.253 0 -41.922 52.089 17.618
2 24 -12.44 3.875 12.44 0 3.875 17.593
2 24 -17.593 3.875 0 -12.44 3.875 12.44
2 24 -17.593 3.875 0 -27.455 19.161 0
2 24 -19.414 19.161 19.414 -12.44 3.875 12.44
2 24 -27.455 19.161 0 -41.922 52.089 17.618
2 24 -41.922 52.089 17.618 -19.414 19.161 19.414
2 24 -19.414 19.161 19.414 -17.185 52.089 42.101
2 24 -17.185 52.089 42.101 0 19.161 27.455
2 24 -32.251 52.253 32.251 -19.414 19.161 19.414
2 24 -27.455 19.161 0 -45.61 52.253 0

0 // Outside
4 16 0 0 19.812 0 15.454 29.762 -21.054 15.475 21.054 -14.01 0 14.01
3 16 0 15.454 29.762 -19.097 52 46.077 -21.054 15.475 21.054
4 16 -21.054 15.475 21.054 -29.762 15.454 0 -19.812 0 0 -14.01 0 14.01
3 16 -21.054 15.475 21.054 -46.036 52 19.056 -29.762 15.454 0
3 16 -46.036 52 19.056 -49.809 52 0 -29.762 15.454 0
3 16 -21.054 15.475 21.054 -35.229 52 35.23 -46.036 52 19.056
3 16 -21.054 15.475 21.054 -19.097 52 46.077 -35.229 52 35.23
3 16 0 15.454 29.762 0 52 49.862 -19.097 52 46.077
3 16 -46.036 52 19.056 -41.875 72.01 0 -49.809 52 0
3 16 -35.229 52 35.23 -29.61 72.01 29.61 -46.036 52 19.056
3 16 0 52 49.862 0 72.009 41.971 -19.097 52 46.077
3 16 -19.097 52 46.077 -29.61 72.01 29.61 -35.229 52 35.23
3 16 -46.036 52 19.056 -29.61 72.01 29.61 -41.875 72.01 0
3 16 0 72.009 41.971 -29.61 72.01 29.61 -19.097 52 46.077
2 24 -49.809 52 0 -41.875 72.01 0
2 24 -29.762 15.454 0 -49.809 52 0
2 24 -19.812 0 0 -29.762 15.454 0
2 24 -14.01 0 14.01 -19.812 0 0
2 24 0 0 19.812 -14.01 0 14.01
2 24 -21.054 15.475 21.054 -14.01 0 14.01
2 24 0 15.454 29.762 -19.097 52 46.077
2 24 -19.097 52 46.077 -21.054 15.475 21.054
2 24 -21.054 15.475 21.054 -46.036 52 19.056
2 24 -46.036 52 19.056 -29.762 15.454 0
2 24 -46.036 52 19.056 -49.809 52 0
2 24 -21.054 15.475 21.054 -35.229 52 35.23
2 24 -35.229 52 35.23 -46.036 52 19.056
2 24 -19.097 52 46.077 -35.229 52 35.23
2 24 0 52 49.862 -19.097 52 46.077
2 24 -46.036 52 19.056 -41.875 72.01 0
2 24 -35.229 52 35.23 -29.61 72.01 29.61
2 24 -29.61 72.01 29.61 -46.036 52 19.056
2 24 0 72.009 41.971 -19.097 52 46.077
2 24 -19.097 52 46.077 -29.61 72.01 29.61
4 16 -6 72 0 -36.094 72 0 -32.423 79.816 0 -31.395 80 0
3 16 -6 80 0 -6 72 0 -31.395 80 0
4 16 -32.423 79.816 0 -36.094 72 0 -41.875 72.01 0 -33.341 79.283 0
3 16 -41.875 72.01 0 -36.094 72 0 -38.428 70.02 0
4 16 -49.809 52 0 -41.875 72.01 0 -38.428 70.02 0 -45.61 52.253 0
4 16 -29.762 15.454 0 -49.809 52 0 -45.61 52.253 0 -27.455 19.161 0
4 16 -27.455 19.161 0 -17.593 3.875 0 -19.812 0 0 -29.762 15.454 0