0 ~Plate  4 x  4 with Side Bricks  1 x  4 with Axle Hole - Quarter
0 Name: s\7796s01.dat
0 Author: Rene Rechthaler [Blechtaler]
0 !LDRAW_ORG Unofficial_Subpart
0 !LICENSE Licensed under CC BY 4.0 : see CAreadme.txt

0 BFC CERTIFY CCW

1 16 30 0 20 10 0 0 0 1 0 0 0 20 rect3.dat

1 16 20 20 20 0 0 -1 0 -1 0 1 0 0 2-4stud4.dat
1 16 20 22 20 0 1 0 0 0 2 6 0 0 rect3.dat
1 16 20 22 10 0 1 0 0 0 2 2 0 0 rect3.dat
1 16 20 22 32 0 1 0 0 0 2 -4 0 0 rect2a.dat
1 16 30 24 18 6 0 0 0 1 0 0 0 18 recte3.dat
0 BFC INVERTNEXT
1 16 30 14 22 6 0 0 0 -10 0 0 0 14 box2-7.dat
1 16 30 7 8 -6 0 0 0 0 -3 0 -1 0 rect3.dat
1 16 24 10 0 0 12 0 0 0 8 8 0 0 3-16cylo.dat
5 24 36 17.3912 3.0616 24 17.3912 3.0616 36 17.6023 2 36 15.6568 5.6568
1 16 30 17.49675 2.5308 0 0 6 -.10555 -1 0 .5308 0 0 rect2p.dat
1 16 22.25 15.80115 1 1.75 0 0 0 1 -.19885 0 0 1 rect3.dat
1 16 38 15.80115 1 2 0 0 0 1 -.19885 0 0 1 rect3.dat
1 16 30 16.6023 2 -6 0 0 0 0 1 0 1 0 rect3.dat
1 16 30 4 20 1 0 0 0 -5 0 0 0 1 stud3.dat

4 16 24 24 36 24 4 36 24 4 8 24 10 8
3 16 24 10 8 24 15.6568 5.6568 24 24 36
4 16 24 15.6568 5.6568 24 17.6023 2 24 24 0 24 24 36
4 16 24 17.6023 2 24 15.6023 2 24 16 0 24 24 0
4 16 36 16 0 36 15.6023 2 36 17.6023 2 36 24 0
4 16 36 24 0 36 17.6023 2 36 15.6568 5.6568 36 24 36
3 16 36 15.6568 5.6568 36 10 8 36 24 36
4 16 36 4 8 36 4 36 36 24 36 36 10 8

4 16 40 16 0 40 24 0 40 24 40 40 16 6
4 16 40 16 6 40 24 40 40 0 40 40 10 6
3 16 40 4 6 40 10 6 40 0 40
4 16 40 4 0 40 4 6 40 0 40 40 0 0
4 16 40 0 40 40 24 40 20 16 40 20 0 40
4 16 20 14 4 20 16 40 20 16 0 20 14 0
3 16 20 16 40 20 14 4 20 10 4
4 16 20 6 4 20 0 40 20 16 40 20 10 4
4 16 20 0 0 20 0 40 20 6 4 20 6 0
2 24 40 0 40 40 24 40
2 24 20 0 40 20 16 40

4 16 40 24 40 40 24 0 36 24 0 36 24 36
3 16 40 24 40 36 24 36 24 24 36
3 16 40 24 40 24 24 36 20 24 36
3 16 20 24 36 24 24 36 20 24 28
3 16 20 24 28 24 24 36 20 24 26
4 16 24 24 0 20 24 14 20 24 26 24 24 36
3 16 20 24 14 24 24 0 20 24 12
3 16 20 24 12 24 24 0 20 24 8
3 16 20 24 8 24 24 0 20 24 6

1 16 24 23.5 5 0 0 1 0 6.5 0 1 0 0 ridgea.dat
1 16 36 23.5 5 0 0 -1 0 6.5 0 1 0 0 ridgea.dat
2 24 35 14.3951 6.5 36 14.3951 6.5
2 24 24 17.0982 3.5 25 17.0982 3.5
2 24 24 14.3951 6.5 25 14.3951 6.5
2 24 35 17.0982 3.5 36 17.0982 3.5
2 24 35 17.0982 3.5 33.5 16.0957 5
2 24 26.5 16.0957 5 25.8432 15.6568 5.6568
2 24 25 17.0982 3.5 26.5 16.0957 5
2 24 34.1568 15.6568 5.6568 33.5 16.0957 5
2 24 25 14.3951 6.5 25.8432 15.6568 5.6568
2 24 35 14.3951 6.5 34.1568 15.6568 5.6568
3 16 26.5 16.0957 5 25 17 3.5 26.5 17 5
4 16 25 14.3951 6.5 26.5 16.0957 5 26.5 17 5 25 17 6.5
4 16 24 17 6.5 24 14.3951 6.5 25 14.3951 6.5 25 17 6.5
2 24 26.5 16.0957 5 26.5 17 5
2 24 25 14.3951 6.5 25 17 6.5
2 24 24 14.3951 6.5 24 17 6.5
3 16 35 17 3.5 33.5 16.0957 5 33.5 17 5
4 16 33.5 17 5 33.5 16.0957 5 35 14.3951 6.5 35 17 6.5
4 16 35 17 6.5 35 14.3951 6.5 36 14.3951 6.5 36 17 6.5
2 24 33.5 16.0957 5 33.5 17 5
2 24 35 14.3951 6.5 35 17 6.5
2 24 36 14.3951 6.5 36 17 6.5