0 Untitled Model
0 Name: Untitled Model
0 Author: 
0 BFC CERTIFY CCW
3 16 26.946 -1.4551 0.2414 26.1542 -1.4834 1.0293 27.01 -0.4123 0.9332
3 16 27.01 -0.4123 0.9332 26.1542 -1.4834 1.0293 25.8905 -0.404 2.0661
3 16 28.4768 -8 17.6536 27.6856 -1.25 19.3392 27.3821 -1.4696 19.8557
3 16 29.6151 -8 6.0982 29.6151 -1.25 6.0982 30 -8 10
3 16 30 -8 10 29.6151 -1.25 6.0982 30 -1.25 10
3 16 29.6151 -8 6.0982 28.4768 -8 2.3464 29.6151 -1.25 6.0982
3 16 29.6151 -1.25 6.0982 28.4768 -8 2.3464 28.4768 -1.25 2.3464
3 16 26.6293 -8 -1.1115 24.1421 -8 -4.1421 26.6294 -5.25 -1.1114
3 16 26.6294 -5.25 -1.1114 24.1421 -8 -4.1421 24.1421 -5.25 -4.1421
3 16 26.946 -1.4551 0.2414 27.01 -0.4123 0.9332 27.066 -1.4851 0.4364
3 16 27.3151 -1.25 1.0313 27.066 -1.4851 0.4364 27.01 -0.4123 0.9332
3 16 24.9989 -5.25 3.7473 25.9335 -5.25 6.8117 24.9989 -0.0834 3.7473
3 16 24.9989 -0.0834 3.7473 25.9335 -5.25 6.8117 25.9333 0 6.8106
3 16 27.6856 -1.25 0.6608 28.4768 -1.25 2.3464 28.4768 -8 2.3464
3 16 27.0789 -5.25 -0.3614 27.2274 -2.0487 -0.1138 28.4768 -8 2.3464
3 16 27.066 -1.4851 0.4364 27.0353 -2.0487 0.0783 26.946 -1.4551 0.2414
3 16 27.0789 -5.25 -0.3614 26.6294 -5.25 -1.1114 26.2185 -5.25 0.499
3 16 28.0915 -1.25 2.725 27.3151 -1.25 1.0313 27.4335 0 2.0394
3 16 27.4335 0 2.0394 27.3151 -1.25 1.0313 27.01 -0.4123 0.9332
3 16 28.4768 -8 2.3464 27.2274 -2.0487 -0.1138 27.3821 -1.4696 0.1443
3 16 27.2274 -2.0487 -0.1138 27.0789 -5.25 -0.3614 27.0353 -2.0487 0.0783
3 16 27.0353 -2.0487 0.0783 27.0789 -5.25 -0.3614 26.2185 -5.25 0.499
3 16 28.4768 -8 2.3464 26.6293 -8 -1.1115 27.0789 -5.25 -0.3614
3 16 27.0789 -5.25 -0.3614 26.6293 -8 -1.1115 26.6294 -5.25 -1.1114
3 16 27.066 -1.4851 0.4364 27.3821 -1.4696 0.1443 27.0353 -2.0487 0.0783
3 16 27.0353 -2.0487 0.0783 27.3821 -1.4696 0.1443 27.2274 -2.0487 -0.1138
3 16 27.4335 0 2.0394 28.7265 0 5.9268 28.0915 -1.25 2.725
3 16 28.0915 -1.25 2.725 28.7265 0 5.9268 29.1447 -1.25 6.2948
3 16 27.4335 0 2.0394 24.9989 -0.0834 3.7473 28.7265 0 5.9268
3 16 28.7265 0 5.9268 24.9989 -0.0834 3.7473 25.9333 0 6.8106
3 16 28.7265 0 5.9268 29.1651 0 10 29.1447 -1.25 6.2948
3 16 29.1447 -1.25 6.2948 29.1651 0 10 29.5 -1.25 10
3 16 25.8905 -0.404 2.0661 26.1542 -1.4834 1.0293 25.7322 -5.25 2.4878
3 16 25.7322 -5.25 2.4878 26.1542 -1.4834 1.0293 26.2185 -5.25 0.499
3 16 24.9989 -0.0834 3.7473 27.4335 0 2.0394 25.8905 -0.404 2.0661
3 16 25.8905 -0.404 2.0661 27.4335 0 2.0394 27.01 -0.4123 0.9332
3 16 29.5 -1.25 10 30 -1.25 10 29.1447 -1.25 6.2948
3 16 29.1447 -1.25 6.2948 30 -1.25 10 29.6151 -1.25 6.0982
3 16 26.25 0 10 25.9333 0 13.1894 29.1651 0 10
3 16 29.1651 0 10 25.9333 0 13.1894 28.7265 0 14.0732
3 16 19.501 -5.25 -6.2185 26.2185 -5.25 0.499 24.1421 -5.25 -4.1421
3 16 26.25 0 10 29.1651 0 10 25.9333 0 6.8106
3 16 25.9333 0 6.8106 29.1651 0 10 28.7265 0 5.9268
3 16 26.946 -1.4551 0.2414 27.0353 -2.0487 0.0783 26.1542 -1.4834 1.0293
3 16 26.1542 -1.4834 1.0293 27.0353 -2.0487 0.0783 26.2185 -5.25 0.499
3 16 27.3821 -1.4696 0.1443 27.066 -1.4851 0.4364 27.6856 -1.25 0.6608
3 16 27.6856 -1.25 0.6608 27.066 -1.4851 0.4364 27.3151 -1.25 1.0313
3 16 28.0915 -1.25 2.725 28.4768 -1.25 2.3464 27.3151 -1.25 1.0313
3 16 27.3151 -1.25 1.0313 28.4768 -1.25 2.3464 27.6856 -1.25 0.6608
3 16 25.7322 -5.25 2.4878 24.9989 -5.25 3.7473 25.8905 -0.404 2.0661
3 16 25.8905 -0.404 2.0661 24.9989 -5.25 3.7473 24.9989 -0.0834 3.7473
3 16 27.066 -1.4851 19.5636 26.946 -1.4551 19.7586 27.0353 -2.0487 19.9217
3 16 27.0789 -5.25 20.3614 26.2185 -5.25 19.501 26.6294 -5.25 21.1114
3 16 26.946 -1.4551 19.7586 26.1542 -1.4834 18.9707 27.0353 -2.0487 19.9217
3 16 27.0353 -2.0487 19.9217 26.1542 -1.4834 18.9707 26.2185 -5.25 19.501
3 16 27.01 -0.4123 19.0668 27.4335 0 17.9606 25.8905 -0.404 17.9339
3 16 25.8905 -0.404 17.9339 27.4335 0 17.9606 24.9989 -0.0834 16.2527
3 16 25.7322 -5.25 17.5122 17.5122 -5.25 25.7322 26.2185 -5.25 19.501
3 16 26.2185 -5.25 19.501 17.5122 -5.25 25.7322 19.501 -5.25 26.2185
3 16 27.6856 -1.25 19.3392 28.4768 -8 17.6536 28.4768 -1.25 17.6536
3 16 27.0789 -5.25 20.3614 28.4768 -8 17.6536 27.2274 -2.0487 20.1138
3 16 27.2274 -2.0487 20.1138 27.3821 -1.4696 19.8557 27.0353 -2.0487 19.9217
3 16 27.0353 -2.0487 19.9217 27.3821 -1.4696 19.8557 27.066 -1.4851 19.5636
3 16 19.501 -5.25 26.2185 24.1421 -5.25 24.1421 26.2185 -5.25 19.501
3 16 29.6151 -8 13.9018 29.6151 -1.25 13.9018 28.4768 -8 17.6536
3 16 28.4768 -8 17.6536 29.6151 -1.25 13.9018 28.4768 -1.25 17.6536
3 16 27.4335 0 17.9606 28.7265 0 14.0732 24.9989 -0.0834 16.2527
3 16 24.9989 -0.0834 16.2527 28.7265 0 14.0732 25.9333 0 13.1894
3 16 28.0915 -1.25 17.275 27.3151 -1.25 18.9687 28.4768 -1.25 17.6536
3 16 28.4768 -1.25 17.6536 27.3151 -1.25 18.9687 27.6856 -1.25 19.3392
3 16 24.9989 -0.0834 16.2527 24.9989 -5.25 16.2527 25.8905 -0.404 17.9339
3 16 25.8905 -0.404 17.9339 24.9989 -5.25 16.2527 25.7322 -5.25 17.5122
3 16 26.25 0 10 26.25 -5.25 10 25.9333 0 13.1894
3 16 25.9333 0 13.1894 26.25 -5.25 10 25.9335 -5.25 13.1883
3 16 27.4335 0 17.9606 28.0915 -1.25 17.275 28.7265 0 14.0732
3 16 28.7265 0 14.0732 28.0915 -1.25 17.275 29.1447 -1.25 13.7052
3 16 26.946 -1.4551 19.7586 27.066 -1.4851 19.5636 27.01 -0.4123 19.0668
3 16 27.3151 -1.25 18.9687 27.01 -0.4123 19.0668 27.066 -1.4851 19.5636
3 16 28.4768 -8 17.6536 27.3821 -1.4696 19.8557 27.2274 -2.0487 20.1138
3 16 29.6151 -1.25 13.9018 30 -1.25 10 29.1447 -1.25 13.7052
3 16 29.1447 -1.25 13.7052 30 -1.25 10 29.5 -1.25 10
3 16 25.9333 0 13.1894 25.9335 -5.25 13.1883 24.9989 -0.0834 16.2527
3 16 24.9989 -0.0834 16.2527 25.9335 -5.25 13.1883 24.9989 -5.25 16.2527
3 16 28.0915 -1.25 17.275 27.4335 0 17.9606 27.3151 -1.25 18.9687
3 16 27.3151 -1.25 18.9687 27.4335 0 17.9606 27.01 -0.4123 19.0668
3 16 26.25 0 10 25.9333 0 6.8106 26.25 -5.25 10
3 16 26.25 -5.25 10 25.9333 0 6.8106 25.9335 -5.25 6.8117
3 16 26.6293 -8 21.1115 26.6294 -5.25 21.1114 24.1421 -8 24.1421
3 16 24.1421 -8 24.1421 26.6294 -5.25 21.1114 24.1421 -5.25 24.1421
3 16 29.6151 -8 13.9018 30 -8 10 29.6151 -1.25 13.9018
3 16 29.6151 -1.25 13.9018 30 -8 10 30 -1.25 10
3 16 25.8905 -0.404 17.9339 26.1542 -1.4834 18.9707 27.01 -0.4123 19.0668
3 16 27.01 -0.4123 19.0668 26.1542 -1.4834 18.9707 26.946 -1.4551 19.7586
3 16 28.4768 -8 2.3464 27.3821 -1.4696 0.1443 27.6856 -1.25 0.6608
3 16 26.2185 -5.25 19.501 27.0789 -5.25 20.3614 27.0353 -2.0487 19.9217
3 16 27.0353 -2.0487 19.9217 27.0789 -5.25 20.3614 27.2274 -2.0487 20.1138
3 16 27.3821 -1.4696 19.8557 27.6856 -1.25 19.3392 27.066 -1.4851 19.5636
3 16 27.066 -1.4851 19.5636 27.6856 -1.25 19.3392 27.3151 -1.25 18.9687
3 16 28.7265 0 14.0732 29.1447 -1.25 13.7052 29.1651 0 10
3 16 29.1651 0 10 29.1447 -1.25 13.7052 29.5 -1.25 10
3 16 26.2185 -5.25 19.501 26.1542 -1.4834 18.9707 25.7322 -5.25 17.5122
3 16 25.7322 -5.25 17.5122 26.1542 -1.4834 18.9707 25.8905 -0.404 17.9339
3 16 -6.2185 -5.25 19.501 0.499 -5.25 26.2185 -5.7322 -5.25 17.5122
3 16 -5.7322 -5.25 17.5122 0.499 -5.25 26.2185 2.4878 -5.25 25.7322
3 16 28.4768 -8 17.6536 27.0789 -5.25 20.3614 26.6293 -8 21.1115
3 16 26.6293 -8 21.1115 27.0789 -5.25 20.3614 26.6294 -5.25 21.1114
3 16 29.1447 -1.25 6.2948 29.6151 -1.25 6.0982 28.0915 -1.25 2.725
3 16 28.0915 -1.25 2.725 29.6151 -1.25 6.0982 28.4768 -1.25 2.3464
3 16 26.6294 -5.25 21.1114 26.2185 -5.25 19.501 24.1421 -5.25 24.1421
3 16 28.4768 -1.25 17.6536 29.6151 -1.25 13.9018 28.0915 -1.25 17.275
3 16 28.0915 -1.25 17.275 29.6151 -1.25 13.9018 29.1447 -1.25 13.7052
3 16 24.9989 -5.25 16.2527 16.2527 -5.25 24.9989 25.7322 -5.25 17.5122
3 16 25.7322 -5.25 17.5122 16.2527 -5.25 24.9989 17.5122 -5.25 25.7322
3 16 26.6294 -5.25 -1.1114 24.1421 -5.25 -4.1421 26.2185 -5.25 0.499
3 16 19.7586 -1.4551 26.946 18.9707 -1.4834 26.1542 19.0668 -0.4123 27.01
3 16 19.0668 -0.4123 27.01 18.9707 -1.4834 26.1542 17.9339 -0.404 25.8905
3 16 2.3464 -8 28.4768 0.6608 -1.25 27.6856 0.1443 -1.4696 27.3821
3 16 13.9018 -8 29.6151 13.9018 -1.25 29.6151 10 -8 30
3 16 10 -8 30 13.9018 -1.25 29.6151 10 -1.25 30
3 16 13.9018 -8 29.6151 17.6536 -8 28.4768 13.9018 -1.25 29.6151
3 16 13.9018 -1.25 29.6151 17.6536 -8 28.4768 17.6536 -1.25 28.4768
3 16 21.1115 -8 26.6293 24.1421 -8 24.1421 21.1114 -5.25 26.6294
3 16 21.1114 -5.25 26.6294 24.1421 -8 24.1421 24.1421 -5.25 24.1421
3 16 19.7586 -1.4551 26.946 19.0668 -0.4123 27.01 19.5636 -1.4851 27.066
3 16 18.9687 -1.25 27.3151 19.5636 -1.4851 27.066 19.0668 -0.4123 27.01
3 16 16.2527 -5.25 24.9989 13.1883 -5.25 25.9335 16.2527 -0.0834 24.9989
3 16 16.2527 -0.0834 24.9989 13.1883 -5.25 25.9335 13.1894 0 25.9333
3 16 19.3392 -1.25 27.6856 17.6536 -1.25 28.4768 17.6536 -8 28.4768
3 16 20.3614 -5.25 27.0789 20.1138 -2.0487 27.2274 17.6536 -8 28.4768
3 16 19.5636 -1.4851 27.066 19.9217 -2.0487 27.0353 19.7586 -1.4551 26.946
3 16 20.3614 -5.25 27.0789 21.1114 -5.25 26.6294 19.501 -5.25 26.2185
3 16 17.275 -1.25 28.0915 18.9687 -1.25 27.3151 17.9606 0 27.4335
3 16 17.9606 0 27.4335 18.9687 -1.25 27.3151 19.0668 -0.4123 27.01
3 16 17.6536 -8 28.4768 20.1138 -2.0487 27.2274 19.8557 -1.4696 27.3821
3 16 20.1138 -2.0487 27.2274 20.3614 -5.25 27.0789 19.9217 -2.0487 27.0353
3 16 19.9217 -2.0487 27.0353 20.3614 -5.25 27.0789 19.501 -5.25 26.2185
3 16 17.6536 -8 28.4768 21.1115 -8 26.6293 20.3614 -5.25 27.0789
3 16 20.3614 -5.25 27.0789 21.1115 -8 26.6293 21.1114 -5.25 26.6294
3 16 19.5636 -1.4851 27.066 19.8557 -1.4696 27.3821 19.9217 -2.0487 27.0353
3 16 19.9217 -2.0487 27.0353 19.8557 -1.4696 27.3821 20.1138 -2.0487 27.2274
3 16 17.9606 0 27.4335 14.0732 0 28.7265 17.275 -1.25 28.0915
3 16 17.275 -1.25 28.0915 14.0732 0 28.7265 13.7052 -1.25 29.1447
3 16 17.9606 0 27.4335 16.2527 -0.0834 24.9989 14.0732 0 28.7265
3 16 14.0732 0 28.7265 16.2527 -0.0834 24.9989 13.1894 0 25.9333
3 16 14.0732 0 28.7265 10 0 29.1651 13.7052 -1.25 29.1447
3 16 13.7052 -1.25 29.1447 10 0 29.1651 10 -1.25 29.5
3 16 17.9339 -0.404 25.8905 18.9707 -1.4834 26.1542 17.5122 -5.25 25.7322
3 16 17.5122 -5.25 25.7322 18.9707 -1.4834 26.1542 19.501 -5.25 26.2185
3 16 16.2527 -0.0834 24.9989 17.9606 0 27.4335 17.9339 -0.404 25.8905
3 16 17.9339 -0.404 25.8905 17.9606 0 27.4335 19.0668 -0.4123 27.01
3 16 10 -1.25 29.5 10 -1.25 30 13.7052 -1.25 29.1447
3 16 13.7052 -1.25 29.1447 10 -1.25 30 13.9018 -1.25 29.6151
3 16 10 0 26.25 6.8106 0 25.9333 10 0 29.1651
3 16 10 0 29.1651 6.8106 0 25.9333 5.9268 0 28.7265
3 16 10 0 26.25 10 0 29.1651 13.1894 0 25.9333
3 16 13.1894 0 25.9333 10 0 29.1651 14.0732 0 28.7265
3 16 19.7586 -1.4551 26.946 19.9217 -2.0487 27.0353 18.9707 -1.4834 26.1542
3 16 18.9707 -1.4834 26.1542 19.9217 -2.0487 27.0353 19.501 -5.25 26.2185
3 16 19.8557 -1.4696 27.3821 19.5636 -1.4851 27.066 19.3392 -1.25 27.6856
3 16 19.3392 -1.25 27.6856 19.5636 -1.4851 27.066 18.9687 -1.25 27.3151
3 16 17.275 -1.25 28.0915 17.6536 -1.25 28.4768 18.9687 -1.25 27.3151
3 16 18.9687 -1.25 27.3151 17.6536 -1.25 28.4768 19.3392 -1.25 27.6856
3 16 17.5122 -5.25 25.7322 16.2527 -5.25 24.9989 17.9339 -0.404 25.8905
3 16 17.9339 -0.404 25.8905 16.2527 -5.25 24.9989 16.2527 -0.0834 24.9989
3 16 0.4364 -1.4851 27.066 0.2414 -1.4551 26.946 0.0783 -2.0487 27.0353
3 16 -0.3614 -5.25 27.0789 0.499 -5.25 26.2185 -1.1114 -5.25 26.6294
3 16 0.2414 -1.4551 26.946 1.0293 -1.4834 26.1542 0.0783 -2.0487 27.0353
3 16 0.0783 -2.0487 27.0353 1.0293 -1.4834 26.1542 0.499 -5.25 26.2185
3 16 0.9332 -0.4123 27.01 2.0394 0 27.4335 2.0661 -0.404 25.8905
3 16 2.0661 -0.404 25.8905 2.0394 0 27.4335 3.7473 -0.0834 24.9989
3 16 0.6608 -1.25 27.6856 2.3464 -8 28.4768 2.3464 -1.25 28.4768
3 16 -0.3614 -5.25 27.0789 2.3464 -8 28.4768 -0.1138 -2.0487 27.2274
3 16 -0.1138 -2.0487 27.2274 0.1443 -1.4696 27.3821 0.0783 -2.0487 27.0353
3 16 0.0783 -2.0487 27.0353 0.1443 -1.4696 27.3821 0.4364 -1.4851 27.066
3 16 6.0982 -8 29.6151 6.0982 -1.25 29.6151 2.3464 -8 28.4768
3 16 2.3464 -8 28.4768 6.0982 -1.25 29.6151 2.3464 -1.25 28.4768
3 16 2.0394 0 27.4335 5.9268 0 28.7265 3.7473 -0.0834 24.9989
3 16 3.7473 -0.0834 24.9989 5.9268 0 28.7265 6.8106 0 25.9333
3 16 2.725 -1.25 28.0915 1.0313 -1.25 27.3151 2.3464 -1.25 28.4768
3 16 2.3464 -1.25 28.4768 1.0313 -1.25 27.3151 0.6608 -1.25 27.6856
3 16 3.7473 -0.0834 24.9989 3.7473 -5.25 24.9989 2.0661 -0.404 25.8905
3 16 2.0661 -0.404 25.8905 3.7473 -5.25 24.9989 2.4878 -5.25 25.7322
3 16 10 0 26.25 10 -5.25 26.25 6.8106 0 25.9333
3 16 6.8106 0 25.9333 10 -5.25 26.25 6.8117 -5.25 25.9335
3 16 2.0394 0 27.4335 2.725 -1.25 28.0915 5.9268 0 28.7265
3 16 5.9268 0 28.7265 2.725 -1.25 28.0915 6.2948 -1.25 29.1447
3 16 0.2414 -1.4551 26.946 0.4364 -1.4851 27.066 0.9332 -0.4123 27.01
3 16 1.0313 -1.25 27.3151 0.9332 -0.4123 27.01 0.4364 -1.4851 27.066
3 16 2.3464 -8 28.4768 0.1443 -1.4696 27.3821 -0.1138 -2.0487 27.2274
3 16 6.0982 -1.25 29.6151 10 -1.25 30 6.2948 -1.25 29.1447
3 16 6.2948 -1.25 29.1447 10 -1.25 30 10 -1.25 29.5
3 16 6.8106 0 25.9333 6.8117 -5.25 25.9335 3.7473 -0.0834 24.9989
3 16 3.7473 -0.0834 24.9989 6.8117 -5.25 25.9335 3.7473 -5.25 24.9989
3 16 2.725 -1.25 28.0915 2.0394 0 27.4335 1.0313 -1.25 27.3151
3 16 1.0313 -1.25 27.3151 2.0394 0 27.4335 0.9332 -0.4123 27.01
3 16 10 0 26.25 13.1894 0 25.9333 10 -5.25 26.25
3 16 10 -5.25 26.25 13.1894 0 25.9333 13.1883 -5.25 25.9335
3 16 -1.1115 -8 26.6293 -1.1114 -5.25 26.6294 -4.1421 -8 24.1421
3 16 -4.1421 -8 24.1421 -1.1114 -5.25 26.6294 -4.1421 -5.25 24.1421
3 16 6.0982 -8 29.6151 10 -8 30 6.0982 -1.25 29.6151
3 16 6.0982 -1.25 29.6151 10 -8 30 10 -1.25 30
3 16 2.0661 -0.404 25.8905 1.0293 -1.4834 26.1542 0.9332 -0.4123 27.01
3 16 0.9332 -0.4123 27.01 1.0293 -1.4834 26.1542 0.2414 -1.4551 26.946
3 16 17.6536 -8 28.4768 19.8557 -1.4696 27.3821 19.3392 -1.25 27.6856
3 16 0.499 -5.25 26.2185 -0.3614 -5.25 27.0789 0.0783 -2.0487 27.0353
3 16 0.0783 -2.0487 27.0353 -0.3614 -5.25 27.0789 -0.1138 -2.0487 27.2274
3 16 0.1443 -1.4696 27.3821 0.6608 -1.25 27.6856 0.4364 -1.4851 27.066
3 16 0.4364 -1.4851 27.066 0.6608 -1.25 27.6856 1.0313 -1.25 27.3151
3 16 5.9268 0 28.7265 6.2948 -1.25 29.1447 10 0 29.1651
3 16 10 0 29.1651 6.2948 -1.25 29.1447 10 -1.25 29.5
3 16 0.499 -5.25 26.2185 1.0293 -1.4834 26.1542 2.4878 -5.25 25.7322
3 16 2.4878 -5.25 25.7322 1.0293 -1.4834 26.1542 2.0661 -0.404 25.8905
3 16 2.3464 -8 28.4768 -0.3614 -5.25 27.0789 -1.1115 -8 26.6293
3 16 -1.1115 -8 26.6293 -0.3614 -5.25 27.0789 -1.1114 -5.25 26.6294
3 16 13.7052 -1.25 29.1447 13.9018 -1.25 29.6151 17.275 -1.25 28.0915
3 16 17.275 -1.25 28.0915 13.9018 -1.25 29.6151 17.6536 -1.25 28.4768
3 16 -1.1114 -5.25 26.6294 0.499 -5.25 26.2185 -4.1421 -5.25 24.1421
3 16 2.3464 -1.25 28.4768 6.0982 -1.25 29.6151 2.725 -1.25 28.0915
3 16 2.725 -1.25 28.0915 6.0982 -1.25 29.6151 6.2948 -1.25 29.1447
3 16 21.1114 -5.25 26.6294 24.1421 -5.25 24.1421 19.501 -5.25 26.2185
3 16 -6.946 -1.4551 19.7586 -6.1542 -1.4834 18.9707 -7.01 -0.4123 19.0668
3 16 -7.01 -0.4123 19.0668 -6.1542 -1.4834 18.9707 -5.8905 -0.404 17.9339
3 16 -8.4768 -8 2.3464 -7.6855 -1.25 0.6608 -7.3821 -1.4696 0.1443
3 16 -9.6151 -8 13.9018 -9.6151 -1.25 13.9018 -10 -8 10
3 16 -10 -8 10 -9.6151 -1.25 13.9018 -10 -1.25 10
3 16 -9.6151 -8 13.9018 -8.4768 -8 17.6536 -9.6151 -1.25 13.9018
3 16 -9.6151 -1.25 13.9018 -8.4768 -8 17.6536 -8.4768 -1.25 17.6536
3 16 -6.6293 -8 21.1115 -4.1421 -8 24.1421 -6.6294 -5.25 21.1114
3 16 -6.6294 -5.25 21.1114 -4.1421 -8 24.1421 -4.1421 -5.25 24.1421
3 16 -6.946 -1.4551 19.7586 -7.01 -0.4123 19.0668 -7.066 -1.4851 19.5636
3 16 -7.3151 -1.25 18.9687 -7.066 -1.4851 19.5636 -7.01 -0.4123 19.0668
3 16 -4.9989 -5.25 16.2527 -5.9335 -5.25 13.1883 -4.9989 -0.0834 16.2527
3 16 -4.9989 -0.0834 16.2527 -5.9335 -5.25 13.1883 -5.9333 0 13.1894
3 16 -7.6856 -1.25 19.3392 -8.4768 -1.25 17.6536 -8.4768 -8 17.6536
3 16 -7.0789 -5.25 20.3614 -7.2274 -2.0487 20.1138 -8.4768 -8 17.6536
3 16 -7.066 -1.4851 19.5636 -7.0353 -2.0487 19.9217 -6.946 -1.4551 19.7586
3 16 -7.0789 -5.25 20.3614 -6.6294 -5.25 21.1114 -6.2185 -5.25 19.501
3 16 -8.0915 -1.25 17.275 -7.3151 -1.25 18.9687 -7.4335 0 17.9606
3 16 -7.4335 0 17.9606 -7.3151 -1.25 18.9687 -7.01 -0.4123 19.0668
3 16 -8.4768 -8 17.6536 -7.2274 -2.0487 20.1138 -7.3821 -1.4696 19.8557
3 16 -7.2274 -2.0487 20.1138 -7.0789 -5.25 20.3614 -7.0353 -2.0487 19.9217
3 16 -7.0353 -2.0487 19.9217 -7.0789 -5.25 20.3614 -6.2185 -5.25 19.501
3 16 0.499 -5.25 -6.2185 -6.2185 -5.25 0.499 2.4878 -5.25 -5.7322
3 16 2.4878 -5.25 -5.7322 -6.2185 -5.25 0.499 -5.7322 -5.25 2.4878
3 16 -8.4768 -8 17.6536 -6.6293 -8 21.1115 -7.0789 -5.25 20.3614
3 16 -7.0789 -5.25 20.3614 -6.6293 -8 21.1115 -6.6294 -5.25 21.1114
3 16 0.499 -5.25 26.2185 -6.2185 -5.25 19.501 -4.1421 -5.25 24.1421
3 16 -7.066 -1.4851 19.5636 -7.3821 -1.4696 19.8557 -7.0353 -2.0487 19.9217
3 16 -7.0353 -2.0487 19.9217 -7.3821 -1.4696 19.8557 -7.2274 -2.0487 20.1138
3 16 -7.4335 0 17.9606 -8.7265 0 14.0732 -8.0915 -1.25 17.275
3 16 -8.0915 -1.25 17.275 -8.7265 0 14.0732 -9.1447 -1.25 13.7052
3 16 -7.4335 0 17.9606 -4.9989 -0.0834 16.2527 -8.7265 0 14.0732
3 16 -8.7265 0 14.0732 -4.9989 -0.0834 16.2527 -5.9333 0 13.1894
3 16 -8.7265 0 14.0732 -9.1651 0 10 -9.1447 -1.25 13.7052
3 16 -9.1447 -1.25 13.7052 -9.1651 0 10 -9.5 -1.25 10
3 16 -5.8905 -0.404 17.9339 -6.1542 -1.4834 18.9707 -5.7322 -5.25 17.5122
3 16 -5.7322 -5.25 17.5122 -6.1542 -1.4834 18.9707 -6.2185 -5.25 19.501
3 16 -4.9989 -0.0834 16.2527 -7.4335 0 17.9606 -5.8905 -0.404 17.9339
3 16 -5.8905 -0.404 17.9339 -7.4335 0 17.9606 -7.01 -0.4123 19.0668
3 16 -9.5 -1.25 10 -10 -1.25 10 -9.1447 -1.25 13.7052
3 16 -9.1447 -1.25 13.7052 -10 -1.25 10 -9.6151 -1.25 13.9018
3 16 -6.25 0 10 -5.9333 0 6.8106 -9.1651 0 10
3 16 -9.1651 0 10 -5.9333 0 6.8106 -8.7265 0 5.9268
3 16 -5.7322 -5.25 17.5122 2.4878 -5.25 25.7322 -4.9989 -5.25 16.2527
3 16 -4.9989 -5.25 16.2527 2.4878 -5.25 25.7322 3.7473 -5.25 24.9989
3 16 -6.25 0 10 -9.1651 0 10 -5.9333 0 13.1894
3 16 -5.9333 0 13.1894 -9.1651 0 10 -8.7265 0 14.0732
3 16 -6.946 -1.4551 19.7586 -7.0353 -2.0487 19.9217 -6.1542 -1.4834 18.9707
3 16 -6.1542 -1.4834 18.9707 -7.0353 -2.0487 19.9217 -6.2185 -5.25 19.501
3 16 -7.3821 -1.4696 19.8557 -7.066 -1.4851 19.5636 -7.6856 -1.25 19.3392
3 16 -7.6856 -1.25 19.3392 -7.066 -1.4851 19.5636 -7.3151 -1.25 18.9687
3 16 -8.0915 -1.25 17.275 -8.4768 -1.25 17.6536 -7.3151 -1.25 18.9687
3 16 -7.3151 -1.25 18.9687 -8.4768 -1.25 17.6536 -7.6856 -1.25 19.3392
3 16 -5.7322 -5.25 17.5122 -4.9989 -5.25 16.2527 -5.8905 -0.404 17.9339
3 16 -5.8905 -0.404 17.9339 -4.9989 -5.25 16.2527 -4.9989 -0.0834 16.2527
3 16 -7.066 -1.4851 0.4364 -6.946 -1.4551 0.2414 -7.0353 -2.0487 0.0783
3 16 -7.0789 -5.25 -0.3614 -6.2185 -5.25 0.499 -6.6294 -5.25 -1.1114
3 16 -6.946 -1.4551 0.2414 -6.1542 -1.4834 1.0293 -7.0353 -2.0487 0.0783
3 16 -7.0353 -2.0487 0.0783 -6.1542 -1.4834 1.0293 -6.2185 -5.25 0.499
3 16 -7.01 -0.4123 0.9332 -7.4335 0 2.0394 -5.8905 -0.404 2.0661
3 16 -5.8905 -0.404 2.0661 -7.4335 0 2.0394 -4.9989 -0.0834 3.7473
3 16 -7.6855 -1.25 0.6608 -8.4768 -8 2.3464 -8.4768 -1.25 2.3464
3 16 -7.0789 -5.25 -0.3614 -8.4768 -8 2.3464 -7.2274 -2.0487 -0.1138
3 16 -7.2274 -2.0487 -0.1138 -7.3821 -1.4696 0.1443 -7.0353 -2.0487 0.0783
3 16 -7.0353 -2.0487 0.0783 -7.3821 -1.4696 0.1443 -7.066 -1.4851 0.4364
3 16 -9.6151 -8 6.0982 -9.6151 -1.25 6.0982 -8.4768 -8 2.3464
3 16 -8.4768 -8 2.3464 -9.6151 -1.25 6.0982 -8.4768 -1.25 2.3464
3 16 -7.4335 0 2.0394 -8.7265 0 5.9268 -4.9989 -0.0834 3.7473
3 16 -4.9989 -0.0834 3.7473 -8.7265 0 5.9268 -5.9333 0 6.8106
3 16 -8.0915 -1.25 2.725 -7.3151 -1.25 1.0313 -8.4768 -1.25 2.3464
3 16 -8.4768 -1.25 2.3464 -7.3151 -1.25 1.0313 -7.6855 -1.25 0.6608
3 16 -4.9989 -0.0834 3.7473 -4.9989 -5.25 3.7473 -5.8905 -0.404 2.0661
3 16 -5.8905 -0.404 2.0661 -4.9989 -5.25 3.7473 -5.7322 -5.25 2.4878
3 16 -6.25 0 10 -6.25 -5.25 10 -5.9333 0 6.8106
3 16 -5.9333 0 6.8106 -6.25 -5.25 10 -5.9335 -5.25 6.8117
3 16 -7.4335 0 2.0394 -8.0915 -1.25 2.725 -8.7265 0 5.9268
3 16 -8.7265 0 5.9268 -8.0915 -1.25 2.725 -9.1447 -1.25 6.2948
3 16 -6.946 -1.4551 0.2414 -7.066 -1.4851 0.4364 -7.01 -0.4123 0.9332
3 16 -7.3151 -1.25 1.0313 -7.01 -0.4123 0.9332 -7.066 -1.4851 0.4364
3 16 -8.4768 -8 2.3464 -7.3821 -1.4696 0.1443 -7.2274 -2.0487 -0.1138
3 16 -9.6151 -1.25 6.0982 -10 -1.25 10 -9.1447 -1.25 6.2948
3 16 -9.1447 -1.25 6.2948 -10 -1.25 10 -9.5 -1.25 10
3 16 -5.9333 0 6.8106 -5.9335 -5.25 6.8117 -4.9989 -0.0834 3.7473
3 16 -4.9989 -0.0834 3.7473 -5.9335 -5.25 6.8117 -4.9989 -5.25 3.7473
3 16 -8.0915 -1.25 2.725 -7.4335 0 2.0394 -7.3151 -1.25 1.0313
3 16 -7.3151 -1.25 1.0313 -7.4335 0 2.0394 -7.01 -0.4123 0.9332
3 16 -6.25 0 10 -5.9333 0 13.1894 -6.25 -5.25 10
3 16 -6.25 -5.25 10 -5.9333 0 13.1894 -5.9335 -5.25 13.1883
3 16 -6.6293 -8 -1.1115 -6.6294 -5.25 -1.1114 -4.1421 -8 -4.1421
3 16 -4.1421 -8 -4.1421 -6.6294 -5.25 -1.1114 -4.1421 -5.25 -4.1421
3 16 -9.6151 -8 6.0982 -10 -8 10 -9.6151 -1.25 6.0982
3 16 -9.6151 -1.25 6.0982 -10 -8 10 -10 -1.25 10
3 16 -5.8905 -0.404 2.0661 -6.1542 -1.4834 1.0293 -7.01 -0.4123 0.9332
3 16 -7.01 -0.4123 0.9332 -6.1542 -1.4834 1.0293 -6.946 -1.4551 0.2414
3 16 -8.4768 -8 17.6536 -7.3821 -1.4696 19.8557 -7.6856 -1.25 19.3392
3 16 -6.2185 -5.25 0.499 -7.0789 -5.25 -0.3614 -7.0353 -2.0487 0.0783
3 16 -7.0353 -2.0487 0.0783 -7.0789 -5.25 -0.3614 -7.2274 -2.0487 -0.1138
3 16 -7.3821 -1.4696 0.1443 -7.6855 -1.25 0.6608 -7.066 -1.4851 0.4364
3 16 -7.066 -1.4851 0.4364 -7.6855 -1.25 0.6608 -7.3151 -1.25 1.0313
3 16 -8.7265 0 5.9268 -9.1447 -1.25 6.2948 -9.1651 0 10
3 16 -9.1651 0 10 -9.1447 -1.25 6.2948 -9.5 -1.25 10
3 16 -6.2185 -5.25 0.499 -6.1542 -1.4834 1.0293 -5.7322 -5.25 2.4878
3 16 -5.7322 -5.25 2.4878 -6.1542 -1.4834 1.0293 -5.8905 -0.404 2.0661
3 16 -8.4768 -8 2.3464 -7.0789 -5.25 -0.3614 -6.6293 -8 -1.1115
3 16 -6.6293 -8 -1.1115 -7.0789 -5.25 -0.3614 -6.6294 -5.25 -1.1114
3 16 -9.1447 -1.25 13.7052 -9.6151 -1.25 13.9018 -8.0915 -1.25 17.275
3 16 -8.0915 -1.25 17.275 -9.6151 -1.25 13.9018 -8.4768 -1.25 17.6536
3 16 -6.6294 -5.25 -1.1114 -6.2185 -5.25 0.499 -4.1421 -5.25 -4.1421
3 16 -8.4768 -1.25 2.3464 -9.6151 -1.25 6.0982 -8.0915 -1.25 2.725
3 16 -8.0915 -1.25 2.725 -9.6151 -1.25 6.0982 -9.1447 -1.25 6.2948
3 16 -6.6294 -5.25 21.1114 -4.1421 -5.25 24.1421 -6.2185 -5.25 19.501
3 16 0.2414 -1.4551 -6.946 1.0293 -1.4834 -6.1542 0.9332 -0.4123 -7.01
3 16 0.9332 -0.4123 -7.01 1.0293 -1.4834 -6.1542 2.0661 -0.404 -5.8905
3 16 17.6536 -8 -8.4768 19.3392 -1.25 -7.6855 19.8557 -1.4696 -7.3821
3 16 6.0983 -8 -9.6151 6.0982 -1.25 -9.6151 10 -8 -10
3 16 10 -8 -10 6.0982 -1.25 -9.6151 10 -1.25 -10
3 16 6.0983 -8 -9.6151 2.3465 -8 -8.4768 6.0982 -1.25 -9.6151
3 16 6.0982 -1.25 -9.6151 2.3465 -8 -8.4768 2.3465 -1.25 -8.4768
3 16 -1.1115 -8 -6.6293 -4.1421 -8 -4.1421 -1.1114 -5.25 -6.6294
3 16 -1.1114 -5.25 -6.6294 -4.1421 -8 -4.1421 -4.1421 -5.25 -4.1421
3 16 0.2414 -1.4551 -6.946 0.9332 -0.4123 -7.01 0.4364 -1.4851 -7.066
3 16 1.0313 -1.25 -7.3151 0.4364 -1.4851 -7.066 0.9332 -0.4123 -7.01
3 16 3.7473 -5.25 -4.9989 6.8117 -5.25 -5.9335 3.7473 -0.0834 -4.9989
3 16 3.7473 -0.0834 -4.9989 6.8117 -5.25 -5.9335 6.8106 0 -5.9333
3 16 0.6608 -1.25 -7.6856 2.3465 -1.25 -8.4768 2.3465 -8 -8.4768
3 16 -0.3614 -5.25 -7.0789 -0.1138 -2.0487 -7.2274 2.3465 -8 -8.4768
3 16 0.4364 -1.4851 -7.066 0.0783 -2.0487 -7.0353 0.2414 -1.4551 -6.946
3 16 -0.3614 -5.25 -7.0789 -1.1114 -5.25 -6.6294 0.499 -5.25 -6.2185
3 16 2.725 -1.25 -8.0915 1.0313 -1.25 -7.3151 2.0394 0 -7.4335
3 16 2.0394 0 -7.4335 1.0313 -1.25 -7.3151 0.9332 -0.4123 -7.01
3 16 2.3465 -8 -8.4768 -0.1138 -2.0487 -7.2274 0.1443 -1.4696 -7.3821
3 16 -0.1138 -2.0487 -7.2274 -0.3614 -5.25 -7.0789 0.0783 -2.0487 -7.0353
3 16 0.0783 -2.0487 -7.0353 -0.3614 -5.25 -7.0789 0.499 -5.25 -6.2185
3 16 2.3465 -8 -8.4768 -1.1115 -8 -6.6293 -0.3614 -5.25 -7.0789
3 16 -0.3614 -5.25 -7.0789 -1.1115 -8 -6.6293 -1.1114 -5.25 -6.6294
3 16 -6.2185 -5.25 0.499 0.499 -5.25 -6.2185 -4.1421 -5.25 -4.1421
3 16 0.4364 -1.4851 -7.066 0.1443 -1.4696 -7.3821 0.0783 -2.0487 -7.0353
3 16 0.0783 -2.0487 -7.0353 0.1443 -1.4696 -7.3821 -0.1138 -2.0487 -7.2274
3 16 2.0394 0 -7.4335 5.9268 0 -8.7265 2.725 -1.25 -8.0915
3 16 2.725 -1.25 -8.0915 5.9268 0 -8.7265 6.2948 -1.25 -9.1447
3 16 2.0394 0 -7.4335 3.7473 -0.0834 -4.9989 5.9268 0 -8.7265
3 16 5.9268 0 -8.7265 3.7473 -0.0834 -4.9989 6.8106 0 -5.9333
3 16 5.9268 0 -8.7265 10 0 -9.1651 6.2948 -1.25 -9.1447
3 16 6.2948 -1.25 -9.1447 10 0 -9.1651 10 -1.25 -9.5
3 16 2.0661 -0.404 -5.8905 1.0293 -1.4834 -6.1542 2.4878 -5.25 -5.7322
3 16 2.4878 -5.25 -5.7322 1.0293 -1.4834 -6.1542 0.499 -5.25 -6.2185
3 16 3.7473 -0.0834 -4.9989 2.0394 0 -7.4335 2.0661 -0.404 -5.8905
3 16 2.0661 -0.404 -5.8905 2.0394 0 -7.4335 0.9332 -0.4123 -7.01
3 16 10 -1.25 -9.5 10 -1.25 -10 6.2948 -1.25 -9.1447
3 16 6.2948 -1.25 -9.1447 10 -1.25 -10 6.0982 -1.25 -9.6151
3 16 10 0 -6.25 13.1894 0 -5.9333 10 0 -9.1651
3 16 10 0 -9.1651 13.1894 0 -5.9333 14.0732 0 -8.7265
3 16 2.4878 -5.25 -5.7322 -5.7322 -5.25 2.4878 3.7473 -5.25 -4.9989
3 16 3.7473 -5.25 -4.9989 -5.7322 -5.25 2.4878 -4.9989 -5.25 3.7473
3 16 10 0 -6.25 10 0 -9.1651 6.8106 0 -5.9333
3 16 6.8106 0 -5.9333 10 0 -9.1651 5.9268 0 -8.7265
3 16 0.2414 -1.4551 -6.946 0.0783 -2.0487 -7.0353 1.0293 -1.4834 -6.1542
3 16 1.0293 -1.4834 -6.1542 0.0783 -2.0487 -7.0353 0.499 -5.25 -6.2185
3 16 0.1443 -1.4696 -7.3821 0.4364 -1.4851 -7.066 0.6608 -1.25 -7.6856
3 16 0.6608 -1.25 -7.6856 0.4364 -1.4851 -7.066 1.0313 -1.25 -7.3151
3 16 2.725 -1.25 -8.0915 2.3465 -1.25 -8.4768 1.0313 -1.25 -7.3151
3 16 1.0313 -1.25 -7.3151 2.3465 -1.25 -8.4768 0.6608 -1.25 -7.6856
3 16 2.4878 -5.25 -5.7322 3.7473 -5.25 -4.9989 2.0661 -0.404 -5.8905
3 16 2.0661 -0.404 -5.8905 3.7473 -5.25 -4.9989 3.7473 -0.0834 -4.9989
3 16 19.5636 -1.4851 -7.066 19.7586 -1.4551 -6.946 19.9217 -2.0487 -7.0353
3 16 20.3614 -5.25 -7.0789 19.501 -5.25 -6.2185 21.1114 -5.25 -6.6294
3 16 19.7586 -1.4551 -6.946 18.9707 -1.4834 -6.1542 19.9217 -2.0487 -7.0353
3 16 19.9217 -2.0487 -7.0353 18.9707 -1.4834 -6.1542 19.501 -5.25 -6.2185
3 16 19.0668 -0.4123 -7.01 17.9606 0 -7.4335 17.9339 -0.404 -5.8905
3 16 17.9339 -0.404 -5.8905 17.9606 0 -7.4335 16.2527 -0.0834 -4.9989
3 16 19.3392 -1.25 -7.6855 17.6536 -8 -8.4768 17.6536 -1.25 -8.4768
3 16 20.3614 -5.25 -7.0789 17.6536 -8 -8.4768 20.1138 -2.0487 -7.2274
3 16 20.1138 -2.0487 -7.2274 19.8557 -1.4696 -7.3821 19.9217 -2.0487 -7.0353
3 16 19.9217 -2.0487 -7.0353 19.8557 -1.4696 -7.3821 19.5636 -1.4851 -7.066
3 16 26.2185 -5.25 0.499 19.501 -5.25 -6.2185 25.7322 -5.25 2.4878
3 16 25.7322 -5.25 2.4878 19.501 -5.25 -6.2185 17.5122 -5.25 -5.7322
3 16 13.9018 -8 -9.6151 13.9018 -1.25 -9.6151 17.6536 -8 -8.4768
3 16 17.6536 -8 -8.4768 13.9018 -1.25 -9.6151 17.6536 -1.25 -8.4768
3 16 17.9606 0 -7.4335 14.0732 0 -8.7265 16.2527 -0.0834 -4.9989
3 16 16.2527 -0.0834 -4.9989 14.0732 0 -8.7265 13.1894 0 -5.9333
3 16 17.275 -1.25 -8.0915 18.9687 -1.25 -7.3151 17.6536 -1.25 -8.4768
3 16 17.6536 -1.25 -8.4768 18.9687 -1.25 -7.3151 19.3392 -1.25 -7.6855
3 16 16.2527 -0.0834 -4.9989 16.2527 -5.25 -4.9989 17.9339 -0.404 -5.8905
3 16 17.9339 -0.404 -5.8905 16.2527 -5.25 -4.9989 17.5122 -5.25 -5.7322
3 16 10 0 -6.25 10 -5.25 -6.25 13.1894 0 -5.9333
3 16 13.1894 0 -5.9333 10 -5.25 -6.25 13.1883 -5.25 -5.9335
3 16 17.9606 0 -7.4335 17.275 -1.25 -8.0915 14.0732 0 -8.7265
3 16 14.0732 0 -8.7265 17.275 -1.25 -8.0915 13.7052 -1.25 -9.1447
3 16 19.7586 -1.4551 -6.946 19.5636 -1.4851 -7.066 19.0668 -0.4123 -7.01
3 16 18.9687 -1.25 -7.3151 19.0668 -0.4123 -7.01 19.5636 -1.4851 -7.066
3 16 17.6536 -8 -8.4768 19.8557 -1.4696 -7.3821 20.1138 -2.0487 -7.2274
3 16 13.9018 -1.25 -9.6151 10 -1.25 -10 13.7052 -1.25 -9.1447
3 16 13.7052 -1.25 -9.1447 10 -1.25 -10 10 -1.25 -9.5
3 16 13.1894 0 -5.9333 13.1883 -5.25 -5.9335 16.2527 -0.0834 -4.9989
3 16 16.2527 -0.0834 -4.9989 13.1883 -5.25 -5.9335 16.2527 -5.25 -4.9989
3 16 17.275 -1.25 -8.0915 17.9606 0 -7.4335 18.9687 -1.25 -7.3151
3 16 18.9687 -1.25 -7.3151 17.9606 0 -7.4335 19.0668 -0.4123 -7.01
3 16 10 0 -6.25 6.8106 0 -5.9333 10 -5.25 -6.25
3 16 10 -5.25 -6.25 6.8106 0 -5.9333 6.8117 -5.25 -5.9335
3 16 21.1115 -8 -6.6293 21.1114 -5.25 -6.6294 24.1421 -8 -4.1421
3 16 24.1421 -8 -4.1421 21.1114 -5.25 -6.6294 24.1421 -5.25 -4.1421
3 16 13.9018 -8 -9.6151 10 -8 -10 13.9018 -1.25 -9.6151
3 16 13.9018 -1.25 -9.6151 10 -8 -10 10 -1.25 -10
3 16 17.9339 -0.404 -5.8905 18.9707 -1.4834 -6.1542 19.0668 -0.4123 -7.01
3 16 19.0668 -0.4123 -7.01 18.9707 -1.4834 -6.1542 19.7586 -1.4551 -6.946
3 16 2.3465 -8 -8.4768 0.1443 -1.4696 -7.3821 0.6608 -1.25 -7.6856
3 16 19.501 -5.25 -6.2185 20.3614 -5.25 -7.0789 19.9217 -2.0487 -7.0353
3 16 19.9217 -2.0487 -7.0353 20.3614 -5.25 -7.0789 20.1138 -2.0487 -7.2274
3 16 19.8557 -1.4696 -7.3821 19.3392 -1.25 -7.6855 19.5636 -1.4851 -7.066
3 16 19.5636 -1.4851 -7.066 19.3392 -1.25 -7.6855 18.9687 -1.25 -7.3151
3 16 14.0732 0 -8.7265 13.7052 -1.25 -9.1447 10 0 -9.1651
3 16 10 0 -9.1651 13.7052 -1.25 -9.1447 10 -1.25 -9.5
3 16 19.501 -5.25 -6.2185 18.9707 -1.4834 -6.1542 17.5122 -5.25 -5.7322
3 16 17.5122 -5.25 -5.7322 18.9707 -1.4834 -6.1542 17.9339 -0.404 -5.8905
3 16 17.6536 -8 -8.4768 20.3614 -5.25 -7.0789 21.1115 -8 -6.6293
3 16 21.1115 -8 -6.6293 20.3614 -5.25 -7.0789 21.1114 -5.25 -6.6294
3 16 6.2948 -1.25 -9.1447 6.0982 -1.25 -9.6151 2.725 -1.25 -8.0915
3 16 2.725 -1.25 -8.0915 6.0982 -1.25 -9.6151 2.3465 -1.25 -8.4768
3 16 21.1114 -5.25 -6.6294 19.501 -5.25 -6.2185 24.1421 -5.25 -4.1421
3 16 17.6536 -1.25 -8.4768 13.9018 -1.25 -9.6151 17.275 -1.25 -8.0915
3 16 17.275 -1.25 -8.0915 13.9018 -1.25 -9.6151 13.7052 -1.25 -9.1447
3 16 -1.1114 -5.25 -6.6294 -4.1421 -5.25 -4.1421 0.499 -5.25 -6.2185
3 16 16.2527 -5.25 -4.9989 24.9989 -5.25 3.7473 17.5122 -5.25 -5.7322
3 16 17.5122 -5.25 -5.7322 24.9989 -5.25 3.7473 25.7322 -5.25 2.4878
3 16 15.7452 -5.25 4.2548 17.5065 -5.25 6.8907 24.9989 -5.25 3.7473
3 16 24.9989 -5.25 3.7473 17.5065 -5.25 6.8907 25.9335 -5.25 6.8117
3 16 15.7452 -5.25 4.2548 24.9989 -5.25 3.7473 16.2527 -5.25 -4.9989
3 16 15.7452 -5.25 4.2548 16.2527 -5.25 -4.9989 13.1093 -5.25 2.4935
3 16 13.1093 -5.25 2.4935 16.2527 -5.25 -4.9989 13.1883 -5.25 -5.9335
3 16 10 -5.25 -6.25 10 -5.25 1.875 13.1883 -5.25 -5.9335
3 16 13.1883 -5.25 -5.9335 10 -5.25 1.875 13.1093 -5.25 2.4935
3 16 6.8907 -5.25 2.4935 10 -5.25 1.875 6.8117 -5.25 -5.9335
3 16 6.8117 -5.25 -5.9335 10 -5.25 1.875 10 -5.25 -6.25
3 16 4.2548 -5.25 4.2548 6.8907 -5.25 2.4935 3.7473 -5.25 -4.9989
3 16 3.7473 -5.25 -4.9989 6.8907 -5.25 2.4935 6.8117 -5.25 -5.9335
3 16 3.7473 -5.25 -4.9989 -4.9989 -5.25 3.7473 4.2548 -5.25 4.2548
3 16 4.2548 -5.25 4.2548 -4.9989 -5.25 3.7473 2.4935 -5.25 6.8907
3 16 2.4935 -5.25 6.8907 -4.9989 -5.25 3.7473 -5.9335 -5.25 6.8117
3 16 -6.25 -5.25 10 1.875 -5.25 10 -5.9335 -5.25 6.8117
3 16 -5.9335 -5.25 6.8117 1.875 -5.25 10 2.4935 -5.25 6.8907
3 16 2.4935 -5.25 13.1093 1.875 -5.25 10 -5.9335 -5.25 13.1883
3 16 -5.9335 -5.25 13.1883 1.875 -5.25 10 -6.25 -5.25 10
3 16 4.2548 -5.25 15.7452 2.4935 -5.25 13.1093 -4.9989 -5.25 16.2527
3 16 -4.9989 -5.25 16.2527 2.4935 -5.25 13.1093 -5.9335 -5.25 13.1883
3 16 -4.9989 -5.25 16.2527 3.7473 -5.25 24.9989 4.2548 -5.25 15.7452
3 16 4.2548 -5.25 15.7452 3.7473 -5.25 24.9989 6.8907 -5.25 17.5065
3 16 6.8907 -5.25 17.5065 3.7473 -5.25 24.9989 6.8117 -5.25 25.9335
3 16 10 -5.25 26.25 10 -5.25 18.125 6.8117 -5.25 25.9335
3 16 6.8117 -5.25 25.9335 10 -5.25 18.125 6.8907 -5.25 17.5065
3 16 13.1093 -5.25 17.5065 10 -5.25 18.125 13.1883 -5.25 25.9335
3 16 13.1883 -5.25 25.9335 10 -5.25 18.125 10 -5.25 26.25
3 16 15.7452 -5.25 15.7452 13.1093 -5.25 17.5065 16.2527 -5.25 24.9989
3 16 16.2527 -5.25 24.9989 13.1093 -5.25 17.5065 13.1883 -5.25 25.9335
3 16 15.7452 -5.25 15.7452 16.2527 -5.25 24.9989 24.9989 -5.25 16.2527
3 16 15.7452 -5.25 15.7452 24.9989 -5.25 16.2527 17.5065 -5.25 13.1093
3 16 17.5065 -5.25 13.1093 24.9989 -5.25 16.2527 25.9335 -5.25 13.1883
3 16 26.25 -5.25 10 18.125 -5.25 10 25.9335 -5.25 13.1883
3 16 25.9335 -5.25 13.1883 18.125 -5.25 10 17.5065 -5.25 13.1093
3 16 17.5065 -5.25 6.8907 18.125 -5.25 10 25.9335 -5.25 6.8117
3 16 25.9335 -5.25 6.8117 18.125 -5.25 10 26.25 -5.25 10
3 16 16.25 -8 10 29.6151 -8 6.0982 30 -8 10
3 16 16.25 -8 10 30 -8 10 29.6151 -8 13.9018
3 16 16.25 -8 10 29.6151 -8 13.9018 15.7743 -8 12.3918
3 16 15.7743 -8 12.3918 29.6151 -8 13.9018 28.4768 -8 17.6536
3 16 14.4194 -8 14.4194 15.7743 -8 12.3918 26.6293 -8 21.1115
3 16 26.6293 -8 21.1115 15.7743 -8 12.3918 28.4768 -8 17.6536
3 16 26.6293 -8 21.1115 24.1421 -8 24.1421 14.4194 -8 14.4194
3 16 21.1115 -8 26.6293 14.4194 -8 14.4194 24.1421 -8 24.1421
3 16 14.4194 -8 14.4194 21.1115 -8 26.6293 12.3918 -8 15.7743
3 16 12.3918 -8 15.7743 21.1115 -8 26.6293 17.6536 -8 28.4768
3 16 10 -8 16.25 12.3918 -8 15.7743 13.9018 -8 29.6151
3 16 13.9018 -8 29.6151 12.3918 -8 15.7743 17.6536 -8 28.4768
3 16 10 -8 16.25 13.9018 -8 29.6151 10 -8 30
3 16 10 -8 16.25 10 -8 30 6.0982 -8 29.6151
3 16 10 -8 16.25 6.0982 -8 29.6151 7.6082 -8 15.7743
3 16 7.6082 -8 15.7743 6.0982 -8 29.6151 2.3464 -8 28.4768
3 16 5.5806 -8 14.4194 7.6082 -8 15.7743 -1.1115 -8 26.6293
3 16 -1.1115 -8 26.6293 7.6082 -8 15.7743 2.3464 -8 28.4768
3 16 -1.1115 -8 26.6293 -4.1421 -8 24.1421 5.5806 -8 14.4194
3 16 -6.6293 -8 21.1115 5.5806 -8 14.4194 -4.1421 -8 24.1421
3 16 5.5806 -8 14.4194 -6.6293 -8 21.1115 4.2258 -8 12.3918
3 16 4.2258 -8 12.3918 -6.6293 -8 21.1115 -8.4768 -8 17.6536
3 16 3.75 -8 10 4.2258 -8 12.3918 -9.6151 -8 13.9018
3 16 -9.6151 -8 13.9018 4.2258 -8 12.3918 -8.4768 -8 17.6536
3 16 3.75 -8 10 -9.6151 -8 13.9018 -10 -8 10
3 16 3.75 -8 10 -10 -8 10 -9.6151 -8 6.0982
3 16 3.75 -8 10 -9.6151 -8 6.0982 4.2258 -8 7.6082
3 16 4.2258 -8 7.6082 -9.6151 -8 6.0982 -8.4768 -8 2.3464
3 16 5.5806 -8 5.5806 4.2258 -8 7.6082 -6.6293 -8 -1.1115
3 16 -6.6293 -8 -1.1115 4.2258 -8 7.6082 -8.4768 -8 2.3464
3 16 -6.6293 -8 -1.1115 -4.1421 -8 -4.1421 5.5806 -8 5.5806
3 16 -1.1115 -8 -6.6293 5.5806 -8 5.5806 -4.1421 -8 -4.1421
3 16 5.5806 -8 5.5806 -1.1115 -8 -6.6293 7.6082 -8 4.2258
3 16 7.6082 -8 4.2258 -1.1115 -8 -6.6293 2.3465 -8 -8.4768
3 16 10 -8 3.75 7.6082 -8 4.2258 6.0983 -8 -9.6151
3 16 6.0983 -8 -9.6151 7.6082 -8 4.2258 2.3465 -8 -8.4768
3 16 6.0983 -8 -9.6151 10 -8 -10 10 -8 3.75
3 16 10 -8 3.75 10 -8 -10 13.9018 -8 -9.6151
3 16 10 -8 3.75 13.9018 -8 -9.6151 12.3918 -8 4.2258
3 16 12.3918 -8 4.2258 13.9018 -8 -9.6151 17.6536 -8 -8.4768
3 16 17.6536 -8 -8.4768 21.1115 -8 -6.6293 12.3918 -8 4.2258
3 16 12.3918 -8 4.2258 21.1115 -8 -6.6293 14.4194 -8 5.5806
3 16 21.1115 -8 -6.6293 24.1421 -8 -4.1421 14.4194 -8 5.5806
3 16 26.6293 -8 -1.1115 14.4194 -8 5.5806 24.1421 -8 -4.1421
3 16 14.4194 -8 5.5806 26.6293 -8 -1.1115 15.7743 -8 7.6082
3 16 15.7743 -8 7.6082 26.6293 -8 -1.1115 28.4768 -8 2.3464
3 16 16.25 -8 10 15.7743 -8 7.6082 29.6151 -8 6.0982
3 16 29.6151 -8 6.0982 15.7743 -8 7.6082 28.4768 -8 2.3464
3 16 17.5065 -5.25 6.8907 15.7452 -5.25 4.2548 17.5065 0 6.8907
3 16 17.5065 0 6.8907 15.7452 -5.25 4.2548 15.7452 0 4.2548
3 16 15.7452 -5.25 4.2548 13.1093 -5.25 2.4935 15.7452 0 4.2548
3 16 15.7452 0 4.2548 13.1093 -5.25 2.4935 13.1093 0 2.4935
3 16 13.1093 -5.25 2.4935 10 -5.25 1.875 13.1093 0 2.4935
3 16 13.1093 0 2.4935 10 -5.25 1.875 10 0 1.875
3 16 10 -5.25 1.875 6.8907 -5.25 2.4935 10 0 1.875
3 16 10 0 1.875 6.8907 -5.25 2.4935 6.8907 0 2.4935
3 16 6.8907 -5.25 2.4935 4.2548 -5.25 4.2548 6.8907 0 2.4935
3 16 6.8907 0 2.4935 4.2548 -5.25 4.2548 4.2548 0 4.2548
3 16 4.2548 -5.25 4.2548 2.4935 -5.25 6.8907 4.2548 0 4.2548
3 16 4.2548 0 4.2548 2.4935 -5.25 6.8907 2.4935 0 6.8907
3 16 2.4935 -5.25 6.8907 1.875 -5.25 10 2.4935 0 6.8907
3 16 2.4935 0 6.8907 1.875 -5.25 10 1.875 0 10
3 16 1.875 -5.25 10 2.4935 -5.25 13.1093 1.875 0 10
3 16 1.875 0 10 2.4935 -5.25 13.1093 2.4935 0 13.1093
3 16 2.4935 -5.25 13.1093 4.2548 -5.25 15.7452 2.4935 0 13.1093
3 16 2.4935 0 13.1093 4.2548 -5.25 15.7452 4.2548 0 15.7452
3 16 4.2548 -5.25 15.7452 6.8907 -5.25 17.5065 4.2548 0 15.7452
3 16 4.2548 0 15.7452 6.8907 -5.25 17.5065 6.8907 0 17.5065
3 16 6.8907 -5.25 17.5065 10 -5.25 18.125 6.8907 0 17.5065
3 16 6.8907 0 17.5065 10 -5.25 18.125 10 0 18.125
3 16 10 -5.25 18.125 13.1093 -5.25 17.5065 10 0 18.125
3 16 10 0 18.125 13.1093 -5.25 17.5065 13.1093 0 17.5065
3 16 13.1093 -5.25 17.5065 15.7452 -5.25 15.7452 13.1093 0 17.5065
3 16 13.1093 0 17.5065 15.7452 -5.25 15.7452 15.7452 0 15.7452
3 16 15.7452 -5.25 15.7452 17.5065 -5.25 13.1093 15.7452 0 15.7452
3 16 15.7452 0 15.7452 17.5065 -5.25 13.1093 17.5065 0 13.1093
3 16 17.5065 -5.25 13.1093 18.125 -5.25 10 17.5065 0 13.1093
3 16 17.5065 0 13.1093 18.125 -5.25 10 18.125 0 10
3 16 18.125 -5.25 10 17.5065 -5.25 6.8907 18.125 0 10
3 16 18.125 0 10 17.5065 -5.25 6.8907 17.5065 0 6.8907
3 16 17.5065 0 6.8907 15.7452 0 4.2548 15.7743 0 7.6082
3 16 15.7743 0 7.6082 15.7452 0 4.2548 14.4194 0 5.5806
3 16 15.7452 0 4.2548 13.1093 0 2.4935 14.4194 0 5.5806
3 16 14.4194 0 5.5806 13.1093 0 2.4935 12.3918 0 4.2258
3 16 13.1093 0 2.4935 10 0 1.875 12.3918 0 4.2258
3 16 12.3918 0 4.2258 10 0 1.875 10 0 3.75
3 16 10 0 1.875 6.8907 0 2.4935 10 0 3.75
3 16 10 0 3.75 6.8907 0 2.4935 7.6082 0 4.2258
3 16 6.8907 0 2.4935 4.2548 0 4.2548 7.6082 0 4.2258
3 16 7.6082 0 4.2258 4.2548 0 4.2548 5.5806 0 5.5806
3 16 4.2548 0 4.2548 2.4935 0 6.8907 5.5806 0 5.5806
3 16 5.5806 0 5.5806 2.4935 0 6.8907 4.2258 0 7.6082
3 16 2.4935 0 6.8907 1.875 0 10 4.2258 0 7.6082
3 16 4.2258 0 7.6082 1.875 0 10 3.75 0 10
3 16 1.875 0 10 2.4935 0 13.1093 3.75 0 10
3 16 3.75 0 10 2.4935 0 13.1093 4.2258 0 12.3918
3 16 2.4935 0 13.1093 4.2548 0 15.7452 4.2258 0 12.3918
3 16 4.2258 0 12.3918 4.2548 0 15.7452 5.5806 0 14.4194
3 16 4.2548 0 15.7452 6.8907 0 17.5065 5.5806 0 14.4194
3 16 5.5806 0 14.4194 6.8907 0 17.5065 7.6082 0 15.7743
3 16 6.8907 0 17.5065 10 0 18.125 7.6082 0 15.7743
3 16 7.6082 0 15.7743 10 0 18.125 10 0 16.25
3 16 10 0 18.125 13.1093 0 17.5065 10 0 16.25
3 16 10 0 16.25 13.1093 0 17.5065 12.3918 0 15.7743
3 16 13.1093 0 17.5065 15.7452 0 15.7452 12.3918 0 15.7743
3 16 12.3918 0 15.7743 15.7452 0 15.7452 14.4194 0 14.4194
3 16 15.7452 0 15.7452 17.5065 0 13.1093 14.4194 0 14.4194
3 16 14.4194 0 14.4194 17.5065 0 13.1093 15.7743 0 12.3918
3 16 17.5065 0 13.1093 18.125 0 10 15.7743 0 12.3918
3 16 15.7743 0 12.3918 18.125 0 10 16.25 0 10
3 16 18.125 0 10 17.5065 0 6.8907 16.25 0 10
3 16 16.25 0 10 17.5065 0 6.8907 15.7743 0 7.6082
3 16 15.7743 0 7.6082 14.4194 0 5.5806 15.7743 -8 7.6082
3 16 15.7743 -8 7.6082 14.4194 0 5.5806 14.4194 -8 5.5806
3 16 14.4194 0 5.5806 12.3918 0 4.2258 14.4194 -8 5.5806
3 16 14.4194 -8 5.5806 12.3918 0 4.2258 12.3918 -8 4.2258
3 16 12.3918 0 4.2258 10 0 3.75 12.3918 -8 4.2258
3 16 12.3918 -8 4.2258 10 0 3.75 10 -8 3.75
3 16 10 0 3.75 7.6082 0 4.2258 10 -8 3.75
3 16 10 -8 3.75 7.6082 0 4.2258 7.6082 -8 4.2258
3 16 7.6082 0 4.2258 5.5806 0 5.5806 7.6082 -8 4.2258
3 16 7.6082 -8 4.2258 5.5806 0 5.5806 5.5806 -8 5.5806
3 16 5.5806 0 5.5806 4.2258 0 7.6082 5.5806 -8 5.5806
3 16 5.5806 -8 5.5806 4.2258 0 7.6082 4.2258 -8 7.6082
3 16 4.2258 0 7.6082 3.75 0 10 4.2258 -8 7.6082
3 16 4.2258 -8 7.6082 3.75 0 10 3.75 -8 10
3 16 3.75 0 10 4.2258 0 12.3918 3.75 -8 10
3 16 3.75 -8 10 4.2258 0 12.3918 4.2258 -8 12.3918
3 16 4.2258 0 12.3918 5.5806 0 14.4194 4.2258 -8 12.3918
3 16 4.2258 -8 12.3918 5.5806 0 14.4194 5.5806 -8 14.4194
3 16 5.5806 0 14.4194 7.6082 0 15.7743 5.5806 -8 14.4194
3 16 5.5806 -8 14.4194 7.6082 0 15.7743 7.6082 -8 15.7743
3 16 7.6082 0 15.7743 10 0 16.25 7.6082 -8 15.7743
3 16 7.6082 -8 15.7743 10 0 16.25 10 -8 16.25
3 16 10 0 16.25 12.3918 0 15.7743 10 -8 16.25
3 16 10 -8 16.25 12.3918 0 15.7743 12.3918 -8 15.7743
3 16 12.3918 0 15.7743 14.4194 0 14.4194 12.3918 -8 15.7743
3 16 12.3918 -8 15.7743 14.4194 0 14.4194 14.4194 -8 14.4194
3 16 14.4194 0 14.4194 15.7743 0 12.3918 14.4194 -8 14.4194
3 16 14.4194 -8 14.4194 15.7743 0 12.3918 15.7743 -8 12.3918
3 16 15.7743 0 12.3918 16.25 0 10 15.7743 -8 12.3918
3 16 15.7743 -8 12.3918 16.25 0 10 16.25 -8 10
3 16 16.25 0 10 15.7743 0 7.6082 16.25 -8 10
3 16 16.25 -8 10 15.7743 0 7.6082 15.7743 -8 7.6082
2 24 26.946 -1.4551 0.2414 27.01 -0.4123 0.9332
2 24 26.1542 -1.4834 1.0293 25.8905 -0.404 2.0661
2 24 27.6856 -1.25 19.3392 27.3821 -1.4696 19.8557
2 24 29.6151 -8 6.0982 30 -8 10
2 24 29.6151 -1.25 6.0982 30 -1.25 10
2 24 29.6151 -8 6.0982 28.4768 -8 2.3464
2 24 29.6151 -1.25 6.0982 28.4768 -1.25 2.3464
2 24 26.6293 -8 -1.1115 24.1421 -8 -4.1421
2 24 26.6294 -5.25 -1.1114 24.1421 -5.25 -4.1421
2 24 26.946 -1.4551 0.2414 27.01 -0.4123 0.9332
2 24 27.066 -1.4851 0.4364 27.3151 -1.25 1.0313
2 24 24.9989 -5.25 3.7473 25.9335 -5.25 6.8117
2 24 24.9989 -5.25 3.7473 24.9989 -0.0834 3.7473
2 24 24.9989 -0.0834 3.7473 25.9333 0 6.8106
2 24 28.4768 -1.25 2.3464 27.6856 -1.25 0.6608
2 24 27.0789 -5.25 -0.3614 27.2274 -2.0487 -0.1138
2 24 26.946 -1.4551 0.2414 27.0353 -2.0487 0.0783
2 24 27.066 -1.4851 0.4364 27.0353 -2.0487 0.0783
2 24 27.0789 -5.25 -0.3614 26.6294 -5.25 -1.1114
2 24 27.0789 -5.25 -0.3614 26.2185 -5.25 0.499
2 24 27.3151 -1.25 1.0313 28.0915 -1.25 2.725
2 24 27.01 -0.4123 0.9332 27.4335 0 2.0394
2 24 27.2274 -2.0487 -0.1138 27.3821 -1.4696 0.1443
2 24 27.2274 -2.0487 -0.1138 27.0789 -5.25 -0.3614
2 24 27.0789 -5.25 -0.3614 26.2185 -5.25 0.499
2 24 28.4768 -8 2.3464 26.6293 -8 -1.1115
2 24 26.6294 -5.25 -1.1114 27.0789 -5.25 -0.3614
2 24 27.0353 -2.0487 0.0783 27.066 -1.4851 0.4364
2 24 27.2274 -2.0487 -0.1138 27.3821 -1.4696 0.1443
2 24 27.4335 0 2.0394 28.7265 0 5.9268
2 24 28.0915 -1.25 2.725 29.1447 -1.25 6.2948
2 24 27.4335 0 2.0394 28.7265 0 5.9268
2 24 24.9989 -0.0834 3.7473 25.9333 0 6.8106
2 24 28.7265 0 5.9268 29.1651 0 10
2 24 29.1447 -1.25 6.2948 29.5 -1.25 10
2 24 25.8905 -0.404 2.0661 26.1542 -1.4834 1.0293
2 24 26.1542 -1.4834 1.0293 26.2185 -5.25 0.499
2 24 25.7322 -5.25 2.4878 26.2185 -5.25 0.499
2 24 25.8905 -0.404 2.0661 24.9989 -0.0834 3.7473
2 24 27.01 -0.4123 0.9332 27.4335 0 2.0394
2 24 29.5 -1.25 10 29.1447 -1.25 6.2948
2 24 30 -1.25 10 29.6151 -1.25 6.0982
2 24 26.25 0 10 25.9333 0 13.1894
2 24 29.1651 0 10 28.7265 0 14.0732
2 24 25.9333 0 6.8106 26.25 0 10
2 24 28.7265 0 5.9268 29.1651 0 10
2 24 26.946 -1.4551 0.2414 27.0353 -2.0487 0.0783
2 24 26.1542 -1.4834 1.0293 26.2185 -5.25 0.499
2 24 27.3821 -1.4696 0.1443 27.6856 -1.25 0.6608
2 24 27.066 -1.4851 0.4364 27.3151 -1.25 1.0313
2 24 27.3151 -1.25 1.0313 28.0915 -1.25 2.725
2 24 27.6856 -1.25 0.6608 28.4768 -1.25 2.3464
2 24 25.7322 -5.25 2.4878 24.9989 -5.25 3.7473
2 24 24.9989 -5.25 3.7473 24.9989 -0.0834 3.7473
2 24 25.8905 -0.404 2.0661 24.9989 -0.0834 3.7473
2 24 26.946 -1.4551 19.7586 27.0353 -2.0487 19.9217
2 24 27.066 -1.4851 19.5636 27.0353 -2.0487 19.9217
2 24 27.0789 -5.25 20.3614 26.2185 -5.25 19.501
2 24 27.0789 -5.25 20.3614 26.6294 -5.25 21.1114
2 24 26.946 -1.4551 19.7586 27.0353 -2.0487 19.9217
2 24 26.1542 -1.4834 18.9707 26.2185 -5.25 19.501
2 24 27.01 -0.4123 19.0668 27.4335 0 17.9606
2 24 25.8905 -0.404 17.9339 24.9989 -0.0834 16.2527
2 24 26.2185 -5.25 19.501 25.7322 -5.25 17.5122
2 24 17.5122 -5.25 25.7322 19.501 -5.25 26.2185
2 24 27.6856 -1.25 19.3392 28.4768 -1.25 17.6536
2 24 27.0789 -5.25 20.3614 27.2274 -2.0487 20.1138
2 24 27.2274 -2.0487 20.1138 27.3821 -1.4696 19.8557
2 24 27.0353 -2.0487 19.9217 27.066 -1.4851 19.5636
2 24 28.4768 -8 17.6536 29.6151 -8 13.9018
2 24 28.4768 -1.25 17.6536 29.6151 -1.25 13.9018
2 24 28.7265 0 14.0732 27.4335 0 17.9606
2 24 25.9333 0 13.1894 24.9989 -0.0834 16.2527
2 24 28.0915 -1.25 17.275 27.3151 -1.25 18.9687
2 24 28.4768 -1.25 17.6536 27.6856 -1.25 19.3392
2 24 24.9989 -0.0834 16.2527 24.9989 -5.25 16.2527
2 24 24.9989 -0.0834 16.2527 25.8905 -0.404 17.9339
2 24 24.9989 -5.25 16.2527 25.7322 -5.25 17.5122
2 24 26.25 0 10 25.9333 0 13.1894
2 24 26.25 -5.25 10 25.9335 -5.25 13.1883
2 24 27.4335 0 17.9606 28.7265 0 14.0732
2 24 28.0915 -1.25 17.275 29.1447 -1.25 13.7052
2 24 26.946 -1.4551 19.7586 27.01 -0.4123 19.0668
2 24 27.066 -1.4851 19.5636 27.3151 -1.25 18.9687
2 24 27.3821 -1.4696 19.8557 27.2274 -2.0487 20.1138
2 24 30 -1.25 10 29.6151 -1.25 13.9018
2 24 29.5 -1.25 10 29.1447 -1.25 13.7052
2 24 25.9333 0 13.1894 24.9989 -0.0834 16.2527
2 24 25.9335 -5.25 13.1883 24.9989 -5.25 16.2527
2 24 24.9989 -0.0834 16.2527 24.9989 -5.25 16.2527
2 24 28.0915 -1.25 17.275 27.3151 -1.25 18.9687
2 24 27.4335 0 17.9606 27.01 -0.4123 19.0668
2 24 25.9333 0 6.8106 26.25 0 10
2 24 25.9335 -5.25 6.8117 26.25 -5.25 10
2 24 26.6293 -8 21.1115 24.1421 -8 24.1421
2 24 26.6294 -5.25 21.1114 24.1421 -5.25 24.1421
2 24 30 -8 10 29.6151 -8 13.9018
2 24 30 -1.25 10 29.6151 -1.25 13.9018
2 24 26.1542 -1.4834 18.9707 25.8905 -0.404 17.9339
2 24 26.946 -1.4551 19.7586 27.01 -0.4123 19.0668
2 24 27.6856 -1.25 0.6608 27.3821 -1.4696 0.1443
2 24 26.2185 -5.25 19.501 27.0789 -5.25 20.3614
2 24 27.2274 -2.0487 20.1138 27.0789 -5.25 20.3614
2 24 27.3821 -1.4696 19.8557 27.6856 -1.25 19.3392
2 24 27.066 -1.4851 19.5636 27.3151 -1.25 18.9687
2 24 29.1651 0 10 28.7265 0 14.0732
2 24 29.5 -1.25 10 29.1447 -1.25 13.7052
2 24 26.2185 -5.25 19.501 26.1542 -1.4834 18.9707
2 24 25.7322 -5.25 17.5122 26.2185 -5.25 19.501
2 24 25.8905 -0.404 17.9339 26.1542 -1.4834 18.9707
2 24 -6.2185 -5.25 19.501 -5.7322 -5.25 17.5122
2 24 0.499 -5.25 26.2185 2.4878 -5.25 25.7322
2 24 28.4768 -8 17.6536 26.6293 -8 21.1115
2 24 27.0789 -5.25 20.3614 26.6294 -5.25 21.1114
2 24 29.1447 -1.25 6.2948 28.0915 -1.25 2.725
2 24 29.6151 -1.25 6.0982 28.4768 -1.25 2.3464
2 24 26.6294 -5.25 21.1114 24.1421 -5.25 24.1421
2 24 28.4768 -1.25 17.6536 29.6151 -1.25 13.9018
2 24 28.0915 -1.25 17.275 29.1447 -1.25 13.7052
2 24 25.7322 -5.25 17.5122 24.9989 -5.25 16.2527
2 24 17.5122 -5.25 25.7322 16.2527 -5.25 24.9989
2 24 26.6294 -5.25 -1.1114 24.1421 -5.25 -4.1421
2 24 19.7586 -1.4551 26.946 19.0668 -0.4123 27.01
2 24 18.9707 -1.4834 26.1542 17.9339 -0.404 25.8905
2 24 0.6608 -1.25 27.6856 0.1443 -1.4696 27.3821
2 24 13.9018 -8 29.6151 10 -8 30
2 24 13.9018 -1.25 29.6151 10 -1.25 30
2 24 13.9018 -8 29.6151 17.6536 -8 28.4768
2 24 13.9018 -1.25 29.6151 17.6536 -1.25 28.4768
2 24 24.1421 -8 24.1421 21.1115 -8 26.6293
2 24 24.1421 -5.25 24.1421 21.1114 -5.25 26.6294
2 24 19.7586 -1.4551 26.946 19.0668 -0.4123 27.01
2 24 19.5636 -1.4851 27.066 18.9687 -1.25 27.3151
2 24 16.2527 -5.25 24.9989 13.1883 -5.25 25.9335
2 24 16.2527 -5.25 24.9989 16.2527 -0.0834 24.9989
2 24 16.2527 -0.0834 24.9989 13.1894 0 25.9333
2 24 17.6536 -1.25 28.4768 19.3392 -1.25 27.6856
2 24 20.3614 -5.25 27.0789 20.1138 -2.0487 27.2274
2 24 19.7586 -1.4551 26.946 19.9217 -2.0487 27.0353
2 24 19.5636 -1.4851 27.066 19.9217 -2.0487 27.0353
2 24 20.3614 -5.25 27.0789 21.1114 -5.25 26.6294
2 24 19.501 -5.25 26.2185 20.3614 -5.25 27.0789
2 24 18.9687 -1.25 27.3151 17.275 -1.25 28.0915
2 24 19.0668 -0.4123 27.01 17.9606 0 27.4335
2 24 20.1138 -2.0487 27.2274 19.8557 -1.4696 27.3821
2 24 20.1138 -2.0487 27.2274 20.3614 -5.25 27.0789
2 24 20.3614 -5.25 27.0789 19.501 -5.25 26.2185
2 24 17.6536 -8 28.4768 21.1115 -8 26.6293
2 24 21.1114 -5.25 26.6294 20.3614 -5.25 27.0789
2 24 19.9217 -2.0487 27.0353 19.5636 -1.4851 27.066
2 24 20.1138 -2.0487 27.2274 19.8557 -1.4696 27.3821
2 24 17.9606 0 27.4335 14.0732 0 28.7265
2 24 17.275 -1.25 28.0915 13.7052 -1.25 29.1447
2 24 17.9606 0 27.4335 14.0732 0 28.7265
2 24 16.2527 -0.0834 24.9989 13.1894 0 25.9333
2 24 14.0732 0 28.7265 10 0 29.1651
2 24 13.7052 -1.25 29.1447 10 -1.25 29.5
2 24 17.9339 -0.404 25.8905 18.9707 -1.4834 26.1542
2 24 18.9707 -1.4834 26.1542 19.501 -5.25 26.2185
2 24 17.5122 -5.25 25.7322 19.501 -5.25 26.2185
2 24 17.9339 -0.404 25.8905 16.2527 -0.0834 24.9989
2 24 19.0668 -0.4123 27.01 17.9606 0 27.4335
2 24 10 -1.25 29.5 13.7052 -1.25 29.1447
2 24 10 -1.25 30 13.9018 -1.25 29.6151
2 24 10 0 26.25 6.8106 0 25.9333
2 24 10 0 29.1651 5.9268 0 28.7265
2 24 13.1894 0 25.9333 10 0 26.25
2 24 14.0732 0 28.7265 10 0 29.1651
2 24 19.7586 -1.4551 26.946 19.9217 -2.0487 27.0353
2 24 18.9707 -1.4834 26.1542 19.501 -5.25 26.2185
2 24 19.8557 -1.4696 27.3821 19.3392 -1.25 27.6856
2 24 19.5636 -1.4851 27.066 18.9687 -1.25 27.3151
2 24 18.9687 -1.25 27.3151 17.275 -1.25 28.0915
2 24 19.3392 -1.25 27.6856 17.6536 -1.25 28.4768
2 24 17.5122 -5.25 25.7322 16.2527 -5.25 24.9989
2 24 16.2527 -5.25 24.9989 16.2527 -0.0834 24.9989
2 24 17.9339 -0.404 25.8905 16.2527 -0.0834 24.9989
2 24 0.2414 -1.4551 26.946 0.0783 -2.0487 27.0353
2 24 0.4364 -1.4851 27.066 0.0783 -2.0487 27.0353
2 24 0.499 -5.25 26.2185 -0.3614 -5.25 27.0789
2 24 -0.3614 -5.25 27.0789 -1.1114 -5.25 26.6294
2 24 0.2414 -1.4551 26.946 0.0783 -2.0487 27.0353
2 24 1.0293 -1.4834 26.1542 0.499 -5.25 26.2185
2 24 0.9332 -0.4123 27.01 2.0394 0 27.4335
2 24 2.0661 -0.404 25.8905 3.7473 -0.0834 24.9989
2 24 0.6608 -1.25 27.6856 2.3464 -1.25 28.4768
2 24 -0.3614 -5.25 27.0789 -0.1138 -2.0487 27.2274
2 24 -0.1138 -2.0487 27.2274 0.1443 -1.4696 27.3821
2 24 0.0783 -2.0487 27.0353 0.4364 -1.4851 27.066
2 24 2.3464 -8 28.4768 6.0982 -8 29.6151
2 24 2.3464 -1.25 28.4768 6.0982 -1.25 29.6151
2 24 5.9268 0 28.7265 2.0394 0 27.4335
2 24 6.8106 0 25.9333 3.7473 -0.0834 24.9989
2 24 2.725 -1.25 28.0915 1.0313 -1.25 27.3151
2 24 2.3464 -1.25 28.4768 0.6608 -1.25 27.6856
2 24 3.7473 -0.0834 24.9989 3.7473 -5.25 24.9989
2 24 3.7473 -0.0834 24.9989 2.0661 -0.404 25.8905
2 24 3.7473 -5.25 24.9989 2.4878 -5.25 25.7322
2 24 10 0 26.25 6.8106 0 25.9333
2 24 10 -5.25 26.25 6.8117 -5.25 25.9335
2 24 2.0394 0 27.4335 5.9268 0 28.7265
2 24 2.725 -1.25 28.0915 6.2948 -1.25 29.1447
2 24 0.2414 -1.4551 26.946 0.9332 -0.4123 27.01
2 24 0.4364 -1.4851 27.066 1.0313 -1.25 27.3151
2 24 0.1443 -1.4696 27.3821 -0.1138 -2.0487 27.2274
2 24 10 -1.25 30 6.0982 -1.25 29.6151
2 24 10 -1.25 29.5 6.2948 -1.25 29.1447
2 24 6.8106 0 25.9333 3.7473 -0.0834 24.9989
2 24 6.8117 -5.25 25.9335 3.7473 -5.25 24.9989
2 24 3.7473 -0.0834 24.9989 3.7473 -5.25 24.9989
2 24 2.725 -1.25 28.0915 1.0313 -1.25 27.3151
2 24 2.0394 0 27.4335 0.9332 -0.4123 27.01
2 24 13.1894 0 25.9333 10 0 26.25
2 24 13.1883 -5.25 25.9335 10 -5.25 26.25
2 24 -1.1115 -8 26.6293 -4.1421 -8 24.1421
2 24 -1.1114 -5.25 26.6294 -4.1421 -5.25 24.1421
2 24 10 -8 30 6.0982 -8 29.6151
2 24 10 -1.25 30 6.0982 -1.25 29.6151
2 24 1.0293 -1.4834 26.1542 2.0661 -0.404 25.8905
2 24 0.2414 -1.4551 26.946 0.9332 -0.4123 27.01
2 24 19.3392 -1.25 27.6856 19.8557 -1.4696 27.3821
2 24 0.499 -5.25 26.2185 -0.3614 -5.25 27.0789
2 24 -0.1138 -2.0487 27.2274 -0.3614 -5.25 27.0789
2 24 0.1443 -1.4696 27.3821 0.6608 -1.25 27.6856
2 24 0.4364 -1.4851 27.066 1.0313 -1.25 27.3151
2 24 10 0 29.1651 5.9268 0 28.7265
2 24 10 -1.25 29.5 6.2948 -1.25 29.1447
2 24 0.499 -5.25 26.2185 1.0293 -1.4834 26.1542
2 24 2.4878 -5.25 25.7322 0.499 -5.25 26.2185
2 24 2.0661 -0.404 25.8905 1.0293 -1.4834 26.1542
2 24 2.3464 -8 28.4768 -1.1115 -8 26.6293
2 24 -0.3614 -5.25 27.0789 -1.1114 -5.25 26.6294
2 24 13.7052 -1.25 29.1447 17.275 -1.25 28.0915
2 24 13.9018 -1.25 29.6151 17.6536 -1.25 28.4768
2 24 -1.1114 -5.25 26.6294 -4.1421 -5.25 24.1421
2 24 2.3464 -1.25 28.4768 6.0982 -1.25 29.6151
2 24 2.725 -1.25 28.0915 6.2948 -1.25 29.1447
2 24 24.1421 -5.25 24.1421 21.1114 -5.25 26.6294
2 24 -6.946 -1.4551 19.7586 -7.01 -0.4123 19.0668
2 24 -6.1542 -1.4834 18.9707 -5.8905 -0.404 17.9339
2 24 -7.6855 -1.25 0.6608 -7.3821 -1.4696 0.1443
2 24 -9.6151 -8 13.9018 -10 -8 10
2 24 -9.6151 -1.25 13.9018 -10 -1.25 10
2 24 -9.6151 -8 13.9018 -8.4768 -8 17.6536
2 24 -9.6151 -1.25 13.9018 -8.4768 -1.25 17.6536
2 24 -4.1421 -8 24.1421 -6.6293 -8 21.1115
2 24 -4.1421 -5.25 24.1421 -6.6294 -5.25 21.1114
2 24 -6.946 -1.4551 19.7586 -7.01 -0.4123 19.0668
2 24 -7.066 -1.4851 19.5636 -7.3151 -1.25 18.9687
2 24 -4.9989 -5.25 16.2527 -5.9335 -5.25 13.1883
2 24 -4.9989 -5.25 16.2527 -4.9989 -0.0834 16.2527
2 24 -4.9989 -0.0834 16.2527 -5.9333 0 13.1894
2 24 -8.4768 -1.25 17.6536 -7.6856 -1.25 19.3392
2 24 -7.0789 -5.25 20.3614 -7.2274 -2.0487 20.1138
2 24 -6.946 -1.4551 19.7586 -7.0353 -2.0487 19.9217
2 24 -7.066 -1.4851 19.5636 -7.0353 -2.0487 19.9217
2 24 -7.0789 -5.25 20.3614 -6.6294 -5.25 21.1114
2 24 -6.2185 -5.25 19.501 -7.0789 -5.25 20.3614
2 24 -7.3151 -1.25 18.9687 -8.0915 -1.25 17.275
2 24 -7.01 -0.4123 19.0668 -7.4335 0 17.9606
2 24 -7.2274 -2.0487 20.1138 -7.3821 -1.4696 19.8557
2 24 -7.2274 -2.0487 20.1138 -7.0789 -5.25 20.3614
2 24 -7.0789 -5.25 20.3614 -6.2185 -5.25 19.501
2 24 0.499 -5.25 -6.2185 2.4878 -5.25 -5.7322
2 24 -6.2185 -5.25 0.499 -5.7322 -5.25 2.4878
2 24 -8.4768 -8 17.6536 -6.6293 -8 21.1115
2 24 -6.6294 -5.25 21.1114 -7.0789 -5.25 20.3614
2 24 -7.0353 -2.0487 19.9217 -7.066 -1.4851 19.5636
2 24 -7.2274 -2.0487 20.1138 -7.3821 -1.4696 19.8557
2 24 -7.4335 0 17.9606 -8.7265 0 14.0732
2 24 -8.0915 -1.25 17.275 -9.1447 -1.25 13.7052
2 24 -7.4335 0 17.9606 -8.7265 0 14.0732
2 24 -4.9989 -0.0834 16.2527 -5.9333 0 13.1894
2 24 -8.7265 0 14.0732 -9.1651 0 10
2 24 -9.1447 -1.25 13.7052 -9.5 -1.25 10
2 24 -5.8905 -0.404 17.9339 -6.1542 -1.4834 18.9707
2 24 -6.1542 -1.4834 18.9707 -6.2185 -5.25 19.501
2 24 -5.7322 -5.25 17.5122 -6.2185 -5.25 19.501
2 24 -5.8905 -0.404 17.9339 -4.9989 -0.0834 16.2527
2 24 -7.01 -0.4123 19.0668 -7.4335 0 17.9606
2 24 -9.5 -1.25 10 -9.1447 -1.25 13.7052
2 24 -10 -1.25 10 -9.6151 -1.25 13.9018
2 24 -6.25 0 10 -5.9333 0 6.8106
2 24 -9.1651 0 10 -8.7265 0 5.9268
2 24 -5.7322 -5.25 17.5122 -4.9989 -5.25 16.2527
2 24 2.4878 -5.25 25.7322 3.7473 -5.25 24.9989
2 24 -5.9333 0 13.1894 -6.25 0 10
2 24 -8.7265 0 14.0732 -9.1651 0 10
2 24 -6.946 -1.4551 19.7586 -7.0353 -2.0487 19.9217
2 24 -6.1542 -1.4834 18.9707 -6.2185 -5.25 19.501
2 24 -7.3821 -1.4696 19.8557 -7.6856 -1.25 19.3392
2 24 -7.066 -1.4851 19.5636 -7.3151 -1.25 18.9687
2 24 -7.3151 -1.25 18.9687 -8.0915 -1.25 17.275
2 24 -7.6856 -1.25 19.3392 -8.4768 -1.25 17.6536
2 24 -5.7322 -5.25 17.5122 -4.9989 -5.25 16.2527
2 24 -4.9989 -5.25 16.2527 -4.9989 -0.0834 16.2527
2 24 -5.8905 -0.404 17.9339 -4.9989 -0.0834 16.2527
2 24 -6.946 -1.4551 0.2414 -7.0353 -2.0487 0.0783
2 24 -7.066 -1.4851 0.4364 -7.0353 -2.0487 0.0783
2 24 -6.2185 -5.25 0.499 -7.0789 -5.25 -0.3614
2 24 -7.0789 -5.25 -0.3614 -6.6294 -5.25 -1.1114
2 24 -6.946 -1.4551 0.2414 -7.0353 -2.0487 0.0783
2 24 -6.1542 -1.4834 1.0293 -6.2185 -5.25 0.499
2 24 -7.01 -0.4123 0.9332 -7.4335 0 2.0394
2 24 -5.8905 -0.404 2.0661 -4.9989 -0.0834 3.7473
2 24 -7.6855 -1.25 0.6608 -8.4768 -1.25 2.3464
2 24 -7.0789 -5.25 -0.3614 -7.2274 -2.0487 -0.1138
2 24 -7.2274 -2.0487 -0.1138 -7.3821 -1.4696 0.1443
2 24 -7.0353 -2.0487 0.0783 -7.066 -1.4851 0.4364
2 24 -8.4768 -8 2.3464 -9.6151 -8 6.0982
2 24 -8.4768 -1.25 2.3464 -9.6151 -1.25 6.0982
2 24 -8.7265 0 5.9268 -7.4335 0 2.0394
2 24 -5.9333 0 6.8106 -4.9989 -0.0834 3.7473
2 24 -8.0915 -1.25 2.725 -7.3151 -1.25 1.0313
2 24 -8.4768 -1.25 2.3464 -7.6855 -1.25 0.6608
2 24 -4.9989 -0.0834 3.7473 -4.9989 -5.25 3.7473
2 24 -4.9989 -0.0834 3.7473 -5.8905 -0.404 2.0661
2 24 -4.9989 -5.25 3.7473 -5.7322 -5.25 2.4878
2 24 -6.25 0 10 -5.9333 0 6.8106
2 24 -6.25 -5.25 10 -5.9335 -5.25 6.8117
2 24 -7.4335 0 2.0394 -8.7265 0 5.9268
2 24 -8.0915 -1.25 2.725 -9.1447 -1.25 6.2948
2 24 -6.946 -1.4551 0.2414 -7.01 -0.4123 0.9332
2 24 -7.066 -1.4851 0.4364 -7.3151 -1.25 1.0313
2 24 -7.3821 -1.4696 0.1443 -7.2274 -2.0487 -0.1138
2 24 -10 -1.25 10 -9.6151 -1.25 6.0982
2 24 -9.5 -1.25 10 -9.1447 -1.25 6.2948
2 24 -5.9333 0 6.8106 -4.9989 -0.0834 3.7473
2 24 -5.9335 -5.25 6.8117 -4.9989 -5.25 3.7473
2 24 -4.9989 -0.0834 3.7473 -4.9989 -5.25 3.7473
2 24 -8.0915 -1.25 2.725 -7.3151 -1.25 1.0313
2 24 -7.4335 0 2.0394 -7.01 -0.4123 0.9332
2 24 -5.9333 0 13.1894 -6.25 0 10
2 24 -5.9335 -5.25 13.1883 -6.25 -5.25 10
2 24 -6.6293 -8 -1.1115 -4.1421 -8 -4.1421
2 24 -6.6294 -5.25 -1.1114 -4.1421 -5.25 -4.1421
2 24 -10 -8 10 -9.6151 -8 6.0982
2 24 -10 -1.25 10 -9.6151 -1.25 6.0982
2 24 -6.1542 -1.4834 1.0293 -5.8905 -0.404 2.0661
2 24 -6.946 -1.4551 0.2414 -7.01 -0.4123 0.9332
2 24 -7.6856 -1.25 19.3392 -7.3821 -1.4696 19.8557
2 24 -6.2185 -5.25 0.499 -7.0789 -5.25 -0.3614
2 24 -7.2274 -2.0487 -0.1138 -7.0789 -5.25 -0.3614
2 24 -7.3821 -1.4696 0.1443 -7.6855 -1.25 0.6608
2 24 -7.066 -1.4851 0.4364 -7.3151 -1.25 1.0313
2 24 -9.1651 0 10 -8.7265 0 5.9268
2 24 -9.5 -1.25 10 -9.1447 -1.25 6.2948
2 24 -6.2185 -5.25 0.499 -6.1542 -1.4834 1.0293
2 24 -5.7322 -5.25 2.4878 -6.2185 -5.25 0.499
2 24 -5.8905 -0.404 2.0661 -6.1542 -1.4834 1.0293
2 24 -8.4768 -8 2.3464 -6.6293 -8 -1.1115
2 24 -7.0789 -5.25 -0.3614 -6.6294 -5.25 -1.1114
2 24 -9.1447 -1.25 13.7052 -8.0915 -1.25 17.275
2 24 -9.6151 -1.25 13.9018 -8.4768 -1.25 17.6536
2 24 -6.6294 -5.25 -1.1114 -4.1421 -5.25 -4.1421
2 24 -8.4768 -1.25 2.3464 -9.6151 -1.25 6.0982
2 24 -8.0915 -1.25 2.725 -9.1447 -1.25 6.2948
2 24 -4.1421 -5.25 24.1421 -6.6294 -5.25 21.1114
2 24 0.2414 -1.4551 -6.946 0.9332 -0.4123 -7.01
2 24 1.0293 -1.4834 -6.1542 2.0661 -0.404 -5.8905
2 24 19.3392 -1.25 -7.6855 19.8557 -1.4696 -7.3821
2 24 6.0983 -8 -9.6151 10 -8 -10
2 24 6.0982 -1.25 -9.6151 10 -1.25 -10
2 24 6.0983 -8 -9.6151 2.3465 -8 -8.4768
2 24 6.0982 -1.25 -9.6151 2.3465 -1.25 -8.4768
2 24 -4.1421 -8 -4.1421 -1.1115 -8 -6.6293
2 24 -4.1421 -5.25 -4.1421 -1.1114 -5.25 -6.6294
2 24 0.2414 -1.4551 -6.946 0.9332 -0.4123 -7.01
2 24 0.4364 -1.4851 -7.066 1.0313 -1.25 -7.3151
2 24 3.7473 -5.25 -4.9989 6.8117 -5.25 -5.9335
2 24 3.7473 -5.25 -4.9989 3.7473 -0.0834 -4.9989
2 24 3.7473 -0.0834 -4.9989 6.8106 0 -5.9333
2 24 2.3465 -1.25 -8.4768 0.6608 -1.25 -7.6856
2 24 -0.3614 -5.25 -7.0789 -0.1138 -2.0487 -7.2274
2 24 0.2414 -1.4551 -6.946 0.0783 -2.0487 -7.0353
2 24 0.4364 -1.4851 -7.066 0.0783 -2.0487 -7.0353
2 24 -0.3614 -5.25 -7.0789 -1.1114 -5.25 -6.6294
2 24 0.499 -5.25 -6.2185 -0.3614 -5.25 -7.0789
2 24 1.0313 -1.25 -7.3151 2.725 -1.25 -8.0915
2 24 0.9332 -0.4123 -7.01 2.0394 0 -7.4335
2 24 -0.1138 -2.0487 -7.2274 0.1443 -1.4696 -7.3821
2 24 -0.1138 -2.0487 -7.2274 -0.3614 -5.25 -7.0789
2 24 -0.3614 -5.25 -7.0789 0.499 -5.25 -6.2185
2 24 2.3465 -8 -8.4768 -1.1115 -8 -6.6293
2 24 -1.1114 -5.25 -6.6294 -0.3614 -5.25 -7.0789
2 24 0.0783 -2.0487 -7.0353 0.4364 -1.4851 -7.066
2 24 -0.1138 -2.0487 -7.2274 0.1443 -1.4696 -7.3821
2 24 2.0394 0 -7.4335 5.9268 0 -8.7265
2 24 2.725 -1.25 -8.0915 6.2948 -1.25 -9.1447
2 24 2.0394 0 -7.4335 5.9268 0 -8.7265
2 24 3.7473 -0.0834 -4.9989 6.8106 0 -5.9333
2 24 5.9268 0 -8.7265 10 0 -9.1651
2 24 6.2948 -1.25 -9.1447 10 -1.25 -9.5
2 24 2.0661 -0.404 -5.8905 1.0293 -1.4834 -6.1542
2 24 1.0293 -1.4834 -6.1542 0.499 -5.25 -6.2185
2 24 2.4878 -5.25 -5.7322 0.499 -5.25 -6.2185
2 24 2.0661 -0.404 -5.8905 3.7473 -0.0834 -4.9989
2 24 0.9332 -0.4123 -7.01 2.0394 0 -7.4335
2 24 10 -1.25 -9.5 6.2948 -1.25 -9.1447
2 24 10 -1.25 -10 6.0982 -1.25 -9.6151
2 24 10 0 -6.25 13.1894 0 -5.9333
2 24 10 0 -9.1651 14.0732 0 -8.7265
2 24 2.4878 -5.25 -5.7322 3.7473 -5.25 -4.9989
2 24 -5.7322 -5.25 2.4878 -4.9989 -5.25 3.7473
2 24 6.8106 0 -5.9333 10 0 -6.25
2 24 5.9268 0 -8.7265 10 0 -9.1651
2 24 0.2414 -1.4551 -6.946 0.0783 -2.0487 -7.0353
2 24 1.0293 -1.4834 -6.1542 0.499 -5.25 -6.2185
2 24 0.1443 -1.4696 -7.3821 0.6608 -1.25 -7.6856
2 24 0.4364 -1.4851 -7.066 1.0313 -1.25 -7.3151
2 24 1.0313 -1.25 -7.3151 2.725 -1.25 -8.0915
2 24 0.6608 -1.25 -7.6856 2.3465 -1.25 -8.4768
2 24 2.4878 -5.25 -5.7322 3.7473 -5.25 -4.9989
2 24 3.7473 -5.25 -4.9989 3.7473 -0.0834 -4.9989
2 24 2.0661 -0.404 -5.8905 3.7473 -0.0834 -4.9989
2 24 19.7586 -1.4551 -6.946 19.9217 -2.0487 -7.0353
2 24 19.5636 -1.4851 -7.066 19.9217 -2.0487 -7.0353
2 24 19.501 -5.25 -6.2185 20.3614 -5.25 -7.0789
2 24 20.3614 -5.25 -7.0789 21.1114 -5.25 -6.6294
2 24 19.7586 -1.4551 -6.946 19.9217 -2.0487 -7.0353
2 24 18.9707 -1.4834 -6.1542 19.501 -5.25 -6.2185
2 24 19.0668 -0.4123 -7.01 17.9606 0 -7.4335
2 24 17.9339 -0.404 -5.8905 16.2527 -0.0834 -4.9989
2 24 19.3392 -1.25 -7.6855 17.6536 -1.25 -8.4768
2 24 20.3614 -5.25 -7.0789 20.1138 -2.0487 -7.2274
2 24 20.1138 -2.0487 -7.2274 19.8557 -1.4696 -7.3821
2 24 19.9217 -2.0487 -7.0353 19.5636 -1.4851 -7.066
2 24 26.2185 -5.25 0.499 25.7322 -5.25 2.4878
2 24 19.501 -5.25 -6.2185 17.5122 -5.25 -5.7322
2 24 17.6536 -8 -8.4768 13.9018 -8 -9.6151
2 24 17.6536 -1.25 -8.4768 13.9018 -1.25 -9.6151
2 24 14.0732 0 -8.7265 17.9606 0 -7.4335
2 24 13.1894 0 -5.9333 16.2527 -0.0834 -4.9989
2 24 17.275 -1.25 -8.0915 18.9687 -1.25 -7.3151
2 24 17.6536 -1.25 -8.4768 19.3392 -1.25 -7.6855
2 24 16.2527 -0.0834 -4.9989 16.2527 -5.25 -4.9989
2 24 16.2527 -0.0834 -4.9989 17.9339 -0.404 -5.8905
2 24 16.2527 -5.25 -4.9989 17.5122 -5.25 -5.7322
2 24 10 0 -6.25 13.1894 0 -5.9333
2 24 10 -5.25 -6.25 13.1883 -5.25 -5.9335
2 24 17.9606 0 -7.4335 14.0732 0 -8.7265
2 24 17.275 -1.25 -8.0915 13.7052 -1.25 -9.1447
2 24 19.7586 -1.4551 -6.946 19.0668 -0.4123 -7.01
2 24 19.5636 -1.4851 -7.066 18.9687 -1.25 -7.3151
2 24 19.8557 -1.4696 -7.3821 20.1138 -2.0487 -7.2274
2 24 10 -1.25 -10 13.9018 -1.25 -9.6151
2 24 10 -1.25 -9.5 13.7052 -1.25 -9.1447
2 24 13.1894 0 -5.9333 16.2527 -0.0834 -4.9989
2 24 13.1883 -5.25 -5.9335 16.2527 -5.25 -4.9989
2 24 16.2527 -0.0834 -4.9989 16.2527 -5.25 -4.9989
2 24 17.275 -1.25 -8.0915 18.9687 -1.25 -7.3151
2 24 17.9606 0 -7.4335 19.0668 -0.4123 -7.01
2 24 6.8106 0 -5.9333 10 0 -6.25
2 24 6.8117 -5.25 -5.9335 10 -5.25 -6.25
2 24 24.1421 -8 -4.1421 21.1115 -8 -6.6293
2 24 24.1421 -5.25 -4.1421 21.1114 -5.25 -6.6294
2 24 10 -8 -10 13.9018 -8 -9.6151
2 24 10 -1.25 -10 13.9018 -1.25 -9.6151
2 24 18.9707 -1.4834 -6.1542 17.9339 -0.404 -5.8905
2 24 19.7586 -1.4551 -6.946 19.0668 -0.4123 -7.01
2 24 0.6608 -1.25 -7.6856 0.1443 -1.4696 -7.3821
2 24 19.501 -5.25 -6.2185 20.3614 -5.25 -7.0789
2 24 20.1138 -2.0487 -7.2274 20.3614 -5.25 -7.0789
2 24 19.8557 -1.4696 -7.3821 19.3392 -1.25 -7.6855
2 24 19.5636 -1.4851 -7.066 18.9687 -1.25 -7.3151
2 24 10 0 -9.1651 14.0732 0 -8.7265
2 24 10 -1.25 -9.5 13.7052 -1.25 -9.1447
2 24 19.501 -5.25 -6.2185 18.9707 -1.4834 -6.1542
2 24 17.5122 -5.25 -5.7322 19.501 -5.25 -6.2185
2 24 17.9339 -0.404 -5.8905 18.9707 -1.4834 -6.1542
2 24 17.6536 -8 -8.4768 21.1115 -8 -6.6293
2 24 20.3614 -5.25 -7.0789 21.1114 -5.25 -6.6294
2 24 6.2948 -1.25 -9.1447 2.725 -1.25 -8.0915
2 24 6.0982 -1.25 -9.6151 2.3465 -1.25 -8.4768
2 24 24.1421 -5.25 -4.1421 21.1114 -5.25 -6.6294
2 24 17.6536 -1.25 -8.4768 13.9018 -1.25 -9.6151
2 24 17.275 -1.25 -8.0915 13.7052 -1.25 -9.1447
2 24 -4.1421 -5.25 -4.1421 -1.1114 -5.25 -6.6294
2 24 17.5122 -5.25 -5.7322 16.2527 -5.25 -4.9989
2 24 25.7322 -5.25 2.4878 24.9989 -5.25 3.7473
2 24 15.7452 -5.25 4.2548 17.5065 -5.25 6.8907
2 24 24.9989 -5.25 3.7473 25.9335 -5.25 6.8117
2 24 15.7452 -5.25 4.2548 13.1093 -5.25 2.4935
2 24 16.2527 -5.25 -4.9989 13.1883 -5.25 -5.9335
2 24 13.1883 -5.25 -5.9335 10 -5.25 -6.25
2 24 13.1093 -5.25 2.4935 10 -5.25 1.875
2 24 10 -5.25 1.875 6.8907 -5.25 2.4935
2 24 10 -5.25 -6.25 6.8117 -5.25 -5.9335
2 24 6.8907 -5.25 2.4935 4.2548 -5.25 4.2548
2 24 3.7473 -5.25 -4.9989 6.8117 -5.25 -5.9335
2 24 4.2548 -5.25 4.2548 2.4935 -5.25 6.8907
2 24 -4.9989 -5.25 3.7473 -5.9335 -5.25 6.8117
2 24 -5.9335 -5.25 6.8117 -6.25 -5.25 10
2 24 2.4935 -5.25 6.8907 1.875 -5.25 10
2 24 1.875 -5.25 10 2.4935 -5.25 13.1093
2 24 -6.25 -5.25 10 -5.9335 -5.25 13.1883
2 24 2.4935 -5.25 13.1093 4.2548 -5.25 15.7452
2 24 -4.9989 -5.25 16.2527 -5.9335 -5.25 13.1883
2 24 4.2548 -5.25 15.7452 6.8907 -5.25 17.5065
2 24 3.7473 -5.25 24.9989 6.8117 -5.25 25.9335
2 24 6.8117 -5.25 25.9335 10 -5.25 26.25
2 24 6.8907 -5.25 17.5065 10 -5.25 18.125
2 24 10 -5.25 18.125 13.1093 -5.25 17.5065
2 24 10 -5.25 26.25 13.1883 -5.25 25.9335
2 24 13.1093 -5.25 17.5065 15.7452 -5.25 15.7452
2 24 16.2527 -5.25 24.9989 13.1883 -5.25 25.9335
2 24 15.7452 -5.25 15.7452 17.5065 -5.25 13.1093
2 24 24.9989 -5.25 16.2527 25.9335 -5.25 13.1883
2 24 25.9335 -5.25 13.1883 26.25 -5.25 10
2 24 17.5065 -5.25 13.1093 18.125 -5.25 10
2 24 17.5065 -5.25 6.8907 18.125 -5.25 10
2 24 25.9335 -5.25 6.8117 26.25 -5.25 10
2 24 29.6151 -8 6.0982 30 -8 10
2 24 30 -8 10 29.6151 -8 13.9018
2 24 16.25 -8 10 15.7743 -8 12.3918
2 24 29.6151 -8 13.9018 28.4768 -8 17.6536
2 24 15.7743 -8 12.3918 14.4194 -8 14.4194
2 24 28.4768 -8 17.6536 26.6293 -8 21.1115
2 24 26.6293 -8 21.1115 24.1421 -8 24.1421
2 24 24.1421 -8 24.1421 21.1115 -8 26.6293
2 24 14.4194 -8 14.4194 12.3918 -8 15.7743
2 24 21.1115 -8 26.6293 17.6536 -8 28.4768
2 24 12.3918 -8 15.7743 10 -8 16.25
2 24 17.6536 -8 28.4768 13.9018 -8 29.6151
2 24 13.9018 -8 29.6151 10 -8 30
2 24 10 -8 30 6.0982 -8 29.6151
2 24 10 -8 16.25 7.6082 -8 15.7743
2 24 6.0982 -8 29.6151 2.3464 -8 28.4768
2 24 7.6082 -8 15.7743 5.5806 -8 14.4194
2 24 2.3464 -8 28.4768 -1.1115 -8 26.6293
2 24 -1.1115 -8 26.6293 -4.1421 -8 24.1421
2 24 -4.1421 -8 24.1421 -6.6293 -8 21.1115
2 24 5.5806 -8 14.4194 4.2258 -8 12.3918
2 24 -6.6293 -8 21.1115 -8.4768 -8 17.6536
2 24 4.2258 -8 12.3918 3.75 -8 10
2 24 -8.4768 -8 17.6536 -9.6151 -8 13.9018
2 24 -9.6151 -8 13.9018 -10 -8 10
2 24 -10 -8 10 -9.6151 -8 6.0982
2 24 3.75 -8 10 4.2258 -8 7.6082
2 24 -9.6151 -8 6.0982 -8.4768 -8 2.3464
2 24 4.2258 -8 7.6082 5.5806 -8 5.5806
2 24 -8.4768 -8 2.3464 -6.6293 -8 -1.1115
2 24 -6.6293 -8 -1.1115 -4.1421 -8 -4.1421
2 24 -4.1421 -8 -4.1421 -1.1115 -8 -6.6293
2 24 5.5806 -8 5.5806 7.6082 -8 4.2258
2 24 -1.1115 -8 -6.6293 2.3465 -8 -8.4768
2 24 7.6082 -8 4.2258 10 -8 3.75
2 24 2.3465 -8 -8.4768 6.0983 -8 -9.6151
2 24 6.0983 -8 -9.6151 10 -8 -10
2 24 10 -8 -10 13.9018 -8 -9.6151
2 24 10 -8 3.75 12.3918 -8 4.2258
2 24 13.9018 -8 -9.6151 17.6536 -8 -8.4768
2 24 17.6536 -8 -8.4768 21.1115 -8 -6.6293
2 24 12.3918 -8 4.2258 14.4194 -8 5.5806
2 24 21.1115 -8 -6.6293 24.1421 -8 -4.1421
2 24 24.1421 -8 -4.1421 26.6293 -8 -1.1115
2 24 14.4194 -8 5.5806 15.7743 -8 7.6082
2 24 26.6293 -8 -1.1115 28.4768 -8 2.3464
2 24 16.25 -8 10 15.7743 -8 7.6082
2 24 29.6151 -8 6.0982 28.4768 -8 2.3464
2 24 17.5065 -5.25 6.8907 15.7452 -5.25 4.2548
2 24 17.5065 0 6.8907 15.7452 0 4.2548
2 24 15.7452 -5.25 4.2548 13.1093 -5.25 2.4935
2 24 15.7452 0 4.2548 13.1093 0 2.4935
2 24 13.1093 -5.25 2.4935 10 -5.25 1.875
2 24 13.1093 0 2.4935 10 0 1.875
2 24 10 -5.25 1.875 6.8907 -5.25 2.4935
2 24 10 0 1.875 6.8907 0 2.4935
2 24 6.8907 -5.25 2.4935 4.2548 -5.25 4.2548
2 24 6.8907 0 2.4935 4.2548 0 4.2548
2 24 4.2548 -5.25 4.2548 2.4935 -5.25 6.8907
2 24 4.2548 0 4.2548 2.4935 0 6.8907
2 24 2.4935 -5.25 6.8907 1.875 -5.25 10
2 24 2.4935 0 6.8907 1.875 0 10
2 24 1.875 -5.25 10 2.4935 -5.25 13.1093
2 24 1.875 0 10 2.4935 0 13.1093
2 24 2.4935 -5.25 13.1093 4.2548 -5.25 15.7452
2 24 2.4935 0 13.1093 4.2548 0 15.7452
2 24 4.2548 -5.25 15.7452 6.8907 -5.25 17.5065
2 24 4.2548 0 15.7452 6.8907 0 17.5065
2 24 6.8907 -5.25 17.5065 10 -5.25 18.125
2 24 6.8907 0 17.5065 10 0 18.125
2 24 10 -5.25 18.125 13.1093 -5.25 17.5065
2 24 10 0 18.125 13.1093 0 17.5065
2 24 13.1093 -5.25 17.5065 15.7452 -5.25 15.7452
2 24 13.1093 0 17.5065 15.7452 0 15.7452
2 24 15.7452 -5.25 15.7452 17.5065 -5.25 13.1093
2 24 15.7452 0 15.7452 17.5065 0 13.1093
2 24 17.5065 -5.25 13.1093 18.125 -5.25 10
2 24 17.5065 0 13.1093 18.125 0 10
2 24 17.5065 -5.25 6.8907 18.125 -5.25 10
2 24 17.5065 0 6.8907 18.125 0 10
2 24 17.5065 0 6.8907 15.7452 0 4.2548
2 24 15.7743 0 7.6082 14.4194 0 5.5806
2 24 15.7452 0 4.2548 13.1093 0 2.4935
2 24 14.4194 0 5.5806 12.3918 0 4.2258
2 24 13.1093 0 2.4935 10 0 1.875
2 24 12.3918 0 4.2258 10 0 3.75
2 24 10 0 1.875 6.8907 0 2.4935
2 24 10 0 3.75 7.6082 0 4.2258
2 24 6.8907 0 2.4935 4.2548 0 4.2548
2 24 7.6082 0 4.2258 5.5806 0 5.5806
2 24 4.2548 0 4.2548 2.4935 0 6.8907
2 24 5.5806 0 5.5806 4.2258 0 7.6082
2 24 2.4935 0 6.8907 1.875 0 10
2 24 4.2258 0 7.6082 3.75 0 10
2 24 1.875 0 10 2.4935 0 13.1093
2 24 3.75 0 10 4.2258 0 12.3918
2 24 2.4935 0 13.1093 4.2548 0 15.7452
2 24 4.2258 0 12.3918 5.5806 0 14.4194
2 24 4.2548 0 15.7452 6.8907 0 17.5065
2 24 5.5806 0 14.4194 7.6082 0 15.7743
2 24 6.8907 0 17.5065 10 0 18.125
2 24 7.6082 0 15.7743 10 0 16.25
2 24 10 0 18.125 13.1093 0 17.5065
2 24 10 0 16.25 12.3918 0 15.7743
2 24 13.1093 0 17.5065 15.7452 0 15.7452
2 24 12.3918 0 15.7743 14.4194 0 14.4194
2 24 15.7452 0 15.7452 17.5065 0 13.1093
2 24 14.4194 0 14.4194 15.7743 0 12.3918
2 24 17.5065 0 13.1093 18.125 0 10
2 24 15.7743 0 12.3918 16.25 0 10
2 24 17.5065 0 6.8907 18.125 0 10
2 24 15.7743 0 7.6082 16.25 0 10
2 24 15.7743 0 7.6082 14.4194 0 5.5806
2 24 15.7743 -8 7.6082 14.4194 -8 5.5806
2 24 14.4194 0 5.5806 12.3918 0 4.2258
2 24 14.4194 -8 5.5806 12.3918 -8 4.2258
2 24 12.3918 0 4.2258 10 0 3.75
2 24 12.3918 -8 4.2258 10 -8 3.75
2 24 10 0 3.75 7.6082 0 4.2258
2 24 10 -8 3.75 7.6082 -8 4.2258
2 24 7.6082 0 4.2258 5.5806 0 5.5806
2 24 7.6082 -8 4.2258 5.5806 -8 5.5806
2 24 5.5806 0 5.5806 4.2258 0 7.6082
2 24 5.5806 -8 5.5806 4.2258 -8 7.6082
2 24 4.2258 0 7.6082 3.75 0 10
2 24 4.2258 -8 7.6082 3.75 -8 10
2 24 3.75 0 10 4.2258 0 12.3918
2 24 3.75 -8 10 4.2258 -8 12.3918
2 24 4.2258 0 12.3918 5.5806 0 14.4194
2 24 4.2258 -8 12.3918 5.5806 -8 14.4194
2 24 5.5806 0 14.4194 7.6082 0 15.7743
2 24 5.5806 -8 14.4194 7.6082 -8 15.7743
2 24 7.6082 0 15.7743 10 0 16.25
2 24 7.6082 -8 15.7743 10 -8 16.25
2 24 10 0 16.25 12.3918 0 15.7743
2 24 10 -8 16.25 12.3918 -8 15.7743
2 24 12.3918 0 15.7743 14.4194 0 14.4194
2 24 12.3918 -8 15.7743 14.4194 -8 14.4194
2 24 14.4194 0 14.4194 15.7743 0 12.3918
2 24 14.4194 -8 14.4194 15.7743 -8 12.3918
2 24 15.7743 0 12.3918 16.25 0 10
2 24 15.7743 -8 12.3918 16.25 -8 10
2 24 15.7743 0 7.6082 16.25 0 10
2 24 15.7743 -8 7.6082 16.25 -8 10
2 24 29.6151 -8.025 6.0982 30 -8.025 10
2 24 30 -8.025 10 29.6151 -8.025 13.9018
2 24 16.25 -8.025 10 15.7743 -8.025 12.3918
2 24 29.6151 -8.025 13.9018 28.4768 -8.025 17.6536
2 24 15.7743 -8.025 12.3918 14.4194 -8.025 14.4194
2 24 28.4768 -8.025 17.6536 26.6293 -8.025 21.1115
2 24 26.6293 -8.025 21.1115 24.1421 -8.025 24.1421
2 24 24.1421 -8.025 24.1421 21.1115 -8.025 26.6293
2 24 14.4194 -8.025 14.4194 12.3918 -8.025 15.7743
2 24 21.1115 -8.025 26.6293 17.6536 -8.025 28.4768
2 24 12.3918 -8.025 15.7743 10 -8.025 16.25
2 24 17.6536 -8.025 28.4768 13.9018 -8.025 29.6151
2 24 13.9018 -8.025 29.6151 10 -8.025 30
2 24 10 -8.025 30 6.0982 -8.025 29.6151
2 24 10 -8.025 16.25 7.6082 -8.025 15.7743
2 24 6.0982 -8.025 29.6151 2.3464 -8.025 28.4768
2 24 7.6082 -8.025 15.7743 5.5806 -8.025 14.4194
2 24 2.3464 -8.025 28.4768 -1.1115 -8.025 26.6293
2 24 -1.1115 -8.025 26.6293 -4.1421 -8.025 24.1421
2 24 -4.1421 -8.025 24.1421 -6.6293 -8.025 21.1115
2 24 5.5806 -8.025 14.4194 4.2258 -8.025 12.3918
2 24 -6.6293 -8.025 21.1115 -8.4768 -8.025 17.6536
2 24 4.2258 -8.025 12.3918 3.75 -8.025 10
2 24 -8.4768 -8.025 17.6536 -9.6151 -8.025 13.9018
2 24 -9.6151 -8.025 13.9018 -10 -8.025 10
2 24 -10 -8.025 10 -9.6151 -8.025 6.0982
2 24 3.75 -8.025 10 4.2258 -8.025 7.6082
2 24 -9.6151 -8.025 6.0982 -8.4768 -8.025 2.3464
2 24 4.2258 -8.025 7.6082 5.5806 -8.025 5.5806
2 24 -8.4768 -8.025 2.3464 -6.6293 -8.025 -1.1115
2 24 -6.6293 -8.025 -1.1115 -4.1421 -8.025 -4.1421
2 24 -4.1421 -8.025 -4.1421 -1.1115 -8.025 -6.6293
2 24 5.5806 -8.025 5.5806 7.6082 -8.025 4.2258
2 24 -1.1115 -8.025 -6.6293 2.3465 -8.025 -8.4768
2 24 7.6082 -8.025 4.2258 10 -8.025 3.75
2 24 2.3465 -8.025 -8.4768 6.0983 -8.025 -9.6151
2 24 6.0983 -8.025 -9.6151 10 -8.025 -10
2 24 10 -8.025 -10 13.9018 -8.025 -9.6151
2 24 10 -8.025 3.75 12.3918 -8.025 4.2258
2 24 13.9018 -8.025 -9.6151 17.6536 -8.025 -8.4768
2 24 17.6536 -8.025 -8.4768 21.1115 -8.025 -6.6293
2 24 12.3918 -8.025 4.2258 14.4194 -8.025 5.5806
2 24 21.1115 -8.025 -6.6293 24.1421 -8.025 -4.1421
2 24 24.1421 -8.025 -4.1421 26.6293 -8.025 -1.1115
2 24 14.4194 -8.025 5.5806 15.7743 -8.025 7.6082
2 24 26.6293 -8.025 -1.1115 28.4768 -8.025 2.3464
2 24 16.25 -8.025 10 15.7743 -8.025 7.6082
2 24 29.6151 -8.025 6.0982 28.4768 -8.025 2.3464
0 STEP
