0 Untitled Model
0 Name: Untitled Model
0 Author: 
0 BFC CERTIFY CCW
3 16 5.7725 -4.425 2.3911 6.2481 -4.425 0 6.1188 0 1.25
3 16 6.1188 0 1.25 6.2481 -4.425 0 6.2481 0 0
3 16 -7.5 0 -7.5 -7.5 5.25 10 -7.5 0 27.5
3 16 2.391 -4.425 -5.7725 2.3918 5.25 -5.7742 4.4181 -4.425 -4.4181
3 16 4.4181 -4.425 -4.4181 2.3918 5.25 -5.7742 4.4194 5.25 -4.4194
3 16 8.7543 5.2562 5.5 8.7543 0 5.5 11.2457 5.2562 5.5
3 16 11.2457 5.2562 5.5 8.7543 0 5.5 11.2457 0 5.5
3 16 8.7543 0 1.25 6.1188 0 1.25 6.2481 0 0
3 16 1.9988 -4.425 -3.4576 1.9988 0 -3.4576 0 -4.425 -4.0019
3 16 0 -4.425 -4.0019 1.9988 0 -3.4576 0 0 -4.0019
3 16 3.4547 -4.425 -1.9954 4.4181 -4.425 -4.4181 5.7725 -4.425 -2.3911
3 16 8.7543 5.2562 5.5 4.4194 5.25 4.4194 5.7742 5.25 2.3918
3 16 0 0 6.2481 0 -4.425 6.2481 1.25 0 6.1188
3 16 1.25 0 6.1188 0 -4.425 6.2481 2.3911 -4.425 5.7725
3 16 -3.4576 -4.425 1.9988 -4.0019 -4.425 0 -3.4576 0 1.9988
3 16 -3.4576 0 1.9988 -4.0019 -4.425 0 -4.0019 0 0
3 16 -9.5 1.25 -8.1719 -10 1.25 -10 -9.1162 1.25 -9.1162
3 16 -10 1.25 -10 -8.1719 1.25 -9.5 -9.1162 1.25 -9.1162
3 16 -7.5 0 -7.5 -8.7813 0 -8.7813 -7.8369 0 -9.1651
3 16 1.6826 5.25 2.9257 0.0001 5.25 0.0001 2.9257 5.25 1.6826
3 16 -8.7813 0 -8.7813 -7.5 0 -7.5 -9.1651 0 -7.8369
3 16 -7.5 5.25 10 -4.4194 5.25 4.4194 -2.3918 5.25 5.7742
3 16 -3.4576 -4.425 -1.9988 -5.7725 -4.425 -2.391 -4.4181 -4.425 -4.4181
3 16 -3.4576 -4.425 1.9988 -4.4181 -4.425 4.4181 -5.7725 -4.425 2.391
3 16 3.9873 0 0.0027 3.9873 -4.425 0.0027 3.4547 0 1.9954
3 16 3.4547 0 1.9954 3.9873 -4.425 0.0027 3.4547 -4.425 1.9954
3 16 0.0001 5.25 0.0001 -3.3753 5.25 0 -2.9173 5.25 -1.6972
3 16 -3.4576 -4.425 1.9988 -1.9954 -4.425 3.4547 -4.4181 -4.425 4.4181
3 16 -4.4181 -4.425 4.4181 -1.9954 -4.425 3.4547 -2.3911 -4.425 5.7725
3 16 0 0 6.2481 -1.25 0 6.1189 0 -4.425 6.2481
3 16 0 -4.425 6.2481 -1.25 0 6.1189 -2.3911 -4.425 5.7725
3 16 2.9257 5.25 -1.6826 2.9256 0 -1.6826 3.375 5.25 0
3 16 3.375 5.25 0 2.9256 0 -1.6826 3.375 0 0
3 16 0 5.25 -3.3753 0.0001 5.25 0.0001 -1.6972 5.25 -2.9173
3 16 -3.4576 -4.425 -1.9988 -4.4181 -4.425 -4.4181 -1.9988 -4.425 -3.4576
3 16 -1.9988 -4.425 -3.4576 -4.4181 -4.425 -4.4181 -2.391 -4.425 -5.7725
3 16 3.4547 -4.425 -1.9954 3.9873 -4.425 0.0027 3.4547 0 -1.9954
3 16 3.4547 0 -1.9954 3.9873 -4.425 0.0027 3.9873 0 0.0027
3 16 0.0001 5.25 0.0001 -2.9173 5.25 -1.6972 -1.6972 5.25 -2.9173
3 16 -6.2482 -4.425 0 -6.25 5.25 0 -5.7725 -4.425 -2.391
3 16 -5.7725 -4.425 -2.391 -6.25 5.25 0 -5.7742 5.25 -2.3918
3 16 -3.4576 -4.425 1.9988 -5.7725 -4.425 2.391 -4.0019 -4.425 0
3 16 -4.0019 -4.425 0 -5.7725 -4.425 2.391 -6.2482 -4.425 0
3 16 4.4194 5.25 4.4194 4.4181 -4.425 4.4181 5.7742 5.25 2.3918
3 16 5.7742 5.25 2.3918 4.4181 -4.425 4.4181 5.7725 -4.425 2.3911
3 16 1.9988 -4.425 -3.4576 0 -4.425 -4.0019 2.391 -4.425 -5.7725
3 16 2.391 -4.425 -5.7725 0 -4.425 -4.0019 0 -4.425 -6.2482
3 16 -10 1.25 -10 -10 1.25 30 -10 8 -10
3 16 -10 8 -10 -10 1.25 30 -10 8 30
3 16 8.7543 0 5.5 8.7543 0 1.25 11.2457 0 5.5
3 16 11.2457 0 5.5 8.7543 0 1.25 11.2457 0 1.25
3 16 -1.6826 5.25 2.9257 -1.6826 0 2.9256 -2.9173 5.25 1.6972
3 16 -2.9173 5.25 1.6972 -1.6826 0 2.9256 -2.9173 0 1.6972
3 16 5.7742 5.25 -2.3918 5.7725 -4.425 -2.3911 4.4194 5.25 -4.4194
3 16 4.4194 5.25 -4.4194 5.7725 -4.425 -2.3911 4.4181 -4.425 -4.4181
3 16 3.4547 -4.425 1.9954 3.9873 -4.425 0.0027 5.7725 -4.425 2.3911
3 16 5.7725 -4.425 2.3911 3.9873 -4.425 0.0027 6.2481 -4.425 0
3 16 5.7725 -4.425 -2.3911 5.7742 5.25 -2.3918 6.1189 0 -1.25
3 16 6.1189 0 -1.25 5.7742 5.25 -2.3918 6.1189 5.2562 -1.25
3 16 -6.25 5.25 0 -7.5 5.25 -7.5 -5.7742 5.25 -2.3918
3 16 -1.9954 0 3.4547 -1.9954 -4.425 3.4547 -3.4576 0 1.9988
3 16 -3.4576 0 1.9988 -1.9954 -4.425 3.4547 -3.4576 -4.425 1.9988
3 16 -1.9954 -4.425 3.4547 -1.9954 0 3.4547 0.0027 -4.425 3.9873
3 16 0.0027 -4.425 3.9873 -1.9954 0 3.4547 0.0027 0 3.9873
3 16 1.9954 0 3.4547 1.6826 0 2.9256 3.4547 0 1.9954
3 16 3.4547 0 1.9954 1.6826 0 2.9256 2.9256 0 1.6826
3 16 -4.4181 -4.425 -4.4181 -4.4194 5.25 -4.4194 -2.391 -4.425 -5.7725
3 16 -2.391 -4.425 -5.7725 -4.4194 5.25 -4.4194 -2.3918 5.25 -5.7742
3 16 -4.4194 5.25 -4.4194 -4.4181 -4.425 -4.4181 -5.7742 5.25 -2.3918
3 16 -5.7742 5.25 -2.3918 -4.4181 -4.425 -4.4181 -5.7725 -4.425 -2.391
3 16 -6.2482 -4.425 0 -5.7725 -4.425 -2.391 -4.0019 -4.425 0
3 16 -4.0019 -4.425 0 -5.7725 -4.425 -2.391 -3.4576 -4.425 -1.9988
3 16 3.4547 -4.425 -1.9954 3.4547 0 -1.9954 1.9988 -4.425 -3.4576
3 16 1.9988 -4.425 -3.4576 3.4547 0 -1.9954 1.9988 0 -3.4576
3 16 -7.5 5.25 10 -5.7742 5.25 2.3918 -4.4194 5.25 4.4194
3 16 0.0001 5.25 0.0001 1.6826 5.25 2.9257 0 5.25 3.375
3 16 2.9256 0 -1.6826 2.9257 5.25 -1.6826 1.6972 0 -2.9173
3 16 1.6972 0 -2.9173 2.9257 5.25 -1.6826 1.6972 5.25 -2.9173
3 16 -5.7725 -4.425 2.391 -5.7742 5.25 2.3918 -6.2482 -4.425 0
3 16 -6.2482 -4.425 0 -5.7742 5.25 2.3918 -6.25 5.25 0
3 16 -1.6826 5.25 2.9257 0.0001 5.25 0.0001 0 5.25 3.375
3 16 0.0001 5.25 0.0001 2.9257 5.25 -1.6826 3.375 5.25 0
3 16 -7.5 5.25 -7.5 -4.4194 5.25 -4.4194 -5.7742 5.25 -2.3918
3 16 -2.3918 5.25 5.7742 -4.4194 5.25 4.4194 -2.3911 -4.425 5.7725
3 16 -2.3911 -4.425 5.7725 -4.4194 5.25 4.4194 -4.4181 -4.425 4.4181
3 16 -2.9173 0 -1.6972 -3.3753 0 0 -3.4576 0 -1.9988
3 16 -3.4576 0 -1.9988 -3.3753 0 0 -4.0019 0 0
3 16 -7.5 5.25 -7.5 -6.25 5.25 0 -7.5 5.25 10
3 16 -7.5 5.25 10 -6.25 5.25 0 -5.7742 5.25 2.3918
3 16 2.3918 5.25 -5.7742 10 5.25 -7.5 4.4194 5.25 -4.4194
3 16 0 -4.425 6.2481 -2.3911 -4.425 5.7725 0.0027 -4.425 3.9873
3 16 0.0027 -4.425 3.9873 -2.3911 -4.425 5.7725 -1.9954 -4.425 3.4547
3 16 2.3918 5.25 5.7742 2.3911 -4.425 5.7725 4.4194 5.25 4.4194
3 16 4.4194 5.25 4.4194 2.3911 -4.425 5.7725 4.4181 -4.425 4.4181
3 16 -7.5 5.25 -7.5 10 5.25 -7.5 0 5.25 -6.25
3 16 0 5.25 -6.25 10 5.25 -7.5 2.3918 5.25 -5.7742
3 16 1.6826 5.25 2.9257 1.6826 0 2.9256 0 5.25 3.375
3 16 0 5.25 3.375 1.6826 0 2.9256 0 0 3.375
3 16 1.9954 -4.425 3.4547 0.0027 -4.425 3.9873 1.9954 0 3.4547
3 16 1.9954 0 3.4547 0.0027 -4.425 3.9873 0.0027 0 3.9873
3 16 -1.9988 0 -3.4576 -1.9988 -4.425 -3.4576 0 0 -4.0019
3 16 0 0 -4.0019 -1.9988 -4.425 -3.4576 0 -4.425 -4.0019
3 16 -3.4576 0 -1.9988 -4.0019 0 0 -3.4576 -4.425 -1.9988
3 16 -3.4576 -4.425 -1.9988 -4.0019 0 0 -4.0019 -4.425 0
3 16 2.9256 0 -1.6826 1.6972 0 -2.9173 3.4547 0 -1.9954
3 16 3.4547 0 -1.9954 1.6972 0 -2.9173 1.9988 0 -3.4576
3 16 4.4181 -4.425 4.4181 3.4547 -4.425 1.9954 5.7725 -4.425 2.3911
3 16 -2.9173 0 -1.6972 -2.9173 5.25 -1.6972 -3.3753 0 0
3 16 -3.3753 0 0 -2.9173 5.25 -1.6972 -3.3753 5.25 0
3 16 0 0 -3.3753 0 5.25 -3.3753 -1.6972 0 -2.9173
3 16 -1.6972 0 -2.9173 0 5.25 -3.3753 -1.6972 5.25 -2.9173
3 16 8.7543 0 1.25 8.7543 0 5.5 8.7543 5.2562 1.25
3 16 8.7543 5.2562 1.25 8.7543 0 5.5 8.7543 5.2562 5.5
3 16 6.2481 -4.425 0 3.9873 -4.425 0.0027 5.7725 -4.425 -2.3911
3 16 5.7725 -4.425 -2.3911 3.9873 -4.425 0.0027 3.4547 -4.425 -1.9954
3 16 -2.9173 5.25 1.6972 -2.9173 0 1.6972 -3.3753 5.25 0
3 16 -3.3753 5.25 0 -2.9173 0 1.6972 -3.3753 0 0
3 16 3.375 0 0 3.9873 0 0.0027 2.9256 0 1.6826
3 16 2.9256 0 1.6826 3.9873 0 0.0027 3.4547 0 1.9954
3 16 5.7725 -4.425 -2.3911 6.1189 0 -1.25 6.2481 -4.425 0
3 16 6.2481 -4.425 0 6.1189 0 -1.25 6.2481 0 0
3 16 -1.9988 -4.425 -3.4576 -2.391 -4.425 -5.7725 0 -4.425 -4.0019
3 16 0 -4.425 -4.0019 -2.391 -4.425 -5.7725 0 -4.425 -6.2482
3 16 3.375 5.25 0 3.375 0 0 2.9257 5.25 1.6826
3 16 2.9257 5.25 1.6826 3.375 0 0 2.9256 0 1.6826
3 16 0 -4.425 6.2481 0.0027 -4.425 3.9873 2.3911 -4.425 5.7725
3 16 2.3911 -4.425 5.7725 0.0027 -4.425 3.9873 1.9954 -4.425 3.4547
3 16 -7.8369 0 -9.1651 -8.7813 0 -8.7813 -8.1719 1.25 -9.5
3 16 -8.1719 1.25 -9.5 -8.7813 0 -8.7813 -9.1162 1.25 -9.1162
3 16 -3.4576 -4.425 -1.9988 -1.9988 -4.425 -3.4576 -3.4576 0 -1.9988
3 16 -3.4576 0 -1.9988 -1.9988 -4.425 -3.4576 -1.9988 0 -3.4576
3 16 2.391 -4.425 -5.7725 0 -4.425 -6.2482 2.3918 5.25 -5.7742
3 16 2.3918 5.25 -5.7742 0 -4.425 -6.2482 0 5.25 -6.25
3 16 1.6972 5.25 -2.9173 0.0001 5.25 0.0001 0 5.25 -3.3753
3 16 0 0 -4.0019 0 0 -3.3753 -1.9988 0 -3.4576
3 16 -1.9988 0 -3.4576 0 0 -3.3753 -1.6972 0 -2.9173
3 16 -1.6826 5.25 2.9257 0 5.25 3.375 -1.6826 0 2.9256
3 16 -1.6826 0 2.9256 0 5.25 3.375 0 0 3.375
3 16 -2.9173 5.25 1.6972 -3.3753 5.25 0 0.0001 5.25 0.0001
3 16 1.6826 5.25 2.9257 2.9257 5.25 1.6826 1.6826 0 2.9256
3 16 1.6826 0 2.9256 2.9257 5.25 1.6826 2.9256 0 1.6826
3 16 0 0 -4.0019 1.9988 0 -3.4576 0 0 -3.3753
3 16 0 0 -3.3753 1.9988 0 -3.4576 1.6972 0 -2.9173
3 16 1.25 0 8.7543 1.25 5.2562 8.7543 5.5 0 8.7543
3 16 5.5 0 8.7543 1.25 5.2562 8.7543 5.5 5.2562 8.7543
3 16 0 5.25 -6.25 0 -4.425 -6.2482 -2.3918 5.25 -5.7742
3 16 -2.3918 5.25 -5.7742 0 -4.425 -6.2482 -2.391 -4.425 -5.7725
3 16 -1.6972 0 -2.9173 -1.6972 5.25 -2.9173 -2.9173 0 -1.6972
3 16 -2.9173 0 -1.6972 -1.6972 5.25 -2.9173 -2.9173 5.25 -1.6972
3 16 0.0001 5.25 0.0001 3.375 5.25 0 2.9257 5.25 1.6826
3 16 1.25 0 6.1188 1.25 5.2562 6.1188 1.25 0 8.7543
3 16 1.25 0 8.7543 1.25 5.2562 6.1188 1.25 5.2562 8.7543
3 16 -4.0019 0 0 -3.3753 0 0 -3.4576 0 1.9988
3 16 -3.4576 0 1.9988 -3.3753 0 0 -2.9173 0 1.6972
3 16 0 0 3.375 0.0027 0 3.9873 -1.6826 0 2.9256
3 16 -1.6826 0 2.9256 0.0027 0 3.9873 -1.9954 0 3.4547
3 16 0 0 3.375 1.6826 0 2.9256 0.0027 0 3.9873
3 16 0.0027 0 3.9873 1.6826 0 2.9256 1.9954 0 3.4547
3 16 2.9257 5.25 -1.6826 0.0001 5.25 0.0001 1.6972 5.25 -2.9173
3 16 2.3911 -4.425 5.7725 1.9954 -4.425 3.4547 4.4181 -4.425 4.4181
3 16 4.4181 -4.425 4.4181 1.9954 -4.425 3.4547 3.4547 -4.425 1.9954
3 16 2.3918 5.25 5.7742 4.4194 5.25 4.4194 5.5 5.2562 8.7543
3 16 -3.4576 0 1.9988 -2.9173 0 1.6972 -1.9954 0 3.4547
3 16 -1.9954 0 3.4547 -2.9173 0 1.6972 -1.6826 0 2.9256
3 16 5.5 5.2562 8.7543 1.25 5.2562 8.7543 2.3918 5.25 5.7742
3 16 2.3918 5.25 5.7742 1.25 5.2562 8.7543 1.25 5.2562 6.1188
3 16 2.391 -4.425 -5.7725 4.4181 -4.425 -4.4181 1.9988 -4.425 -3.4576
3 16 1.9988 -4.425 -3.4576 4.4181 -4.425 -4.4181 3.4547 -4.425 -1.9954
3 16 -2.3918 5.25 -5.7742 -4.4194 5.25 -4.4194 -7.5 5.25 -7.5
3 16 1.6972 5.25 -2.9173 0 5.25 -3.3753 1.6972 0 -2.9173
3 16 1.6972 0 -2.9173 0 5.25 -3.3753 0 0 -3.3753
3 16 0 5.25 -6.25 -2.3918 5.25 -5.7742 -7.5 5.25 -7.5
3 16 0.0001 5.25 0.0001 -1.6826 5.25 2.9257 -2.9173 5.25 1.6972
3 16 3.4547 -4.425 1.9954 1.9954 -4.425 3.4547 3.4547 0 1.9954
3 16 3.4547 0 1.9954 1.9954 -4.425 3.4547 1.9954 0 3.4547
3 16 3.375 0 0 2.9256 0 -1.6826 3.9873 0 0.0027
3 16 3.9873 0 0.0027 2.9256 0 -1.6826 3.4547 0 -1.9954
3 16 10 5.25 -7.5 5.7742 5.25 -2.3918 4.4194 5.25 -4.4194
3 16 -1.25 5.2561 6.1189 -1.25 0 6.1189 -1.25 5.2561 13.8812
3 16 -1.25 5.2561 13.8812 -1.25 0 6.1189 -1.25 0 13.8812
3 16 8.7543 5.2562 5.5 5.7742 5.25 2.3918 8.7543 5.2562 1.25
3 16 8.7543 5.2562 1.25 5.7742 5.25 2.3918 6.1188 5.2562 1.25
3 16 -9.5 1.25 -8.1719 -9.1651 0 -7.8369 -9.5 1.25 28.1719
3 16 -9.5 1.25 28.1719 -9.1651 0 -7.8369 -9.1651 0 27.8369
3 16 5.5 0 8.7543 5.5 5.2562 8.7543 5.5 0 11.2457
3 16 5.5 0 11.2457 5.5 5.2562 8.7543 5.5 5.2562 11.2457
3 16 -4.4181 -4.425 4.4181 -4.4194 5.25 4.4194 -5.7725 -4.425 2.391
3 16 -5.7725 -4.425 2.391 -4.4194 5.25 4.4194 -5.7742 5.25 2.3918
3 16 4.4194 5.25 4.4194 8.7543 5.2562 5.5 5.5 5.2562 8.7543
3 16 -2.3911 -4.425 5.7725 -1.25 0 6.1189 -2.3918 5.25 5.7742
3 16 -2.3918 5.25 5.7742 -1.25 0 6.1189 -1.25 5.2561 6.1189
3 16 5.7725 -4.425 2.3911 6.1188 0 1.25 5.7742 5.25 2.3918
3 16 5.7742 5.25 2.3918 6.1188 0 1.25 6.1188 5.2562 1.25
3 16 0 0 6.2481 1.25 0 6.1188 1.25 0 8.7543
3 16 -1.9988 0 -3.4576 -1.6972 0 -2.9173 -3.4576 0 -1.9988
3 16 -3.4576 0 -1.9988 -1.6972 0 -2.9173 -2.9173 0 -1.6972
3 16 -9.1162 1.25 -9.1162 -8.7813 0 -8.7813 -9.5 1.25 -8.1719
3 16 -9.5 1.25 -8.1719 -8.7813 0 -8.7813 -9.1651 0 -7.8369
3 16 10 5.2562 10 8.7543 5.2562 5.5 11.2457 5.2562 5.5
3 16 1.25 5.2562 6.1188 1.25 0 6.1188 2.3918 5.25 5.7742
3 16 2.3918 5.25 5.7742 1.25 0 6.1188 2.3911 -4.425 5.7725
3 16 6.1188 0 1.25 8.7543 0 1.25 6.1188 5.2562 1.25
3 16 6.1188 5.2562 1.25 8.7543 0 1.25 8.7543 5.2562 1.25
3 16 13.7519 0 0 13.7519 -4.425 0 13.8812 0 1.25
3 16 13.8812 0 1.25 13.7519 -4.425 0 14.2275 -4.425 2.3911
3 16 17.609 -4.425 -5.7725 15.5819 -4.425 -4.4181 17.6082 5.25 -5.7742
3 16 17.6082 5.25 -5.7742 15.5819 -4.425 -4.4181 15.5806 5.25 -4.4194
3 16 -7.5 0 -7.5 10 5.25 -7.5 -7.5 5.25 -7.5
3 16 11.2457 0 1.25 13.7519 0 0 13.8812 0 1.25
3 16 18.0012 -4.425 -3.4576 20 -4.425 -4.0019 18.0012 0 -3.4576
3 16 18.0012 0 -3.4576 20 -4.425 -4.0019 20 0 -4.0019
3 16 16.5453 -4.425 -1.9954 14.2275 -4.425 -2.3911 15.5819 -4.425 -4.4181
3 16 11.2457 5.2562 5.5 14.2258 5.25 2.3918 15.5806 5.25 4.4194
3 16 17.6089 -4.425 5.7725 20 -4.425 6.2481 18.75 0 6.1188
3 16 18.75 0 6.1188 20 -4.425 6.2481 20 0 6.2481
3 16 23.4576 -4.425 1.9988 23.4576 0 1.9988 24.0019 -4.425 0
3 16 24.0019 -4.425 0 23.4576 0 1.9988 24.0019 0 0
3 16 29.5 1.25 -8.1719 29.1162 1.25 -9.1162 30 1.25 -10
3 16 30 1.25 -10 29.1162 1.25 -9.1162 28.1719 1.25 -9.5
3 16 27.5 0 -7.5 27.8369 0 -9.1651 28.7813 0 -8.7813
3 16 18.3174 5.25 2.9257 17.0744 5.25 1.6826 19.9999 5.25 0.0001
3 16 28.7813 0 -8.7813 29.1651 0 -7.8369 27.5 0 -7.5
3 16 27.5 5.25 10 22.3918 5.25 5.7742 24.4194 5.25 4.4194
3 16 23.4576 -4.425 -1.9988 24.4181 -4.425 -4.4181 25.7725 -4.425 -2.391
3 16 23.4576 -4.425 1.9988 25.7725 -4.425 2.391 24.4181 -4.425 4.4181
3 16 16.0128 0 0.0027 16.5453 0 1.9954 16.0128 -4.425 0.0027
3 16 16.0128 -4.425 0.0027 16.5453 0 1.9954 16.5453 -4.425 1.9954
3 16 19.9999 5.25 0.0001 22.9173 5.25 -1.6972 23.3753 5.25 0
3 16 22.3911 -4.425 5.7725 21.9954 -4.425 3.4547 24.4181 -4.425 4.4181
3 16 24.4181 -4.425 4.4181 21.9954 -4.425 3.4547 23.4576 -4.425 1.9988
3 16 22.3911 -4.425 5.7725 21.25 0 6.1189 20 -4.425 6.2481
3 16 20 -4.425 6.2481 21.25 0 6.1189 20 0 6.2481
3 16 17.0744 5.25 -1.6826 16.625 5.25 0 17.0744 0 -1.6826
3 16 17.0744 0 -1.6826 16.625 5.25 0 16.625 0 0
3 16 20 5.25 -3.3753 21.6972 5.25 -2.9173 19.9999 5.25 0.0001
3 16 22.391 -4.425 -5.7725 24.4181 -4.425 -4.4181 21.9988 -4.425 -3.4576
3 16 21.9988 -4.425 -3.4576 24.4181 -4.425 -4.4181 23.4576 -4.425 -1.9988
3 16 16.5453 -4.425 -1.9954 16.5453 0 -1.9954 16.0128 -4.425 0.0027
3 16 16.0128 -4.425 0.0027 16.5453 0 -1.9954 16.0128 0 0.0027
3 16 19.9999 5.25 0.0001 21.6972 5.25 -2.9173 22.9173 5.25 -1.6972
3 16 26.2482 -4.425 0 25.7725 -4.425 -2.391 26.25 5.25 0
3 16 26.25 5.25 0 25.7725 -4.425 -2.391 25.7742 5.25 -2.3918
3 16 23.4576 -4.425 1.9988 24.0019 -4.425 0 25.7725 -4.425 2.391
3 16 25.7725 -4.425 2.391 24.0019 -4.425 0 26.2482 -4.425 0
3 16 15.5806 5.25 4.4194 14.2258 5.25 2.3918 15.5819 -4.425 4.4181
3 16 15.5819 -4.425 4.4181 14.2258 5.25 2.3918 14.2275 -4.425 2.3911
3 16 20 -4.425 -6.2482 20 -4.425 -4.0019 17.609 -4.425 -5.7725
3 16 17.609 -4.425 -5.7725 20 -4.425 -4.0019 18.0012 -4.425 -3.4576
3 16 21.6826 5.25 2.9257 22.9173 5.25 1.6972 21.6826 0 2.9256
3 16 21.6826 0 2.9256 22.9173 5.25 1.6972 22.9173 0 1.6972
3 16 14.2258 5.25 -2.3918 15.5806 5.25 -4.4194 14.2275 -4.425 -2.3911
3 16 14.2275 -4.425 -2.3911 15.5806 5.25 -4.4194 15.5819 -4.425 -4.4181
3 16 -10 8 -10 30 8 -10 -10 1.25 -10
3 16 -10 1.25 -10 30 8 -10 30 1.25 -10
3 16 16.5453 -4.425 1.9954 14.2275 -4.425 2.3911 16.0128 -4.425 0.0027
3 16 16.0128 -4.425 0.0027 14.2275 -4.425 2.3911 13.7519 -4.425 0
3 16 13.8812 5.2562 -1.25 14.2258 5.25 -2.3918 13.8812 0 -1.25
3 16 13.8812 0 -1.25 14.2258 5.25 -2.3918 14.2275 -4.425 -2.3911
3 16 26.25 5.25 0 25.7742 5.25 -2.3918 27.5 5.25 -7.5
3 16 21.9954 0 3.4547 23.4576 0 1.9988 21.9954 -4.425 3.4547
3 16 21.9954 -4.425 3.4547 23.4576 0 1.9988 23.4576 -4.425 1.9988
3 16 21.9954 -4.425 3.4547 19.9973 -4.425 3.9873 21.9954 0 3.4547
3 16 21.9954 0 3.4547 19.9973 -4.425 3.9873 19.9973 0 3.9873
3 16 18.0046 0 3.4547 16.5453 0 1.9954 18.3174 0 2.9256
3 16 18.3174 0 2.9256 16.5453 0 1.9954 17.0744 0 1.6826
3 16 24.4181 -4.425 -4.4181 22.391 -4.425 -5.7725 24.4194 5.25 -4.4194
3 16 24.4194 5.25 -4.4194 22.391 -4.425 -5.7725 22.3918 5.25 -5.7742
3 16 24.4194 5.25 -4.4194 25.7742 5.25 -2.3918 24.4181 -4.425 -4.4181
3 16 24.4181 -4.425 -4.4181 25.7742 5.25 -2.3918 25.7725 -4.425 -2.391
3 16 26.2482 -4.425 0 24.0019 -4.425 0 25.7725 -4.425 -2.391
3 16 25.7725 -4.425 -2.391 24.0019 -4.425 0 23.4576 -4.425 -1.9988
3 16 16.5453 -4.425 -1.9954 18.0012 -4.425 -3.4576 16.5453 0 -1.9954
3 16 16.5453 0 -1.9954 18.0012 -4.425 -3.4576 18.0012 0 -3.4576
3 16 27.5 5.25 10 24.4194 5.25 4.4194 25.7743 5.25 2.3918
3 16 19.9999 5.25 0.0001 20 5.25 3.375 18.3174 5.25 2.9257
3 16 17.0744 0 -1.6826 18.3028 0 -2.9173 17.0744 5.25 -1.6826
3 16 17.0744 5.25 -1.6826 18.3028 0 -2.9173 18.3028 5.25 -2.9173
3 16 25.7725 -4.425 2.391 26.2482 -4.425 0 25.7743 5.25 2.3918
3 16 25.7743 5.25 2.3918 26.2482 -4.425 0 26.25 5.25 0
3 16 21.6826 5.25 2.9257 20 5.25 3.375 19.9999 5.25 0.0001
3 16 19.9999 5.25 0.0001 16.625 5.25 0 17.0744 5.25 -1.6826
3 16 27.5 5.25 -7.5 25.7742 5.25 -2.3918 24.4194 5.25 -4.4194
3 16 22.3918 5.25 5.7742 22.3911 -4.425 5.7725 24.4194 5.25 4.4194
3 16 24.4194 5.25 4.4194 22.3911 -4.425 5.7725 24.4181 -4.425 4.4181
3 16 24.0019 0 0 23.3753 0 0 23.4576 0 -1.9988
3 16 23.4576 0 -1.9988 23.3753 0 0 22.9173 0 -1.6972
3 16 27.5 5.25 -7.5 27.5 5.25 10 26.25 5.25 0
3 16 27.5 5.25 10 25.7743 5.25 2.3918 26.25 5.25 0
3 16 17.6082 5.25 -5.7742 15.5806 5.25 -4.4194 10 5.25 -7.5
3 16 20 -4.425 6.2481 19.9973 -4.425 3.9873 22.3911 -4.425 5.7725
3 16 22.3911 -4.425 5.7725 19.9973 -4.425 3.9873 21.9954 -4.425 3.4547
3 16 17.6082 5.25 5.7742 15.5806 5.25 4.4194 17.6089 -4.425 5.7725
3 16 17.6089 -4.425 5.7725 15.5806 5.25 4.4194 15.5819 -4.425 4.4181
3 16 27.5 5.25 -7.5 20 5.25 -6.25 10 5.25 -7.5
3 16 20 5.25 -6.25 17.6082 5.25 -5.7742 10 5.25 -7.5
3 16 18.3174 5.25 2.9257 20 5.25 3.375 18.3174 0 2.9256
3 16 18.3174 0 2.9256 20 5.25 3.375 20 0 3.375
3 16 -8.1719 1.25 -9.5 28.1719 1.25 -9.5 -7.8369 0 -9.1651
3 16 -7.8369 0 -9.1651 28.1719 1.25 -9.5 27.8369 0 -9.1651
3 16 18.0046 -4.425 3.4547 18.0046 0 3.4547 19.9973 -4.425 3.9873
3 16 19.9973 -4.425 3.9873 18.0046 0 3.4547 19.9973 0 3.9873
3 16 21.9988 0 -3.4576 20 0 -4.0019 21.9988 -4.425 -3.4576
3 16 21.9988 -4.425 -3.4576 20 0 -4.0019 20 -4.425 -4.0019
3 16 23.4576 0 -1.9988 23.4576 -4.425 -1.9988 24.0019 0 0
3 16 24.0019 0 0 23.4576 -4.425 -1.9988 24.0019 -4.425 0
3 16 18.0012 0 -3.4576 18.3028 0 -2.9173 16.5453 0 -1.9954
3 16 16.5453 0 -1.9954 18.3028 0 -2.9173 17.0744 0 -1.6826
3 16 15.5819 -4.425 4.4181 14.2275 -4.425 2.3911 16.5453 -4.425 1.9954
3 16 22.9173 0 -1.6972 23.3753 0 0 22.9173 5.25 -1.6972
3 16 22.9173 5.25 -1.6972 23.3753 0 0 23.3753 5.25 0
3 16 20 0 -3.3753 21.6972 0 -2.9173 20 5.25 -3.3753
3 16 20 5.25 -3.3753 21.6972 0 -2.9173 21.6972 5.25 -2.9173
3 16 11.2457 0 1.25 11.2457 5.2562 1.25 11.2457 0 5.5
3 16 11.2457 0 5.5 11.2457 5.2562 1.25 11.2457 5.2562 5.5
3 16 13.7519 -4.425 0 14.2275 -4.425 -2.3911 16.0128 -4.425 0.0027
3 16 16.0128 -4.425 0.0027 14.2275 -4.425 -2.3911 16.5453 -4.425 -1.9954
3 16 22.9173 5.25 1.6972 23.3753 5.25 0 22.9173 0 1.6972
3 16 22.9173 0 1.6972 23.3753 5.25 0 23.3753 0 0
3 16 16.625 0 0 17.0744 0 1.6826 16.0128 0 0.0027
3 16 16.0128 0 0.0027 17.0744 0 1.6826 16.5453 0 1.9954
3 16 13.7519 0 0 13.8812 0 -1.25 13.7519 -4.425 0
3 16 13.7519 -4.425 0 13.8812 0 -1.25 14.2275 -4.425 -2.3911
3 16 21.9988 -4.425 -3.4576 20 -4.425 -4.0019 22.391 -4.425 -5.7725
3 16 22.391 -4.425 -5.7725 20 -4.425 -4.0019 20 -4.425 -6.2482
3 16 16.625 5.25 0 17.0744 5.25 1.6826 16.625 0 0
3 16 16.625 0 0 17.0744 5.25 1.6826 17.0744 0 1.6826
3 16 18.0046 -4.425 3.4547 19.9973 -4.425 3.9873 17.6089 -4.425 5.7725
3 16 17.6089 -4.425 5.7725 19.9973 -4.425 3.9873 20 -4.425 6.2481
3 16 29.1162 1.25 -9.1162 28.7813 0 -8.7813 28.1719 1.25 -9.5
3 16 28.1719 1.25 -9.5 28.7813 0 -8.7813 27.8369 0 -9.1651
3 16 23.4576 -4.425 -1.9988 23.4576 0 -1.9988 21.9988 -4.425 -3.4576
3 16 21.9988 -4.425 -3.4576 23.4576 0 -1.9988 21.9988 0 -3.4576
3 16 17.609 -4.425 -5.7725 17.6082 5.25 -5.7742 20 -4.425 -6.2482
3 16 20 -4.425 -6.2482 17.6082 5.25 -5.7742 20 5.25 -6.25
3 16 18.3028 5.25 -2.9173 20 5.25 -3.3753 19.9999 5.25 0.0001
3 16 30 1.25 -10 28.1719 1.25 -9.5 -10 1.25 -10
3 16 -10 1.25 -10 28.1719 1.25 -9.5 -8.1719 1.25 -9.5
3 16 21.6972 0 -2.9173 20 0 -3.3753 21.9988 0 -3.4576
3 16 21.9988 0 -3.4576 20 0 -3.3753 20 0 -4.0019
3 16 21.6826 5.25 2.9257 21.6826 0 2.9256 20 5.25 3.375
3 16 20 5.25 3.375 21.6826 0 2.9256 20 0 3.375
3 16 22.9173 5.25 1.6972 19.9999 5.25 0.0001 23.3753 5.25 0
3 16 18.3174 5.25 2.9257 18.3174 0 2.9256 17.0744 5.25 1.6826
3 16 17.0744 5.25 1.6826 18.3174 0 2.9256 17.0744 0 1.6826
3 16 18.3028 0 -2.9173 18.0012 0 -3.4576 20 0 -3.3753
3 16 20 0 -3.3753 18.0012 0 -3.4576 20 0 -4.0019
3 16 18.75 0 8.7543 14.5 0 8.7543 18.75 5.2562 8.7543
3 16 18.75 5.2562 8.7543 14.5 0 8.7543 14.5 5.2562 8.7543
3 16 20 5.25 -6.25 22.3918 5.25 -5.7742 20 -4.425 -6.2482
3 16 20 -4.425 -6.2482 22.3918 5.25 -5.7742 22.391 -4.425 -5.7725
3 16 21.6972 0 -2.9173 22.9173 0 -1.6972 21.6972 5.25 -2.9173
3 16 21.6972 5.25 -2.9173 22.9173 0 -1.6972 22.9173 5.25 -1.6972
3 16 19.9999 5.25 0.0001 17.0744 5.25 1.6826 16.625 5.25 0
3 16 18.75 0 6.1188 18.75 0 8.7543 18.75 5.2562 6.1188
3 16 18.75 5.2562 6.1188 18.75 0 8.7543 18.75 5.2562 8.7543
3 16 24.0019 0 0 23.4576 0 1.9988 23.3753 0 0
3 16 23.3753 0 0 23.4576 0 1.9988 22.9173 0 1.6972
3 16 21.9954 0 3.4547 19.9973 0 3.9873 21.6826 0 2.9256
3 16 21.6826 0 2.9256 19.9973 0 3.9873 20 0 3.375
3 16 20 0 3.375 19.9973 0 3.9873 18.3174 0 2.9256
3 16 18.3174 0 2.9256 19.9973 0 3.9873 18.0046 0 3.4547
3 16 17.0744 5.25 -1.6826 18.3028 5.25 -2.9173 19.9999 5.25 0.0001
3 16 17.6089 -4.425 5.7725 15.5819 -4.425 4.4181 18.0046 -4.425 3.4547
3 16 18.0046 -4.425 3.4547 15.5819 -4.425 4.4181 16.5453 -4.425 1.9954
3 16 17.6082 5.25 5.7742 14.5 5.2562 8.7543 15.5806 5.25 4.4194
3 16 21.6826 0 2.9256 22.9173 0 1.6972 21.9954 0 3.4547
3 16 21.9954 0 3.4547 22.9173 0 1.6972 23.4576 0 1.9988
3 16 14.5 5.2562 8.7543 17.6082 5.25 5.7742 18.75 5.2562 8.7543
3 16 18.75 5.2562 8.7543 17.6082 5.25 5.7742 18.75 5.2562 6.1188
3 16 16.5453 -4.425 -1.9954 15.5819 -4.425 -4.4181 18.0012 -4.425 -3.4576
3 16 18.0012 -4.425 -3.4576 15.5819 -4.425 -4.4181 17.609 -4.425 -5.7725
3 16 22.3918 5.25 -5.7742 27.5 5.25 -7.5 24.4194 5.25 -4.4194
3 16 18.3028 5.25 -2.9173 18.3028 0 -2.9173 20 5.25 -3.3753
3 16 20 5.25 -3.3753 18.3028 0 -2.9173 20 0 -3.3753
3 16 20 5.25 -6.25 27.5 5.25 -7.5 22.3918 5.25 -5.7742
3 16 19.9999 5.25 0.0001 22.9173 5.25 1.6972 21.6826 5.25 2.9257
3 16 16.5453 -4.425 1.9954 16.5453 0 1.9954 18.0046 -4.425 3.4547
3 16 18.0046 -4.425 3.4547 16.5453 0 1.9954 18.0046 0 3.4547
3 16 16.625 0 0 16.0128 0 0.0027 17.0744 0 -1.6826
3 16 17.0744 0 -1.6826 16.0128 0 0.0027 16.5453 0 -1.9954
3 16 10 5.25 -7.5 15.5806 5.25 -4.4194 14.2258 5.25 -2.3918
3 16 11.2457 5.2562 5.5 11.2457 5.2562 1.25 14.2258 5.25 2.3918
3 16 14.2258 5.25 2.3918 11.2457 5.2562 1.25 13.8812 5.2562 1.25
3 16 14.5 5.2562 8.7543 14.5 0 8.7543 14.5 5.2562 11.2457
3 16 14.5 5.2562 11.2457 14.5 0 8.7543 14.5 0 11.2457
3 16 24.4181 -4.425 4.4181 25.7725 -4.425 2.391 24.4194 5.25 4.4194
3 16 24.4194 5.25 4.4194 25.7725 -4.425 2.391 25.7743 5.25 2.3918
3 16 29.5 1.25 -8.1719 30 1.25 -10 29.5 1.25 28.1719
3 16 29.5 1.25 28.1719 30 1.25 -10 30 1.25 30
3 16 27.5 0 -7.5 29.1651 0 -7.8369 27.5 0 27.5
3 16 27.5 0 27.5 29.1651 0 -7.8369 29.1651 0 27.8369
3 16 15.5806 5.25 4.4194 14.5 5.2562 8.7543 11.2457 5.2562 5.5
3 16 21.25 5.2561 6.1189 21.25 0 6.1189 22.3918 5.25 5.7742
3 16 22.3918 5.25 5.7742 21.25 0 6.1189 22.3911 -4.425 5.7725
3 16 21.25 5.2561 6.1189 21.25 5.2561 13.8812 21.25 0 6.1189
3 16 21.25 0 6.1189 21.25 5.2561 13.8812 21.25 0 13.8812
3 16 13.8812 5.2562 1.25 13.8812 0 1.25 14.2258 5.25 2.3918
3 16 14.2258 5.25 2.3918 13.8812 0 1.25 14.2275 -4.425 2.3911
3 16 20 0 6.2481 18.75 0 8.7543 18.75 0 6.1188
3 16 21.9988 0 -3.4576 23.4576 0 -1.9988 21.6972 0 -2.9173
3 16 21.6972 0 -2.9173 23.4576 0 -1.9988 22.9173 0 -1.6972
3 16 29.1651 0 -7.8369 28.7813 0 -8.7813 29.5 1.25 -8.1719
3 16 29.5 1.25 -8.1719 28.7813 0 -8.7813 29.1162 1.25 -9.1162
3 16 30 1.25 -10 30 8 -10 30 1.25 30
3 16 30 1.25 30 30 8 -10 30 8 30
3 16 17.6089 -4.425 5.7725 18.75 0 6.1188 17.6082 5.25 5.7742
3 16 17.6082 5.25 5.7742 18.75 0 6.1188 18.75 5.2562 6.1188
3 16 -7.8369 0 -9.1651 27.8369 0 -9.1651 -7.5 0 -7.5
3 16 -7.5 0 -7.5 27.8369 0 -9.1651 27.5 0 -7.5
3 16 13.8812 0 1.25 13.8812 5.2562 1.25 11.2457 0 1.25
3 16 11.2457 0 1.25 13.8812 5.2562 1.25 11.2457 5.2562 1.25
3 16 6.1189 5.2562 -1.25 13.8812 5.2562 -1.25 6.1189 0 -1.25
3 16 6.1189 0 -1.25 13.8812 5.2562 -1.25 13.8812 0 -1.25
3 16 6.1189 0 -1.25 13.8812 0 -1.25 6.2481 0 0
3 16 6.2481 0 0 13.8812 0 -1.25 13.7519 0 0
3 16 6.2481 0 0 13.7519 0 0 8.7543 0 1.25
3 16 8.7543 0 1.25 13.7519 0 0 11.2457 0 1.25
3 16 6.2481 0 20 6.2481 -4.425 20 6.1188 0 18.75
3 16 6.1188 0 18.75 6.2481 -4.425 20 5.7725 -4.425 17.6089
3 16 2.391 -4.425 25.7726 4.4181 -4.425 24.4181 2.3918 5.25 25.7742
3 16 2.3918 5.25 25.7742 4.4181 -4.425 24.4181 4.4194 5.25 24.4194
3 16 -7.5 0 27.5 10 5.25 27.5 27.5 0 27.5
3 16 8.7543 0 18.75 6.2481 0 20 6.1188 0 18.75
3 16 1.9988 -4.425 23.4576 0 -4.425 24.0019 1.9988 0 23.4576
3 16 1.9988 0 23.4576 0 -4.425 24.0019 0 0 24.0019
3 16 3.4547 -4.425 21.9954 5.7725 -4.425 22.3911 4.4181 -4.425 24.4181
3 16 8.7543 5.2562 14.5 5.7742 5.25 17.6082 4.4194 5.25 15.5806
3 16 2.3911 -4.425 14.2275 0 -4.425 13.7519 1.25 0 13.8812
3 16 1.25 0 13.8812 0 -4.425 13.7519 0 0 13.7519
3 16 -3.4576 -4.425 18.0012 -3.4576 0 18.0012 -4.0019 -4.425 20
3 16 -4.0019 -4.425 20 -3.4576 0 18.0012 -4.0019 0 20
3 16 -9.5 1.25 28.1719 -9.1162 1.25 29.1162 -10 1.25 30
3 16 -10 1.25 30 -9.1162 1.25 29.1162 -8.1719 1.25 29.5
3 16 -7.5 0 27.5 -7.8369 0 29.1651 -8.7813 0 28.7813
3 16 1.6826 5.25 17.0744 2.9257 5.25 18.3174 0.0001 5.25 19.9999
3 16 -8.7813 0 28.7813 -9.1651 0 27.8369 -7.5 0 27.5
3 16 -7.5 5.25 10 -2.3918 5.25 14.2258 -4.4194 5.25 15.5806
3 16 -3.4576 -4.425 21.9988 -4.4181 -4.425 24.4181 -5.7725 -4.425 22.391
3 16 -3.4576 -4.425 18.0012 -5.7725 -4.425 17.609 -4.4181 -4.425 15.5819
3 16 3.9873 0 19.9973 3.4547 0 18.0046 3.9873 -4.425 19.9973
3 16 3.9873 -4.425 19.9973 3.4547 0 18.0046 3.4547 -4.425 18.0046
3 16 0.0001 5.25 19.9999 -2.9173 5.25 21.6972 -3.3753 5.25 20
3 16 -2.3911 -4.425 14.2275 -1.9954 -4.425 16.5453 -4.4181 -4.425 15.5819
3 16 -4.4181 -4.425 15.5819 -1.9954 -4.425 16.5453 -3.4576 -4.425 18.0012
3 16 -2.3911 -4.425 14.2275 -1.25 0 13.8812 0 -4.425 13.7519
3 16 0 -4.425 13.7519 -1.25 0 13.8812 0 0 13.7519
3 16 2.9257 5.25 21.6826 3.375 5.25 20 2.9256 0 21.6826
3 16 2.9256 0 21.6826 3.375 5.25 20 3.375 0 20
3 16 0 5.25 23.3753 -1.6972 5.25 22.9173 0.0001 5.25 19.9999
3 16 -2.391 -4.425 25.7725 -4.4181 -4.425 24.4181 -1.9988 -4.425 23.4576
3 16 -1.9988 -4.425 23.4576 -4.4181 -4.425 24.4181 -3.4576 -4.425 21.9988
3 16 3.4547 -4.425 21.9954 3.4547 0 21.9954 3.9873 -4.425 19.9973
3 16 3.9873 -4.425 19.9973 3.4547 0 21.9954 3.9873 0 19.9973
3 16 0.0001 5.25 19.9999 -1.6972 5.25 22.9173 -2.9173 5.25 21.6972
3 16 -6.2482 -4.425 20 -5.7725 -4.425 22.391 -6.25 5.25 20
3 16 -6.25 5.25 20 -5.7725 -4.425 22.391 -5.7742 5.25 22.3918
3 16 -3.4576 -4.425 18.0012 -4.0019 -4.425 20 -5.7725 -4.425 17.609
3 16 -5.7725 -4.425 17.609 -4.0019 -4.425 20 -6.2482 -4.425 20
3 16 4.4194 5.25 15.5806 5.7742 5.25 17.6082 4.4181 -4.425 15.5819
3 16 4.4181 -4.425 15.5819 5.7742 5.25 17.6082 5.7725 -4.425 17.6089
3 16 0 -4.425 26.2482 0 -4.425 24.0019 2.391 -4.425 25.7726
3 16 2.391 -4.425 25.7726 0 -4.425 24.0019 1.9988 -4.425 23.4576
3 16 -1.6826 5.25 17.0744 -2.9173 5.25 18.3028 -1.6826 0 17.0744
3 16 -1.6826 0 17.0744 -2.9173 5.25 18.3028 -2.9173 0 18.3028
3 16 5.7742 5.25 22.3918 4.4194 5.25 24.4194 5.7725 -4.425 22.3911
3 16 5.7725 -4.425 22.3911 4.4194 5.25 24.4194 4.4181 -4.425 24.4181
3 16 -10 8 30 -10 1.25 30 30 8 30
3 16 30 8 30 -10 1.25 30 30 1.25 30
3 16 3.4547 -4.425 18.0046 5.7725 -4.425 17.6089 3.9873 -4.425 19.9973
3 16 3.9873 -4.425 19.9973 5.7725 -4.425 17.6089 6.2481 -4.425 20
3 16 6.1189 5.2562 21.25 5.7742 5.25 22.3918 6.1189 0 21.25
3 16 6.1189 0 21.25 5.7742 5.25 22.3918 5.7725 -4.425 22.3911
3 16 -6.25 5.25 20 -5.7742 5.25 22.3918 -7.5 5.25 27.5
3 16 -1.9954 0 16.5453 -3.4576 0 18.0012 -1.9954 -4.425 16.5453
3 16 -1.9954 -4.425 16.5453 -3.4576 0 18.0012 -3.4576 -4.425 18.0012
3 16 -1.9954 -4.425 16.5453 0.0027 -4.425 16.0128 -1.9954 0 16.5453
3 16 -1.9954 0 16.5453 0.0027 -4.425 16.0128 0.0027 0 16.0128
3 16 1.9954 0 16.5453 3.4547 0 18.0046 1.6826 0 17.0744
3 16 1.6826 0 17.0744 3.4547 0 18.0046 2.9256 0 18.3174
3 16 -4.4181 -4.425 24.4181 -2.391 -4.425 25.7725 -4.4194 5.25 24.4194
3 16 -4.4194 5.25 24.4194 -2.391 -4.425 25.7725 -2.3918 5.25 25.7742
3 16 -4.4194 5.25 24.4194 -5.7742 5.25 22.3918 -4.4181 -4.425 24.4181
3 16 -4.4181 -4.425 24.4181 -5.7742 5.25 22.3918 -5.7725 -4.425 22.391
3 16 -6.2482 -4.425 20 -4.0019 -4.425 20 -5.7725 -4.425 22.391
3 16 -5.7725 -4.425 22.391 -4.0019 -4.425 20 -3.4576 -4.425 21.9988
3 16 3.4547 -4.425 21.9954 1.9988 -4.425 23.4576 3.4547 0 21.9954
3 16 3.4547 0 21.9954 1.9988 -4.425 23.4576 1.9988 0 23.4576
3 16 -7.5 5.25 10 -4.4194 5.25 15.5806 -5.7742 5.25 17.6082
3 16 0.0001 5.25 19.9999 0 5.25 16.625 1.6826 5.25 17.0744
3 16 2.9256 0 21.6826 1.6972 0 22.9173 2.9257 5.25 21.6826
3 16 2.9257 5.25 21.6826 1.6972 0 22.9173 1.6972 5.25 22.9173
3 16 -5.7725 -4.425 17.609 -6.2482 -4.425 20 -5.7742 5.25 17.6082
3 16 -5.7742 5.25 17.6082 -6.2482 -4.425 20 -6.25 5.25 20
3 16 -1.6826 5.25 17.0744 0 5.25 16.625 0.0001 5.25 19.9999
3 16 0.0001 5.25 19.9999 3.375 5.25 20 2.9257 5.25 21.6826
3 16 -7.5 5.25 27.5 -5.7742 5.25 22.3918 -4.4194 5.25 24.4194
3 16 -2.3918 5.25 14.2258 -2.3911 -4.425 14.2275 -4.4194 5.25 15.5806
3 16 -4.4194 5.25 15.5806 -2.3911 -4.425 14.2275 -4.4181 -4.425 15.5819
3 16 -4.0019 0 20 -3.3753 0 20 -3.4576 0 21.9988
3 16 -3.4576 0 21.9988 -3.3753 0 20 -2.9173 0 21.6972
3 16 -7.5 5.25 27.5 -7.5 5.25 10 -6.25 5.25 20
3 16 -7.5 5.25 10 -5.7742 5.25 17.6082 -6.25 5.25 20
3 16 2.3918 5.25 25.7742 4.4194 5.25 24.4194 10 5.25 27.5
3 16 0 -4.425 13.7519 0.0027 -4.425 16.0128 -2.3911 -4.425 14.2275
3 16 -2.3911 -4.425 14.2275 0.0027 -4.425 16.0128 -1.9954 -4.425 16.5453
3 16 2.3918 5.25 14.2258 4.4194 5.25 15.5806 2.3911 -4.425 14.2275
3 16 2.3911 -4.425 14.2275 4.4194 5.25 15.5806 4.4181 -4.425 15.5819
3 16 -7.5 5.25 27.5 0 5.25 26.25 10 5.25 27.5
3 16 0 5.25 26.25 2.3918 5.25 25.7742 10 5.25 27.5
3 16 1.6826 5.25 17.0744 0 5.25 16.625 1.6826 0 17.0744
3 16 1.6826 0 17.0744 0 5.25 16.625 0 0 16.625
3 16 -8.1719 1.25 29.5 -7.8369 0 29.1651 28.1719 1.25 29.5
3 16 28.1719 1.25 29.5 -7.8369 0 29.1651 27.8369 0 29.1651
3 16 1.9954 -4.425 16.5453 1.9954 0 16.5453 0.0027 -4.425 16.0128
3 16 0.0027 -4.425 16.0128 1.9954 0 16.5453 0.0027 0 16.0128
3 16 -1.9988 0 23.4576 0 0 24.0019 -1.9988 -4.425 23.4576
3 16 -1.9988 -4.425 23.4576 0 0 24.0019 0 -4.425 24.0019
3 16 -3.4576 0 21.9988 -3.4576 -4.425 21.9988 -4.0019 0 20
3 16 -4.0019 0 20 -3.4576 -4.425 21.9988 -4.0019 -4.425 20
3 16 1.9988 0 23.4576 1.6972 0 22.9173 3.4547 0 21.9954
3 16 3.4547 0 21.9954 1.6972 0 22.9173 2.9256 0 21.6826
3 16 4.4181 -4.425 15.5819 5.7725 -4.425 17.6089 3.4547 -4.425 18.0046
3 16 -2.9173 0 21.6972 -3.3753 0 20 -2.9173 5.25 21.6972
3 16 -2.9173 5.25 21.6972 -3.3753 0 20 -3.3753 5.25 20
3 16 0 0 23.3753 -1.6972 0 22.9173 0 5.25 23.3753
3 16 0 5.25 23.3753 -1.6972 0 22.9173 -1.6972 5.25 22.9173
3 16 8.7543 0 18.75 8.7543 5.2562 18.75 8.7543 0 14.5
3 16 8.7543 0 14.5 8.7543 5.2562 18.75 8.7543 5.2562 14.5
3 16 6.2481 -4.425 20 5.7725 -4.425 22.3911 3.9873 -4.425 19.9973
3 16 3.9873 -4.425 19.9973 5.7725 -4.425 22.3911 3.4547 -4.425 21.9954
3 16 -2.9173 5.25 18.3028 -3.3753 5.25 20 -2.9173 0 18.3028
3 16 -2.9173 0 18.3028 -3.3753 5.25 20 -3.3753 0 20
3 16 3.375 0 20 2.9256 0 18.3174 3.9873 0 19.9973
3 16 3.9873 0 19.9973 2.9256 0 18.3174 3.4547 0 18.0046
3 16 6.2481 0 20 6.1189 0 21.25 6.2481 -4.425 20
3 16 6.2481 -4.425 20 6.1189 0 21.25 5.7725 -4.425 22.3911
3 16 -1.9988 -4.425 23.4576 0 -4.425 24.0019 -2.391 -4.425 25.7725
3 16 -2.391 -4.425 25.7725 0 -4.425 24.0019 0 -4.425 26.2482
3 16 3.375 5.25 20 2.9257 5.25 18.3174 3.375 0 20
3 16 3.375 0 20 2.9257 5.25 18.3174 2.9256 0 18.3174
3 16 1.9954 -4.425 16.5453 0.0027 -4.425 16.0128 2.3911 -4.425 14.2275
3 16 2.3911 -4.425 14.2275 0.0027 -4.425 16.0128 0 -4.425 13.7519
3 16 -9.1162 1.25 29.1162 -8.7813 0 28.7813 -8.1719 1.25 29.5
3 16 -8.1719 1.25 29.5 -8.7813 0 28.7813 -7.8369 0 29.1651
3 16 -3.4576 -4.425 21.9988 -3.4576 0 21.9988 -1.9988 -4.425 23.4576
3 16 -1.9988 -4.425 23.4576 -3.4576 0 21.9988 -1.9988 0 23.4576
3 16 2.391 -4.425 25.7726 2.3918 5.25 25.7742 0 -4.425 26.2482
3 16 0 -4.425 26.2482 2.3918 5.25 25.7742 0 5.25 26.25
3 16 1.6972 5.25 22.9173 0 5.25 23.3753 0.0001 5.25 19.9999
3 16 -10 1.25 30 -8.1719 1.25 29.5 30 1.25 30
3 16 30 1.25 30 -8.1719 1.25 29.5 28.1719 1.25 29.5
3 16 -1.6972 0 22.9173 0 0 23.3753 -1.9988 0 23.4576
3 16 -1.9988 0 23.4576 0 0 23.3753 0 0 24.0019
3 16 -1.6826 5.25 17.0744 -1.6826 0 17.0744 0 5.25 16.625
3 16 0 5.25 16.625 -1.6826 0 17.0744 0 0 16.625
3 16 -2.9173 5.25 18.3028 0.0001 5.25 19.9999 -3.3753 5.25 20
3 16 1.6826 5.25 17.0744 1.6826 0 17.0744 2.9257 5.25 18.3174
3 16 2.9257 5.25 18.3174 1.6826 0 17.0744 2.9256 0 18.3174
3 16 1.6972 0 22.9173 1.9988 0 23.4576 0 0 23.3753
3 16 0 0 23.3753 1.9988 0 23.4576 0 0 24.0019
3 16 1.25 0 11.2457 5.5 0 11.2457 1.25 5.2562 11.2457
3 16 1.25 5.2562 11.2457 5.5 0 11.2457 5.5 5.2562 11.2457
3 16 0 5.25 26.25 -2.3918 5.25 25.7742 0 -4.425 26.2482
3 16 0 -4.425 26.2482 -2.3918 5.25 25.7742 -2.391 -4.425 25.7725
3 16 -1.6972 0 22.9173 -2.9173 0 21.6972 -1.6972 5.25 22.9173
3 16 -1.6972 5.25 22.9173 -2.9173 0 21.6972 -2.9173 5.25 21.6972
3 16 0.0001 5.25 19.9999 2.9257 5.25 18.3174 3.375 5.25 20
3 16 1.25 0 13.8812 1.25 0 11.2457 1.25 5.2562 13.8812
3 16 1.25 5.2562 13.8812 1.25 0 11.2457 1.25 5.2562 11.2457
3 16 -4.0019 0 20 -3.4576 0 18.0012 -3.3753 0 20
3 16 -3.3753 0 20 -3.4576 0 18.0012 -2.9173 0 18.3028
3 16 -1.9954 0 16.5453 0.0027 0 16.0128 -1.6826 0 17.0744
3 16 -1.6826 0 17.0744 0.0027 0 16.0128 0 0 16.625
3 16 0 0 16.625 0.0027 0 16.0128 1.6826 0 17.0744
3 16 1.6826 0 17.0744 0.0027 0 16.0128 1.9954 0 16.5453
3 16 2.9257 5.25 21.6826 1.6972 5.25 22.9173 0.0001 5.25 19.9999
3 16 2.3911 -4.425 14.2275 4.4181 -4.425 15.5819 1.9954 -4.425 16.5453
3 16 1.9954 -4.425 16.5453 4.4181 -4.425 15.5819 3.4547 -4.425 18.0046
3 16 2.3918 5.25 14.2258 5.5 5.2562 11.2457 4.4194 5.25 15.5806
3 16 -1.6826 0 17.0744 -2.9173 0 18.3028 -1.9954 0 16.5453
3 16 -1.9954 0 16.5453 -2.9173 0 18.3028 -3.4576 0 18.0012
3 16 5.5 5.2562 11.2457 2.3918 5.25 14.2258 1.25 5.2562 11.2457
3 16 1.25 5.2562 11.2457 2.3918 5.25 14.2258 1.25 5.2562 13.8812
3 16 3.4547 -4.425 21.9954 4.4181 -4.425 24.4181 1.9988 -4.425 23.4576
3 16 1.9988 -4.425 23.4576 4.4181 -4.425 24.4181 2.391 -4.425 25.7726
3 16 -2.3918 5.25 25.7742 -7.5 5.25 27.5 -4.4194 5.25 24.4194
3 16 1.6972 5.25 22.9173 1.6972 0 22.9173 0 5.25 23.3753
3 16 0 5.25 23.3753 1.6972 0 22.9173 0 0 23.3753
3 16 0 5.25 26.25 -7.5 5.25 27.5 -2.3918 5.25 25.7742
3 16 0.0001 5.25 19.9999 -2.9173 5.25 18.3028 -1.6826 5.25 17.0744
3 16 3.4547 -4.425 18.0046 3.4547 0 18.0046 1.9954 -4.425 16.5453
3 16 1.9954 -4.425 16.5453 3.4547 0 18.0046 1.9954 0 16.5453
3 16 3.375 0 20 3.9873 0 19.9973 2.9256 0 21.6826
3 16 2.9256 0 21.6826 3.9873 0 19.9973 3.4547 0 21.9954
3 16 10 5.25 27.5 4.4194 5.25 24.4194 5.7742 5.25 22.3918
3 16 8.7543 5.2562 14.5 8.7543 5.2562 18.75 5.7742 5.25 17.6082
3 16 5.7742 5.25 17.6082 8.7543 5.2562 18.75 6.1188 5.2562 18.75
3 16 -4.4181 -4.425 15.5819 -5.7725 -4.425 17.609 -4.4194 5.25 15.5806
3 16 -4.4194 5.25 15.5806 -5.7725 -4.425 17.609 -5.7742 5.25 17.6082
3 16 -9.5 1.25 -8.1719 -9.5 1.25 28.1719 -10 1.25 -10
3 16 -10 1.25 -10 -9.5 1.25 28.1719 -10 1.25 30
3 16 -7.5 0 -7.5 -7.5 0 27.5 -9.1651 0 -7.8369
3 16 -9.1651 0 -7.8369 -7.5 0 27.5 -9.1651 0 27.8369
3 16 4.4194 5.25 15.5806 5.5 5.2562 11.2457 8.7543 5.2562 14.5
3 16 -1.25 5.2561 13.8812 -1.25 0 13.8812 -2.3918 5.25 14.2258
3 16 -2.3918 5.25 14.2258 -1.25 0 13.8812 -2.3911 -4.425 14.2275
3 16 6.1188 5.2562 18.75 6.1188 0 18.75 5.7742 5.25 17.6082
3 16 5.7742 5.25 17.6082 6.1188 0 18.75 5.7725 -4.425 17.6089
3 16 0 0 13.7519 1.25 0 11.2457 1.25 0 13.8812
3 16 -1.9988 0 23.4576 -3.4576 0 21.9988 -1.6972 0 22.9173
3 16 -1.6972 0 22.9173 -3.4576 0 21.9988 -2.9173 0 21.6972
3 16 -9.1651 0 27.8369 -8.7813 0 28.7813 -9.5 1.25 28.1719
3 16 -9.5 1.25 28.1719 -8.7813 0 28.7813 -9.1162 1.25 29.1162
3 16 2.3911 -4.425 14.2275 1.25 0 13.8812 2.3918 5.25 14.2258
3 16 2.3918 5.25 14.2258 1.25 0 13.8812 1.25 5.2562 13.8812
3 16 -7.8369 0 29.1651 -7.5 0 27.5 27.8369 0 29.1651
3 16 27.8369 0 29.1651 -7.5 0 27.5 27.5 0 27.5
3 16 6.1188 0 18.75 6.1188 5.2562 18.75 8.7543 0 18.75
3 16 8.7543 0 18.75 6.1188 5.2562 18.75 8.7543 5.2562 18.75
3 16 6.1189 5.2562 21.25 6.1189 0 21.25 13.8812 5.2562 21.25
3 16 13.8812 5.2562 21.25 6.1189 0 21.25 13.8812 0 21.25
3 16 6.1189 0 21.25 6.2481 0 20 13.8812 0 21.25
3 16 13.8812 0 21.25 6.2481 0 20 13.7519 0 20
3 16 6.2481 0 20 8.7543 0 18.75 13.7519 0 20
3 16 13.7519 0 20 8.7543 0 18.75 11.2457 0 18.75
3 16 14.2275 -4.425 17.6089 13.7519 -4.425 20 13.8812 0 18.75
3 16 13.8812 0 18.75 13.7519 -4.425 20 13.7519 0 20
3 16 27.5 5.25 10 27.5 0 27.5 27.5 5.25 27.5
3 16 17.609 -4.425 25.7726 17.6082 5.25 25.7742 15.5819 -4.425 24.4181
3 16 15.5819 -4.425 24.4181 17.6082 5.25 25.7742 15.5806 5.25 24.4194
3 16 10 5.2562 10 5.5 5.2562 11.2457 5.5 5.2562 8.7543
3 16 8.7543 5.2562 14.5 11.2457 5.2562 14.5 8.7543 0 14.5
3 16 8.7543 0 14.5 11.2457 5.2562 14.5 11.2457 0 14.5
3 16 11.2457 0 18.75 13.8812 0 18.75 13.7519 0 20
3 16 18.0012 -4.425 23.4576 18.0012 0 23.4576 20 -4.425 24.0019
3 16 20 -4.425 24.0019 18.0012 0 23.4576 20 0 24.0019
3 16 16.5453 -4.425 21.9954 15.5819 -4.425 24.4181 14.2275 -4.425 22.3911
3 16 11.2457 5.2562 14.5 15.5806 5.25 15.5806 14.2258 5.25 17.6082
3 16 20 0 13.7519 20 -4.425 13.7519 18.75 0 13.8812
3 16 18.75 0 13.8812 20 -4.425 13.7519 17.6089 -4.425 14.2275
3 16 23.4576 -4.425 18.0012 24.0019 -4.425 20 23.4576 0 18.0012
3 16 23.4576 0 18.0012 24.0019 -4.425 20 24.0019 0 20
3 16 29.5 1.25 28.1719 30 1.25 30 29.1162 1.25 29.1162
3 16 30 1.25 30 28.1719 1.25 29.5 29.1162 1.25 29.1162
3 16 27.5 0 27.5 28.7813 0 28.7813 27.8369 0 29.1651
3 16 18.3174 5.25 17.0744 19.9999 5.25 19.9999 17.0744 5.25 18.3174
3 16 28.7813 0 28.7813 27.5 0 27.5 29.1651 0 27.8369
3 16 27.5 5.25 10 24.4194 5.25 15.5806 22.3918 5.25 14.2258
3 16 23.4576 -4.425 21.9988 25.7725 -4.425 22.391 24.4181 -4.425 24.4181
3 16 23.4576 -4.425 18.0012 24.4181 -4.425 15.5819 25.7725 -4.425 17.609
3 16 16.0128 0 19.9973 16.0128 -4.425 19.9973 16.5453 0 18.0046
3 16 16.5453 0 18.0046 16.0128 -4.425 19.9973 16.5453 -4.425 18.0046
3 16 19.9999 5.25 19.9999 23.3753 5.25 20 22.9173 5.25 21.6972
3 16 23.4576 -4.425 18.0012 21.9954 -4.425 16.5453 24.4181 -4.425 15.5819
3 16 24.4181 -4.425 15.5819 21.9954 -4.425 16.5453 22.3911 -4.425 14.2275
3 16 20 0 13.7519 21.25 0 13.8812 20 -4.425 13.7519
3 16 20 -4.425 13.7519 21.25 0 13.8812 22.3911 -4.425 14.2275
3 16 17.0744 5.25 21.6826 17.0744 0 21.6826 16.625 5.25 20
3 16 16.625 5.25 20 17.0744 0 21.6826 16.625 0 20
3 16 20 5.25 23.3753 19.9999 5.25 19.9999 21.6972 5.25 22.9173
3 16 23.4576 -4.425 21.9988 24.4181 -4.425 24.4181 21.9988 -4.425 23.4576
3 16 21.9988 -4.425 23.4576 24.4181 -4.425 24.4181 22.391 -4.425 25.7725
3 16 16.5453 -4.425 21.9954 16.0128 -4.425 19.9973 16.5453 0 21.9954
3 16 16.5453 0 21.9954 16.0128 -4.425 19.9973 16.0128 0 19.9973
3 16 19.9999 5.25 19.9999 22.9173 5.25 21.6972 21.6972 5.25 22.9173
3 16 26.2482 -4.425 20 26.25 5.25 20 25.7725 -4.425 22.391
3 16 25.7725 -4.425 22.391 26.25 5.25 20 25.7742 5.25 22.3918
3 16 23.4576 -4.425 18.0012 25.7725 -4.425 17.609 24.0019 -4.425 20
3 16 24.0019 -4.425 20 25.7725 -4.425 17.609 26.2482 -4.425 20
3 16 15.5806 5.25 15.5806 15.5819 -4.425 15.5819 14.2258 5.25 17.6082
3 16 14.2258 5.25 17.6082 15.5819 -4.425 15.5819 14.2275 -4.425 17.6089
3 16 18.0012 -4.425 23.4576 20 -4.425 24.0019 17.609 -4.425 25.7726
3 16 17.609 -4.425 25.7726 20 -4.425 24.0019 20 -4.425 26.2482
3 16 8.7543 0 14.5 11.2457 0 14.5 8.7543 0 18.75
3 16 8.7543 0 18.75 11.2457 0 14.5 11.2457 0 18.75
3 16 21.6826 5.25 17.0744 21.6826 0 17.0744 22.9173 5.25 18.3028
3 16 22.9173 5.25 18.3028 21.6826 0 17.0744 22.9173 0 18.3028
3 16 14.2258 5.25 22.3918 14.2275 -4.425 22.3911 15.5806 5.25 24.4194
3 16 15.5806 5.25 24.4194 14.2275 -4.425 22.3911 15.5819 -4.425 24.4181
3 16 16.5453 -4.425 18.0046 16.0128 -4.425 19.9973 14.2275 -4.425 17.6089
3 16 14.2275 -4.425 17.6089 16.0128 -4.425 19.9973 13.7519 -4.425 20
3 16 14.2275 -4.425 22.3911 14.2258 5.25 22.3918 13.8812 0 21.25
3 16 13.8812 0 21.25 14.2258 5.25 22.3918 13.8812 5.2562 21.25
3 16 26.25 5.25 20 27.5 5.25 27.5 25.7742 5.25 22.3918
3 16 21.9954 0 16.5453 21.9954 -4.425 16.5453 23.4576 0 18.0012
3 16 23.4576 0 18.0012 21.9954 -4.425 16.5453 23.4576 -4.425 18.0012
3 16 21.9954 -4.425 16.5453 21.9954 0 16.5453 19.9973 -4.425 16.0128
3 16 19.9973 -4.425 16.0128 21.9954 0 16.5453 19.9973 0 16.0128
3 16 18.0046 0 16.5453 18.3174 0 17.0744 16.5453 0 18.0046
3 16 16.5453 0 18.0046 18.3174 0 17.0744 17.0744 0 18.3174
3 16 24.4181 -4.425 24.4181 24.4194 5.25 24.4194 22.391 -4.425 25.7725
3 16 22.391 -4.425 25.7725 24.4194 5.25 24.4194 22.3918 5.25 25.7742
3 16 24.4194 5.25 24.4194 24.4181 -4.425 24.4181 25.7742 5.25 22.3918
3 16 25.7742 5.25 22.3918 24.4181 -4.425 24.4181 25.7725 -4.425 22.391
3 16 26.2482 -4.425 20 25.7725 -4.425 22.391 24.0019 -4.425 20
3 16 24.0019 -4.425 20 25.7725 -4.425 22.391 23.4576 -4.425 21.9988
3 16 16.5453 -4.425 21.9954 16.5453 0 21.9954 18.0012 -4.425 23.4576
3 16 18.0012 -4.425 23.4576 16.5453 0 21.9954 18.0012 0 23.4576
3 16 27.5 5.25 10 25.7743 5.25 17.6082 24.4194 5.25 15.5806
3 16 19.9999 5.25 19.9999 18.3174 5.25 17.0744 20 5.25 16.625
3 16 17.0744 0 21.6826 17.0744 5.25 21.6826 18.3028 0 22.9173
3 16 18.3028 0 22.9173 17.0744 5.25 21.6826 18.3028 5.25 22.9173
3 16 25.7725 -4.425 17.609 25.7743 5.25 17.6082 26.2482 -4.425 20
3 16 26.2482 -4.425 20 25.7743 5.25 17.6082 26.25 5.25 20
3 16 21.6826 5.25 17.0744 19.9999 5.25 19.9999 20 5.25 16.625
3 16 19.9999 5.25 19.9999 17.0744 5.25 21.6826 16.625 5.25 20
3 16 27.5 5.25 27.5 24.4194 5.25 24.4194 25.7742 5.25 22.3918
3 16 22.3918 5.25 14.2258 24.4194 5.25 15.5806 22.3911 -4.425 14.2275
3 16 22.3911 -4.425 14.2275 24.4194 5.25 15.5806 24.4181 -4.425 15.5819
3 16 22.9173 0 21.6972 23.3753 0 20 23.4576 0 21.9988
3 16 23.4576 0 21.9988 23.3753 0 20 24.0019 0 20
3 16 27.5 5.25 27.5 26.25 5.25 20 27.5 5.25 10
3 16 27.5 5.25 10 26.25 5.25 20 25.7743 5.25 17.6082
3 16 17.6082 5.25 25.7742 10 5.25 27.5 15.5806 5.25 24.4194
3 16 20 -4.425 13.7519 22.3911 -4.425 14.2275 19.9973 -4.425 16.0128
3 16 19.9973 -4.425 16.0128 22.3911 -4.425 14.2275 21.9954 -4.425 16.5453
3 16 17.6082 5.25 14.2258 17.6089 -4.425 14.2275 15.5806 5.25 15.5806
3 16 15.5806 5.25 15.5806 17.6089 -4.425 14.2275 15.5819 -4.425 15.5819
3 16 27.5 5.25 27.5 10 5.25 27.5 20 5.25 26.25
3 16 20 5.25 26.25 10 5.25 27.5 17.6082 5.25 25.7742
3 16 18.3174 5.25 17.0744 18.3174 0 17.0744 20 5.25 16.625
3 16 20 5.25 16.625 18.3174 0 17.0744 20 0 16.625
3 16 18.0046 -4.425 16.5453 19.9973 -4.425 16.0128 18.0046 0 16.5453
3 16 18.0046 0 16.5453 19.9973 -4.425 16.0128 19.9973 0 16.0128
3 16 21.9988 0 23.4576 21.9988 -4.425 23.4576 20 0 24.0019
3 16 20 0 24.0019 21.9988 -4.425 23.4576 20 -4.425 24.0019
3 16 23.4576 0 21.9988 24.0019 0 20 23.4576 -4.425 21.9988
3 16 23.4576 -4.425 21.9988 24.0019 0 20 24.0019 -4.425 20
3 16 17.0744 0 21.6826 18.3028 0 22.9173 16.5453 0 21.9954
3 16 16.5453 0 21.9954 18.3028 0 22.9173 18.0012 0 23.4576
3 16 15.5819 -4.425 15.5819 16.5453 -4.425 18.0046 14.2275 -4.425 17.6089
3 16 22.9173 0 21.6972 22.9173 5.25 21.6972 23.3753 0 20
3 16 23.3753 0 20 22.9173 5.25 21.6972 23.3753 5.25 20
3 16 20 0 23.3753 20 5.25 23.3753 21.6972 0 22.9173
3 16 21.6972 0 22.9173 20 5.25 23.3753 21.6972 5.25 22.9173
3 16 11.2457 0 18.75 11.2457 0 14.5 11.2457 5.2562 18.75
3 16 11.2457 5.2562 18.75 11.2457 0 14.5 11.2457 5.2562 14.5
3 16 13.7519 -4.425 20 16.0128 -4.425 19.9973 14.2275 -4.425 22.3911
3 16 14.2275 -4.425 22.3911 16.0128 -4.425 19.9973 16.5453 -4.425 21.9954
3 16 22.9173 5.25 18.3028 22.9173 0 18.3028 23.3753 5.25 20
3 16 23.3753 5.25 20 22.9173 0 18.3028 23.3753 0 20
3 16 16.625 0 20 16.0128 0 19.9973 17.0744 0 18.3174
3 16 17.0744 0 18.3174 16.0128 0 19.9973 16.5453 0 18.0046
3 16 14.2275 -4.425 22.3911 13.8812 0 21.25 13.7519 -4.425 20
3 16 13.7519 -4.425 20 13.8812 0 21.25 13.7519 0 20
3 16 21.9988 -4.425 23.4576 22.391 -4.425 25.7725 20 -4.425 24.0019
3 16 20 -4.425 24.0019 22.391 -4.425 25.7725 20 -4.425 26.2482
3 16 16.625 5.25 20 16.625 0 20 17.0744 5.25 18.3174
3 16 17.0744 5.25 18.3174 16.625 0 20 17.0744 0 18.3174
3 16 20 -4.425 13.7519 19.9973 -4.425 16.0128 17.6089 -4.425 14.2275
3 16 17.6089 -4.425 14.2275 19.9973 -4.425 16.0128 18.0046 -4.425 16.5453
3 16 27.8369 0 29.1651 28.7813 0 28.7813 28.1719 1.25 29.5
3 16 28.1719 1.25 29.5 28.7813 0 28.7813 29.1162 1.25 29.1162
3 16 23.4576 -4.425 21.9988 21.9988 -4.425 23.4576 23.4576 0 21.9988
3 16 23.4576 0 21.9988 21.9988 -4.425 23.4576 21.9988 0 23.4576
3 16 17.609 -4.425 25.7726 20 -4.425 26.2482 17.6082 5.25 25.7742
3 16 17.6082 5.25 25.7742 20 -4.425 26.2482 20 5.25 26.25
3 16 18.3028 5.25 22.9173 19.9999 5.25 19.9999 20 5.25 23.3753
3 16 20 0 24.0019 20 0 23.3753 21.9988 0 23.4576
3 16 21.9988 0 23.4576 20 0 23.3753 21.6972 0 22.9173
3 16 21.6826 5.25 17.0744 20 5.25 16.625 21.6826 0 17.0744
3 16 21.6826 0 17.0744 20 5.25 16.625 20 0 16.625
3 16 22.9173 5.25 18.3028 23.3753 5.25 20 19.9999 5.25 19.9999
3 16 18.3174 5.25 17.0744 17.0744 5.25 18.3174 18.3174 0 17.0744
3 16 18.3174 0 17.0744 17.0744 5.25 18.3174 17.0744 0 18.3174
3 16 20 0 24.0019 18.0012 0 23.4576 20 0 23.3753
3 16 20 0 23.3753 18.0012 0 23.4576 18.3028 0 22.9173
3 16 18.75 0 11.2457 18.75 5.2562 11.2457 14.5 0 11.2457
3 16 14.5 0 11.2457 18.75 5.2562 11.2457 14.5 5.2562 11.2457
3 16 27.5 5.25 10 21.25 5.2561 6.1189 22.3918 5.25 5.7742
3 16 20 5.25 26.25 20 -4.425 26.2482 22.3918 5.25 25.7742
3 16 22.3918 5.25 25.7742 20 -4.425 26.2482 22.391 -4.425 25.7725
3 16 21.6972 0 22.9173 21.6972 5.25 22.9173 22.9173 0 21.6972
3 16 22.9173 0 21.6972 21.6972 5.25 22.9173 22.9173 5.25 21.6972
3 16 19.9999 5.25 19.9999 16.625 5.25 20 17.0744 5.25 18.3174
3 16 18.75 0 13.8812 18.75 5.2562 13.8812 18.75 0 11.2457
3 16 18.75 0 11.2457 18.75 5.2562 13.8812 18.75 5.2562 11.2457
3 16 24.0019 0 20 23.3753 0 20 23.4576 0 18.0012
3 16 23.4576 0 18.0012 23.3753 0 20 22.9173 0 18.3028
3 16 20 0 16.625 19.9973 0 16.0128 21.6826 0 17.0744
3 16 21.6826 0 17.0744 19.9973 0 16.0128 21.9954 0 16.5453
3 16 20 0 16.625 18.3174 0 17.0744 19.9973 0 16.0128
3 16 19.9973 0 16.0128 18.3174 0 17.0744 18.0046 0 16.5453
3 16 17.0744 5.25 21.6826 19.9999 5.25 19.9999 18.3028 5.25 22.9173
3 16 17.6089 -4.425 14.2275 18.0046 -4.425 16.5453 15.5819 -4.425 15.5819
3 16 15.5819 -4.425 15.5819 18.0046 -4.425 16.5453 16.5453 -4.425 18.0046
3 16 17.6082 5.25 14.2258 15.5806 5.25 15.5806 14.5 5.2562 11.2457
3 16 23.4576 0 18.0012 22.9173 0 18.3028 21.9954 0 16.5453
3 16 21.9954 0 16.5453 22.9173 0 18.3028 21.6826 0 17.0744
3 16 14.5 5.2562 11.2457 18.75 5.2562 11.2457 17.6082 5.25 14.2258
3 16 17.6082 5.25 14.2258 18.75 5.2562 11.2457 18.75 5.2562 13.8812
3 16 17.609 -4.425 25.7726 15.5819 -4.425 24.4181 18.0012 -4.425 23.4576
3 16 18.0012 -4.425 23.4576 15.5819 -4.425 24.4181 16.5453 -4.425 21.9954
3 16 22.3918 5.25 25.7742 24.4194 5.25 24.4194 27.5 5.25 27.5
3 16 18.3028 5.25 22.9173 20 5.25 23.3753 18.3028 0 22.9173
3 16 18.3028 0 22.9173 20 5.25 23.3753 20 0 23.3753
3 16 20 5.25 26.25 22.3918 5.25 25.7742 27.5 5.25 27.5
3 16 19.9999 5.25 19.9999 21.6826 5.25 17.0744 22.9173 5.25 18.3028
3 16 16.5453 -4.425 18.0046 18.0046 -4.425 16.5453 16.5453 0 18.0046
3 16 16.5453 0 18.0046 18.0046 -4.425 16.5453 18.0046 0 16.5453
3 16 16.625 0 20 17.0744 0 21.6826 16.0128 0 19.9973
3 16 16.0128 0 19.9973 17.0744 0 21.6826 16.5453 0 21.9954
3 16 10 5.25 27.5 14.2258 5.25 22.3918 15.5806 5.25 24.4194
3 16 11.2457 5.2562 14.5 14.2258 5.25 17.6082 11.2457 5.2562 18.75
3 16 11.2457 5.2562 18.75 14.2258 5.25 17.6082 13.8812 5.2562 18.75
3 16 29.5 1.25 -8.1719 29.5 1.25 28.1719 29.1651 0 -7.8369
3 16 29.1651 0 -7.8369 29.5 1.25 28.1719 29.1651 0 27.8369
3 16 24.4181 -4.425 15.5819 24.4194 5.25 15.5806 25.7725 -4.425 17.609
3 16 25.7725 -4.425 17.609 24.4194 5.25 15.5806 25.7743 5.25 17.6082
3 16 15.5806 5.25 15.5806 11.2457 5.2562 14.5 14.5 5.2562 11.2457
3 16 22.3911 -4.425 14.2275 21.25 0 13.8812 22.3918 5.25 14.2258
3 16 22.3918 5.25 14.2258 21.25 0 13.8812 21.25 5.2561 13.8812
3 16 14.2275 -4.425 17.6089 13.8812 0 18.75 14.2258 5.25 17.6082
3 16 14.2258 5.25 17.6082 13.8812 0 18.75 13.8812 5.2562 18.75
3 16 20 0 13.7519 18.75 0 13.8812 18.75 0 11.2457
3 16 21.9988 0 23.4576 21.6972 0 22.9173 23.4576 0 21.9988
3 16 23.4576 0 21.9988 21.6972 0 22.9173 22.9173 0 21.6972
3 16 29.1162 1.25 29.1162 28.7813 0 28.7813 29.5 1.25 28.1719
3 16 29.5 1.25 28.1719 28.7813 0 28.7813 29.1651 0 27.8369
3 16 18.75 5.2562 13.8812 18.75 0 13.8812 17.6082 5.25 14.2258
3 16 17.6082 5.25 14.2258 18.75 0 13.8812 17.6089 -4.425 14.2275
3 16 -10 8 30 30 8 30 -10 8 -10
3 16 -10 8 -10 30 8 30 30 8 -10
3 16 13.8812 0 18.75 11.2457 0 18.75 13.8812 5.2562 18.75
3 16 13.8812 5.2562 18.75 11.2457 0 18.75 11.2457 5.2562 18.75
3 16 0 0 6.2481 0 0 13.7519 -1.25 0 6.1189
3 16 -1.25 0 6.1189 0 0 13.7519 -1.25 0 13.8812
3 16 5.5 0 8.7543 5.5 0 11.2457 1.25 0 8.7543
3 16 1.25 0 8.7543 5.5 0 11.2457 1.25 0 11.2457
3 16 1.25 0 8.7543 1.25 0 11.2457 0 0 6.2481
3 16 0 0 6.2481 1.25 0 11.2457 0 0 13.7519
3 16 21.25 0 6.1189 21.25 0 13.8812 20 0 6.2481
3 16 20 0 6.2481 21.25 0 13.8812 20 0 13.7519
3 16 18.75 0 8.7543 18.75 0 11.2457 14.5 0 8.7543
3 16 14.5 0 8.7543 18.75 0 11.2457 14.5 0 11.2457
3 16 20 0 6.2481 20 0 13.7519 18.75 0 8.7543
3 16 18.75 0 8.7543 20 0 13.7519 18.75 0 11.2457
3 16 10 5.2562 10 5.5 5.2562 8.7543 8.7543 5.2562 5.5
3 16 10 5.2562 10 11.2457 5.2562 5.5 14.5 5.2562 8.7543
3 16 10 5.2562 10 14.5 5.2562 8.7543 14.5 5.2562 11.2457
3 16 10 5.25 -7.5 27.5 0 -7.5 27.5 5.25 -7.5
3 16 -7.5 0 -7.5 27.5 0 -7.5 10 5.25 -7.5
3 16 -7.5 5.25 10 -7.5 0 -7.5 -7.5 5.25 -7.5
3 16 -7.5 0 27.5 -7.5 5.25 10 -7.5 5.25 27.5
3 16 10 5.25 27.5 -7.5 0 27.5 -7.5 5.25 27.5
3 16 27.5 0 27.5 10 5.25 27.5 27.5 5.25 27.5
3 16 27.5 0 -7.5 27.5 5.25 10 27.5 5.25 -7.5
3 16 27.5 0 -7.5 27.5 0 27.5 27.5 5.25 10
3 16 8.7543 5.2562 14.5 5.5 5.2562 11.2457 10 5.2562 10
3 16 8.7543 5.2562 14.5 10 5.2562 10 11.2457 5.2562 14.5
3 16 11.2457 5.2562 14.5 10 5.2562 10 14.5 5.2562 11.2457
3 16 -7.5 5.25 10 -1.25 5.2561 13.8812 -2.3918 5.25 14.2258
3 16 -7.5 5.25 10 -1.25 5.2561 6.1189 -1.25 5.2561 13.8812
3 16 -7.5 5.25 10 -2.3918 5.25 5.7742 -1.25 5.2561 6.1189
3 16 6.1189 5.2562 -1.25 5.7742 5.25 -2.3918 10 5.25 -7.5
3 16 6.1189 5.2562 -1.25 10 5.25 -7.5 13.8812 5.2562 -1.25
3 16 13.8812 5.2562 -1.25 10 5.25 -7.5 14.2258 5.25 -2.3918
3 16 27.5 5.25 10 21.25 5.2561 13.8812 21.25 5.2561 6.1189
3 16 27.5 5.25 10 22.3918 5.25 14.2258 21.25 5.2561 13.8812
3 16 10 5.25 27.5 13.8812 5.2562 21.25 14.2258 5.25 22.3918
3 16 6.1189 5.2562 21.25 13.8812 5.2562 21.25 10 5.25 27.5
3 16 6.1189 5.2562 21.25 10 5.25 27.5 5.7742 5.25 22.3918
2 24 5.7725 -4.425 2.3911 6.2481 -4.425 0
2 24 6.1188 0 1.25 6.2481 0 0
2 24 -7.5 0 -7.5 -7.5 0 27.5
2 24 2.391 -4.425 -5.7725 4.4181 -4.425 -4.4181
2 24 2.3918 5.25 -5.7742 4.4194 5.25 -4.4194
2 24 8.7543 5.2562 5.5 8.7543 0 5.5
2 24 8.7543 5.2562 5.5 11.2457 5.2562 5.5
2 24 8.7543 0 5.5 11.2457 0 5.5
2 24 11.2457 5.2562 5.5 11.2457 0 5.5
2 24 6.1188 0 1.25 6.2481 0 0
2 24 8.7543 0 1.25 6.1188 0 1.25
2 24 1.9988 -4.425 -3.4576 0 -4.425 -4.0019
2 24 1.9988 0 -3.4576 0 0 -4.0019
2 24 4.4181 -4.425 -4.4181 5.7725 -4.425 -2.3911
2 24 4.4194 5.25 4.4194 5.7742 5.25 2.3918
2 24 0 0 6.2481 1.25 0 6.1188
2 24 0 -4.425 6.2481 2.3911 -4.425 5.7725
2 24 -3.4576 -4.425 1.9988 -4.0019 -4.425 0
2 24 -3.4576 0 1.9988 -4.0019 0 0
2 24 -9.5 1.25 -8.1719 -9.1162 1.25 -9.1162
2 24 -9.1162 1.25 -9.1162 -8.1719 1.25 -9.5
2 24 -8.7813 0 -8.7813 -7.8369 0 -9.1651
2 24 1.6826 5.25 2.9257 2.9257 5.25 1.6826
2 24 -8.7813 0 -8.7813 -9.1651 0 -7.8369
2 24 -4.4194 5.25 4.4194 -2.3918 5.25 5.7742
2 24 -5.7725 -4.425 -2.391 -4.4181 -4.425 -4.4181
2 24 -4.4181 -4.425 4.4181 -5.7725 -4.425 2.391
2 24 3.9873 0 0.0027 3.4547 0 1.9954
2 24 3.9873 -4.425 0.0027 3.4547 -4.425 1.9954
2 24 -3.3753 5.25 0 -2.9173 5.25 -1.6972
2 24 -3.4576 -4.425 1.9988 -1.9954 -4.425 3.4547
2 24 -4.4181 -4.425 4.4181 -2.3911 -4.425 5.7725
2 24 0 0 6.2481 -1.25 0 6.1189
2 24 0 -4.425 6.2481 -2.3911 -4.425 5.7725
2 24 2.9257 5.25 -1.6826 3.375 5.25 0
2 24 2.9256 0 -1.6826 3.375 0 0
2 24 0 5.25 -3.3753 -1.6972 5.25 -2.9173
2 24 -3.4576 -4.425 -1.9988 -1.9988 -4.425 -3.4576
2 24 -4.4181 -4.425 -4.4181 -2.391 -4.425 -5.7725
2 24 3.9873 -4.425 0.0027 3.4547 -4.425 -1.9954
2 24 3.9873 0 0.0027 3.4547 0 -1.9954
2 24 -2.9173 5.25 -1.6972 -1.6972 5.25 -2.9173
2 24 -6.2482 -4.425 0 -5.7725 -4.425 -2.391
2 24 -6.25 5.25 0 -5.7742 5.25 -2.3918
2 24 -3.4576 -4.425 1.9988 -4.0019 -4.425 0
2 24 -5.7725 -4.425 2.391 -6.2482 -4.425 0
2 24 4.4194 5.25 4.4194 5.7742 5.25 2.3918
2 24 5.7725 -4.425 2.3911 4.4181 -4.425 4.4181
2 24 1.9988 -4.425 -3.4576 0 -4.425 -4.0019
2 24 2.391 -4.425 -5.7725 0 -4.425 -6.2482
2 24 -10 1.25 -10 -10 1.25 30
2 24 -10 1.25 -10 -10 8 -10
2 24 -10 1.25 30 -10 8 30
2 24 -10 8 -10 -10 8 30
2 24 8.7543 0 1.25 8.7543 0 5.5
2 24 8.7543 0 5.5 11.2457 0 5.5
2 24 11.2457 0 5.5 11.2457 0 1.25
2 24 -1.6826 5.25 2.9257 -2.9173 5.25 1.6972
2 24 -1.6826 0 2.9256 -2.9173 0 1.6972
2 24 4.4194 5.25 -4.4194 5.7742 5.25 -2.3918
2 24 4.4181 -4.425 -4.4181 5.7725 -4.425 -2.3911
2 24 3.4547 -4.425 1.9954 3.9873 -4.425 0.0027
2 24 5.7725 -4.425 2.3911 6.2481 -4.425 0
2 24 5.7742 5.25 -2.3918 6.1189 5.2562 -1.25
2 24 6.1189 0 -1.25 6.1189 5.2562 -1.25
2 24 -6.25 5.25 0 -5.7742 5.25 -2.3918
2 24 -3.4576 0 1.9988 -1.9954 0 3.4547
2 24 -3.4576 -4.425 1.9988 -1.9954 -4.425 3.4547
2 24 -1.9954 -4.425 3.4547 0.0027 -4.425 3.9873
2 24 -1.9954 0 3.4547 0.0027 0 3.9873
2 24 1.9954 0 3.4547 3.4547 0 1.9954
2 24 1.6826 0 2.9256 2.9256 0 1.6826
2 24 -4.4181 -4.425 -4.4181 -2.391 -4.425 -5.7725
2 24 -4.4194 5.25 -4.4194 -2.3918 5.25 -5.7742
2 24 -5.7742 5.25 -2.3918 -4.4194 5.25 -4.4194
2 24 -5.7725 -4.425 -2.391 -4.4181 -4.425 -4.4181
2 24 -5.7725 -4.425 -2.391 -6.2482 -4.425 0
2 24 -3.4576 -4.425 -1.9988 -4.0019 -4.425 0
2 24 1.9988 -4.425 -3.4576 3.4547 -4.425 -1.9954
2 24 1.9988 0 -3.4576 3.4547 0 -1.9954
2 24 -4.4194 5.25 4.4194 -5.7742 5.25 2.3918
2 24 1.6826 5.25 2.9257 0 5.25 3.375
2 24 2.9256 0 -1.6826 1.6972 0 -2.9173
2 24 2.9257 5.25 -1.6826 1.6972 5.25 -2.9173
2 24 -6.2482 -4.425 0 -5.7725 -4.425 2.391
2 24 -6.25 5.25 0 -5.7742 5.25 2.3918
2 24 0 5.25 3.375 -1.6826 5.25 2.9257
2 24 2.9257 5.25 -1.6826 3.375 5.25 0
2 24 -5.7742 5.25 -2.3918 -4.4194 5.25 -4.4194
2 24 -2.3918 5.25 5.7742 -4.4194 5.25 4.4194
2 24 -2.3911 -4.425 5.7725 -4.4181 -4.425 4.4181
2 24 -2.9173 0 -1.6972 -3.3753 0 0
2 24 -3.4576 0 -1.9988 -4.0019 0 0
2 24 -7.5 5.25 10 -7.5 5.25 -7.5
2 24 -6.25 5.25 0 -5.7742 5.25 2.3918
2 24 2.3918 5.25 -5.7742 4.4194 5.25 -4.4194
2 24 -2.3911 -4.425 5.7725 0 -4.425 6.2481
2 24 -1.9954 -4.425 3.4547 0.0027 -4.425 3.9873
2 24 4.4194 5.25 4.4194 2.3918 5.25 5.7742
2 24 2.3911 -4.425 5.7725 4.4181 -4.425 4.4181
2 24 -7.5 5.25 -7.5 10 5.25 -7.5
2 24 2.3918 5.25 -5.7742 0 5.25 -6.25
2 24 1.6826 5.25 2.9257 0 5.25 3.375
2 24 1.6826 0 2.9256 0 0 3.375
2 24 0.0027 -4.425 3.9873 1.9954 -4.425 3.4547
2 24 0.0027 0 3.9873 1.9954 0 3.4547
2 24 0 0 -4.0019 -1.9988 0 -3.4576
2 24 0 -4.425 -4.0019 -1.9988 -4.425 -3.4576
2 24 -4.0019 0 0 -3.4576 0 -1.9988
2 24 -4.0019 -4.425 0 -3.4576 -4.425 -1.9988
2 24 2.9256 0 -1.6826 1.6972 0 -2.9173
2 24 3.4547 0 -1.9954 1.9988 0 -3.4576
2 24 5.7725 -4.425 2.3911 4.4181 -4.425 4.4181
2 24 -2.9173 0 -1.6972 -3.3753 0 0
2 24 -2.9173 5.25 -1.6972 -3.3753 5.25 0
2 24 0 0 -3.3753 -1.6972 0 -2.9173
2 24 0 5.25 -3.3753 -1.6972 5.25 -2.9173
2 24 8.7543 0 1.25 8.7543 0 5.5
2 24 8.7543 0 1.25 8.7543 5.2562 1.25
2 24 8.7543 0 5.5 8.7543 5.2562 5.5
2 24 8.7543 5.2562 1.25 8.7543 5.2562 5.5
2 24 5.7725 -4.425 -2.3911 6.2481 -4.425 0
2 24 3.4547 -4.425 -1.9954 3.9873 -4.425 0.0027
2 24 -2.9173 5.25 1.6972 -3.3753 5.25 0
2 24 -2.9173 0 1.6972 -3.3753 0 0
2 24 2.9256 0 1.6826 3.375 0 0
2 24 3.4547 0 1.9954 3.9873 0 0.0027
2 24 6.2481 -4.425 0 5.7725 -4.425 -2.3911
2 24 6.2481 0 0 6.1189 0 -1.25
2 24 -1.9988 -4.425 -3.4576 0 -4.425 -4.0019
2 24 -2.391 -4.425 -5.7725 0 -4.425 -6.2482
2 24 3.375 5.25 0 2.9257 5.25 1.6826
2 24 3.375 0 0 2.9256 0 1.6826
2 24 0 -4.425 6.2481 2.3911 -4.425 5.7725
2 24 0.0027 -4.425 3.9873 1.9954 -4.425 3.4547
2 24 -7.8369 0 -9.1651 -8.7813 0 -8.7813
2 24 -8.1719 1.25 -9.5 -9.1162 1.25 -9.1162
2 24 -1.9988 -4.425 -3.4576 -3.4576 -4.425 -1.9988
2 24 -1.9988 0 -3.4576 -3.4576 0 -1.9988
2 24 2.391 -4.425 -5.7725 0 -4.425 -6.2482
2 24 2.3918 5.25 -5.7742 0 5.25 -6.25
2 24 0 5.25 -3.3753 1.6972 5.25 -2.9173
2 24 0 0 -4.0019 -1.9988 0 -3.4576
2 24 0 0 -3.3753 -1.6972 0 -2.9173
2 24 -1.6826 5.25 2.9257 0 5.25 3.375
2 24 -1.6826 0 2.9256 0 0 3.375
2 24 -3.3753 5.25 0 -2.9173 5.25 1.6972
2 24 1.6826 5.25 2.9257 2.9257 5.25 1.6826
2 24 1.6826 0 2.9256 2.9256 0 1.6826
2 24 1.9988 0 -3.4576 0 0 -4.0019
2 24 1.6972 0 -2.9173 0 0 -3.3753
2 24 1.25 0 8.7543 1.25 5.2562 8.7543
2 24 1.25 0 8.7543 5.5 0 8.7543
2 24 1.25 5.2562 8.7543 5.5 5.2562 8.7543
2 24 5.5 0 8.7543 5.5 5.2562 8.7543
2 24 -2.3918 5.25 -5.7742 0 5.25 -6.25
2 24 -2.391 -4.425 -5.7725 0 -4.425 -6.2482
2 24 -2.9173 0 -1.6972 -1.6972 0 -2.9173
2 24 -2.9173 5.25 -1.6972 -1.6972 5.25 -2.9173
2 24 2.9257 5.25 1.6826 3.375 5.25 0
2 24 1.25 0 6.1188 1.25 5.2562 6.1188
2 24 1.25 0 6.1188 1.25 0 8.7543
2 24 1.25 5.2562 6.1188 1.25 5.2562 8.7543
2 24 1.25 0 8.7543 1.25 5.2562 8.7543
2 24 -4.0019 0 0 -3.4576 0 1.9988
2 24 -3.3753 0 0 -2.9173 0 1.6972
2 24 0 0 3.375 -1.6826 0 2.9256
2 24 0.0027 0 3.9873 -1.9954 0 3.4547
2 24 1.6826 0 2.9256 0 0 3.375
2 24 1.9954 0 3.4547 0.0027 0 3.9873
2 24 2.9257 5.25 -1.6826 1.6972 5.25 -2.9173
2 24 4.4181 -4.425 4.4181 2.3911 -4.425 5.7725
2 24 3.4547 -4.425 1.9954 1.9954 -4.425 3.4547
2 24 4.4194 5.25 4.4194 2.3918 5.25 5.7742
2 24 -3.4576 0 1.9988 -1.9954 0 3.4547
2 24 -2.9173 0 1.6972 -1.6826 0 2.9256
2 24 5.5 5.2562 8.7543 1.25 5.2562 8.7543
2 24 1.25 5.2562 8.7543 1.25 5.2562 6.1188
2 24 2.3918 5.25 5.7742 1.25 5.2562 6.1188
2 24 4.4181 -4.425 -4.4181 2.391 -4.425 -5.7725
2 24 3.4547 -4.425 -1.9954 1.9988 -4.425 -3.4576
2 24 -4.4194 5.25 -4.4194 -2.3918 5.25 -5.7742
2 24 1.6972 5.25 -2.9173 0 5.25 -3.3753
2 24 1.6972 0 -2.9173 0 0 -3.3753
2 24 0 5.25 -6.25 -2.3918 5.25 -5.7742
2 24 -1.6826 5.25 2.9257 -2.9173 5.25 1.6972
2 24 3.4547 -4.425 1.9954 1.9954 -4.425 3.4547
2 24 3.4547 0 1.9954 1.9954 0 3.4547
2 24 2.9256 0 -1.6826 3.375 0 0
2 24 3.4547 0 -1.9954 3.9873 0 0.0027
2 24 4.4194 5.25 -4.4194 5.7742 5.25 -2.3918
2 24 -1.25 5.2561 6.1189 -1.25 0 6.1189
2 24 -1.25 5.2561 6.1189 -1.25 5.2561 13.8812
2 24 -1.25 0 6.1189 -1.25 0 13.8812
2 24 -1.25 5.2561 13.8812 -1.25 0 13.8812
2 24 8.7543 5.2562 5.5 8.7543 5.2562 1.25
2 24 5.7742 5.25 2.3918 6.1188 5.2562 1.25
2 24 8.7543 5.2562 1.25 6.1188 5.2562 1.25
2 24 -9.5 1.25 -8.1719 -9.5 1.25 28.1719
2 24 -9.1651 0 -7.8369 -9.1651 0 27.8369
2 24 5.5 0 8.7543 5.5 5.2562 8.7543
2 24 5.5 0 8.7543 5.5 0 11.2457
2 24 5.5 5.2562 8.7543 5.5 5.2562 11.2457
2 24 5.5 0 11.2457 5.5 5.2562 11.2457
2 24 -5.7725 -4.425 2.391 -4.4181 -4.425 4.4181
2 24 -5.7742 5.25 2.3918 -4.4194 5.25 4.4194
2 24 -1.25 0 6.1189 -1.25 5.2561 6.1189
2 24 -2.3918 5.25 5.7742 -1.25 5.2561 6.1189
2 24 6.1188 0 1.25 6.1188 5.2562 1.25
2 24 5.7742 5.25 2.3918 6.1188 5.2562 1.25
2 24 1.25 0 6.1188 1.25 0 8.7543
2 24 0 0 6.2481 1.25 0 6.1188
2 24 -3.4576 0 -1.9988 -1.9988 0 -3.4576
2 24 -2.9173 0 -1.6972 -1.6972 0 -2.9173
2 24 -9.1162 1.25 -9.1162 -9.5 1.25 -8.1719
2 24 -8.7813 0 -8.7813 -9.1651 0 -7.8369
2 24 8.7543 5.2562 5.5 11.2457 5.2562 5.5
2 24 1.25 0 6.1188 1.25 5.2562 6.1188
2 24 2.3918 5.25 5.7742 1.25 5.2562 6.1188
2 24 6.1188 0 1.25 8.7543 0 1.25
2 24 6.1188 0 1.25 6.1188 5.2562 1.25
2 24 8.7543 0 1.25 8.7543 5.2562 1.25
2 24 6.1188 5.2562 1.25 8.7543 5.2562 1.25
2 24 13.7519 0 0 13.8812 0 1.25
2 24 13.7519 -4.425 0 14.2275 -4.425 2.3911
2 24 17.609 -4.425 -5.7725 15.5819 -4.425 -4.4181
2 24 17.6082 5.25 -5.7742 15.5806 5.25 -4.4194
2 24 10 5.25 -7.5 -7.5 5.25 -7.5
2 24 -7.5 0 -7.5 -7.5 5.25 -7.5
2 24 13.7519 0 0 13.8812 0 1.25
2 24 11.2457 0 1.25 13.8812 0 1.25
2 24 18.0012 -4.425 -3.4576 20 -4.425 -4.0019
2 24 18.0012 0 -3.4576 20 0 -4.0019
2 24 14.2275 -4.425 -2.3911 15.5819 -4.425 -4.4181
2 24 14.2258 5.25 2.3918 15.5806 5.25 4.4194
2 24 17.6089 -4.425 5.7725 20 -4.425 6.2481
2 24 18.75 0 6.1188 20 0 6.2481
2 24 23.4576 -4.425 1.9988 24.0019 -4.425 0
2 24 23.4576 0 1.9988 24.0019 0 0
2 24 29.5 1.25 -8.1719 29.1162 1.25 -9.1162
2 24 29.1162 1.25 -9.1162 28.1719 1.25 -9.5
2 24 27.8369 0 -9.1651 28.7813 0 -8.7813
2 24 18.3174 5.25 2.9257 17.0744 5.25 1.6826
2 24 28.7813 0 -8.7813 29.1651 0 -7.8369
2 24 22.3918 5.25 5.7742 24.4194 5.25 4.4194
2 24 24.4181 -4.425 -4.4181 25.7725 -4.425 -2.391
2 24 25.7725 -4.425 2.391 24.4181 -4.425 4.4181
2 24 16.0128 0 0.0027 16.5453 0 1.9954
2 24 16.0128 -4.425 0.0027 16.5453 -4.425 1.9954
2 24 22.9173 5.25 -1.6972 23.3753 5.25 0
2 24 24.4181 -4.425 4.4181 22.3911 -4.425 5.7725
2 24 23.4576 -4.425 1.9988 21.9954 -4.425 3.4547
2 24 20 -4.425 6.2481 22.3911 -4.425 5.7725
2 24 20 0 6.2481 21.25 0 6.1189
2 24 17.0744 5.25 -1.6826 16.625 5.25 0
2 24 17.0744 0 -1.6826 16.625 0 0
2 24 20 5.25 -3.3753 21.6972 5.25 -2.9173
2 24 24.4181 -4.425 -4.4181 22.391 -4.425 -5.7725
2 24 23.4576 -4.425 -1.9988 21.9988 -4.425 -3.4576
2 24 16.0128 -4.425 0.0027 16.5453 -4.425 -1.9954
2 24 16.0128 0 0.0027 16.5453 0 -1.9954
2 24 22.9173 5.25 -1.6972 21.6972 5.25 -2.9173
2 24 26.2482 -4.425 0 25.7725 -4.425 -2.391
2 24 26.25 5.25 0 25.7742 5.25 -2.3918
2 24 23.4576 -4.425 1.9988 24.0019 -4.425 0
2 24 25.7725 -4.425 2.391 26.2482 -4.425 0
2 24 15.5806 5.25 4.4194 14.2258 5.25 2.3918
2 24 14.2275 -4.425 2.3911 15.5819 -4.425 4.4181
2 24 20 -4.425 -6.2482 17.609 -4.425 -5.7725
2 24 20 -4.425 -4.0019 18.0012 -4.425 -3.4576
2 24 21.6826 5.25 2.9257 22.9173 5.25 1.6972
2 24 21.6826 0 2.9256 22.9173 0 1.6972
2 24 15.5806 5.25 -4.4194 14.2258 5.25 -2.3918
2 24 15.5819 -4.425 -4.4181 14.2275 -4.425 -2.3911
2 24 -10 8 -10 30 8 -10
2 24 -10 8 -10 -10 1.25 -10
2 24 30 8 -10 30 1.25 -10
2 24 -10 1.25 -10 30 1.25 -10
2 24 16.5453 -4.425 1.9954 16.0128 -4.425 0.0027
2 24 14.2275 -4.425 2.3911 13.7519 -4.425 0
2 24 14.2258 5.25 -2.3918 13.8812 5.2562 -1.25
2 24 13.8812 5.2562 -1.25 13.8812 0 -1.25
2 24 26.25 5.25 0 25.7742 5.25 -2.3918
2 24 23.4576 0 1.9988 21.9954 0 3.4547
2 24 23.4576 -4.425 1.9988 21.9954 -4.425 3.4547
2 24 21.9954 -4.425 3.4547 19.9973 -4.425 3.9873
2 24 21.9954 0 3.4547 19.9973 0 3.9873
2 24 18.0046 0 3.4547 16.5453 0 1.9954
2 24 18.3174 0 2.9256 17.0744 0 1.6826
2 24 24.4181 -4.425 -4.4181 22.391 -4.425 -5.7725
2 24 24.4194 5.25 -4.4194 22.3918 5.25 -5.7742
2 24 25.7742 5.25 -2.3918 24.4194 5.25 -4.4194
2 24 25.7725 -4.425 -2.391 24.4181 -4.425 -4.4181
2 24 25.7725 -4.425 -2.391 26.2482 -4.425 0
2 24 23.4576 -4.425 -1.9988 24.0019 -4.425 0
2 24 18.0012 -4.425 -3.4576 16.5453 -4.425 -1.9954
2 24 18.0012 0 -3.4576 16.5453 0 -1.9954
2 24 24.4194 5.25 4.4194 25.7743 5.25 2.3918
2 24 18.3174 5.25 2.9257 20 5.25 3.375
2 24 17.0744 0 -1.6826 18.3028 0 -2.9173
2 24 17.0744 5.25 -1.6826 18.3028 5.25 -2.9173
2 24 26.2482 -4.425 0 25.7725 -4.425 2.391
2 24 26.25 5.25 0 25.7743 5.25 2.3918
2 24 20 5.25 3.375 21.6826 5.25 2.9257
2 24 16.625 5.25 0 17.0744 5.25 -1.6826
2 24 25.7742 5.25 -2.3918 24.4194 5.25 -4.4194
2 24 22.3918 5.25 5.7742 24.4194 5.25 4.4194
2 24 22.3911 -4.425 5.7725 24.4181 -4.425 4.4181
2 24 24.0019 0 0 23.4576 0 -1.9988
2 24 23.3753 0 0 22.9173 0 -1.6972
2 24 27.5 5.25 10 27.5 5.25 -7.5
2 24 26.25 5.25 0 25.7743 5.25 2.3918
2 24 17.6082 5.25 -5.7742 15.5806 5.25 -4.4194
2 24 22.3911 -4.425 5.7725 20 -4.425 6.2481
2 24 21.9954 -4.425 3.4547 19.9973 -4.425 3.9873
2 24 15.5806 5.25 4.4194 17.6082 5.25 5.7742
2 24 17.6089 -4.425 5.7725 15.5819 -4.425 4.4181
2 24 10 5.25 -7.5 27.5 5.25 -7.5
2 24 17.6082 5.25 -5.7742 20 5.25 -6.25
2 24 18.3174 5.25 2.9257 20 5.25 3.375
2 24 18.3174 0 2.9256 20 0 3.375
2 24 -8.1719 1.25 -9.5 28.1719 1.25 -9.5
2 24 -7.8369 0 -9.1651 27.8369 0 -9.1651
2 24 19.9973 -4.425 3.9873 18.0046 -4.425 3.4547
2 24 19.9973 0 3.9873 18.0046 0 3.4547
2 24 20 0 -4.0019 21.9988 0 -3.4576
2 24 20 -4.425 -4.0019 21.9988 -4.425 -3.4576
2 24 24.0019 0 0 23.4576 0 -1.9988
2 24 24.0019 -4.425 0 23.4576 -4.425 -1.9988
2 24 18.0012 0 -3.4576 16.5453 0 -1.9954
2 24 18.3028 0 -2.9173 17.0744 0 -1.6826
2 24 14.2275 -4.425 2.3911 15.5819 -4.425 4.4181
2 24 22.9173 0 -1.6972 23.3753 0 0
2 24 22.9173 5.25 -1.6972 23.3753 5.25 0
2 24 20 0 -3.3753 21.6972 0 -2.9173
2 24 20 5.25 -3.3753 21.6972 5.25 -2.9173
2 24 11.2457 0 1.25 11.2457 5.2562 1.25
2 24 11.2457 0 1.25 11.2457 0 5.5
2 24 11.2457 5.2562 1.25 11.2457 5.2562 5.5
2 24 11.2457 0 5.5 11.2457 5.2562 5.5
2 24 14.2275 -4.425 -2.3911 13.7519 -4.425 0
2 24 16.5453 -4.425 -1.9954 16.0128 -4.425 0.0027
2 24 22.9173 5.25 1.6972 23.3753 5.25 0
2 24 22.9173 0 1.6972 23.3753 0 0
2 24 17.0744 0 1.6826 16.625 0 0
2 24 16.5453 0 1.9954 16.0128 0 0.0027
2 24 13.7519 0 0 13.8812 0 -1.25
2 24 13.7519 -4.425 0 14.2275 -4.425 -2.3911
2 24 21.9988 -4.425 -3.4576 20 -4.425 -4.0019
2 24 22.391 -4.425 -5.7725 20 -4.425 -6.2482
2 24 16.625 5.25 0 17.0744 5.25 1.6826
2 24 16.625 0 0 17.0744 0 1.6826
2 24 19.9973 -4.425 3.9873 18.0046 -4.425 3.4547
2 24 20 -4.425 6.2481 17.6089 -4.425 5.7725
2 24 28.1719 1.25 -9.5 29.1162 1.25 -9.1162
2 24 27.8369 0 -9.1651 28.7813 0 -8.7813
2 24 21.9988 -4.425 -3.4576 23.4576 -4.425 -1.9988
2 24 21.9988 0 -3.4576 23.4576 0 -1.9988
2 24 17.609 -4.425 -5.7725 20 -4.425 -6.2482
2 24 17.6082 5.25 -5.7742 20 5.25 -6.25
2 24 20 5.25 -3.3753 18.3028 5.25 -2.9173
2 24 -10 1.25 -10 30 1.25 -10
2 24 -8.1719 1.25 -9.5 28.1719 1.25 -9.5
2 24 21.6972 0 -2.9173 20 0 -3.3753
2 24 21.9988 0 -3.4576 20 0 -4.0019
2 24 21.6826 5.25 2.9257 20 5.25 3.375
2 24 21.6826 0 2.9256 20 0 3.375
2 24 23.3753 5.25 0 22.9173 5.25 1.6972
2 24 18.3174 5.25 2.9257 17.0744 5.25 1.6826
2 24 18.3174 0 2.9256 17.0744 0 1.6826
2 24 18.3028 0 -2.9173 20 0 -3.3753
2 24 18.0012 0 -3.4576 20 0 -4.0019
2 24 18.75 0 8.7543 14.5 0 8.7543
2 24 18.75 0 8.7543 18.75 5.2562 8.7543
2 24 14.5 0 8.7543 14.5 5.2562 8.7543
2 24 18.75 5.2562 8.7543 14.5 5.2562 8.7543
2 24 22.3918 5.25 -5.7742 20 5.25 -6.25
2 24 22.391 -4.425 -5.7725 20 -4.425 -6.2482
2 24 22.9173 0 -1.6972 21.6972 0 -2.9173
2 24 22.9173 5.25 -1.6972 21.6972 5.25 -2.9173
2 24 17.0744 5.25 1.6826 16.625 5.25 0
2 24 18.75 0 6.1188 18.75 0 8.7543
2 24 18.75 0 6.1188 18.75 5.2562 6.1188
2 24 18.75 0 8.7543 18.75 5.2562 8.7543
2 24 18.75 5.2562 6.1188 18.75 5.2562 8.7543
2 24 24.0019 0 0 23.4576 0 1.9988
2 24 23.3753 0 0 22.9173 0 1.6972
2 24 21.9954 0 3.4547 19.9973 0 3.9873
2 24 21.6826 0 2.9256 20 0 3.375
2 24 18.3174 0 2.9256 20 0 3.375
2 24 18.0046 0 3.4547 19.9973 0 3.9873
2 24 17.0744 5.25 -1.6826 18.3028 5.25 -2.9173
2 24 15.5819 -4.425 4.4181 17.6089 -4.425 5.7725
2 24 16.5453 -4.425 1.9954 18.0046 -4.425 3.4547
2 24 15.5806 5.25 4.4194 17.6082 5.25 5.7742
2 24 22.9173 0 1.6972 21.6826 0 2.9256
2 24 23.4576 0 1.9988 21.9954 0 3.4547
2 24 14.5 5.2562 8.7543 18.75 5.2562 8.7543
2 24 17.6082 5.25 5.7742 18.75 5.2562 6.1188
2 24 18.75 5.2562 8.7543 18.75 5.2562 6.1188
2 24 16.5453 -4.425 -1.9954 18.0012 -4.425 -3.4576
2 24 15.5819 -4.425 -4.4181 17.609 -4.425 -5.7725
2 24 24.4194 5.25 -4.4194 22.3918 5.25 -5.7742
2 24 18.3028 5.25 -2.9173 20 5.25 -3.3753
2 24 18.3028 0 -2.9173 20 0 -3.3753
2 24 20 5.25 -6.25 22.3918 5.25 -5.7742
2 24 21.6826 5.25 2.9257 22.9173 5.25 1.6972
2 24 16.5453 -4.425 1.9954 18.0046 -4.425 3.4547
2 24 16.5453 0 1.9954 18.0046 0 3.4547
2 24 17.0744 0 -1.6826 16.625 0 0
2 24 16.5453 0 -1.9954 16.0128 0 0.0027
2 24 15.5806 5.25 -4.4194 14.2258 5.25 -2.3918
2 24 11.2457 5.2562 5.5 11.2457 5.2562 1.25
2 24 11.2457 5.2562 1.25 13.8812 5.2562 1.25
2 24 14.2258 5.25 2.3918 13.8812 5.2562 1.25
2 24 14.5 5.2562 8.7543 14.5 0 8.7543
2 24 14.5 5.2562 8.7543 14.5 5.2562 11.2457
2 24 14.5 0 8.7543 14.5 0 11.2457
2 24 14.5 5.2562 11.2457 14.5 0 11.2457
2 24 25.7725 -4.425 2.391 24.4181 -4.425 4.4181
2 24 25.7743 5.25 2.3918 24.4194 5.25 4.4194
2 24 29.5 1.25 -8.1719 29.5 1.25 28.1719
2 24 30 1.25 -10 30 1.25 30
2 24 27.5 0 -7.5 27.5 0 27.5
2 24 29.1651 0 -7.8369 29.1651 0 27.8369
2 24 21.25 0 6.1189 21.25 5.2561 6.1189
2 24 22.3918 5.25 5.7742 21.25 5.2561 6.1189
2 24 21.25 5.2561 6.1189 21.25 5.2561 13.8812
2 24 21.25 5.2561 6.1189 21.25 0 6.1189
2 24 21.25 5.2561 13.8812 21.25 0 13.8812
2 24 21.25 0 6.1189 21.25 0 13.8812
2 24 13.8812 0 1.25 13.8812 5.2562 1.25
2 24 14.2258 5.25 2.3918 13.8812 5.2562 1.25
2 24 18.75 0 8.7543 18.75 0 6.1188
2 24 20 0 6.2481 18.75 0 6.1188
2 24 23.4576 0 -1.9988 21.9988 0 -3.4576
2 24 22.9173 0 -1.6972 21.6972 0 -2.9173
2 24 28.7813 0 -8.7813 29.1651 0 -7.8369
2 24 29.1162 1.25 -9.1162 29.5 1.25 -8.1719
2 24 30 1.25 -10 30 8 -10
2 24 30 1.25 -10 30 1.25 30
2 24 30 8 -10 30 8 30
2 24 30 1.25 30 30 8 30
2 24 18.75 0 6.1188 18.75 5.2562 6.1188
2 24 17.6082 5.25 5.7742 18.75 5.2562 6.1188
2 24 -7.8369 0 -9.1651 27.8369 0 -9.1651
2 24 -7.5 0 -7.5 27.5 0 -7.5
2 24 13.8812 0 1.25 13.8812 5.2562 1.25
2 24 13.8812 0 1.25 11.2457 0 1.25
2 24 13.8812 5.2562 1.25 11.2457 5.2562 1.25
2 24 11.2457 0 1.25 11.2457 5.2562 1.25
2 24 6.1189 5.2562 -1.25 13.8812 5.2562 -1.25
2 24 6.1189 5.2562 -1.25 6.1189 0 -1.25
2 24 13.8812 5.2562 -1.25 13.8812 0 -1.25
2 24 6.1189 0 -1.25 13.8812 0 -1.25
2 24 6.1189 0 -1.25 13.8812 0 -1.25
2 24 6.2481 0 0 6.1189 0 -1.25
2 24 13.7519 0 0 13.8812 0 -1.25
2 24 6.2481 0 20 6.1188 0 18.75
2 24 6.2481 -4.425 20 5.7725 -4.425 17.6089
2 24 2.391 -4.425 25.7726 4.4181 -4.425 24.4181
2 24 2.3918 5.25 25.7742 4.4194 5.25 24.4194
2 24 -7.5 0 27.5 27.5 0 27.5
2 24 6.2481 0 20 6.1188 0 18.75
2 24 8.7543 0 18.75 6.1188 0 18.75
2 24 1.9988 -4.425 23.4576 0 -4.425 24.0019
2 24 1.9988 0 23.4576 0 0 24.0019
2 24 5.7725 -4.425 22.3911 4.4181 -4.425 24.4181
2 24 5.7742 5.25 17.6082 4.4194 5.25 15.5806
2 24 2.3911 -4.425 14.2275 0 -4.425 13.7519
2 24 1.25 0 13.8812 0 0 13.7519
2 24 -3.4576 -4.425 18.0012 -4.0019 -4.425 20
2 24 -3.4576 0 18.0012 -4.0019 0 20
2 24 -9.5 1.25 28.1719 -9.1162 1.25 29.1162
2 24 -9.1162 1.25 29.1162 -8.1719 1.25 29.5
2 24 -7.8369 0 29.1651 -8.7813 0 28.7813
2 24 1.6826 5.25 17.0744 2.9257 5.25 18.3174
2 24 -8.7813 0 28.7813 -9.1651 0 27.8369
2 24 -2.3918 5.25 14.2258 -4.4194 5.25 15.5806
2 24 -4.4181 -4.425 24.4181 -5.7725 -4.425 22.391
2 24 -5.7725 -4.425 17.609 -4.4181 -4.425 15.5819
2 24 3.9873 0 19.9973 3.4547 0 18.0046
2 24 3.9873 -4.425 19.9973 3.4547 -4.425 18.0046
2 24 -2.9173 5.25 21.6972 -3.3753 5.25 20
2 24 -4.4181 -4.425 15.5819 -2.3911 -4.425 14.2275
2 24 -3.4576 -4.425 18.0012 -1.9954 -4.425 16.5453
2 24 0 -4.425 13.7519 -2.3911 -4.425 14.2275
2 24 0 0 13.7519 -1.25 0 13.8812
2 24 2.9257 5.25 21.6826 3.375 5.25 20
2 24 2.9256 0 21.6826 3.375 0 20
2 24 0 5.25 23.3753 -1.6972 5.25 22.9173
2 24 -4.4181 -4.425 24.4181 -2.391 -4.425 25.7725
2 24 -3.4576 -4.425 21.9988 -1.9988 -4.425 23.4576
2 24 3.9873 -4.425 19.9973 3.4547 -4.425 21.9954
2 24 3.9873 0 19.9973 3.4547 0 21.9954
2 24 -2.9173 5.25 21.6972 -1.6972 5.25 22.9173
2 24 -6.2482 -4.425 20 -5.7725 -4.425 22.391
2 24 -6.25 5.25 20 -5.7742 5.25 22.3918
2 24 -3.4576 -4.425 18.0012 -4.0019 -4.425 20
2 24 -5.7725 -4.425 17.609 -6.2482 -4.425 20
2 24 4.4194 5.25 15.5806 5.7742 5.25 17.6082
2 24 5.7725 -4.425 17.6089 4.4181 -4.425 15.5819
2 24 0 -4.425 26.2482 2.391 -4.425 25.7726
2 24 0 -4.425 24.0019 1.9988 -4.425 23.4576
2 24 -1.6826 5.25 17.0744 -2.9173 5.25 18.3028
2 24 -1.6826 0 17.0744 -2.9173 0 18.3028
2 24 4.4194 5.25 24.4194 5.7742 5.25 22.3918
2 24 4.4181 -4.425 24.4181 5.7725 -4.425 22.3911
2 24 -10 8 30 -10 1.25 30
2 24 -10 8 30 30 8 30
2 24 -10 1.25 30 30 1.25 30
2 24 30 8 30 30 1.25 30
2 24 3.4547 -4.425 18.0046 3.9873 -4.425 19.9973
2 24 5.7725 -4.425 17.6089 6.2481 -4.425 20
2 24 5.7742 5.25 22.3918 6.1189 5.2562 21.25
2 24 6.1189 5.2562 21.25 6.1189 0 21.25
2 24 -6.25 5.25 20 -5.7742 5.25 22.3918
2 24 -3.4576 0 18.0012 -1.9954 0 16.5453
2 24 -3.4576 -4.425 18.0012 -1.9954 -4.425 16.5453
2 24 -1.9954 -4.425 16.5453 0.0027 -4.425 16.0128
2 24 -1.9954 0 16.5453 0.0027 0 16.0128
2 24 1.9954 0 16.5453 3.4547 0 18.0046
2 24 1.6826 0 17.0744 2.9256 0 18.3174
2 24 -4.4181 -4.425 24.4181 -2.391 -4.425 25.7725
2 24 -4.4194 5.25 24.4194 -2.3918 5.25 25.7742
2 24 -5.7742 5.25 22.3918 -4.4194 5.25 24.4194
2 24 -5.7725 -4.425 22.391 -4.4181 -4.425 24.4181
2 24 -5.7725 -4.425 22.391 -6.2482 -4.425 20
2 24 -3.4576 -4.425 21.9988 -4.0019 -4.425 20
2 24 1.9988 -4.425 23.4576 3.4547 -4.425 21.9954
2 24 1.9988 0 23.4576 3.4547 0 21.9954
2 24 -4.4194 5.25 15.5806 -5.7742 5.25 17.6082
2 24 1.6826 5.25 17.0744 0 5.25 16.625
2 24 2.9256 0 21.6826 1.6972 0 22.9173
2 24 2.9257 5.25 21.6826 1.6972 5.25 22.9173
2 24 -6.2482 -4.425 20 -5.7725 -4.425 17.609
2 24 -6.25 5.25 20 -5.7742 5.25 17.6082
2 24 0 5.25 16.625 -1.6826 5.25 17.0744
2 24 3.375 5.25 20 2.9257 5.25 21.6826
2 24 -5.7742 5.25 22.3918 -4.4194 5.25 24.4194
2 24 -2.3918 5.25 14.2258 -4.4194 5.25 15.5806
2 24 -2.3911 -4.425 14.2275 -4.4181 -4.425 15.5819
2 24 -4.0019 0 20 -3.4576 0 21.9988
2 24 -3.3753 0 20 -2.9173 0 21.6972
2 24 -7.5 5.25 10 -7.5 5.25 27.5
2 24 -6.25 5.25 20 -5.7742 5.25 17.6082
2 24 2.3918 5.25 25.7742 4.4194 5.25 24.4194
2 24 -2.3911 -4.425 14.2275 0 -4.425 13.7519
2 24 -1.9954 -4.425 16.5453 0.0027 -4.425 16.0128
2 24 4.4194 5.25 15.5806 2.3918 5.25 14.2258
2 24 2.3911 -4.425 14.2275 4.4181 -4.425 15.5819
2 24 -7.5 5.25 27.5 10 5.25 27.5
2 24 2.3918 5.25 25.7742 0 5.25 26.25
2 24 1.6826 5.25 17.0744 0 5.25 16.625
2 24 1.6826 0 17.0744 0 0 16.625
2 24 -8.1719 1.25 29.5 28.1719 1.25 29.5
2 24 -7.8369 0 29.1651 27.8369 0 29.1651
2 24 0.0027 -4.425 16.0128 1.9954 -4.425 16.5453
2 24 0.0027 0 16.0128 1.9954 0 16.5453
2 24 0 0 24.0019 -1.9988 0 23.4576
2 24 0 -4.425 24.0019 -1.9988 -4.425 23.4576
2 24 -4.0019 0 20 -3.4576 0 21.9988
2 24 -4.0019 -4.425 20 -3.4576 -4.425 21.9988
2 24 1.9988 0 23.4576 3.4547 0 21.9954
2 24 1.6972 0 22.9173 2.9256 0 21.6826
2 24 5.7725 -4.425 17.6089 4.4181 -4.425 15.5819
2 24 -2.9173 0 21.6972 -3.3753 0 20
2 24 -2.9173 5.25 21.6972 -3.3753 5.25 20
2 24 0 0 23.3753 -1.6972 0 22.9173
2 24 0 5.25 23.3753 -1.6972 5.25 22.9173
2 24 8.7543 0 18.75 8.7543 5.2562 18.75
2 24 8.7543 0 18.75 8.7543 0 14.5
2 24 8.7543 5.2562 18.75 8.7543 5.2562 14.5
2 24 8.7543 0 14.5 8.7543 5.2562 14.5
2 24 5.7725 -4.425 22.3911 6.2481 -4.425 20
2 24 3.4547 -4.425 21.9954 3.9873 -4.425 19.9973
2 24 -2.9173 5.25 18.3028 -3.3753 5.25 20
2 24 -2.9173 0 18.3028 -3.3753 0 20
2 24 2.9256 0 18.3174 3.375 0 20
2 24 3.4547 0 18.0046 3.9873 0 19.9973
2 24 6.2481 0 20 6.1189 0 21.25
2 24 6.2481 -4.425 20 5.7725 -4.425 22.3911
2 24 -1.9988 -4.425 23.4576 0 -4.425 24.0019
2 24 -2.391 -4.425 25.7725 0 -4.425 26.2482
2 24 3.375 5.25 20 2.9257 5.25 18.3174
2 24 3.375 0 20 2.9256 0 18.3174
2 24 0.0027 -4.425 16.0128 1.9954 -4.425 16.5453
2 24 0 -4.425 13.7519 2.3911 -4.425 14.2275
2 24 -8.1719 1.25 29.5 -9.1162 1.25 29.1162
2 24 -7.8369 0 29.1651 -8.7813 0 28.7813
2 24 -1.9988 -4.425 23.4576 -3.4576 -4.425 21.9988
2 24 -1.9988 0 23.4576 -3.4576 0 21.9988
2 24 2.391 -4.425 25.7726 0 -4.425 26.2482
2 24 2.3918 5.25 25.7742 0 5.25 26.25
2 24 0 5.25 23.3753 1.6972 5.25 22.9173
2 24 30 1.25 30 -10 1.25 30
2 24 -8.1719 1.25 29.5 28.1719 1.25 29.5
2 24 -1.6972 0 22.9173 0 0 23.3753
2 24 -1.9988 0 23.4576 0 0 24.0019
2 24 -1.6826 5.25 17.0744 0 5.25 16.625
2 24 -1.6826 0 17.0744 0 0 16.625
2 24 -3.3753 5.25 20 -2.9173 5.25 18.3028
2 24 1.6826 5.25 17.0744 2.9257 5.25 18.3174
2 24 1.6826 0 17.0744 2.9256 0 18.3174
2 24 1.6972 0 22.9173 0 0 23.3753
2 24 1.9988 0 23.4576 0 0 24.0019
2 24 1.25 0 11.2457 5.5 0 11.2457
2 24 1.25 0 11.2457 1.25 5.2562 11.2457
2 24 5.5 0 11.2457 5.5 5.2562 11.2457
2 24 1.25 5.2562 11.2457 5.5 5.2562 11.2457
2 24 -2.3918 5.25 25.7742 0 5.25 26.25
2 24 -2.391 -4.425 25.7725 0 -4.425 26.2482
2 24 -2.9173 0 21.6972 -1.6972 0 22.9173
2 24 -2.9173 5.25 21.6972 -1.6972 5.25 22.9173
2 24 2.9257 5.25 18.3174 3.375 5.25 20
2 24 1.25 0 13.8812 1.25 0 11.2457
2 24 1.25 0 13.8812 1.25 5.2562 13.8812
2 24 1.25 0 11.2457 1.25 5.2562 11.2457
2 24 1.25 5.2562 13.8812 1.25 5.2562 11.2457
2 24 -4.0019 0 20 -3.4576 0 18.0012
2 24 -3.3753 0 20 -2.9173 0 18.3028
2 24 -1.9954 0 16.5453 0.0027 0 16.0128
2 24 -1.6826 0 17.0744 0 0 16.625
2 24 1.6826 0 17.0744 0 0 16.625
2 24 1.9954 0 16.5453 0.0027 0 16.0128
2 24 2.9257 5.25 21.6826 1.6972 5.25 22.9173
2 24 4.4181 -4.425 15.5819 2.3911 -4.425 14.2275
2 24 3.4547 -4.425 18.0046 1.9954 -4.425 16.5453
2 24 4.4194 5.25 15.5806 2.3918 5.25 14.2258
2 24 -2.9173 0 18.3028 -1.6826 0 17.0744
2 24 -3.4576 0 18.0012 -1.9954 0 16.5453
2 24 5.5 5.2562 11.2457 1.25 5.2562 11.2457
2 24 2.3918 5.25 14.2258 1.25 5.2562 13.8812
2 24 1.25 5.2562 11.2457 1.25 5.2562 13.8812
2 24 3.4547 -4.425 21.9954 1.9988 -4.425 23.4576
2 24 4.4181 -4.425 24.4181 2.391 -4.425 25.7726
2 24 -4.4194 5.25 24.4194 -2.3918 5.25 25.7742
2 24 1.6972 5.25 22.9173 0 5.25 23.3753
2 24 1.6972 0 22.9173 0 0 23.3753
2 24 0 5.25 26.25 -2.3918 5.25 25.7742
2 24 -1.6826 5.25 17.0744 -2.9173 5.25 18.3028
2 24 3.4547 -4.425 18.0046 1.9954 -4.425 16.5453
2 24 3.4547 0 18.0046 1.9954 0 16.5453
2 24 2.9256 0 21.6826 3.375 0 20
2 24 3.4547 0 21.9954 3.9873 0 19.9973
2 24 4.4194 5.25 24.4194 5.7742 5.25 22.3918
2 24 8.7543 5.2562 14.5 8.7543 5.2562 18.75
2 24 8.7543 5.2562 18.75 6.1188 5.2562 18.75
2 24 5.7742 5.25 17.6082 6.1188 5.2562 18.75
2 24 -5.7725 -4.425 17.609 -4.4181 -4.425 15.5819
2 24 -5.7742 5.25 17.6082 -4.4194 5.25 15.5806
2 24 -9.5 1.25 -8.1719 -9.5 1.25 28.1719
2 24 -10 1.25 -10 -10 1.25 30
2 24 -7.5 0 -7.5 -7.5 0 27.5
2 24 -9.1651 0 -7.8369 -9.1651 0 27.8369
2 24 -1.25 0 13.8812 -1.25 5.2561 13.8812
2 24 -2.3918 5.25 14.2258 -1.25 5.2561 13.8812
2 24 6.1188 0 18.75 6.1188 5.2562 18.75
2 24 5.7742 5.25 17.6082 6.1188 5.2562 18.75
2 24 1.25 0 11.2457 1.25 0 13.8812
2 24 0 0 13.7519 1.25 0 13.8812
2 24 -3.4576 0 21.9988 -1.9988 0 23.4576
2 24 -2.9173 0 21.6972 -1.6972 0 22.9173
2 24 -9.1651 0 27.8369 -8.7813 0 28.7813
2 24 -9.5 1.25 28.1719 -9.1162 1.25 29.1162
2 24 1.25 0 13.8812 1.25 5.2562 13.8812
2 24 2.3918 5.25 14.2258 1.25 5.2562 13.8812
2 24 -7.8369 0 29.1651 27.8369 0 29.1651
2 24 27.5 0 27.5 -7.5 0 27.5
2 24 6.1188 0 18.75 6.1188 5.2562 18.75
2 24 6.1188 0 18.75 8.7543 0 18.75
2 24 6.1188 5.2562 18.75 8.7543 5.2562 18.75
2 24 8.7543 0 18.75 8.7543 5.2562 18.75
2 24 6.1189 5.2562 21.25 6.1189 0 21.25
2 24 6.1189 5.2562 21.25 13.8812 5.2562 21.25
2 24 6.1189 0 21.25 13.8812 0 21.25
2 24 13.8812 5.2562 21.25 13.8812 0 21.25
2 24 6.2481 0 20 6.1189 0 21.25
2 24 6.1189 0 21.25 13.8812 0 21.25
2 24 13.8812 0 21.25 13.7519 0 20
2 24 14.2275 -4.425 17.6089 13.7519 -4.425 20
2 24 13.8812 0 18.75 13.7519 0 20
2 24 27.5 0 27.5 27.5 5.25 27.5
2 24 27.5 5.25 10 27.5 5.25 27.5
2 24 17.609 -4.425 25.7726 15.5819 -4.425 24.4181
2 24 17.6082 5.25 25.7742 15.5806 5.25 24.4194
2 24 5.5 5.2562 8.7543 5.5 5.2562 11.2457
2 24 8.7543 5.2562 14.5 11.2457 5.2562 14.5
2 24 8.7543 5.2562 14.5 8.7543 0 14.5
2 24 11.2457 5.2562 14.5 11.2457 0 14.5
2 24 8.7543 0 14.5 11.2457 0 14.5
2 24 13.7519 0 20 13.8812 0 18.75
2 24 11.2457 0 18.75 13.8812 0 18.75
2 24 18.0012 -4.425 23.4576 20 -4.425 24.0019
2 24 18.0012 0 23.4576 20 0 24.0019
2 24 15.5819 -4.425 24.4181 14.2275 -4.425 22.3911
2 24 15.5806 5.25 15.5806 14.2258 5.25 17.6082
2 24 20 0 13.7519 18.75 0 13.8812
2 24 20 -4.425 13.7519 17.6089 -4.425 14.2275
2 24 23.4576 -4.425 18.0012 24.0019 -4.425 20
2 24 23.4576 0 18.0012 24.0019 0 20
2 24 29.5 1.25 28.1719 29.1162 1.25 29.1162
2 24 28.1719 1.25 29.5 29.1162 1.25 29.1162
2 24 27.8369 0 29.1651 28.7813 0 28.7813
2 24 18.3174 5.25 17.0744 17.0744 5.25 18.3174
2 24 29.1651 0 27.8369 28.7813 0 28.7813
2 24 24.4194 5.25 15.5806 22.3918 5.25 14.2258
2 24 25.7725 -4.425 22.391 24.4181 -4.425 24.4181
2 24 24.4181 -4.425 15.5819 25.7725 -4.425 17.609
2 24 16.0128 0 19.9973 16.5453 0 18.0046
2 24 16.0128 -4.425 19.9973 16.5453 -4.425 18.0046
2 24 23.3753 5.25 20 22.9173 5.25 21.6972
2 24 23.4576 -4.425 18.0012 21.9954 -4.425 16.5453
2 24 24.4181 -4.425 15.5819 22.3911 -4.425 14.2275
2 24 20 0 13.7519 21.25 0 13.8812
2 24 20 -4.425 13.7519 22.3911 -4.425 14.2275
2 24 17.0744 5.25 21.6826 16.625 5.25 20
2 24 17.0744 0 21.6826 16.625 0 20
2 24 20 5.25 23.3753 21.6972 5.25 22.9173
2 24 23.4576 -4.425 21.9988 21.9988 -4.425 23.4576
2 24 24.4181 -4.425 24.4181 22.391 -4.425 25.7725
2 24 16.0128 -4.425 19.9973 16.5453 -4.425 21.9954
2 24 16.0128 0 19.9973 16.5453 0 21.9954
2 24 22.9173 5.25 21.6972 21.6972 5.25 22.9173
2 24 26.2482 -4.425 20 25.7725 -4.425 22.391
2 24 26.25 5.25 20 25.7742 5.25 22.3918
2 24 23.4576 -4.425 18.0012 24.0019 -4.425 20
2 24 25.7725 -4.425 17.609 26.2482 -4.425 20
2 24 15.5806 5.25 15.5806 14.2258 5.25 17.6082
2 24 14.2275 -4.425 17.6089 15.5819 -4.425 15.5819
2 24 18.0012 -4.425 23.4576 20 -4.425 24.0019
2 24 17.609 -4.425 25.7726 20 -4.425 26.2482
2 24 8.7543 0 14.5 11.2457 0 14.5
2 24 8.7543 0 18.75 8.7543 0 14.5
2 24 11.2457 0 18.75 11.2457 0 14.5
2 24 21.6826 5.25 17.0744 22.9173 5.25 18.3028
2 24 21.6826 0 17.0744 22.9173 0 18.3028
2 24 15.5806 5.25 24.4194 14.2258 5.25 22.3918
2 24 15.5819 -4.425 24.4181 14.2275 -4.425 22.3911
2 24 16.5453 -4.425 18.0046 16.0128 -4.425 19.9973
2 24 14.2275 -4.425 17.6089 13.7519 -4.425 20
2 24 14.2258 5.25 22.3918 13.8812 5.2562 21.25
2 24 13.8812 0 21.25 13.8812 5.2562 21.25
2 24 26.25 5.25 20 25.7742 5.25 22.3918
2 24 23.4576 0 18.0012 21.9954 0 16.5453
2 24 23.4576 -4.425 18.0012 21.9954 -4.425 16.5453
2 24 21.9954 -4.425 16.5453 19.9973 -4.425 16.0128
2 24 21.9954 0 16.5453 19.9973 0 16.0128
2 24 18.0046 0 16.5453 16.5453 0 18.0046
2 24 18.3174 0 17.0744 17.0744 0 18.3174
2 24 24.4181 -4.425 24.4181 22.391 -4.425 25.7725
2 24 24.4194 5.25 24.4194 22.3918 5.25 25.7742
2 24 25.7742 5.25 22.3918 24.4194 5.25 24.4194
2 24 25.7725 -4.425 22.391 24.4181 -4.425 24.4181
2 24 25.7725 -4.425 22.391 26.2482 -4.425 20
2 24 23.4576 -4.425 21.9988 24.0019 -4.425 20
2 24 18.0012 -4.425 23.4576 16.5453 -4.425 21.9954
2 24 18.0012 0 23.4576 16.5453 0 21.9954
2 24 24.4194 5.25 15.5806 25.7743 5.25 17.6082
2 24 18.3174 5.25 17.0744 20 5.25 16.625
2 24 17.0744 0 21.6826 18.3028 0 22.9173
2 24 17.0744 5.25 21.6826 18.3028 5.25 22.9173
2 24 26.2482 -4.425 20 25.7725 -4.425 17.609
2 24 26.25 5.25 20 25.7743 5.25 17.6082
2 24 20 5.25 16.625 21.6826 5.25 17.0744
2 24 17.0744 5.25 21.6826 16.625 5.25 20
2 24 25.7742 5.25 22.3918 24.4194 5.25 24.4194
2 24 22.3918 5.25 14.2258 24.4194 5.25 15.5806
2 24 22.3911 -4.425 14.2275 24.4181 -4.425 15.5819
2 24 22.9173 0 21.6972 23.3753 0 20
2 24 23.4576 0 21.9988 24.0019 0 20
2 24 27.5 5.25 10 27.5 5.25 27.5
2 24 26.25 5.25 20 25.7743 5.25 17.6082
2 24 17.6082 5.25 25.7742 15.5806 5.25 24.4194
2 24 22.3911 -4.425 14.2275 20 -4.425 13.7519
2 24 21.9954 -4.425 16.5453 19.9973 -4.425 16.0128
2 24 15.5806 5.25 15.5806 17.6082 5.25 14.2258
2 24 17.6089 -4.425 14.2275 15.5819 -4.425 15.5819
2 24 10 5.25 27.5 27.5 5.25 27.5
2 24 17.6082 5.25 25.7742 20 5.25 26.25
2 24 18.3174 5.25 17.0744 20 5.25 16.625
2 24 18.3174 0 17.0744 20 0 16.625
2 24 19.9973 -4.425 16.0128 18.0046 -4.425 16.5453
2 24 19.9973 0 16.0128 18.0046 0 16.5453
2 24 20 0 24.0019 21.9988 0 23.4576
2 24 20 -4.425 24.0019 21.9988 -4.425 23.4576
2 24 24.0019 0 20 23.4576 0 21.9988
2 24 24.0019 -4.425 20 23.4576 -4.425 21.9988
2 24 17.0744 0 21.6826 18.3028 0 22.9173
2 24 16.5453 0 21.9954 18.0012 0 23.4576
2 24 14.2275 -4.425 17.6089 15.5819 -4.425 15.5819
2 24 22.9173 0 21.6972 23.3753 0 20
2 24 22.9173 5.25 21.6972 23.3753 5.25 20
2 24 20 0 23.3753 21.6972 0 22.9173
2 24 20 5.25 23.3753 21.6972 5.25 22.9173
2 24 11.2457 0 18.75 11.2457 0 14.5
2 24 11.2457 0 18.75 11.2457 5.2562 18.75
2 24 11.2457 0 14.5 11.2457 5.2562 14.5
2 24 11.2457 5.2562 18.75 11.2457 5.2562 14.5
2 24 14.2275 -4.425 22.3911 13.7519 -4.425 20
2 24 16.5453 -4.425 21.9954 16.0128 -4.425 19.9973
2 24 22.9173 5.25 18.3028 23.3753 5.25 20
2 24 22.9173 0 18.3028 23.3753 0 20
2 24 17.0744 0 18.3174 16.625 0 20
2 24 16.5453 0 18.0046 16.0128 0 19.9973
2 24 13.7519 -4.425 20 14.2275 -4.425 22.3911
2 24 13.7519 0 20 13.8812 0 21.25
2 24 21.9988 -4.425 23.4576 20 -4.425 24.0019
2 24 22.391 -4.425 25.7725 20 -4.425 26.2482
2 24 16.625 5.25 20 17.0744 5.25 18.3174
2 24 16.625 0 20 17.0744 0 18.3174
2 24 20 -4.425 13.7519 17.6089 -4.425 14.2275
2 24 19.9973 -4.425 16.0128 18.0046 -4.425 16.5453
2 24 27.8369 0 29.1651 28.7813 0 28.7813
2 24 28.1719 1.25 29.5 29.1162 1.25 29.1162
2 24 21.9988 -4.425 23.4576 23.4576 -4.425 21.9988
2 24 21.9988 0 23.4576 23.4576 0 21.9988
2 24 17.609 -4.425 25.7726 20 -4.425 26.2482
2 24 17.6082 5.25 25.7742 20 5.25 26.25
2 24 20 5.25 23.3753 18.3028 5.25 22.9173
2 24 20 0 24.0019 21.9988 0 23.4576
2 24 20 0 23.3753 21.6972 0 22.9173
2 24 21.6826 5.25 17.0744 20 5.25 16.625
2 24 21.6826 0 17.0744 20 0 16.625
2 24 23.3753 5.25 20 22.9173 5.25 18.3028
2 24 18.3174 5.25 17.0744 17.0744 5.25 18.3174
2 24 18.3174 0 17.0744 17.0744 0 18.3174
2 24 18.0012 0 23.4576 20 0 24.0019
2 24 18.3028 0 22.9173 20 0 23.3753
2 24 18.75 0 11.2457 18.75 5.2562 11.2457
2 24 18.75 0 11.2457 14.5 0 11.2457
2 24 18.75 5.2562 11.2457 14.5 5.2562 11.2457
2 24 14.5 0 11.2457 14.5 5.2562 11.2457
2 24 22.3918 5.25 5.7742 21.25 5.2561 6.1189
2 24 22.3918 5.25 25.7742 20 5.25 26.25
2 24 22.391 -4.425 25.7725 20 -4.425 26.2482
2 24 22.9173 0 21.6972 21.6972 0 22.9173
2 24 22.9173 5.25 21.6972 21.6972 5.25 22.9173
2 24 17.0744 5.25 18.3174 16.625 5.25 20
2 24 18.75 0 13.8812 18.75 5.2562 13.8812
2 24 18.75 0 13.8812 18.75 0 11.2457
2 24 18.75 5.2562 13.8812 18.75 5.2562 11.2457
2 24 18.75 0 11.2457 18.75 5.2562 11.2457
2 24 24.0019 0 20 23.4576 0 18.0012
2 24 23.3753 0 20 22.9173 0 18.3028
2 24 20 0 16.625 21.6826 0 17.0744
2 24 19.9973 0 16.0128 21.9954 0 16.5453
2 24 18.3174 0 17.0744 20 0 16.625
2 24 18.0046 0 16.5453 19.9973 0 16.0128
2 24 17.0744 5.25 21.6826 18.3028 5.25 22.9173
2 24 15.5819 -4.425 15.5819 17.6089 -4.425 14.2275
2 24 16.5453 -4.425 18.0046 18.0046 -4.425 16.5453
2 24 15.5806 5.25 15.5806 17.6082 5.25 14.2258
2 24 23.4576 0 18.0012 21.9954 0 16.5453
2 24 22.9173 0 18.3028 21.6826 0 17.0744
2 24 14.5 5.2562 11.2457 18.75 5.2562 11.2457
2 24 18.75 5.2562 11.2457 18.75 5.2562 13.8812
2 24 17.6082 5.25 14.2258 18.75 5.2562 13.8812
2 24 15.5819 -4.425 24.4181 17.609 -4.425 25.7726
2 24 16.5453 -4.425 21.9954 18.0012 -4.425 23.4576
2 24 24.4194 5.25 24.4194 22.3918 5.25 25.7742
2 24 18.3028 5.25 22.9173 20 5.25 23.3753
2 24 18.3028 0 22.9173 20 0 23.3753
2 24 20 5.25 26.25 22.3918 5.25 25.7742
2 24 21.6826 5.25 17.0744 22.9173 5.25 18.3028
2 24 16.5453 -4.425 18.0046 18.0046 -4.425 16.5453
2 24 16.5453 0 18.0046 18.0046 0 16.5453
2 24 17.0744 0 21.6826 16.625 0 20
2 24 16.5453 0 21.9954 16.0128 0 19.9973
2 24 15.5806 5.25 24.4194 14.2258 5.25 22.3918
2 24 11.2457 5.2562 14.5 11.2457 5.2562 18.75
2 24 14.2258 5.25 17.6082 13.8812 5.2562 18.75
2 24 11.2457 5.2562 18.75 13.8812 5.2562 18.75
2 24 29.5 1.25 -8.1719 29.5 1.25 28.1719
2 24 29.1651 0 -7.8369 29.1651 0 27.8369
2 24 25.7725 -4.425 17.609 24.4181 -4.425 15.5819
2 24 25.7743 5.25 17.6082 24.4194 5.25 15.5806
2 24 21.25 0 13.8812 21.25 5.2561 13.8812
2 24 22.3918 5.25 14.2258 21.25 5.2561 13.8812
2 24 13.8812 0 18.75 13.8812 5.2562 18.75
2 24 14.2258 5.25 17.6082 13.8812 5.2562 18.75
2 24 18.75 0 13.8812 18.75 0 11.2457
2 24 20 0 13.7519 18.75 0 13.8812
2 24 23.4576 0 21.9988 21.9988 0 23.4576
2 24 22.9173 0 21.6972 21.6972 0 22.9173
2 24 29.1162 1.25 29.1162 29.5 1.25 28.1719
2 24 28.7813 0 28.7813 29.1651 0 27.8369
2 24 18.75 0 13.8812 18.75 5.2562 13.8812
2 24 17.6082 5.25 14.2258 18.75 5.2562 13.8812
2 24 -10 8 30 30 8 30
2 24 -10 8 30 -10 8 -10
2 24 30 8 30 30 8 -10
2 24 -10 8 -10 30 8 -10
2 24 13.8812 0 18.75 11.2457 0 18.75
2 24 13.8812 0 18.75 13.8812 5.2562 18.75
2 24 11.2457 0 18.75 11.2457 5.2562 18.75
2 24 13.8812 5.2562 18.75 11.2457 5.2562 18.75
2 24 0 0 6.2481 -1.25 0 6.1189
2 24 0 0 13.7519 -1.25 0 13.8812
2 24 -1.25 0 6.1189 -1.25 0 13.8812
2 24 5.5 0 8.7543 5.5 0 11.2457
2 24 1.25 0 8.7543 5.5 0 8.7543
2 24 1.25 0 11.2457 5.5 0 11.2457
2 24 21.25 0 6.1189 21.25 0 13.8812
2 24 20 0 6.2481 21.25 0 6.1189
2 24 20 0 13.7519 21.25 0 13.8812
2 24 18.75 0 8.7543 14.5 0 8.7543
2 24 18.75 0 11.2457 14.5 0 11.2457
2 24 14.5 0 8.7543 14.5 0 11.2457
2 24 14.5 5.2562 8.7543 14.5 5.2562 11.2457
2 24 27.5 0 -7.5 27.5 5.25 -7.5
2 24 10 5.25 -7.5 27.5 5.25 -7.5
2 24 -7.5 0 -7.5 27.5 0 -7.5
2 24 -7.5 0 -7.5 -7.5 5.25 -7.5
2 24 -7.5 5.25 10 -7.5 5.25 -7.5
2 24 -7.5 5.25 10 -7.5 5.25 27.5
2 24 -7.5 0 27.5 -7.5 5.25 27.5
2 24 -7.5 0 27.5 -7.5 5.25 27.5
2 24 10 5.25 27.5 -7.5 5.25 27.5
2 24 10 5.25 27.5 27.5 5.25 27.5
2 24 27.5 0 27.5 27.5 5.25 27.5
2 24 27.5 5.25 10 27.5 5.25 -7.5
2 24 27.5 0 -7.5 27.5 5.25 -7.5
2 24 27.5 0 27.5 27.5 0 -7.5
2 24 8.7543 5.2562 14.5 11.2457 5.2562 14.5
2 24 -2.3918 5.25 14.2258 -1.25 5.2561 13.8812
2 24 -1.25 5.2561 13.8812 -1.25 5.2561 6.1189
2 24 -2.3918 5.25 5.7742 -1.25 5.2561 6.1189
2 24 5.7742 5.25 -2.3918 6.1189 5.2562 -1.25
2 24 6.1189 5.2562 -1.25 13.8812 5.2562 -1.25
2 24 14.2258 5.25 -2.3918 13.8812 5.2562 -1.25
2 24 21.25 5.2561 6.1189 21.25 5.2561 13.8812
2 24 22.3918 5.25 14.2258 21.25 5.2561 13.8812
2 24 14.2258 5.25 22.3918 13.8812 5.2562 21.25
2 24 13.8812 5.2562 21.25 6.1189 5.2562 21.25
2 24 5.7742 5.25 22.3918 6.1189 5.2562 21.25
2 24 -10 8.025 30 30 8.025 30
2 24 -10 8.025 30 -10 8.025 -10
2 24 30 8.025 30 30 8.025 -10
2 24 -10 8.025 -10 30 8.025 -10
0 STEP
