0 Untitled Model
0 Name: Untitled Model
0 Author: 
0 BFC CERTIFY CCW
3 16 -2.4279 -14.5261 -8.9158 -2.4302 -4.5883 -9.193 0 -14.5874 -9.2392
3 16 0 -14.5874 -9.2392 -2.4302 -4.5883 -9.193 0 -4.4961 -9.5156
3 16 -2.4302 -4.5883 -9.193 -2.4279 -14.5261 -8.9158 -4.7083 -4.8857 -8.2735
3 16 -4.7083 -4.8857 -8.2735 -2.4279 -14.5261 -8.9158 -4.6947 -14.5043 -7.984
3 16 -8.0509 -13.3649 -4.6044 -8.2011 -6.4392 -4.7967 -7.3171 -14.0568 -5.6946
3 16 -7.3171 -14.0568 -5.6946 -8.2011 -6.4392 -4.7967 -7.3647 -5.7831 -5.9902
3 16 -8.4739 -9.8169 -3.8387 -8.2011 -6.4392 -4.7967 -8.0509 -13.3649 -4.6044
3 16 -8.4739 -9.8169 -3.8387 -8.0509 -13.3649 -4.6044 -8.6496 -11.6669 -3.4732
3 16 -8.4739 -9.8169 -3.8387 -8.6496 -11.6669 -3.4732 -8.8559 -9.8169 -3.1065
3 16 -8.4739 -9.8169 -3.8387 -8.8559 -9.8169 -3.1065 -8.6921 -7.9183 -3.6509
3 16 -4.4194 0 -4.4194 -4.4194 -1.1396 -4.4194 -5.7248 0 -2.3713
3 16 -5.7248 0 -2.3713 -4.4194 -1.1396 -4.4194 -5.7248 -1.3834 -2.3713
3 16 -2.3713 0 -5.7248 -2.3713 -0.9868 -5.7248 -4.4194 0 -4.4194
3 16 -4.4194 0 -4.4194 -2.3713 -0.9868 -5.7248 -4.4194 -1.1396 -4.4194
3 16 0 0 -6.25 0 -0.9217 -6.25 -2.3713 0 -5.7248
3 16 -2.3713 0 -5.7248 0 -0.9217 -6.25 -2.3713 -0.9868 -5.7248
3 16 0 0 -6.25 2.3713 0 -5.7248 0 -0.9217 -6.25
3 16 0 -0.9217 -6.25 2.3713 0 -5.7248 2.3713 -0.9868 -5.7248
3 16 2.3713 0 -5.7248 4.4194 0 -4.4194 2.3713 -0.9868 -5.7248
3 16 2.3713 -0.9868 -5.7248 4.4194 0 -4.4194 4.4194 -1.1396 -4.4194
3 16 4.4194 0 -4.4194 5.7248 0 -2.3713 4.4194 -1.1396 -4.4194
3 16 4.4194 -1.1396 -4.4194 5.7248 0 -2.3713 5.7248 -1.3834 -2.3713
3 16 1.875 -19.5322 -1.05 1.6238 -19.5322 -0.1125 1.875 -16.25 -1.05
3 16 1.875 -16.25 -1.05 1.6238 -19.5322 -0.1125 1.6238 -16.25 -0.1125
3 16 0.9375 -16.25 0.5738 1.6238 -16.25 -0.1125 0.9375 -19.5322 0.5738
3 16 0.9375 -19.5322 0.5738 1.6238 -16.25 -0.1125 1.6238 -19.5322 -0.1125
3 16 0 -16.25 0.825 0.9375 -16.25 0.5738 0 -19.5322 0.825
3 16 0 -19.5322 0.825 0.9375 -16.25 0.5738 0.9375 -19.5322 0.5738
3 16 -0.9375 -16.25 0.5738 0 -16.25 0.825 -0.9375 -19.5322 0.5738
3 16 -0.9375 -19.5322 0.5738 0 -16.25 0.825 0 -19.5322 0.825
3 16 -1.6238 -16.25 -0.1125 -0.9375 -16.25 0.5738 -1.6238 -19.5322 -0.1125
3 16 -1.6238 -19.5322 -0.1125 -0.9375 -16.25 0.5738 -0.9375 -19.5322 0.5738
3 16 -1.875 -16.25 -1.05 -1.6238 -16.25 -0.1125 -1.875 -19.5322 -1.05
3 16 -1.875 -19.5322 -1.05 -1.6238 -16.25 -0.1125 -1.6238 -19.5322 -0.1125
3 16 -1.6238 -16.25 -1.9875 -2.8284 -16.25 -2.8284 -1.875 -16.25 -1.05
3 16 -1.875 -16.25 -1.05 -2.8284 -16.25 -2.8284 -3.6639 -16.1872 -1.5176
3 16 -1.6238 -16.25 -1.9875 -1.875 -16.25 -1.05 -1.6238 -19.5322 -1.9875
3 16 -1.6238 -19.5322 -1.9875 -1.875 -16.25 -1.05 -1.875 -19.5322 -1.05
3 16 -0.9375 -16.25 -2.6738 -1.6238 -16.25 -1.9875 -0.9375 -19.5322 -2.6738
3 16 -0.9375 -19.5322 -2.6738 -1.6238 -16.25 -1.9875 -1.6238 -19.5322 -1.9875
3 16 0 -16.25 -2.925 -0.9375 -16.25 -2.6738 0 -19.5322 -2.925
3 16 0 -19.5322 -2.925 -0.9375 -16.25 -2.6738 -0.9375 -19.5322 -2.6738
3 16 0.9375 -16.25 -2.6738 0 -16.25 -2.925 0.9375 -19.5322 -2.6738
3 16 0.9375 -19.5322 -2.6738 0 -16.25 -2.925 0 -19.5322 -2.925
3 16 1.6238 -16.25 -1.9875 0.9375 -16.25 -2.6738 1.6238 -19.5322 -1.9875
3 16 1.6238 -19.5322 -1.9875 0.9375 -16.25 -2.6738 0.9375 -19.5322 -2.6738
3 16 1.6238 -16.25 -1.9875 1.875 -16.25 -1.05 2.8284 -16.25 -2.8284
3 16 2.8284 -16.25 -2.8284 1.875 -16.25 -1.05 3.6639 -16.1872 -1.5176
3 16 1.875 -16.25 -1.05 1.6238 -16.25 -1.9875 1.875 -19.5322 -1.05
3 16 1.875 -19.5322 -1.05 1.6238 -16.25 -1.9875 1.6238 -19.5322 -1.9875
3 16 0 -12.8737 4 1.0353 -12.8737 3.8637 1.0353 -12.8737 2.882
3 16 1.0353 -12.8737 3.8637 1.0353 -13.8471 3.9362 1.0353 -12.8737 2.882
3 16 1.0353 -12.8737 2.882 1.0353 -13.8471 3.9362 1.0372 -16.1356 2.7698
3 16 -1.0372 -16.1356 2.7698 -1.0353 -13.8471 3.9362 -1.0353 -12.8737 2.882
3 16 -1.0353 -12.8737 2.882 -1.0353 -13.8471 3.9362 -1.0353 -12.8737 3.8637
3 16 3.6639 0 1.5176 4 0 0 3.6639 -15.7488 1.5176
3 16 3.6639 -15.7488 1.5176 4 0 0 4 -15.9177 0
3 16 3.6639 0 1.5176 5.7248 0 2.3713 4 0 0
3 16 4 0 0 5.7248 0 2.3713 6.25 0 0
3 16 3.6639 0 1.5176 2.8284 0 2.8284 5.7248 0 2.3713
3 16 5.7248 0 2.3713 2.8284 0 2.8284 4.4194 0 4.4194
3 16 2.8284 0 2.8284 3.6639 0 1.5176 2.8284 -15.3347 2.8284
3 16 2.8284 -15.3347 2.8284 3.6639 0 1.5176 3.6639 -15.7488 1.5176
3 16 1.5176 0 3.6639 2.3713 0 5.7248 2.8284 0 2.8284
3 16 2.8284 0 2.8284 2.3713 0 5.7248 4.4194 0 4.4194
3 16 1.5176 0 3.6639 2.8284 0 2.8284 2 -14.6813 3.4641
3 16 2 -14.6813 3.4641 2.8284 0 2.8284 2.8284 -15.3347 2.8284
3 16 1.0353 -12.8737 3.8637 1.5176 0 3.6639 2 -14.6813 3.4641
3 16 1.5176 0 3.6639 0 0 4 2.3713 0 5.7248
3 16 2.3713 0 5.7248 0 0 4 0 0 6.25
3 16 0 -12.8737 4 0 0 4 1.0353 -12.8737 3.8637
3 16 1.0353 -12.8737 3.8637 0 0 4 1.5176 0 3.6639
3 16 -1.5176 0 3.6639 -2.3713 0 5.7248 0 0 4
3 16 0 0 4 -2.3713 0 5.7248 0 0 6.25
3 16 -1.5176 0 3.6639 0 0 4 -1.0353 -12.8737 3.8637
3 16 -1.0353 -12.8737 3.8637 0 0 4 0 -12.8737 4
3 16 -2 -14.6813 3.4641 -1.5176 0 3.6639 -1.0353 -12.8737 3.8637
3 16 -1.5176 0 3.6639 -2.8284 0 2.8284 -2.3713 0 5.7248
3 16 -2.3713 0 5.7248 -2.8284 0 2.8284 -4.4194 0 4.4194
3 16 -1.5176 0 3.6639 -2 -14.6813 3.4641 -2.8284 0 2.8284
3 16 -2.8284 0 2.8284 -2 -14.6813 3.4641 -2.8284 -15.3347 2.8284
3 16 -3.6639 0 1.5176 -5.7248 0 2.3713 -2.8284 0 2.8284
3 16 -2.8284 0 2.8284 -5.7248 0 2.3713 -4.4194 0 4.4194
3 16 -2.8284 0 2.8284 -2.8284 -15.3347 2.8284 -3.6639 0 1.5176
3 16 -3.6639 0 1.5176 -2.8284 -15.3347 2.8284 -3.6639 -15.7488 1.5176
3 16 -3.6639 0 1.5176 -4 0 0 -5.7248 0 2.3713
3 16 -5.7248 0 2.3713 -4 0 0 -6.25 0 0
3 16 -3.6639 0 1.5176 -3.6639 -15.7488 1.5176 -4 0 0
3 16 -4 0 0 -3.6639 -15.7488 1.5176 -4 -15.9177 0
3 16 -3.6639 0 -1.5176 -5.7248 0 -2.3713 -4 0 0
3 16 -4 0 0 -5.7248 0 -2.3713 -6.25 0 0
3 16 -4 0 0 -4 -15.9177 0 -3.6639 0 -1.5176
3 16 -3.6639 0 -1.5176 -4 -15.9177 0 -3.6639 -16.1872 -1.5176
3 16 -3.6639 0 -1.5176 -2.8284 0 -2.8284 -5.7248 0 -2.3713
3 16 -5.7248 0 -2.3713 -2.8284 0 -2.8284 -4.4194 0 -4.4194
3 16 -3.6639 0 -1.5176 -3.6639 -16.1872 -1.5176 -2.8284 0 -2.8284
3 16 -2.8284 0 -2.8284 -3.6639 -16.1872 -1.5176 -2.8284 -16.25 -2.8284
3 16 -1.5176 0 -3.6639 -2.3713 0 -5.7248 -2.8284 0 -2.8284
3 16 -2.8284 0 -2.8284 -2.3713 0 -5.7248 -4.4194 0 -4.4194
3 16 -1.5176 0 -3.6639 -2.8284 0 -2.8284 -1.5176 -16.25 -3.6639
3 16 -1.5176 -16.25 -3.6639 -2.8284 0 -2.8284 -2.8284 -16.25 -2.8284
3 16 -1.5176 0 -3.6639 0 0 -4 -2.3713 0 -5.7248
3 16 -2.3713 0 -5.7248 0 0 -4 0 0 -6.25
3 16 0 0 -4 -1.5176 0 -3.6639 0 -16.25 -4
3 16 0 -16.25 -4 -1.5176 0 -3.6639 -1.5176 -16.25 -3.6639
3 16 1.5176 0 -3.6639 2.3713 0 -5.7248 0 0 -4
3 16 0 0 -4 2.3713 0 -5.7248 0 0 -6.25
3 16 1.5176 0 -3.6639 0 0 -4 1.5176 -16.25 -3.6639
3 16 1.5176 -16.25 -3.6639 0 0 -4 0 -16.25 -4
3 16 1.5176 0 -3.6639 2.8284 0 -2.8284 2.3713 0 -5.7248
3 16 2.3713 0 -5.7248 2.8284 0 -2.8284 4.4194 0 -4.4194
3 16 2.8284 0 -2.8284 1.5176 0 -3.6639 2.8284 -16.25 -2.8284
3 16 2.8284 -16.25 -2.8284 1.5176 0 -3.6639 1.5176 -16.25 -3.6639
3 16 3.6639 0 -1.5176 5.7248 0 -2.3713 2.8284 0 -2.8284
3 16 2.8284 0 -2.8284 5.7248 0 -2.3713 4.4194 0 -4.4194
3 16 3.6639 0 -1.5176 2.8284 0 -2.8284 3.6639 -16.1872 -1.5176
3 16 3.6639 -16.1872 -1.5176 2.8284 0 -2.8284 2.8284 -16.25 -2.8284
3 16 3.6639 0 -1.5176 4 0 0 5.7248 0 -2.3713
3 16 5.7248 0 -2.3713 4 0 0 6.25 0 0
3 16 4 0 0 3.6639 0 -1.5176 4 -15.9177 0
3 16 4 -15.9177 0 3.6639 0 -1.5176 3.6639 -16.1872 -1.5176
3 16 -4 -15.9177 0 -3.6639 -15.7488 1.5176 -1.6238 -16.25 -0.1125
3 16 3.6639 -15.7488 1.5176 4 -15.9177 0 1.6238 -16.25 -0.1125
3 16 1.6238 -16.25 -0.1125 4 -15.9177 0 1.875 -16.25 -1.05
3 16 1.875 -16.25 -1.05 4 -15.9177 0 3.6639 -16.1872 -1.5176
3 16 -2.8284 -15.3347 2.8284 -0.9375 -16.25 0.5738 -3.6639 -15.7488 1.5176
3 16 -3.6639 -15.7488 1.5176 -0.9375 -16.25 0.5738 -1.6238 -16.25 -0.1125
3 16 -0.9375 -16.25 0.5738 -2.8284 -15.3347 2.8284 -1.0372 -16.1356 2.7698
3 16 -1.0372 -16.1356 2.7698 -2.8284 -15.3347 2.8284 -2 -14.6813 3.4641
3 16 2 -14.6813 3.4641 2.8284 -15.3347 2.8284 1.0372 -16.1356 2.7698
3 16 1.0372 -16.1356 2.7698 2.8284 -15.3347 2.8284 0.9375 -16.25 0.5738
3 16 -1.0372 -16.1356 2.7698 -2 -14.6813 3.4641 -1.0353 -13.8471 3.9362
3 16 -0.9375 -16.25 -2.6738 -1.5176 -16.25 -3.6639 -1.6238 -16.25 -1.9875
3 16 -1.6238 -16.25 -1.9875 -1.5176 -16.25 -3.6639 -2.8284 -16.25 -2.8284
3 16 2.8284 -16.25 -2.8284 1.5176 -16.25 -3.6639 1.6238 -16.25 -1.9875
3 16 1.6238 -16.25 -1.9875 1.5176 -16.25 -3.6639 0.9375 -16.25 -2.6738
3 16 -1.5176 -16.25 -3.6639 -0.9375 -16.25 -2.6738 0 -16.25 -4
3 16 0 -16.25 -4 -0.9375 -16.25 -2.6738 0 -16.25 -2.925
3 16 1.5176 -16.25 -3.6639 0 -16.25 -4 0.9375 -16.25 -2.6738
3 16 0.9375 -16.25 -2.6738 0 -16.25 -4 0 -16.25 -2.925
3 16 -1.6238 -16.25 -0.1125 -1.875 -16.25 -1.05 -4 -15.9177 0
3 16 -4 -15.9177 0 -1.875 -16.25 -1.05 -3.6639 -16.1872 -1.5176
3 16 1.6238 -16.25 -0.1125 0.9375 -16.25 0.5738 3.6639 -15.7488 1.5176
3 16 3.6639 -15.7488 1.5176 0.9375 -16.25 0.5738 2.8284 -15.3347 2.8284
3 16 0 -12.8737 4 -1.0353 -12.8737 2.882 -1.0353 -12.8737 3.8637
3 16 -1.0372 -16.1356 2.7698 -1.0353 -12.8737 2.882 1.0372 -16.1356 2.7698
3 16 1.0372 -16.1356 2.7698 -1.0353 -12.8737 2.882 1.0353 -12.8737 2.882
3 16 -2 -14.6813 3.4641 -1.0353 -12.8737 3.8637 -1.0353 -13.8471 3.9362
3 16 -1.0372 -16.1356 2.7698 1.0372 -16.1356 2.7698 0 -16.25 0.825
3 16 2.4279 -14.5261 -8.9158 0 -14.5874 -9.2392 2.4302 -4.5883 -9.193
3 16 2.4302 -4.5883 -9.193 0 -14.5874 -9.2392 0 -4.4961 -9.5156
3 16 8.4739 -9.8169 -3.8387 8.8559 -9.8169 -3.1065 8.6496 -11.6669 -3.4732
3 16 8.4739 -9.8169 -3.8387 8.6921 -7.9183 -3.6509 8.8559 -9.8169 -3.1065
3 16 8.4739 -9.8169 -3.8387 8.2011 -6.4392 -4.7967 8.6921 -7.9183 -3.6509
3 16 7.3647 -5.7831 -5.9902 8.2011 -6.4392 -4.7967 7.3171 -14.0568 -5.6946
3 16 7.3171 -14.0568 -5.6946 8.2011 -6.4392 -4.7967 8.0509 -13.3649 -4.6044
3 16 6.1218 -5.3056 -7.2739 7.3647 -5.7831 -5.9902 6.1911 -14.3908 -6.8393
3 16 6.1911 -14.3908 -6.8393 7.3647 -5.7831 -5.9902 7.3171 -14.0568 -5.6946
3 16 2.4302 -4.5883 -9.193 4.7083 -4.8857 -8.2735 2.4279 -14.5261 -8.9158
3 16 2.4279 -14.5261 -8.9158 4.7083 -4.8857 -8.2735 4.6947 -14.5043 -7.984
3 16 4.7083 -4.8857 -8.2735 6.1218 -5.3056 -7.2739 4.6947 -14.5043 -7.984
3 16 4.6947 -14.5043 -7.984 6.1218 -5.3056 -7.2739 6.1911 -14.3908 -6.8393
3 16 5.7248 -1.945 2.3713 6.25 -1.6652 0 5.7248 0 2.3713
3 16 5.7248 0 2.3713 6.25 -1.6652 0 6.25 0 0
3 16 6.25 -1.6652 0 5.7248 -1.3834 -2.3713 6.25 0 0
3 16 6.25 0 0 5.7248 -1.3834 -2.3713 5.7248 0 -2.3713
3 16 -5.7248 0 -2.3713 -5.7248 -1.3834 -2.3713 -6.25 0 0
3 16 -6.25 0 0 -5.7248 -1.3834 -2.3713 -6.25 -1.6652 0
3 16 -5.7248 -1.945 2.3713 -5.7248 0 2.3713 -6.25 -1.6652 0
3 16 -6.25 -1.6652 0 -5.7248 0 2.3713 -6.25 0 0
3 16 -4.4194 -2.1857 4.4194 -4.4194 0 4.4194 -5.7248 -1.945 2.3713
3 16 -5.7248 -1.945 2.3713 -4.4194 0 4.4194 -5.7248 0 2.3713
3 16 -2.3713 -2.344 5.7248 -2.3713 0 5.7248 -4.4194 -2.1857 4.4194
3 16 -4.4194 -2.1857 4.4194 -2.3713 0 5.7248 -4.4194 0 4.4194
3 16 0 -2.4073 6.25 0 0 6.25 -2.3713 -2.344 5.7248
3 16 -2.3713 -2.344 5.7248 0 0 6.25 -2.3713 0 5.7248
3 16 0 -2.4073 6.25 2.3713 -2.344 5.7248 0 0 6.25
3 16 0 0 6.25 2.3713 -2.344 5.7248 2.3713 0 5.7248
3 16 2.3713 -2.344 5.7248 4.4194 -2.1857 4.4194 2.3713 0 5.7248
3 16 2.3713 0 5.7248 4.4194 -2.1857 4.4194 4.4194 0 4.4194
3 16 4.4194 -2.1857 4.4194 5.7248 -1.945 2.3713 4.4194 0 4.4194
3 16 4.4194 0 4.4194 5.7248 -1.945 2.3713 5.7248 0 2.3713
3 16 -7.3171 -14.0568 -5.6946 -7.3647 -5.7831 -5.9902 -6.1911 -14.3908 -6.8393
3 16 -6.1911 -14.3908 -6.8393 -7.3647 -5.7831 -5.9902 -6.1218 -5.3056 -7.2739
3 16 -4.7083 -4.8857 -8.2735 -4.6947 -14.5043 -7.984 -6.1218 -5.3056 -7.2739
3 16 -6.1218 -5.3056 -7.2739 -4.6947 -14.5043 -7.984 -6.1911 -14.3908 -6.8393
3 16 2 -14.6813 3.4641 1.0353 -13.8471 3.9362 1.0353 -12.8737 3.8637
3 16 8.4739 -9.8169 -3.8387 8.6496 -11.6669 -3.4732 8.0509 -13.3649 -4.6044
3 16 -8.2011 -6.4392 -4.7967 -8.4739 -9.8169 -3.8387 -8.6921 -7.9183 -3.6509
3 16 8.0509 -13.3649 -4.6044 8.2011 -6.4392 -4.7967 8.4739 -9.8169 -3.8387
3 16 0 -12.8737 4 1.0353 -12.8737 2.882 -1.0353 -12.8737 2.882
3 16 1.0372 -16.1356 2.7698 1.0353 -13.8471 3.9362 2 -14.6813 3.4641
3 16 0 -16.25 0.825 1.0372 -16.1356 2.7698 0.9375 -16.25 0.5738
3 16 -1.0372 -16.1356 2.7698 0 -16.25 0.825 -0.9375 -16.25 0.5738
3 27 -8.6832 -5.9527 4.8462 -8.9792 -10.3486 5.1408 -5.4462 -6.8578 8.1519
3 27 -5.4462 -6.8578 8.1519 -8.9792 -10.3486 5.1408 -5.6438 -10.7823 8.3585
3 27 0.0001 -10.9368 9.4878 0 -7.0056 9.2865 -5.6438 -10.7823 8.3585
3 27 -5.6438 -10.7823 8.3585 0 -7.0056 9.2865 -5.4462 -6.8578 8.1519
3 27 5.4462 -6.8578 8.1519 0 -7.0056 9.2865 5.6438 -10.7823 8.3585
3 27 5.6438 -10.7823 8.3585 0 -7.0056 9.2865 0.0001 -10.9368 9.4878
3 27 8.6832 -5.9527 4.8461 5.4462 -6.8578 8.1519 8.9794 -10.3486 5.1404
3 27 8.9794 -10.3486 5.1404 5.4462 -6.8578 8.1519 5.6438 -10.7823 8.3585
3 27 0.0482 -20.8578 5.5943 0.0068 -18.3541 7.6473 -3.575 -21.0121 4.4641
3 27 -3.575 -21.0121 4.4641 0.0068 -18.3541 7.6473 -4.941 -18.2274 6.6633
3 27 4.9414 -18.2274 6.6633 0.0068 -18.3541 7.6473 3.5806 -21.0121 4.4641
3 27 3.5806 -21.0121 4.4641 0.0068 -18.3541 7.6473 0.0482 -20.8578 5.5943
3 27 0.0011 -14.9638 8.9909 5.5413 -14.798 7.9084 0.0001 -10.9368 9.4878
3 27 0.0001 -10.9368 9.4878 5.5413 -14.798 7.9084 5.6438 -10.7823 8.3585
3 27 0.0011 -14.9638 8.9909 0.0001 -10.9368 9.4878 -5.5413 -14.798 7.9084
3 27 -5.5413 -14.798 7.9084 0.0001 -10.9368 9.4878 -5.6438 -10.7823 8.3585
3 27 8.0383 -17.8427 3.479 4.9414 -18.2274 6.6633 6.1096 -20.64 1.9318
3 27 6.1096 -20.64 1.9318 4.9414 -18.2274 6.6633 3.5806 -21.0121 4.4641
3 27 -8.0072 -17.8499 3.5354 -5.9723 -20.6716 2.1806 -4.941 -18.2274 6.6633
3 27 -4.941 -18.2274 6.6633 -5.9723 -20.6716 2.1806 -3.575 -21.0121 4.4641
3 27 8.9794 -10.3486 5.1404 5.6438 -10.7823 8.3585 8.9076 -14.2345 4.7222
3 27 8.9076 -14.2345 4.7222 5.6438 -10.7823 8.3585 5.5413 -14.798 7.9084
3 27 -8.9792 -10.3486 5.1408 -8.9039 -14.2354 4.7289 -5.6438 -10.7823 8.3585
3 27 -5.6438 -10.7823 8.3585 -8.9039 -14.2354 4.7289 -5.5413 -14.798 7.9084
3 27 0 -20.3307 -8.3418 0 -18.1126 -10.2388 3.667 -20.244 -7.2327
3 27 3.667 -20.244 -7.2327 0 -18.1126 -10.2388 4.5715 -17.7766 -9.1678
3 27 0 -20.3307 -8.3418 -3.667 -20.244 -7.2327 0 -18.1126 -10.2388
3 27 0 -18.1126 -10.2388 -3.667 -20.244 -7.2327 -4.5715 -17.7766 -9.1678
3 27 0 -20.3307 -8.3418 3.667 -20.244 -7.2327 0 -22.1955 -5.5051
3 27 0 -22.1955 -5.5051 3.667 -20.244 -7.2327 2.3626 -22.1046 -4.8524
3 27 -2.3626 -22.1046 -4.8524 -3.667 -20.244 -7.2327 0 -22.1955 -5.5051
3 27 0 -22.1955 -5.5051 -3.667 -20.244 -7.2327 0 -20.3307 -8.3418
3 27 -4.5715 -17.7766 -9.1678 -3.024 -14.8728 -11.1144 0 -18.1126 -10.2388
3 27 0 -18.1126 -10.2388 -3.024 -14.8728 -11.1144 0 -14.8659 -11.5595
3 27 4.5715 -17.7766 -9.1678 0 -18.1126 -10.2388 3.024 -14.8728 -11.1144
3 27 3.024 -14.8728 -11.1144 0 -18.1126 -10.2388 0 -14.8659 -11.5595
3 27 4.5715 -17.7766 -9.1678 3.024 -14.8728 -11.1144 5.7644 -14.7963 -9.9266
3 27 8.1033 -17.6235 -5.3589 4.5715 -17.7766 -9.1678 8.351 -14.684 -7.6279
3 27 8.351 -14.684 -7.6279 4.5715 -17.7766 -9.1678 5.7644 -14.7963 -9.9266
3 27 8.1033 -17.6235 -5.3589 8.351 -14.684 -7.6279 9.6307 -14.2207 -5.6783
3 27 9.835 -17.2559 -1.4262 10.2706 -13.3098 -4.3995 10.9722 -13.4731 0.0744
3 27 10.9722 -13.4731 0.0744 10.2706 -13.3098 -4.3995 10.7671 -11.7172 -3.3313
3 27 10.9722 -13.4731 0.0744 10.7671 -11.7172 -3.3313 11.0286 -10.1541 0.5871
3 27 11.0286 -10.1541 0.5871 10.7671 -11.7172 -3.3313 10.8458 -9.8571 -2.9537
3 27 10.8458 -9.8571 -2.9537 10.6169 -7.8869 -3.4762 11.0286 -10.1541 0.5871
3 27 11.0286 -10.1541 0.5871 10.6169 -7.8869 -3.4762 10.5155 -5.0406 -0.2482
3 27 10.5155 -5.0406 -0.2482 10.6169 -7.8869 -3.4762 10.0888 -6.3552 -4.729
3 27 10.0888 -6.3552 -4.729 9.7471 -1.401 -2.2376 10.5155 -5.0406 -0.2482
3 27 7.907 -4.6602 -8.689 8.0608 -0.8125 -7.2007 9.3367 -5.4917 -6.4227
3 27 9.3367 -5.4917 -6.4227 8.0608 -0.8125 -7.2007 9.3441 -1.1555 -4.3226
3 27 5.97 -3.9431 -10.6027 6.3054 -0.5459 -9.395 7.907 -4.6602 -8.689
3 27 7.907 -4.6602 -8.689 6.3054 -0.5459 -9.395 8.0608 -0.8125 -7.2007
3 27 3.1283 -3.4034 -12.0248 3.3198 -0.3308 -11.262 5.97 -3.9431 -10.6027
3 27 5.97 -3.9431 -10.6027 3.3198 -0.3308 -11.262 6.3054 -0.5459 -9.395
3 27 0 -3.2286 -12.4807 0 -0.2275 -11.8292 3.1283 -3.4034 -12.0248
3 27 3.1283 -3.4034 -12.0248 0 -0.2275 -11.8292 3.3198 -0.3308 -11.262
3 27 -10.8458 -9.8571 -2.9537 -10.7671 -11.7172 -3.3313 -11.0286 -10.1541 0.5871
3 27 -11.0286 -10.1541 0.5871 -10.7671 -11.7172 -3.3313 -10.9722 -13.4731 0.0744
3 27 -9.6307 -14.2207 -5.6783 -8.1033 -17.6235 -5.3589 -10.2706 -13.3098 -4.3995
3 27 -10.2706 -13.3098 -4.3995 -8.1033 -17.6235 -5.3589 -9.835 -17.2559 -1.4262
3 27 -8.1033 -17.6235 -5.3589 -8.351 -14.684 -7.6279 -4.5715 -17.7766 -9.1678
3 27 -4.5715 -17.7766 -9.1678 -8.351 -14.684 -7.6279 -5.7644 -14.7963 -9.9266
3 27 -8.1033 -17.6235 -5.3589 -9.6307 -14.2207 -5.6783 -8.351 -14.684 -7.6279
3 27 -3.024 -14.8728 -11.1144 -4.5715 -17.7766 -9.1678 -5.7644 -14.7963 -9.9266
3 27 0 -3.2286 -12.4807 -3.1283 -3.4034 -12.0248 0 -0.2275 -11.8292
3 27 0 -0.2275 -11.8292 -3.1283 -3.4034 -12.0248 -3.3199 -0.3308 -11.2619
3 27 -3.1283 -3.4034 -12.0248 -5.97 -3.9431 -10.6027 -3.3199 -0.3308 -11.2619
3 27 -3.3199 -0.3308 -11.2619 -5.97 -3.9431 -10.6027 -6.3054 -0.5459 -9.395
3 27 -5.97 -3.9431 -10.6027 -7.907 -4.6602 -8.689 -6.3054 -0.5459 -9.395
3 27 -6.3054 -0.5459 -9.395 -7.907 -4.6602 -8.689 -8.0608 -0.8125 -7.2007
3 27 -7.907 -4.6602 -8.689 -9.3367 -5.4917 -6.4227 -8.0608 -0.8125 -7.2007
3 27 -8.0608 -0.8125 -7.2007 -9.3367 -5.4917 -6.4227 -9.3441 -1.1555 -4.3226
3 27 -9.3367 -5.4917 -6.4227 -10.0888 -6.3552 -4.729 -9.3441 -1.1555 -4.3226
3 27 -9.3441 -1.1555 -4.3226 -10.0888 -6.3552 -4.729 -9.7471 -1.401 -2.2376
3 27 -10.5155 -5.0406 -0.2482 -10.0888 -6.3552 -4.729 -10.6169 -7.8869 -3.4762
3 27 10.5155 -5.0406 -0.2482 8.6832 -5.9527 4.8461 11.0286 -10.1541 0.5871
3 27 11.0286 -10.1541 0.5871 8.6832 -5.9527 4.8461 8.9794 -10.3486 5.1404
3 27 -10.5155 -5.0406 -0.2482 -11.0286 -10.1541 0.5871 -8.6832 -5.9527 4.8462
3 27 -8.6832 -5.9527 4.8462 -11.0286 -10.1541 0.5871 -8.9792 -10.3486 5.1408
3 27 10.9722 -13.4731 0.0744 11.0286 -10.1541 0.5871 8.9076 -14.2345 4.7222
3 27 8.9076 -14.2345 4.7222 11.0286 -10.1541 0.5871 8.9794 -10.3486 5.1404
3 27 -10.9722 -13.4731 0.0744 -8.9039 -14.2354 4.7289 -11.0286 -10.1541 0.5871
3 27 -11.0286 -10.1541 0.5871 -8.9039 -14.2354 4.7289 -8.9792 -10.3486 5.1408
3 27 4.5715 -17.7766 -9.1678 8.1033 -17.6235 -5.3589 3.667 -20.244 -7.2327
3 27 3.667 -20.244 -7.2327 8.1033 -17.6235 -5.3589 6.1652 -20.2933 -4.321
3 27 -4.5715 -17.7766 -9.1678 -3.667 -20.244 -7.2327 -8.1033 -17.6235 -5.3589
3 27 -8.1033 -17.6235 -5.3589 -3.667 -20.244 -7.2327 -6.1652 -20.2933 -4.321
3 27 3.667 -20.244 -7.2327 6.1652 -20.2933 -4.321 2.3626 -22.1046 -4.8524
3 27 2.3626 -22.1046 -4.8524 6.1652 -20.2933 -4.321 3.8104 -22.1562 -3.144
3 27 -3.667 -20.244 -7.2327 -2.3626 -22.1046 -4.8524 -6.1652 -20.2933 -4.321
3 27 -6.1652 -20.2933 -4.321 -2.3626 -22.1046 -4.8524 -3.8104 -22.1562 -3.144
3 27 -2.3235 -22.2196 2.4428 -3.575 -21.0121 4.4641 -3.7348 -22.202 0.73
3 27 -3.7348 -22.202 0.73 -3.575 -21.0121 4.4641 -5.9723 -20.6716 2.1806
3 27 0.0482 -20.8578 5.5943 -3.575 -21.0121 4.4641 0.0243 -22.1905 3.1461
3 27 0.0243 -22.1905 3.1461 -3.575 -21.0121 4.4641 -2.3235 -22.2196 2.4428
3 27 2.3235 -22.2196 2.4428 3.5806 -21.0121 4.4641 0.0243 -22.1905 3.1461
3 27 0.0243 -22.1905 3.1461 3.5806 -21.0121 4.4641 0.0482 -20.8578 5.5943
3 27 2.3235 -22.2196 2.4428 3.7348 -22.202 0.73 3.5806 -21.0121 4.4641
3 27 3.5806 -21.0121 4.4641 3.7348 -22.202 0.73 6.1096 -20.64 1.9318
3 27 -6.1652 -20.2933 -4.321 -3.8104 -22.1562 -3.144 -7.0017 -20.6983 -1.6398
3 27 -7.0017 -20.6983 -1.6398 -3.8104 -22.1562 -3.144 -4.1395 -22.2891 -1.3422
3 27 3.7348 -22.202 0.73 4.1395 -22.2891 -1.3422 6.1096 -20.64 1.9318
3 27 6.1096 -20.64 1.9318 4.1395 -22.2891 -1.3422 7.0017 -20.6983 -1.6398
3 27 6.1096 -20.64 1.9318 7.0017 -20.6983 -1.6398 8.0383 -17.8427 3.479
3 27 8.0383 -17.8427 3.479 7.0017 -20.6983 -1.6398 9.835 -17.2559 -1.4262
3 27 -5.9723 -20.6716 2.1806 -8.0072 -17.8499 3.5354 -7.0017 -20.6983 -1.6398
3 27 -7.0017 -20.6983 -1.6398 -8.0072 -17.8499 3.5354 -9.835 -17.2559 -1.4262
3 27 6.1652 -20.2933 -4.321 8.1033 -17.6235 -5.3589 7.0017 -20.6983 -1.6398
3 27 7.0017 -20.6983 -1.6398 8.1033 -17.6235 -5.3589 9.835 -17.2559 -1.4262
3 27 -6.1652 -20.2933 -4.321 -7.0017 -20.6983 -1.6398 -8.1033 -17.6235 -5.3589
3 27 -8.1033 -17.6235 -5.3589 -7.0017 -20.6983 -1.6398 -9.835 -17.2559 -1.4262
3 27 4.1395 -22.2891 -1.3422 3.8104 -22.1562 -3.144 7.0017 -20.6983 -1.6398
3 27 7.0017 -20.6983 -1.6398 3.8104 -22.1562 -3.144 6.1652 -20.2933 -4.321
3 27 -7.0017 -20.6983 -1.6398 -4.1395 -22.2891 -1.3422 -5.9723 -20.6716 2.1806
3 27 -5.9723 -20.6716 2.1806 -4.1395 -22.2891 -1.3422 -3.7348 -22.202 0.73
3 27 4.9414 -18.2274 6.6633 8.0383 -17.8427 3.479 5.5413 -14.798 7.9084
3 27 5.5413 -14.798 7.9084 8.0383 -17.8427 3.479 8.9076 -14.2345 4.7222
3 27 5.5413 -14.798 7.9084 0.0011 -14.9638 8.9909 4.9414 -18.2274 6.6633
3 27 4.9414 -18.2274 6.6633 0.0011 -14.9638 8.9909 0.0068 -18.3541 7.6473
3 27 0.0068 -18.3541 7.6473 0.0011 -14.9638 8.9909 -4.941 -18.2274 6.6633
3 27 -4.941 -18.2274 6.6633 0.0011 -14.9638 8.9909 -5.5413 -14.798 7.9084
3 27 -4.941 -18.2274 6.6633 -5.5413 -14.798 7.9084 -8.0072 -17.8499 3.5354
3 27 -8.0072 -17.8499 3.5354 -5.5413 -14.798 7.9084 -8.9039 -14.2354 4.7289
3 27 8.9076 -14.2345 4.7222 8.0383 -17.8427 3.479 10.9722 -13.4731 0.0744
3 27 10.9722 -13.4731 0.0744 8.0383 -17.8427 3.479 9.835 -17.2559 -1.4262
3 27 -8.9039 -14.2354 4.7289 -10.9722 -13.4731 0.0744 -8.0072 -17.8499 3.5354
3 27 -8.0072 -17.8499 3.5354 -10.9722 -13.4731 0.0744 -9.835 -17.2559 -1.4262
3 27 0.9375 -22.8144 0.5738 1.6238 -22.8144 -0.1125 2.3235 -22.2196 2.4428
3 27 2.3235 -22.2196 2.4428 1.6238 -22.8144 -0.1125 3.7348 -22.202 0.73
3 27 0 -22.8144 0.825 0.9375 -22.8144 0.5738 0.0243 -22.1905 3.1461
3 27 0.0243 -22.1905 3.1461 0.9375 -22.8144 0.5738 2.3235 -22.2196 2.4428
3 27 0 -22.8144 0.825 0.0243 -22.1905 3.1461 -0.9375 -22.8144 0.5738
3 27 -0.9375 -22.8144 0.5738 0.0243 -22.1905 3.1461 -2.3235 -22.2196 2.4428
3 27 -0.9375 -22.8144 0.5738 -2.3235 -22.2196 2.4428 -1.6238 -22.8144 -0.1125
3 27 -1.6238 -22.8144 -0.1125 -2.3235 -22.2196 2.4428 -3.7348 -22.202 0.73
3 27 -1.6238 -22.8144 -0.1125 -3.7348 -22.202 0.73 -1.875 -22.8144 -1.05
3 27 -1.875 -22.8144 -1.05 -3.7348 -22.202 0.73 -4.1395 -22.2891 -1.3422
3 27 -1.875 -22.8144 -1.05 -4.1395 -22.2891 -1.3422 -1.6238 -22.8144 -1.9875
3 27 -1.6238 -22.8144 -1.9875 -4.1395 -22.2891 -1.3422 -3.8104 -22.1562 -3.144
3 27 -1.6238 -22.8144 -1.9875 -3.8104 -22.1562 -3.144 -0.9375 -22.8144 -2.6738
3 27 -0.9375 -22.8144 -2.6738 -3.8104 -22.1562 -3.144 -2.3626 -22.1046 -4.8524
3 27 0 -22.8144 -2.925 -0.9375 -22.8144 -2.6738 0 -22.1955 -5.5051
3 27 0 -22.1955 -5.5051 -0.9375 -22.8144 -2.6738 -2.3626 -22.1046 -4.8524
3 27 0 -22.8144 -2.925 0 -22.1955 -5.5051 0.9375 -22.8144 -2.6738
3 27 0.9375 -22.8144 -2.6738 0 -22.1955 -5.5051 2.3626 -22.1046 -4.8524
3 27 1.6238 -22.8144 -1.9875 0.9375 -22.8144 -2.6738 3.8104 -22.1562 -3.144
3 27 3.8104 -22.1562 -3.144 0.9375 -22.8144 -2.6738 2.3626 -22.1046 -4.8524
3 27 1.875 -22.8144 -1.05 1.6238 -22.8144 -1.9875 4.1395 -22.2891 -1.3422
3 27 4.1395 -22.2891 -1.3422 1.6238 -22.8144 -1.9875 3.8104 -22.1562 -3.144
3 27 1.6238 -22.8144 -0.1125 1.875 -22.8144 -1.05 3.7348 -22.202 0.73
3 27 3.7348 -22.202 0.73 1.875 -22.8144 -1.05 4.1395 -22.2891 -1.3422
3 27 9.7687 -1.6645 0 9.4358 -1.928 2.2376 10.5155 -5.0406 -0.2482
3 27 10.5155 -5.0406 -0.2482 9.4358 -1.928 2.2376 8.6832 -5.9527 4.8461
3 27 9.7471 -1.401 -2.2376 9.7687 -1.6645 0 10.5155 -5.0406 -0.2482
3 27 -9.7687 -1.6645 0 -9.7471 -1.401 -2.2376 -10.5155 -5.0406 -0.2482
3 27 -9.7687 -1.6645 0 -10.5155 -5.0406 -0.2482 -9.4358 -1.928 2.2376
3 27 -9.4358 -1.928 2.2376 -10.5155 -5.0406 -0.2482 -8.6832 -5.9527 4.8462
3 27 -8.4599 -2.1735 4.3226 -9.4358 -1.928 2.2376 -8.6832 -5.9527 4.8462
3 27 -6.9075 -2.3843 6.1132 -8.4599 -2.1735 4.3226 -8.6832 -5.9527 4.8462
3 27 -4.8843 -2.5461 7.487 -6.9075 -2.3843 6.1132 -5.4462 -6.8578 8.1519
3 27 -5.4462 -6.8578 8.1519 -6.9075 -2.3843 6.1132 -8.6832 -5.9527 4.8462
3 27 -4.8843 -2.5461 7.487 -5.4462 -6.8578 8.1519 -2.5283 -2.6478 8.3507
3 27 -2.5283 -2.6478 8.3507 -5.4462 -6.8578 8.1519 0 -7.0056 9.2865
3 27 0 -2.6825 8.6453 -2.5283 -2.6478 8.3507 0 -7.0056 9.2865
3 27 2.5283 -2.6478 8.3507 0 -2.6825 8.6453 0 -7.0056 9.2865
3 27 4.8843 -2.5461 7.487 2.5283 -2.6478 8.3507 5.4462 -6.8578 8.1519
3 27 5.4462 -6.8578 8.1519 2.5283 -2.6478 8.3507 0 -7.0056 9.2865
3 27 4.8843 -2.5461 7.487 5.4462 -6.8578 8.1519 6.9075 -2.3843 6.1131
3 27 6.9075 -2.3843 6.1131 5.4462 -6.8578 8.1519 8.6832 -5.9527 4.8461
3 27 8.4599 -2.1735 4.3226 6.9075 -2.3843 6.1131 8.6832 -5.9527 4.8461
3 27 9.4358 -1.928 2.2376 8.4599 -2.1735 4.3226 8.6832 -5.9527 4.8461
3 27 2.4279 -14.5261 -8.9158 3.024 -14.8728 -11.1144 0 -14.5874 -9.2392
3 27 0 -14.5874 -9.2392 3.024 -14.8728 -11.1144 0 -14.8659 -11.5595
3 27 4.6947 -14.5043 -7.984 5.7644 -14.7963 -9.9266 2.4279 -14.5261 -8.9158
3 27 2.4279 -14.5261 -8.9158 5.7644 -14.7963 -9.9266 3.024 -14.8728 -11.1144
3 27 4.6947 -14.5043 -7.984 6.1911 -14.3908 -6.8393 5.7644 -14.7963 -9.9266
3 27 5.7644 -14.7963 -9.9266 6.1911 -14.3908 -6.8393 8.351 -14.684 -7.6279
3 27 6.1911 -14.3908 -6.8393 7.3171 -14.0568 -5.6946 8.351 -14.684 -7.6279
3 27 8.351 -14.684 -7.6279 7.3171 -14.0568 -5.6946 9.6307 -14.2207 -5.6783
3 27 7.3171 -14.0568 -5.6946 8.0509 -13.3649 -4.6044 9.6307 -14.2207 -5.6783
3 27 9.6307 -14.2207 -5.6783 8.0509 -13.3649 -4.6044 10.2706 -13.3098 -4.3995
3 27 8.0509 -13.3649 -4.6044 8.6496 -11.6669 -3.4732 10.2706 -13.3098 -4.3995
3 27 10.2706 -13.3098 -4.3995 8.6496 -11.6669 -3.4732 10.7671 -11.7172 -3.3313
3 27 8.6496 -11.6669 -3.4732 8.8559 -9.8169 -3.1065 10.7671 -11.7172 -3.3313
3 27 10.7671 -11.7172 -3.3313 8.8559 -9.8169 -3.1065 10.8458 -9.8571 -2.9537
3 27 8.6921 -7.9183 -3.6509 10.6169 -7.8869 -3.4762 8.8559 -9.8169 -3.1065
3 27 8.8559 -9.8169 -3.1065 10.6169 -7.8869 -3.4762 10.8458 -9.8571 -2.9537
3 27 8.2011 -6.4392 -4.7967 10.0888 -6.3552 -4.729 8.6921 -7.9183 -3.6509
3 27 8.6921 -7.9183 -3.6509 10.0888 -6.3552 -4.729 10.6169 -7.8869 -3.4762
3 27 7.3647 -5.7831 -5.9902 9.3367 -5.4917 -6.4227 8.2011 -6.4392 -4.7967
3 27 8.2011 -6.4392 -4.7967 9.3367 -5.4917 -6.4227 10.0888 -6.3552 -4.729
3 27 6.1218 -5.3056 -7.2739 7.907 -4.6602 -8.689 7.3647 -5.7831 -5.9902
3 27 7.3647 -5.7831 -5.9902 7.907 -4.6602 -8.689 9.3367 -5.4917 -6.4227
3 27 4.7083 -4.8857 -8.2735 2.4302 -4.5883 -9.193 5.97 -3.9431 -10.6027
3 27 5.97 -3.9431 -10.6027 2.4302 -4.5883 -9.193 3.1283 -3.4034 -12.0248
3 27 6.1218 -5.3056 -7.2739 4.7083 -4.8857 -8.2735 7.907 -4.6602 -8.689
3 27 7.907 -4.6602 -8.689 4.7083 -4.8857 -8.2735 5.97 -3.9431 -10.6027
3 27 2.4302 -4.5883 -9.193 0 -4.4961 -9.5156 3.1283 -3.4034 -12.0248
3 27 3.1283 -3.4034 -12.0248 0 -4.4961 -9.5156 0 -3.2286 -12.4807
3 27 -2.4302 -4.5883 -9.193 -3.1283 -3.4034 -12.0248 0 -4.4961 -9.5156
3 27 0 -4.4961 -9.5156 -3.1283 -3.4034 -12.0248 0 -3.2286 -12.4807
3 27 -8.0509 -13.3649 -4.6044 -10.2706 -13.3098 -4.3995 -8.6496 -11.6669 -3.4732
3 27 -8.6496 -11.6669 -3.4732 -10.2706 -13.3098 -4.3995 -10.7671 -11.7172 -3.3313
3 27 -7.3171 -14.0568 -5.6946 -9.6307 -14.2207 -5.6783 -8.0509 -13.3649 -4.6044
3 27 -8.0509 -13.3649 -4.6044 -9.6307 -14.2207 -5.6783 -10.2706 -13.3098 -4.3995
3 27 -6.1911 -14.3908 -6.8393 -8.351 -14.684 -7.6279 -7.3171 -14.0568 -5.6946
3 27 -7.3171 -14.0568 -5.6946 -8.351 -14.684 -7.6279 -9.6307 -14.2207 -5.6783
3 27 -4.6947 -14.5043 -7.984 -2.4279 -14.5261 -8.9158 -5.7644 -14.7963 -9.9266
3 27 -5.7644 -14.7963 -9.9266 -2.4279 -14.5261 -8.9158 -3.024 -14.8728 -11.1144
3 27 -4.6947 -14.5043 -7.984 -5.7644 -14.7963 -9.9266 -6.1911 -14.3908 -6.8393
3 27 -6.1911 -14.3908 -6.8393 -5.7644 -14.7963 -9.9266 -8.351 -14.684 -7.6279
3 27 -2.4279 -14.5261 -8.9158 0 -14.5874 -9.2392 -3.024 -14.8728 -11.1144
3 27 -3.024 -14.8728 -11.1144 0 -14.5874 -9.2392 0 -14.8659 -11.5595
3 27 -4.7083 -4.8857 -8.2735 -5.97 -3.9431 -10.6027 -2.4302 -4.5883 -9.193
3 27 -2.4302 -4.5883 -9.193 -5.97 -3.9431 -10.6027 -3.1283 -3.4034 -12.0248
3 27 -6.1218 -5.3056 -7.2739 -7.907 -4.6602 -8.689 -4.7083 -4.8857 -8.2735
3 27 -4.7083 -4.8857 -8.2735 -7.907 -4.6602 -8.689 -5.97 -3.9431 -10.6027
3 27 -6.1218 -5.3056 -7.2739 -7.3647 -5.7831 -5.9902 -7.907 -4.6602 -8.689
3 27 -7.907 -4.6602 -8.689 -7.3647 -5.7831 -5.9902 -9.3367 -5.4917 -6.4227
3 27 -7.3647 -5.7831 -5.9902 -8.2011 -6.4392 -4.7967 -9.3367 -5.4917 -6.4227
3 27 -9.3367 -5.4917 -6.4227 -8.2011 -6.4392 -4.7967 -10.0888 -6.3552 -4.729
3 27 -8.2011 -6.4392 -4.7967 -8.6921 -7.9183 -3.6509 -10.0888 -6.3552 -4.729
3 27 -10.0888 -6.3552 -4.729 -8.6921 -7.9183 -3.6509 -10.6169 -7.8869 -3.4762
3 27 -8.6496 -11.6669 -3.4732 -10.7671 -11.7172 -3.3313 -8.8559 -9.8169 -3.1065
3 27 -8.8559 -9.8169 -3.1065 -10.7671 -11.7172 -3.3313 -10.8458 -9.8571 -2.9537
3 27 -8.6921 -7.9183 -3.6509 -8.8559 -9.8169 -3.1065 -10.6169 -7.8869 -3.4762
3 27 -10.6169 -7.8869 -3.4762 -8.8559 -9.8169 -3.1065 -10.8458 -9.8571 -2.9537
3 27 6.25 -1.6652 0 5.7248 -1.945 2.3713 9.4358 -1.928 2.2376
3 27 9.4358 -1.928 2.2376 5.7248 -1.945 2.3713 8.4599 -2.1735 4.3226
3 27 5.7248 -1.3834 -2.3713 6.25 -1.6652 0 9.7471 -1.401 -2.2376
3 27 9.7471 -1.401 -2.2376 6.25 -1.6652 0 9.7687 -1.6645 0
3 27 5.7248 -1.3834 -2.3713 9.7471 -1.401 -2.2376 9.3441 -1.1555 -4.3226
3 27 5.7248 -1.3834 -2.3713 9.3441 -1.1555 -4.3226 4.4194 -1.1396 -4.4194
3 27 4.4194 -1.1396 -4.4194 9.3441 -1.1555 -4.3226 8.0608 -0.8125 -7.2007
3 27 2.3713 -0.9868 -5.7248 4.4194 -1.1396 -4.4194 6.3054 -0.5459 -9.395
3 27 6.3054 -0.5459 -9.395 4.4194 -1.1396 -4.4194 8.0608 -0.8125 -7.2007
3 27 2.3713 -0.9868 -5.7248 6.3054 -0.5459 -9.395 3.3198 -0.3308 -11.262
3 27 2.3713 -0.9868 -5.7248 3.3198 -0.3308 -11.262 0 -0.9217 -6.25
3 27 0 -0.9217 -6.25 3.3198 -0.3308 -11.262 0 -0.2275 -11.8292
3 27 -2.3713 -0.9868 -5.7248 0 -0.9217 -6.25 -3.3199 -0.3308 -11.2619
3 27 -3.3199 -0.3308 -11.2619 0 -0.9217 -6.25 0 -0.2275 -11.8292
3 27 -2.3713 -0.9868 -5.7248 -3.3199 -0.3308 -11.2619 -6.3054 -0.5459 -9.395
3 27 -2.3713 -0.9868 -5.7248 -6.3054 -0.5459 -9.395 -4.4194 -1.1396 -4.4194
3 27 -4.4194 -1.1396 -4.4194 -6.3054 -0.5459 -9.395 -8.0608 -0.8125 -7.2007
3 27 -5.7248 -1.3834 -2.3713 -4.4194 -1.1396 -4.4194 -9.3441 -1.1555 -4.3226
3 27 -9.3441 -1.1555 -4.3226 -4.4194 -1.1396 -4.4194 -8.0608 -0.8125 -7.2007
3 27 -5.7248 -1.3834 -2.3713 -9.3441 -1.1555 -4.3226 -9.7471 -1.401 -2.2376
3 27 -5.7248 -1.3834 -2.3713 -9.7471 -1.401 -2.2376 -6.25 -1.6652 0
3 27 -6.25 -1.6652 0 -9.7471 -1.401 -2.2376 -9.7687 -1.6645 0
3 27 -9.4358 -1.928 2.2376 -6.25 -1.6652 0 -9.7687 -1.6645 0
3 27 -8.4599 -2.1735 4.3226 -6.9075 -2.3843 6.1132 -5.7248 -1.945 2.3713
3 27 -5.7248 -1.945 2.3713 -6.9075 -2.3843 6.1132 -4.4194 -2.1857 4.4194
3 27 -4.8843 -2.5461 7.487 -4.4194 -2.1857 4.4194 -6.9075 -2.3843 6.1132
3 27 -2.3713 -2.344 5.7248 -2.5283 -2.6478 8.3507 0 -2.4073 6.25
3 27 0 -2.4073 6.25 -2.5283 -2.6478 8.3507 0 -2.6825 8.6453
3 27 2.3713 -2.344 5.7248 0 -2.4073 6.25 2.5283 -2.6478 8.3507
3 27 2.5283 -2.6478 8.3507 0 -2.4073 6.25 0 -2.6825 8.6453
3 27 2.5283 -2.6478 8.3507 4.8843 -2.5461 7.487 2.3713 -2.344 5.7248
3 27 2.3713 -2.344 5.7248 4.8843 -2.5461 7.487 4.4194 -2.1857 4.4194
3 27 4.4194 -2.1857 4.4194 6.9075 -2.3843 6.1131 5.7248 -1.945 2.3713
3 27 5.7248 -1.945 2.3713 6.9075 -2.3843 6.1131 8.4599 -2.1735 4.3226
3 27 -4.4194 -2.1857 4.4194 -4.8843 -2.5461 7.487 -2.3713 -2.344 5.7248
3 27 -2.3713 -2.344 5.7248 -4.8843 -2.5461 7.487 -2.5283 -2.6478 8.3507
3 27 4.4194 -2.1857 4.4194 4.8843 -2.5461 7.487 6.9075 -2.3843 6.1131
3 27 9.4358 -1.928 2.2376 9.7687 -1.6645 0 6.25 -1.6652 0
3 27 -6.25 -1.6652 0 -9.4358 -1.928 2.2376 -5.7248 -1.945 2.3713
3 27 -5.7248 -1.945 2.3713 -9.4358 -1.928 2.2376 -8.4599 -2.1735 4.3226
3 27 -10.5155 -5.0406 -0.2482 -10.6169 -7.8869 -3.4762 -11.0286 -10.1541 0.5871
3 27 -11.0286 -10.1541 0.5871 -10.6169 -7.8869 -3.4762 -10.8458 -9.8571 -2.9537
3 27 9.7471 -1.401 -2.2376 10.0888 -6.3552 -4.729 9.3441 -1.1555 -4.3226
3 27 9.3441 -1.1555 -4.3226 10.0888 -6.3552 -4.729 9.3367 -5.4917 -6.4227
3 27 -9.7471 -1.401 -2.2376 -10.0888 -6.3552 -4.729 -10.5155 -5.0406 -0.2482
3 27 9.835 -17.2559 -1.4262 8.1033 -17.6235 -5.3589 10.2706 -13.3098 -4.3995
3 27 10.2706 -13.3098 -4.3995 8.1033 -17.6235 -5.3589 9.6307 -14.2207 -5.6783
3 27 -10.7671 -11.7172 -3.3313 -10.2706 -13.3098 -4.3995 -10.9722 -13.4731 0.0744
3 27 -10.9722 -13.4731 0.0744 -10.2706 -13.3098 -4.3995 -9.835 -17.2559 -1.4262
3 27 0.9375 -19.5322 0.5738 1.6238 -19.5322 -0.1125 0.9375 -22.8144 0.5738
3 27 0.9375 -22.8144 0.5738 1.6238 -19.5322 -0.1125 1.6238 -22.8144 -0.1125
3 27 0 -19.5322 0.825 0.9375 -19.5322 0.5738 0 -22.8144 0.825
3 27 0 -22.8144 0.825 0.9375 -19.5322 0.5738 0.9375 -22.8144 0.5738
3 27 -0.9375 -19.5322 0.5738 0 -19.5322 0.825 -0.9375 -22.8144 0.5738
3 27 -0.9375 -22.8144 0.5738 0 -19.5322 0.825 0 -22.8144 0.825
3 27 -1.6238 -19.5322 -0.1125 -0.9375 -19.5322 0.5738 -1.6238 -22.8144 -0.1125
3 27 -1.6238 -22.8144 -0.1125 -0.9375 -19.5322 0.5738 -0.9375 -22.8144 0.5738
3 27 -1.875 -19.5322 -1.05 -1.6238 -19.5322 -0.1125 -1.875 -22.8144 -1.05
3 27 -1.875 -22.8144 -1.05 -1.6238 -19.5322 -0.1125 -1.6238 -22.8144 -0.1125
3 27 -1.6238 -19.5322 -1.9875 -1.875 -19.5322 -1.05 -1.6238 -22.8144 -1.9875
3 27 -1.6238 -22.8144 -1.9875 -1.875 -19.5322 -1.05 -1.875 -22.8144 -1.05
3 27 -0.9375 -19.5322 -2.6738 -1.6238 -19.5322 -1.9875 -0.9375 -22.8144 -2.6738
3 27 -0.9375 -22.8144 -2.6738 -1.6238 -19.5322 -1.9875 -1.6238 -22.8144 -1.9875
3 27 0 -19.5322 -2.925 -0.9375 -19.5322 -2.6738 0 -22.8144 -2.925
3 27 0 -22.8144 -2.925 -0.9375 -19.5322 -2.6738 -0.9375 -22.8144 -2.6738
3 27 0.9375 -19.5322 -2.6738 0 -19.5322 -2.925 0.9375 -22.8144 -2.6738
3 27 0.9375 -22.8144 -2.6738 0 -19.5322 -2.925 0 -22.8144 -2.925
3 27 1.6238 -19.5322 -1.9875 0.9375 -19.5322 -2.6738 1.6238 -22.8144 -1.9875
3 27 1.6238 -22.8144 -1.9875 0.9375 -19.5322 -2.6738 0.9375 -22.8144 -2.6738
3 27 1.875 -19.5322 -1.05 1.6238 -19.5322 -1.9875 1.875 -22.8144 -1.05
3 27 1.875 -22.8144 -1.05 1.6238 -19.5322 -1.9875 1.6238 -22.8144 -1.9875
3 27 1.6238 -22.8144 -0.1125 1.6238 -19.5322 -0.1125 1.875 -22.8144 -1.05
3 27 1.875 -22.8144 -1.05 1.6238 -19.5322 -0.1125 1.875 -19.5322 -1.05
2 24 -2.4279 -14.5261 -8.9158 0 -14.5874 -9.2392
2 24 -2.4302 -4.5883 -9.193 0 -4.4961 -9.5156
2 24 -2.4302 -4.5883 -9.193 -4.7083 -4.8857 -8.2735
2 24 -2.4279 -14.5261 -8.9158 -4.6947 -14.5043 -7.984
2 24 -8.0509 -13.3649 -4.6044 -7.3171 -14.0568 -5.6946
2 24 -8.2011 -6.4392 -4.7967 -7.3647 -5.7831 -5.9902
2 24 -8.0509 -13.3649 -4.6044 -8.6496 -11.6669 -3.4732
2 24 -8.6496 -11.6669 -3.4732 -8.8559 -9.8169 -3.1065
2 24 -8.8559 -9.8169 -3.1065 -8.6921 -7.9183 -3.6509
2 24 -4.4194 0 -4.4194 -5.7248 0 -2.3713
2 24 -4.4194 -1.1396 -4.4194 -5.7248 -1.3834 -2.3713
2 24 -4.4194 0 -4.4194 -2.3713 0 -5.7248
2 24 -4.4194 -1.1396 -4.4194 -2.3713 -0.9868 -5.7248
2 24 -2.3713 0 -5.7248 0 0 -6.25
2 24 -2.3713 -0.9868 -5.7248 0 -0.9217 -6.25
2 24 0 0 -6.25 2.3713 0 -5.7248
2 24 0 -0.9217 -6.25 2.3713 -0.9868 -5.7248
2 24 2.3713 0 -5.7248 4.4194 0 -4.4194
2 24 2.3713 -0.9868 -5.7248 4.4194 -1.1396 -4.4194
2 24 4.4194 0 -4.4194 5.7248 0 -2.3713
2 24 4.4194 -1.1396 -4.4194 5.7248 -1.3834 -2.3713
2 24 1.875 -16.25 -1.05 1.6238 -16.25 -0.1125
2 24 1.6238 -16.25 -0.1125 0.9375 -16.25 0.5738
2 24 0.9375 -16.25 0.5738 0 -16.25 0.825
2 24 0 -16.25 0.825 -0.9375 -16.25 0.5738
2 24 -0.9375 -16.25 0.5738 -1.6238 -16.25 -0.1125
2 24 -1.6238 -16.25 -0.1125 -1.875 -16.25 -1.05
2 24 -1.6238 -16.25 -1.9875 -1.875 -16.25 -1.05
2 24 -2.8284 -16.25 -2.8284 -3.6639 -16.1872 -1.5176
2 24 -1.875 -16.25 -1.05 -1.6238 -16.25 -1.9875
2 24 -1.6238 -16.25 -1.9875 -0.9375 -16.25 -2.6738
2 24 -0.9375 -16.25 -2.6738 0 -16.25 -2.925
2 24 0 -16.25 -2.925 0.9375 -16.25 -2.6738
2 24 0.9375 -16.25 -2.6738 1.6238 -16.25 -1.9875
2 24 1.6238 -16.25 -1.9875 1.875 -16.25 -1.05
2 24 2.8284 -16.25 -2.8284 3.6639 -16.1872 -1.5176
2 24 1.875 -16.25 -1.05 1.6238 -16.25 -1.9875
2 24 1.0353 -12.8737 3.8637 1.0353 -12.8737 2.882
2 24 0 -12.8737 4 1.0353 -12.8737 3.8637
2 24 1.0353 -12.8737 3.8637 1.0353 -13.8471 3.9362
2 24 1.0353 -12.8737 3.8637 1.0353 -12.8737 2.882
2 24 1.0353 -13.8471 3.9362 1.0372 -16.1356 2.7698
2 24 1.0353 -12.8737 2.882 1.0372 -16.1356 2.7698
2 24 -1.0372 -16.1356 2.7698 -1.0353 -13.8471 3.9362
2 24 -1.0372 -16.1356 2.7698 -1.0353 -12.8737 2.882
2 24 -1.0353 -13.8471 3.9362 -1.0353 -12.8737 3.8637
2 24 -1.0353 -12.8737 2.882 -1.0353 -12.8737 3.8637
2 24 3.6639 0 1.5176 4 0 0
2 24 3.6639 -15.7488 1.5176 4 -15.9177 0
2 24 3.6639 0 1.5176 4 0 0
2 24 5.7248 0 2.3713 6.25 0 0
2 24 3.6639 0 1.5176 2.8284 0 2.8284
2 24 5.7248 0 2.3713 4.4194 0 4.4194
2 24 3.6639 0 1.5176 2.8284 0 2.8284
2 24 3.6639 -15.7488 1.5176 2.8284 -15.3347 2.8284
2 24 2.8284 0 2.8284 1.5176 0 3.6639
2 24 4.4194 0 4.4194 2.3713 0 5.7248
2 24 2.8284 0 2.8284 1.5176 0 3.6639
2 24 2.8284 -15.3347 2.8284 2 -14.6813 3.4641
2 24 1.5176 0 3.6639 0 0 4
2 24 2.3713 0 5.7248 0 0 6.25
2 24 1.0353 -12.8737 3.8637 0 -12.8737 4
2 24 1.5176 0 3.6639 0 0 4
2 24 0 0 4 -1.5176 0 3.6639
2 24 0 0 6.25 -2.3713 0 5.7248
2 24 0 0 4 -1.5176 0 3.6639
2 24 0 -12.8737 4 -1.0353 -12.8737 3.8637
2 24 -1.5176 0 3.6639 -2.8284 0 2.8284
2 24 -2.3713 0 5.7248 -4.4194 0 4.4194
2 24 -1.5176 0 3.6639 -2.8284 0 2.8284
2 24 -2 -14.6813 3.4641 -2.8284 -15.3347 2.8284
2 24 -2.8284 0 2.8284 -3.6639 0 1.5176
2 24 -4.4194 0 4.4194 -5.7248 0 2.3713
2 24 -2.8284 0 2.8284 -3.6639 0 1.5176
2 24 -2.8284 -15.3347 2.8284 -3.6639 -15.7488 1.5176
2 24 -3.6639 0 1.5176 -4 0 0
2 24 -5.7248 0 2.3713 -6.25 0 0
2 24 -3.6639 0 1.5176 -4 0 0
2 24 -3.6639 -15.7488 1.5176 -4 -15.9177 0
2 24 -4 0 0 -3.6639 0 -1.5176
2 24 -6.25 0 0 -5.7248 0 -2.3713
2 24 -4 0 0 -3.6639 0 -1.5176
2 24 -4 -15.9177 0 -3.6639 -16.1872 -1.5176
2 24 -3.6639 0 -1.5176 -2.8284 0 -2.8284
2 24 -5.7248 0 -2.3713 -4.4194 0 -4.4194
2 24 -3.6639 0 -1.5176 -2.8284 0 -2.8284
2 24 -3.6639 -16.1872 -1.5176 -2.8284 -16.25 -2.8284
2 24 -2.8284 0 -2.8284 -1.5176 0 -3.6639
2 24 -4.4194 0 -4.4194 -2.3713 0 -5.7248
2 24 -2.8284 0 -2.8284 -1.5176 0 -3.6639
2 24 -2.8284 -16.25 -2.8284 -1.5176 -16.25 -3.6639
2 24 -1.5176 0 -3.6639 0 0 -4
2 24 -2.3713 0 -5.7248 0 0 -6.25
2 24 -1.5176 0 -3.6639 0 0 -4
2 24 -1.5176 -16.25 -3.6639 0 -16.25 -4
2 24 0 0 -4 1.5176 0 -3.6639
2 24 0 0 -6.25 2.3713 0 -5.7248
2 24 0 0 -4 1.5176 0 -3.6639
2 24 0 -16.25 -4 1.5176 -16.25 -3.6639
2 24 1.5176 0 -3.6639 2.8284 0 -2.8284
2 24 2.3713 0 -5.7248 4.4194 0 -4.4194
2 24 1.5176 0 -3.6639 2.8284 0 -2.8284
2 24 1.5176 -16.25 -3.6639 2.8284 -16.25 -2.8284
2 24 2.8284 0 -2.8284 3.6639 0 -1.5176
2 24 4.4194 0 -4.4194 5.7248 0 -2.3713
2 24 2.8284 0 -2.8284 3.6639 0 -1.5176
2 24 2.8284 -16.25 -2.8284 3.6639 -16.1872 -1.5176
2 24 4 0 0 3.6639 0 -1.5176
2 24 6.25 0 0 5.7248 0 -2.3713
2 24 4 0 0 3.6639 0 -1.5176
2 24 4 -15.9177 0 3.6639 -16.1872 -1.5176
2 24 -4 -15.9177 0 -3.6639 -15.7488 1.5176
2 24 3.6639 -15.7488 1.5176 4 -15.9177 0
2 24 1.875 -16.25 -1.05 1.6238 -16.25 -0.1125
2 24 3.6639 -16.1872 -1.5176 4 -15.9177 0
2 24 -3.6639 -15.7488 1.5176 -2.8284 -15.3347 2.8284
2 24 -1.6238 -16.25 -0.1125 -0.9375 -16.25 0.5738
2 24 -2.8284 -15.3347 2.8284 -1.0372 -16.1356 2.7698
2 24 -2.8284 -15.3347 2.8284 -2 -14.6813 3.4641
2 24 2.8284 -15.3347 2.8284 1.0372 -16.1356 2.7698
2 24 2 -14.6813 3.4641 2.8284 -15.3347 2.8284
2 24 -2 -14.6813 3.4641 -1.0353 -13.8471 3.9362
2 24 -1.0372 -16.1356 2.7698 -1.0353 -13.8471 3.9362
2 24 -1.6238 -16.25 -1.9875 -0.9375 -16.25 -2.6738
2 24 -2.8284 -16.25 -2.8284 -1.5176 -16.25 -3.6639
2 24 2.8284 -16.25 -2.8284 1.5176 -16.25 -3.6639
2 24 1.6238 -16.25 -1.9875 0.9375 -16.25 -2.6738
2 24 -1.5176 -16.25 -3.6639 0 -16.25 -4
2 24 -0.9375 -16.25 -2.6738 0 -16.25 -2.925
2 24 1.5176 -16.25 -3.6639 0 -16.25 -4
2 24 0.9375 -16.25 -2.6738 0 -16.25 -2.925
2 24 -1.875 -16.25 -1.05 -1.6238 -16.25 -0.1125
2 24 -3.6639 -16.1872 -1.5176 -4 -15.9177 0
2 24 1.6238 -16.25 -0.1125 0.9375 -16.25 0.5738
2 24 3.6639 -15.7488 1.5176 2.8284 -15.3347 2.8284
2 24 -1.0353 -12.8737 2.882 -1.0353 -12.8737 3.8637
2 24 0 -12.8737 4 -1.0353 -12.8737 3.8637
2 24 -1.0372 -16.1356 2.7698 -1.0353 -12.8737 2.882
2 24 -1.0372 -16.1356 2.7698 1.0372 -16.1356 2.7698
2 24 -1.0353 -12.8737 2.882 1.0353 -12.8737 2.882
2 24 1.0372 -16.1356 2.7698 1.0353 -12.8737 2.882
2 24 -1.0353 -12.8737 3.8637 -1.0353 -13.8471 3.9362
2 24 -2 -14.6813 3.4641 -1.0353 -13.8471 3.9362
2 24 -1.0372 -16.1356 2.7698 1.0372 -16.1356 2.7698
2 24 0 -14.5874 -9.2392 2.4279 -14.5261 -8.9158
2 24 0 -4.4961 -9.5156 2.4302 -4.5883 -9.193
2 24 8.8559 -9.8169 -3.1065 8.6496 -11.6669 -3.4732
2 24 8.8559 -9.8169 -3.1065 8.6921 -7.9183 -3.6509
2 24 8.6921 -7.9183 -3.6509 8.2011 -6.4392 -4.7967
2 24 8.2011 -6.4392 -4.7967 7.3647 -5.7831 -5.9902
2 24 7.3171 -14.0568 -5.6946 8.0509 -13.3649 -4.6044
2 24 7.3647 -5.7831 -5.9902 6.1218 -5.3056 -7.2739
2 24 7.3171 -14.0568 -5.6946 6.1911 -14.3908 -6.8393
2 24 2.4302 -4.5883 -9.193 4.7083 -4.8857 -8.2735
2 24 2.4279 -14.5261 -8.9158 4.6947 -14.5043 -7.984
2 24 6.1218 -5.3056 -7.2739 4.7083 -4.8857 -8.2735
2 24 6.1911 -14.3908 -6.8393 4.6947 -14.5043 -7.984
2 24 5.7248 -1.945 2.3713 6.25 -1.6652 0
2 24 5.7248 0 2.3713 6.25 0 0
2 24 5.7248 -1.3834 -2.3713 6.25 -1.6652 0
2 24 5.7248 0 -2.3713 6.25 0 0
2 24 -5.7248 0 -2.3713 -6.25 0 0
2 24 -5.7248 -1.3834 -2.3713 -6.25 -1.6652 0
2 24 -6.25 -1.6652 0 -5.7248 -1.945 2.3713
2 24 -6.25 0 0 -5.7248 0 2.3713
2 24 -5.7248 -1.945 2.3713 -4.4194 -2.1857 4.4194
2 24 -5.7248 0 2.3713 -4.4194 0 4.4194
2 24 -4.4194 -2.1857 4.4194 -2.3713 -2.344 5.7248
2 24 -4.4194 0 4.4194 -2.3713 0 5.7248
2 24 -2.3713 -2.344 5.7248 0 -2.4073 6.25
2 24 -2.3713 0 5.7248 0 0 6.25
2 24 0 -2.4073 6.25 2.3713 -2.344 5.7248
2 24 0 0 6.25 2.3713 0 5.7248
2 24 2.3713 -2.344 5.7248 4.4194 -2.1857 4.4194
2 24 2.3713 0 5.7248 4.4194 0 4.4194
2 24 5.7248 -1.945 2.3713 4.4194 -2.1857 4.4194
2 24 5.7248 0 2.3713 4.4194 0 4.4194
2 24 -7.3171 -14.0568 -5.6946 -6.1911 -14.3908 -6.8393
2 24 -7.3647 -5.7831 -5.9902 -6.1218 -5.3056 -7.2739
2 24 -4.7083 -4.8857 -8.2735 -6.1218 -5.3056 -7.2739
2 24 -4.6947 -14.5043 -7.984 -6.1911 -14.3908 -6.8393
2 24 1.0353 -12.8737 3.8637 1.0353 -13.8471 3.9362
2 24 2 -14.6813 3.4641 1.0353 -13.8471 3.9362
2 24 8.6496 -11.6669 -3.4732 8.0509 -13.3649 -4.6044
2 24 -8.2011 -6.4392 -4.7967 -8.6921 -7.9183 -3.6509
2 24 1.0353 -12.8737 2.882 -1.0353 -12.8737 2.882
2 24 2 -14.6813 3.4641 1.0353 -13.8471 3.9362
2 24 1.0372 -16.1356 2.7698 1.0353 -13.8471 3.9362
2 24 0.9375 -16.25 0.5738 0 -16.25 0.825
2 24 -0.9375 -16.25 0.5738 0 -16.25 0.825
2 24 -2.4343 -14.5268 -8.9399 0 -14.5881 -9.2642
2 24 -2.4363 -4.5889 -9.2173 0 -4.4968 -9.5406
2 24 -2.4363 -4.5889 -9.2173 -4.7194 -4.8864 -8.2959
2 24 -2.4343 -14.5268 -8.9399 -4.7067 -14.5051 -8.0059
2 24 -8.0721 -13.3657 -4.6176 -7.336 -14.0575 -5.711
2 24 -8.2217 -6.4399 -4.8107 -7.3833 -5.7838 -6.0068
2 24 -8.0721 -13.3657 -4.6176 -8.6718 -11.6671 -3.4847
2 24 -8.6718 -11.6671 -3.4847 -8.878 -9.8177 -3.1181
2 24 -8.878 -9.8177 -3.1181 -8.7144 -7.9197 -3.6622
2 24 0 -14.5881 -9.2642 2.4343 -14.5268 -8.9399
2 24 0 -4.4968 -9.5406 2.4363 -4.5889 -9.2173
2 24 8.878 -9.8177 -3.1181 8.6718 -11.6671 -3.4847
2 24 8.878 -9.8177 -3.1181 8.7144 -7.9197 -3.6622
2 24 8.7144 -7.9197 -3.6622 8.2217 -6.4399 -4.8107
2 24 8.2217 -6.4399 -4.8107 7.3833 -5.7838 -6.0068
2 24 7.336 -14.0575 -5.711 8.0721 -13.3657 -4.6176
2 24 7.3833 -5.7838 -6.0068 6.1377 -5.3062 -7.2932
2 24 7.336 -14.0575 -5.711 6.2075 -14.3916 -6.8582
2 24 2.4363 -4.5889 -9.2173 4.7194 -4.8864 -8.2959
2 24 2.4343 -14.5268 -8.9399 4.7067 -14.5051 -8.0059
2 24 6.1377 -5.3062 -7.2932 4.7194 -4.8864 -8.2959
2 24 6.2075 -14.3916 -6.8582 4.7067 -14.5051 -8.0059
2 24 -7.336 -14.0575 -5.711 -6.2075 -14.3916 -6.8582
2 24 -7.3833 -5.7838 -6.0068 -6.1377 -5.3062 -7.2932
2 24 -4.7194 -4.8864 -8.2959 -6.1377 -5.3062 -7.2932
2 24 -4.7067 -14.5051 -8.0059 -6.2075 -14.3916 -6.8582
2 24 8.6718 -11.6671 -3.4847 8.0721 -13.3657 -4.6176
2 24 -8.2217 -6.4399 -4.8107 -8.7144 -7.9197 -3.6622
2 24 -3.024 -14.8728 -11.1144 0 -14.8659 -11.5595
2 24 0 -14.8659 -11.5595 3.024 -14.8728 -11.1144
2 24 3.024 -14.8728 -11.1144 5.7644 -14.7963 -9.9266
2 24 5.7644 -14.7963 -9.9266 8.351 -14.684 -7.6279
2 24 8.351 -14.684 -7.6279 9.6307 -14.2207 -5.6783
2 24 10.2706 -13.3098 -4.3995 10.7671 -11.7172 -3.3313
2 24 10.7671 -11.7172 -3.3313 10.8458 -9.8571 -2.9537
2 24 10.8458 -9.8571 -2.9537 10.6169 -7.8869 -3.4762
2 24 10.6169 -7.8869 -3.4762 10.0888 -6.3552 -4.729
2 24 7.907 -4.6602 -8.689 9.3367 -5.4917 -6.4227
2 24 8.0608 -0.8125 -7.2007 9.3441 -1.1555 -4.3226
2 24 7.907 -4.6602 -8.689 5.97 -3.9431 -10.6027
2 24 8.0608 -0.8125 -7.2007 6.3054 -0.5459 -9.395
2 24 5.97 -3.9431 -10.6027 3.1283 -3.4034 -12.0248
2 24 6.3054 -0.5459 -9.395 3.3198 -0.3308 -11.262
2 24 3.1283 -3.4034 -12.0248 0 -3.2286 -12.4807
2 24 3.3198 -0.3308 -11.262 0 -0.2275 -11.8292
2 24 -10.8458 -9.8571 -2.9537 -10.7671 -11.7172 -3.3313
2 24 -9.6307 -14.2207 -5.6783 -10.2706 -13.3098 -4.3995
2 24 -8.351 -14.684 -7.6279 -5.7644 -14.7963 -9.9266
2 24 -9.6307 -14.2207 -5.6783 -8.351 -14.684 -7.6279
2 24 -3.024 -14.8728 -11.1144 -5.7644 -14.7963 -9.9266
2 24 0 -3.2286 -12.4807 -3.1283 -3.4034 -12.0248
2 24 0 -0.2275 -11.8292 -3.3199 -0.3308 -11.2619
2 24 -3.1283 -3.4034 -12.0248 -5.97 -3.9431 -10.6027
2 24 -3.3199 -0.3308 -11.2619 -6.3054 -0.5459 -9.395
2 24 -5.97 -3.9431 -10.6027 -7.907 -4.6602 -8.689
2 24 -6.3054 -0.5459 -9.395 -8.0608 -0.8125 -7.2007
2 24 -7.907 -4.6602 -8.689 -9.3367 -5.4917 -6.4227
2 24 -8.0608 -0.8125 -7.2007 -9.3441 -1.1555 -4.3226
2 24 -9.3367 -5.4917 -6.4227 -10.0888 -6.3552 -4.729
2 24 -9.3441 -1.1555 -4.3226 -9.7471 -1.401 -2.2376
2 24 -10.0888 -6.3552 -4.729 -10.6169 -7.8869 -3.4762
2 24 0.9375 -22.8144 0.5738 1.6238 -22.8144 -0.1125
2 24 0.9375 -22.8144 0.5738 0 -22.8144 0.825
2 24 0 -22.8144 0.825 -0.9375 -22.8144 0.5738
2 24 -0.9375 -22.8144 0.5738 -1.6238 -22.8144 -0.1125
2 24 -1.6238 -22.8144 -0.1125 -1.875 -22.8144 -1.05
2 24 -1.875 -22.8144 -1.05 -1.6238 -22.8144 -1.9875
2 24 -1.6238 -22.8144 -1.9875 -0.9375 -22.8144 -2.6738
2 24 -0.9375 -22.8144 -2.6738 0 -22.8144 -2.925
2 24 0 -22.8144 -2.925 0.9375 -22.8144 -2.6738
2 24 0.9375 -22.8144 -2.6738 1.6238 -22.8144 -1.9875
2 24 1.6238 -22.8144 -1.9875 1.875 -22.8144 -1.05
2 24 1.6238 -22.8144 -0.1125 1.875 -22.8144 -1.05
2 24 9.7687 -1.6645 0 9.4358 -1.928 2.2376
2 24 9.7471 -1.401 -2.2376 9.7687 -1.6645 0
2 24 -9.7471 -1.401 -2.2376 -9.7687 -1.6645 0
2 24 -9.7687 -1.6645 0 -9.4358 -1.928 2.2376
2 24 -9.4358 -1.928 2.2376 -8.4599 -2.1735 4.3226
2 24 -8.4599 -2.1735 4.3226 -6.9075 -2.3843 6.1132
2 24 -6.9075 -2.3843 6.1132 -4.8843 -2.5461 7.487
2 24 -4.8843 -2.5461 7.487 -2.5283 -2.6478 8.3507
2 24 -2.5283 -2.6478 8.3507 0 -2.6825 8.6453
2 24 0 -2.6825 8.6453 2.5283 -2.6478 8.3507
2 24 2.5283 -2.6478 8.3507 4.8843 -2.5461 7.487
2 24 4.8843 -2.5461 7.487 6.9075 -2.3843 6.1131
2 24 6.9075 -2.3843 6.1131 8.4599 -2.1735 4.3226
2 24 9.4358 -1.928 2.2376 8.4599 -2.1735 4.3226
2 24 2.4279 -14.5261 -8.9158 0 -14.5874 -9.2392
2 24 3.024 -14.8728 -11.1144 0 -14.8659 -11.5595
2 24 2.4279 -14.5261 -8.9158 4.6947 -14.5043 -7.984
2 24 3.024 -14.8728 -11.1144 5.7644 -14.7963 -9.9266
2 24 4.6947 -14.5043 -7.984 6.1911 -14.3908 -6.8393
2 24 5.7644 -14.7963 -9.9266 8.351 -14.684 -7.6279
2 24 6.1911 -14.3908 -6.8393 7.3171 -14.0568 -5.6946
2 24 8.351 -14.684 -7.6279 9.6307 -14.2207 -5.6783
2 24 7.3171 -14.0568 -5.6946 8.0509 -13.3649 -4.6044
2 24 9.6307 -14.2207 -5.6783 10.2706 -13.3098 -4.3995
2 24 8.0509 -13.3649 -4.6044 8.6496 -11.6669 -3.4732
2 24 10.2706 -13.3098 -4.3995 10.7671 -11.7172 -3.3313
2 24 8.6496 -11.6669 -3.4732 8.8559 -9.8169 -3.1065
2 24 10.7671 -11.7172 -3.3313 10.8458 -9.8571 -2.9537
2 24 8.8559 -9.8169 -3.1065 8.6921 -7.9183 -3.6509
2 24 10.8458 -9.8571 -2.9537 10.6169 -7.8869 -3.4762
2 24 8.6921 -7.9183 -3.6509 8.2011 -6.4392 -4.7967
2 24 10.6169 -7.8869 -3.4762 10.0888 -6.3552 -4.729
2 24 8.2011 -6.4392 -4.7967 7.3647 -5.7831 -5.9902
2 24 10.0888 -6.3552 -4.729 9.3367 -5.4917 -6.4227
2 24 7.3647 -5.7831 -5.9902 6.1218 -5.3056 -7.2739
2 24 9.3367 -5.4917 -6.4227 7.907 -4.6602 -8.689
2 24 4.7083 -4.8857 -8.2735 2.4302 -4.5883 -9.193
2 24 5.97 -3.9431 -10.6027 3.1283 -3.4034 -12.0248
2 24 6.1218 -5.3056 -7.2739 4.7083 -4.8857 -8.2735
2 24 7.907 -4.6602 -8.689 5.97 -3.9431 -10.6027
2 24 2.4302 -4.5883 -9.193 0 -4.4961 -9.5156
2 24 3.1283 -3.4034 -12.0248 0 -3.2286 -12.4807
2 24 0 -4.4961 -9.5156 -2.4302 -4.5883 -9.193
2 24 0 -3.2286 -12.4807 -3.1283 -3.4034 -12.0248
2 24 -8.0509 -13.3649 -4.6044 -8.6496 -11.6669 -3.4732
2 24 -10.2706 -13.3098 -4.3995 -10.7671 -11.7172 -3.3313
2 24 -8.0509 -13.3649 -4.6044 -7.3171 -14.0568 -5.6946
2 24 -10.2706 -13.3098 -4.3995 -9.6307 -14.2207 -5.6783
2 24 -7.3171 -14.0568 -5.6946 -6.1911 -14.3908 -6.8393
2 24 -9.6307 -14.2207 -5.6783 -8.351 -14.684 -7.6279
2 24 -4.6947 -14.5043 -7.984 -2.4279 -14.5261 -8.9158
2 24 -5.7644 -14.7963 -9.9266 -3.024 -14.8728 -11.1144
2 24 -6.1911 -14.3908 -6.8393 -4.6947 -14.5043 -7.984
2 24 -8.351 -14.684 -7.6279 -5.7644 -14.7963 -9.9266
2 24 0 -14.5874 -9.2392 -2.4279 -14.5261 -8.9158
2 24 0 -14.8659 -11.5595 -3.024 -14.8728 -11.1144
2 24 -2.4302 -4.5883 -9.193 -4.7083 -4.8857 -8.2735
2 24 -3.1283 -3.4034 -12.0248 -5.97 -3.9431 -10.6027
2 24 -4.7083 -4.8857 -8.2735 -6.1218 -5.3056 -7.2739
2 24 -5.97 -3.9431 -10.6027 -7.907 -4.6602 -8.689
2 24 -6.1218 -5.3056 -7.2739 -7.3647 -5.7831 -5.9902
2 24 -7.907 -4.6602 -8.689 -9.3367 -5.4917 -6.4227
2 24 -7.3647 -5.7831 -5.9902 -8.2011 -6.4392 -4.7967
2 24 -9.3367 -5.4917 -6.4227 -10.0888 -6.3552 -4.729
2 24 -8.2011 -6.4392 -4.7967 -8.6921 -7.9183 -3.6509
2 24 -10.0888 -6.3552 -4.729 -10.6169 -7.8869 -3.4762
2 24 -8.6496 -11.6669 -3.4732 -8.8559 -9.8169 -3.1065
2 24 -10.7671 -11.7172 -3.3313 -10.8458 -9.8571 -2.9537
2 24 -8.6921 -7.9183 -3.6509 -8.8559 -9.8169 -3.1065
2 24 -10.6169 -7.8869 -3.4762 -10.8458 -9.8571 -2.9537
2 24 6.25 -1.6652 0 5.7248 -1.945 2.3713
2 24 9.4358 -1.928 2.2376 8.4599 -2.1735 4.3226
2 24 6.25 -1.6652 0 5.7248 -1.3834 -2.3713
2 24 9.7471 -1.401 -2.2376 9.7687 -1.6645 0
2 24 9.7471 -1.401 -2.2376 9.3441 -1.1555 -4.3226
2 24 5.7248 -1.3834 -2.3713 4.4194 -1.1396 -4.4194
2 24 9.3441 -1.1555 -4.3226 8.0608 -0.8125 -7.2007
2 24 4.4194 -1.1396 -4.4194 2.3713 -0.9868 -5.7248
2 24 8.0608 -0.8125 -7.2007 6.3054 -0.5459 -9.395
2 24 6.3054 -0.5459 -9.395 3.3198 -0.3308 -11.262
2 24 2.3713 -0.9868 -5.7248 0 -0.9217 -6.25
2 24 3.3198 -0.3308 -11.262 0 -0.2275 -11.8292
2 24 0 -0.9217 -6.25 -2.3713 -0.9868 -5.7248
2 24 0 -0.2275 -11.8292 -3.3199 -0.3308 -11.2619
2 24 -3.3199 -0.3308 -11.2619 -6.3054 -0.5459 -9.395
2 24 -2.3713 -0.9868 -5.7248 -4.4194 -1.1396 -4.4194
2 24 -6.3054 -0.5459 -9.395 -8.0608 -0.8125 -7.2007
2 24 -4.4194 -1.1396 -4.4194 -5.7248 -1.3834 -2.3713
2 24 -8.0608 -0.8125 -7.2007 -9.3441 -1.1555 -4.3226
2 24 -9.3441 -1.1555 -4.3226 -9.7471 -1.401 -2.2376
2 24 -5.7248 -1.3834 -2.3713 -6.25 -1.6652 0
2 24 -9.7471 -1.401 -2.2376 -9.7687 -1.6645 0
2 24 -9.7687 -1.6645 0 -9.4358 -1.928 2.2376
2 24 -8.4599 -2.1735 4.3226 -6.9075 -2.3843 6.1132
2 24 -5.7248 -1.945 2.3713 -4.4194 -2.1857 4.4194
2 24 -6.9075 -2.3843 6.1132 -4.8843 -2.5461 7.487
2 24 -2.3713 -2.344 5.7248 0 -2.4073 6.25
2 24 -2.5283 -2.6478 8.3507 0 -2.6825 8.6453
2 24 0 -2.4073 6.25 2.3713 -2.344 5.7248
2 24 0 -2.6825 8.6453 2.5283 -2.6478 8.3507
2 24 2.5283 -2.6478 8.3507 4.8843 -2.5461 7.487
2 24 2.3713 -2.344 5.7248 4.4194 -2.1857 4.4194
2 24 5.7248 -1.945 2.3713 4.4194 -2.1857 4.4194
2 24 8.4599 -2.1735 4.3226 6.9075 -2.3843 6.1131
2 24 -4.4194 -2.1857 4.4194 -2.3713 -2.344 5.7248
2 24 -4.8843 -2.5461 7.487 -2.5283 -2.6478 8.3507
2 24 4.8843 -2.5461 7.487 6.9075 -2.3843 6.1131
2 24 9.4358 -1.928 2.2376 9.7687 -1.6645 0
2 24 -6.25 -1.6652 0 -5.7248 -1.945 2.3713
2 24 -9.4358 -1.928 2.2376 -8.4599 -2.1735 4.3226
2 24 -10.8458 -9.8571 -2.9537 -10.6169 -7.8869 -3.4762
2 24 9.7471 -1.401 -2.2376 9.3441 -1.1555 -4.3226
2 24 10.0888 -6.3552 -4.729 9.3367 -5.4917 -6.4227
2 24 9.6307 -14.2207 -5.6783 10.2706 -13.3098 -4.3995
2 24 -10.7671 -11.7172 -3.3313 -10.2706 -13.3098 -4.3995
2 24 0.9375 -22.8144 0.5738 1.6238 -22.8144 -0.1125
2 24 0.9375 -22.8144 0.5738 0 -22.8144 0.825
2 24 0 -22.8144 0.825 -0.9375 -22.8144 0.5738
2 24 -0.9375 -22.8144 0.5738 -1.6238 -22.8144 -0.1125
2 24 -1.6238 -22.8144 -0.1125 -1.875 -22.8144 -1.05
2 24 -1.875 -22.8144 -1.05 -1.6238 -22.8144 -1.9875
2 24 -1.6238 -22.8144 -1.9875 -0.9375 -22.8144 -2.6738
2 24 -0.9375 -22.8144 -2.6738 0 -22.8144 -2.925
2 24 0 -22.8144 -2.925 0.9375 -22.8144 -2.6738
2 24 0.9375 -22.8144 -2.6738 1.6238 -22.8144 -1.9875
2 24 1.6238 -22.8144 -1.9875 1.875 -22.8144 -1.05
2 24 1.6238 -22.8144 -0.1125 1.875 -22.8144 -1.05
0 STEP
