0 Untitled Model
0 Name: Untitled Model
0 Author: 
0 BFC CERTIFY CCW
3 16 4.0786 -5.25 12 4.0786 -0.375 12 4.5873 -5.25 13.125
3 16 4.0786 -0.375 12 4.5873 -0.375 13.125 4.5873 -5.25 13.125
3 16 4.5873 -5.25 13.125 4.5873 -0.375 13.125 6.875 -5.25 15.4127
3 16 4.5873 -0.375 13.125 6.875 -0.375 15.4127 6.875 -5.25 15.4127
3 16 6.875 -5.25 15.4127 6.875 -0.375 15.4127 10 -5.25 16.25
3 16 6.875 -0.375 15.4127 10 -0.375 16.25 10 -5.25 16.25
3 16 4.5873 -5.25 13.125 6.875 -5.25 15.4127 4.0786 -5.25 12
3 16 10 -5.25 16.25 4.0786 -5.25 12 6.875 -5.25 15.4127
3 16 4.0786 -5.25 12 10 -5.25 16.25 15.9214 -5.25 12
3 16 2.25 -0.375 12 1.25 -0.375 14 2.9422 -0.375 14
3 16 2.25 -0.375 12 2.9422 -0.375 14 4.0786 -0.375 12
3 16 4.0786 -0.375 12 2.9422 -0.375 14 4.5873 -0.375 13.125
3 16 2.9422 -0.375 14 5.9157 -0.375 17.0094 4.5873 -0.375 13.125
3 16 4.5873 -0.375 13.125 5.9157 -0.375 17.0094 6.875 -0.375 15.4127
3 16 5.9157 -0.375 17.0094 10 -0.375 18.1125 6.875 -0.375 15.4127
3 16 6.875 -0.375 15.4127 10 -0.375 18.1125 10 -0.375 16.25
3 16 1.25 -0.375 14 2.25 -0.375 12 1.25 -0.375 10
3 16 1.25 -0.375 10 2.25 -0.375 12 2.25 -0.375 10
3 16 15.9214 -5.25 12 15.4127 -5.25 13.125 15.9214 -0.375 12
3 16 15.9214 -0.375 12 15.4127 -5.25 13.125 15.4127 -0.375 13.125
3 16 15.4127 -5.25 13.125 13.125 -5.25 15.4127 15.4127 -0.375 13.125
3 16 15.4127 -0.375 13.125 13.125 -5.25 15.4127 13.125 -0.375 15.4127
3 16 13.125 -5.25 15.4127 10 -5.25 16.25 13.125 -0.375 15.4127
3 16 13.125 -0.375 15.4127 10 -5.25 16.25 10 -0.375 16.25
3 16 15.4127 -5.25 13.125 15.9214 -5.25 12 13.125 -5.25 15.4127
3 16 10 -5.25 16.25 13.125 -5.25 15.4127 15.9214 -5.25 12
3 16 17.75 -0.375 12 17.0578 -0.375 14 18.75 -0.375 14
3 16 17.75 -0.375 12 15.9214 -0.375 12 17.0578 -0.375 14
3 16 15.9214 -0.375 12 15.4127 -0.375 13.125 17.0578 -0.375 14
3 16 17.0578 -0.375 14 15.4127 -0.375 13.125 14.0843 -0.375 17.0094
3 16 15.4127 -0.375 13.125 13.125 -0.375 15.4127 14.0843 -0.375 17.0094
3 16 14.0843 -0.375 17.0094 13.125 -0.375 15.4127 10 -0.375 18.1125
3 16 13.125 -0.375 15.4127 10 -0.375 16.25 10 -0.375 18.1125
3 16 18.75 -0.375 14 18.75 -0.375 10 17.75 -0.375 12
3 16 17.75 -0.375 12 18.75 -0.375 10 17.75 -0.375 10
3 16 4.0786 -5.25 8 4.5873 -5.25 6.875 4.0786 -0.375 8
3 16 4.0786 -0.375 8 4.5873 -5.25 6.875 4.5873 -0.375 6.875
3 16 4.5873 -5.25 6.875 6.875 -5.25 4.5873 4.5873 -0.375 6.875
3 16 4.5873 -0.375 6.875 6.875 -5.25 4.5873 6.875 -0.375 4.5873
3 16 6.875 -5.25 4.5873 10 -5.25 3.75 6.875 -0.375 4.5873
3 16 6.875 -0.375 4.5873 10 -5.25 3.75 10 -0.375 3.75
3 16 4.5873 -5.25 6.875 4.0786 -5.25 8 6.875 -5.25 4.5873
3 16 10 -5.25 3.75 6.875 -5.25 4.5873 4.0786 -5.25 8
3 16 4.0786 -5.25 8 15.9214 -5.25 8 10 -5.25 3.75
3 16 2.25 -0.375 8 2.9422 -0.375 6 1.25 -0.375 6
3 16 2.25 -0.375 8 4.0786 -0.375 8 2.9422 -0.375 6
3 16 4.0786 -0.375 8 4.5873 -0.375 6.875 2.9422 -0.375 6
3 16 2.9422 -0.375 6 4.5873 -0.375 6.875 5.9157 -0.375 2.9906
3 16 4.5873 -0.375 6.875 6.875 -0.375 4.5873 5.9157 -0.375 2.9906
3 16 5.9157 -0.375 2.9906 6.875 -0.375 4.5873 10 -0.375 1.8875
3 16 6.875 -0.375 4.5873 10 -0.375 3.75 10 -0.375 1.8875
3 16 1.25 -0.375 6 1.25 -0.375 10 2.25 -0.375 8
3 16 2.25 -0.375 8 1.25 -0.375 10 2.25 -0.375 10
3 16 15.9214 -5.25 8 15.9214 -0.375 8 15.4127 -5.25 6.875
3 16 15.9214 -0.375 8 15.4127 -0.375 6.875 15.4127 -5.25 6.875
3 16 15.4127 -5.25 6.875 15.4127 -0.375 6.875 13.125 -5.25 4.5873
3 16 15.4127 -0.375 6.875 13.125 -0.375 4.5873 13.125 -5.25 4.5873
3 16 13.125 -5.25 4.5873 13.125 -0.375 4.5873 10 -5.25 3.75
3 16 13.125 -0.375 4.5873 10 -0.375 3.75 10 -5.25 3.75
3 16 15.4127 -5.25 6.875 13.125 -5.25 4.5873 15.9214 -5.25 8
3 16 10 -5.25 3.75 15.9214 -5.25 8 13.125 -5.25 4.5873
3 16 17.75 -0.375 8 18.75 -0.375 6 17.0578 -0.375 6
3 16 17.75 -0.375 8 17.0578 -0.375 6 15.9214 -0.375 8
3 16 15.9214 -0.375 8 17.0578 -0.375 6 15.4127 -0.375 6.875
3 16 17.0578 -0.375 6 14.0843 -0.375 2.9906 15.4127 -0.375 6.875
3 16 15.4127 -0.375 6.875 14.0843 -0.375 2.9906 13.125 -0.375 4.5873
3 16 14.0843 -0.375 2.9906 10 -0.375 1.8875 13.125 -0.375 4.5873
3 16 13.125 -0.375 4.5873 10 -0.375 1.8875 10 -0.375 3.75
3 16 18.75 -0.375 6 17.75 -0.375 8 18.75 -0.375 10
3 16 18.75 -0.375 10 17.75 -0.375 8 17.75 -0.375 10
3 16 0 -24 -7.3205 3.4803 -18.69 -8.9075 6.7805 -21.5497 -9.7392
3 16 0 -24 -7.3205 2.25 -14.5 -8.4374 3.4803 -18.69 -8.9075
3 16 -7.3205 -24 0 -4.1421 -5.25 -4.1421 0 -24 -7.3205
3 16 -4.1421 -5.25 -4.1421 -0.3787 -5.25 -7.0963 0 -24 -7.3205
3 16 0 -24 -7.3205 -0.3787 -5.25 -7.0963 2.25 -14.5 -8.4374
3 16 -0.3787 -5.25 -7.0963 3.4803 -10.31 -8.9075 2.25 -14.5 -8.4374
3 16 10 0 -10 6.7805 -7.4504 -9.7392 -0.3787 -5.25 -7.0963
3 16 -0.3787 -5.25 -7.0963 6.7805 -7.4504 -9.7392 3.4803 -10.31 -8.9075
3 16 10 0 -10 10 -6.75 -10 6.7805 -7.4504 -9.7392
3 16 0.0296 0 -7.3375 10 0 -10 -0.3787 -5.25 -7.0963
3 16 -7.3205 -24 0 -7.0962 -5.25 -0.3787 -4.1421 -5.25 -4.1421
3 16 -10 -24 10 -7.0962 -5.25 -0.3787 -7.3205 -24 0
3 16 -7.0962 -5.25 -0.3787 -10 -24 10 -10 0 10
3 16 -7.3375 0 0.0296 -7.0962 -5.25 -0.3787 -10 0 10
3 16 -7.3205 -24 0 0 -24 -7.3205 -6.125 -24 0.0158
3 16 -6.125 -24 0.0158 0 -24 -7.3205 0.0158 -24 -6.125
3 16 -10 0 10 -4.9872 0 3.4028 -7.3375 0 0.0296
3 16 -7.3375 0 0.0296 -4.9872 0 3.4028 -5.8416 0 1.5255
3 16 -10 0 10 -6.375 0 10 -4.9872 0 3.4028
3 16 -5.994 -5.25 0.7235 -7.0962 -5.25 -0.3787 -5.8416 0 1.5255
3 16 -7.0962 -5.25 -0.3787 -7.3375 0 0.0296 -5.8416 0 1.5255
3 16 -5.8416 0 1.5255 -4.9872 0 3.4028 -5.994 -5.25 0.7235
3 16 -4.9872 -5.25 3.4028 -5.994 -5.25 0.7235 -4.9872 0 3.4028
3 16 -7.0962 -5.25 -0.3787 -5.994 -5.25 0.7235 -4.1421 -5.25 -4.1421
3 16 -5.994 -5.25 0.7235 -1.5789 -5.25 -1.5789 -4.1421 -5.25 -4.1421
3 16 -4.9872 -5.25 3.4028 -1.5789 -5.25 -1.5789 -5.994 -5.25 0.7235
3 16 3.4028 -5.25 -4.9872 0.7235 -5.25 -5.994 -1.5789 -5.25 -1.5789
3 16 -1.5789 -5.25 -1.5789 0.7235 -5.25 -5.994 -4.1421 -5.25 -4.1421
3 16 -4.1421 -5.25 -4.1421 0.7235 -5.25 -5.994 -0.3787 -5.25 -7.0963
3 16 -1.5789 -5.25 -1.5789 2.7459 -9.6071 -4.6806 3.4028 -5.25 -4.9872
3 16 3.4028 -5.25 -4.9872 2.7459 -9.6071 -4.6806 5.3468 -7.0899 -5.6999
3 16 -1.5789 -5.25 -1.5789 1.2553 -14.1946 -3.8445 2.7459 -9.6071 -4.6806
3 16 -1.5789 -5.25 -1.5789 -4.1812 -21.375 1.8125 1.2553 -14.1946 -3.8445
3 16 1.2553 -14.1946 -3.8445 -4.1812 -21.375 1.8125 1.0046 -21.375 -3.6829
3 16 -4.9872 -5.25 3.4028 -4.1812 -21.375 1.8125 -1.5789 -5.25 -1.5789
3 16 -6.375 -21.375 10 -4.9872 -5.25 3.4028 -6.375 0 10
3 16 -6.375 0 10 -4.9872 -5.25 3.4028 -4.9872 0 3.4028
3 16 -4.9872 -5.25 3.4028 -6.375 -21.375 10 -4.1812 -21.375 1.8125
3 16 4.0786 -0.375 8 2.25 -0.375 8 4.0786 -5.25 8
3 16 2.25 -22.125 8 3.8136 -14.5 8 2.25 -0.375 8
3 16 3.8136 -14.5 8 4.0786 -5.25 8 2.25 -0.375 8
3 16 2.25 -22.125 8 4.6424 -17.5932 8 3.8136 -14.5 8
3 16 2.25 -22.125 8 6.9068 -19.8576 8 4.6424 -17.5932 8
3 16 2.25 -22.125 8 17.75 -22.125 8 10 -20.6864 8
3 16 2.25 -22.125 8 10 -20.6864 8 6.9068 -19.8576 8
3 16 4.0786 -5.25 8 4.6424 -11.4068 8 6.9068 -9.1424 8
3 16 4.0786 -5.25 8 3.8136 -14.5 8 4.6424 -11.4068 8
3 16 1.5255 0 -5.8416 0.0296 0 -7.3375 0.7235 -5.25 -5.994
3 16 0.7235 -5.25 -5.994 0.0296 0 -7.3375 -0.3787 -5.25 -7.0963
3 16 2.9422 -0.375 6 2.9422 -9.328 6 1.25 -0.375 6
3 16 2.9422 -9.328 6 1.25 -14.3473 6 1.25 -0.375 6
3 16 1.5255 0 -5.8416 3.4028 0 -4.9872 0.0296 0 -7.3375
3 16 3.4028 0 -4.9872 10 0 -10 0.0296 0 -7.3375
3 16 10 0 -10 3.4028 0 -4.9872 10 0 -6.375
3 16 0.7235 -5.25 -5.994 3.4028 -5.25 -4.9872 1.5255 0 -5.8416
3 16 3.4028 -5.25 -4.9872 3.4028 0 -4.9872 1.5255 0 -5.8416
3 16 2.9422 -9.328 6 6.4357 -6.5089 2.7124 2.7459 -9.6071 -4.6806
3 16 2.7459 -9.6071 -4.6806 6.4357 -6.5089 2.7124 5.3468 -7.0899 -5.6999
3 16 2.7459 -9.6071 -4.6806 1.2553 -14.1946 -3.8445 2.9422 -9.328 6
3 16 1.2553 -14.1946 -3.8445 1.25 -14.3473 6 2.9422 -9.328 6
3 16 1.2553 -14.1946 -3.8445 1.0046 -21.375 -3.6829 1.25 -14.3473 6
3 16 4.6424 -17.5932 -8 4.6424 -17.5932 8 6.9068 -19.8576 -8
3 16 4.6424 -17.5932 8 6.9068 -19.8576 8 6.9068 -19.8576 -8
3 16 4.6424 -17.5932 -8 3.8136 -14.5 8 4.6424 -17.5932 8
3 16 4.6424 -17.5932 -8 3.8136 -14.5 -8 3.8136 -14.5 8
3 16 3.8136 -14.5 -8 4.6424 -11.4068 8 3.8136 -14.5 8
3 16 3.8136 -14.5 -8 4.6424 -11.4068 -8 4.6424 -11.4068 8
3 16 4.6424 -11.4068 8 4.6424 -11.4068 -8 6.9068 -9.1424 8
3 16 4.6424 -11.4068 -8 6.9068 -9.1424 -8 6.9068 -9.1424 8
3 16 6.9068 -9.1424 -8 10 -8.3136 -8 6.9068 -9.1424 8
3 16 6.9068 -9.1424 8 10 -8.3136 -8 10 -8.3136 8
3 16 6.7805 -7.4504 -8 6.9068 -9.1424 -8 3.4803 -10.31 -8
3 16 4.6424 -11.4068 -8 3.4803 -10.31 -8 6.9068 -9.1424 -8
3 16 3.4803 -10.31 -8 4.6424 -11.4068 -8 2.25 -14.5 -8
3 16 3.8136 -14.5 -8 2.25 -14.5 -8 4.6424 -11.4068 -8
3 16 2.25 -14.5 -8 3.8136 -14.5 -8 3.4803 -18.69 -8
3 16 3.4803 -18.69 -8 3.8136 -14.5 -8 4.6424 -17.5932 -8
3 16 6.9068 -19.8576 -8 6.7805 -21.5497 -8 4.6424 -17.5932 -8
3 16 6.7805 -21.5497 -8 3.4803 -18.69 -8 4.6424 -17.5932 -8
3 16 6.7805 -21.5497 -8 6.9068 -19.8576 -8 10 -22.1711 -8
3 16 10 -20.6864 -8 10 -22.1711 -8 6.9068 -19.8576 -8
3 16 6.7805 -7.4504 -9.7392 6.7805 -7.4504 -8 3.4803 -10.31 -8.9075
3 16 3.4803 -10.31 -8 3.4803 -10.31 -8.9075 6.7805 -7.4504 -8
3 16 3.4803 -10.31 -8.9075 3.4803 -10.31 -8 2.25 -14.5 -8.4374
3 16 2.25 -14.5 -8 2.25 -14.5 -8.4374 3.4803 -10.31 -8
3 16 2.25 -14.5 -8.4374 2.25 -14.5 -8 3.4803 -18.69 -8.9075
3 16 3.4803 -18.69 -8.9075 2.25 -14.5 -8 3.4803 -18.69 -8
3 16 3.4803 -18.69 -8.9075 3.4803 -18.69 -8 6.7805 -21.5497 -9.7392
3 16 6.7805 -21.5497 -9.7392 3.4803 -18.69 -8 6.7805 -21.5497 -8
3 16 6.7805 -21.5497 -9.7392 6.7805 -21.5497 -8 10 -22.25 -10
3 16 10 -22.25 -10 6.7805 -21.5497 -8 10 -22.1711 -8
3 16 2.9422 -9.328 6 2.9422 -0.375 6 6.4357 -6.5089 2.7124
3 16 5.9157 -0.375 2.9906 6.4357 -6.5089 2.7124 2.9422 -0.375 6
3 16 6.4357 -6.5089 2.7124 5.9157 -0.375 2.9906 10 -5.75 1.8875
3 16 10 -0.375 1.8875 10 -5.75 1.8875 5.9157 -0.375 2.9906
3 16 10 -22.25 -10 10 -24 -10 6.7805 -21.5497 -9.7392
3 16 0 -24 -7.3205 6.7805 -21.5497 -9.7392 10 -24 -10
3 16 3.4028 -5.25 -4.9872 5.3468 -7.0899 -5.6999 3.4028 0 -4.9872
3 16 5.3468 -7.0899 -5.6999 10 0 -6.375 3.4028 0 -4.9872
3 16 10 0 -6.375 5.3468 -7.0899 -5.6999 10 -5.75 -6.375
3 16 10 -8.3136 8 4.0786 -5.25 8 6.9068 -9.1424 8
3 16 10 -5.75 -6.375 5.3468 -7.0899 -5.6999 10 -5.75 1.8875
3 16 5.3468 -7.0899 -5.6999 6.4357 -6.5089 2.7124 10 -5.75 1.8875
3 16 10 -20.6864 8 10 -20.6864 -8 6.9068 -19.8576 8
3 16 10 -20.6864 -8 6.9068 -19.8576 -8 6.9068 -19.8576 8
3 16 10 -6.75 -8 10 -8.3136 -8 6.7805 -7.4504 -8
3 16 6.9068 -9.1424 -8 6.7805 -7.4504 -8 10 -8.3136 -8
3 16 10 -6.75 -10 10 -6.75 -8 6.7805 -7.4504 -9.7392
3 16 6.7805 -7.4504 -8 6.7805 -7.4504 -9.7392 10 -6.75 -8
3 16 -7.3205 -24 0 -6.125 -24 0.0158 -10 -24 10
3 16 -6.125 -24 0.0158 0.0158 -24 6.125 -10 -24 10
3 16 -10 -24 10 0.0158 -24 6.125 10 -24 10
3 16 0.0158 -24 6.125 6.1408 -24 0 10 -24 10
3 16 10 -24 10 6.1408 -24 0 10 -24 -10
3 16 0 -24 -7.3205 10 -24 -10 0.0158 -24 -6.125
3 16 10 -24 -10 6.1408 -24 0 0.0158 -24 -6.125
3 16 2.25 -22.125 10 2.25 -22.125 8 2.25 -0.375 10
3 16 2.25 -0.375 10 2.25 -22.125 8 2.25 -0.375 8
3 16 17.75 -22.125 10 17.75 -22.125 8 2.25 -22.125 10
3 16 2.25 -22.125 10 17.75 -22.125 8 2.25 -22.125 8
3 16 1.0046 -21.375 -3.6829 1.0046 -21.375 10 1.25 -14.3473 6
3 16 1.25 -14.3473 6 1.0046 -21.375 10 1.25 -14.3473 10
3 16 1.25 -14.3473 6 1.25 -14.3473 10 1.25 -0.375 6
3 16 1.25 -0.375 6 1.25 -14.3473 10 1.25 -0.375 10
3 16 -6.375 -21.375 10 1.0046 -21.375 10 1.0046 -21.375 -3.6829
3 16 -6.375 -21.375 10 1.0046 -21.375 -3.6829 -4.1812 -21.375 1.8125
3 16 20 -24 -7.3205 13.2195 -21.5497 -9.7392 16.5197 -18.69 -8.9075
3 16 20 -24 -7.3205 16.5197 -18.69 -8.9075 17.75 -14.5 -8.4374
3 16 27.3205 -24 0 20 -24 -7.3205 24.1421 -5.25 -4.1421
3 16 24.1421 -5.25 -4.1421 20 -24 -7.3205 20.3787 -5.25 -7.0963
3 16 20 -24 -7.3205 17.75 -14.5 -8.4374 20.3787 -5.25 -7.0963
3 16 20.3787 -5.25 -7.0963 17.75 -14.5 -8.4374 16.5197 -10.31 -8.9075
3 16 10 0 -10 20.3787 -5.25 -7.0963 13.2195 -7.4504 -9.7392
3 16 20.3787 -5.25 -7.0963 16.5197 -10.31 -8.9075 13.2195 -7.4504 -9.7392
3 16 10 0 -10 13.2195 -7.4504 -9.7392 10 -6.75 -10
3 16 19.9705 0 -7.3375 20.3787 -5.25 -7.0963 10 0 -10
3 16 27.3205 -24 0 24.1421 -5.25 -4.1421 27.0963 -5.25 -0.3787
3 16 30 -24 10 27.3205 -24 0 27.0963 -5.25 -0.3787
3 16 27.0963 -5.25 -0.3787 30 0 10 30 -24 10
3 16 27.3375 0 0.0296 30 0 10 27.0963 -5.25 -0.3787
3 16 27.3205 -24 0 26.125 -24 0.0158 20 -24 -7.3205
3 16 26.125 -24 0.0158 19.9842 -24 -6.125 20 -24 -7.3205
3 16 30 0 10 27.3375 0 0.0296 24.9872 0 3.4028
3 16 27.3375 0 0.0296 25.8416 0 1.5255 24.9872 0 3.4028
3 16 30 0 10 24.9872 0 3.4028 26.375 0 10
3 16 25.994 -5.25 0.7235 25.8416 0 1.5255 27.0963 -5.25 -0.3787
3 16 27.0963 -5.25 -0.3787 25.8416 0 1.5255 27.3375 0 0.0296
3 16 25.8416 0 1.5255 25.994 -5.25 0.7235 24.9872 0 3.4028
3 16 24.9872 -5.25 3.4028 24.9872 0 3.4028 25.994 -5.25 0.7235
3 16 27.0963 -5.25 -0.3787 24.1421 -5.25 -4.1421 25.994 -5.25 0.7235
3 16 25.994 -5.25 0.7235 24.1421 -5.25 -4.1421 21.5789 -5.25 -1.5789
3 16 24.9872 -5.25 3.4028 25.994 -5.25 0.7235 21.5789 -5.25 -1.5789
3 16 16.5972 -5.25 -4.9872 21.5789 -5.25 -1.5789 19.2765 -5.25 -5.994
3 16 21.5789 -5.25 -1.5789 24.1421 -5.25 -4.1421 19.2765 -5.25 -5.994
3 16 24.1421 -5.25 -4.1421 20.3787 -5.25 -7.0963 19.2765 -5.25 -5.994
3 16 21.5789 -5.25 -1.5789 16.5972 -5.25 -4.9872 17.2541 -9.6071 -4.6806
3 16 16.5972 -5.25 -4.9872 14.6532 -7.0899 -5.6999 17.2541 -9.6071 -4.6806
3 16 21.5789 -5.25 -1.5789 17.2541 -9.6071 -4.6806 18.7447 -14.1946 -3.8445
3 16 21.5789 -5.25 -1.5789 18.7447 -14.1946 -3.8445 24.1812 -21.375 1.8125
3 16 18.7447 -14.1946 -3.8445 18.9954 -21.375 -3.6829 24.1812 -21.375 1.8125
3 16 24.9872 -5.25 3.4028 21.5789 -5.25 -1.5789 24.1812 -21.375 1.8125
3 16 26.375 -21.375 10 26.375 0 10 24.9872 -5.25 3.4028
3 16 26.375 0 10 24.9872 0 3.4028 24.9872 -5.25 3.4028
3 16 24.9872 -5.25 3.4028 24.1812 -21.375 1.8125 26.375 -21.375 10
3 16 15.9214 -0.375 8 15.9214 -5.25 8 17.75 -0.375 8
3 16 17.75 -22.125 8 17.75 -0.375 8 16.1864 -14.5 8
3 16 16.1864 -14.5 8 17.75 -0.375 8 15.9214 -5.25 8
3 16 17.75 -22.125 8 16.1864 -14.5 8 15.3576 -17.5932 8
3 16 17.75 -22.125 8 15.3576 -17.5932 8 13.0932 -19.8576 8
3 16 17.75 -22.125 8 13.0932 -19.8576 8 10 -20.6864 8
3 16 15.9214 -5.25 8 13.0932 -9.1424 8 15.3576 -11.4068 8
3 16 15.9214 -5.25 8 15.3576 -11.4068 8 16.1864 -14.5 8
3 16 18.4745 0 -5.8416 19.2765 -5.25 -5.994 19.9705 0 -7.3375
3 16 19.2765 -5.25 -5.994 20.3787 -5.25 -7.0963 19.9705 0 -7.3375
3 16 17.0578 -0.375 6 18.75 -0.375 6 17.0578 -9.328 6
3 16 17.0578 -9.328 6 18.75 -0.375 6 18.75 -14.3473 6
3 16 18.4745 0 -5.8416 19.9705 0 -7.3375 16.5972 0 -4.9872
3 16 16.5972 0 -4.9872 19.9705 0 -7.3375 10 0 -10
3 16 10 0 -10 10 0 -6.375 16.5972 0 -4.9872
3 16 19.2765 -5.25 -5.994 18.4745 0 -5.8416 16.5972 -5.25 -4.9872
3 16 16.5972 -5.25 -4.9872 18.4745 0 -5.8416 16.5972 0 -4.9872
3 16 17.0578 -9.328 6 17.2541 -9.6071 -4.6806 13.5643 -6.5089 2.7124
3 16 17.2541 -9.6071 -4.6806 14.6532 -7.0899 -5.6999 13.5643 -6.5089 2.7124
3 16 17.2541 -9.6071 -4.6806 17.0578 -9.328 6 18.7447 -14.1946 -3.8445
3 16 18.7447 -14.1946 -3.8445 17.0578 -9.328 6 18.75 -14.3473 6
3 16 18.7447 -14.1946 -3.8445 18.75 -14.3473 6 18.9954 -21.375 -3.6829
3 16 15.3576 -17.5932 -8 13.0932 -19.8576 -8 15.3576 -17.5932 8
3 16 15.3576 -17.5932 8 13.0932 -19.8576 -8 13.0932 -19.8576 8
3 16 15.3576 -17.5932 -8 15.3576 -17.5932 8 16.1864 -14.5 8
3 16 15.3576 -17.5932 -8 16.1864 -14.5 8 16.1864 -14.5 -8
3 16 16.1864 -14.5 -8 16.1864 -14.5 8 15.3576 -11.4068 8
3 16 16.1864 -14.5 -8 15.3576 -11.4068 8 15.3576 -11.4068 -8
3 16 15.3576 -11.4068 8 13.0932 -9.1424 8 15.3576 -11.4068 -8
3 16 15.3576 -11.4068 -8 13.0932 -9.1424 8 13.0932 -9.1424 -8
3 16 13.0932 -9.1424 -8 13.0932 -9.1424 8 10 -8.3136 -8
3 16 13.0932 -9.1424 8 10 -8.3136 8 10 -8.3136 -8
3 16 13.2195 -7.4504 -8 16.5197 -10.31 -8 13.0932 -9.1424 -8
3 16 15.3576 -11.4068 -8 13.0932 -9.1424 -8 16.5197 -10.31 -8
3 16 16.5197 -10.31 -8 17.75 -14.5 -8 15.3576 -11.4068 -8
3 16 16.1864 -14.5 -8 15.3576 -11.4068 -8 17.75 -14.5 -8
3 16 17.75 -14.5 -8 16.5197 -18.69 -8 16.1864 -14.5 -8
3 16 16.5197 -18.69 -8 15.3576 -17.5932 -8 16.1864 -14.5 -8
3 16 13.0932 -19.8576 -8 15.3576 -17.5932 -8 13.2195 -21.5497 -8
3 16 13.2195 -21.5497 -8 15.3576 -17.5932 -8 16.5197 -18.69 -8
3 16 13.2195 -21.5497 -8 10 -22.1711 -8 13.0932 -19.8576 -8
3 16 10 -20.6864 -8 13.0932 -19.8576 -8 10 -22.1711 -8
3 16 13.2195 -7.4504 -9.7392 16.5197 -10.31 -8.9075 13.2195 -7.4504 -8
3 16 16.5197 -10.31 -8 13.2195 -7.4504 -8 16.5197 -10.31 -8.9075
3 16 16.5197 -10.31 -8.9075 17.75 -14.5 -8.4374 16.5197 -10.31 -8
3 16 17.75 -14.5 -8 16.5197 -10.31 -8 17.75 -14.5 -8.4374
3 16 17.75 -14.5 -8.4374 16.5197 -18.69 -8.9075 17.75 -14.5 -8
3 16 16.5197 -18.69 -8.9075 16.5197 -18.69 -8 17.75 -14.5 -8
3 16 16.5197 -18.69 -8.9075 13.2195 -21.5497 -9.7392 16.5197 -18.69 -8
3 16 13.2195 -21.5497 -9.7392 13.2195 -21.5497 -8 16.5197 -18.69 -8
3 16 13.2195 -21.5497 -9.7392 10 -22.25 -10 13.2195 -21.5497 -8
3 16 10 -22.25 -10 10 -22.1711 -8 13.2195 -21.5497 -8
3 16 17.0578 -9.328 6 13.5643 -6.5089 2.7124 17.0578 -0.375 6
3 16 14.0843 -0.375 2.9906 17.0578 -0.375 6 13.5643 -6.5089 2.7124
3 16 13.5643 -6.5089 2.7124 10 -5.75 1.8875 14.0843 -0.375 2.9906
3 16 10 -0.375 1.8875 14.0843 -0.375 2.9906 10 -5.75 1.8875
3 16 10 -22.25 -10 13.2195 -21.5497 -9.7392 10 -24 -10
3 16 20 -24 -7.3205 10 -24 -10 13.2195 -21.5497 -9.7392
3 16 16.5972 -5.25 -4.9872 16.5972 0 -4.9872 14.6532 -7.0899 -5.6999
3 16 14.6532 -7.0899 -5.6999 16.5972 0 -4.9872 10 0 -6.375
3 16 10 0 -6.375 10 -5.75 -6.375 14.6532 -7.0899 -5.6999
3 16 4.0786 -5.25 8 10 -8.3136 8 15.9214 -5.25 8
3 16 10 -8.3136 8 13.0932 -9.1424 8 15.9214 -5.25 8
3 16 10 -5.75 -6.375 10 -5.75 1.8875 14.6532 -7.0899 -5.6999
3 16 14.6532 -7.0899 -5.6999 10 -5.75 1.8875 13.5643 -6.5089 2.7124
3 16 10 -20.6864 8 13.0932 -19.8576 8 10 -20.6864 -8
3 16 10 -20.6864 -8 13.0932 -19.8576 8 13.0932 -19.8576 -8
3 16 10 -6.75 -8 13.2195 -7.4504 -8 10 -8.3136 -8
3 16 13.0932 -9.1424 -8 10 -8.3136 -8 13.2195 -7.4504 -8
3 16 10 -6.75 -10 13.2195 -7.4504 -9.7392 10 -6.75 -8
3 16 13.2195 -7.4504 -8 10 -6.75 -8 13.2195 -7.4504 -9.7392
3 16 27.3205 -24 0 30 -24 10 26.125 -24 0.0158
3 16 26.125 -24 0.0158 30 -24 10 19.9842 -24 6.125
3 16 30 -24 10 10 -24 10 19.9842 -24 6.125
3 16 19.9842 -24 6.125 10 -24 10 13.8592 -24 0
3 16 10 -24 10 10 -24 -10 13.8592 -24 0
3 16 20 -24 -7.3205 19.9842 -24 -6.125 10 -24 -10
3 16 10 -24 -10 19.9842 -24 -6.125 13.8592 -24 0
3 16 17.75 -0.375 10 17.75 -0.375 8 17.75 -22.125 10
3 16 17.75 -22.125 10 17.75 -0.375 8 17.75 -22.125 8
3 16 26.375 -21.375 10 24.1812 -21.375 1.8125 18.9954 -21.375 -3.6829
3 16 -6.125 -24 0.0158 0.0158 -24 -6.125 0.0158 -24 6.125
3 16 0.0158 -24 6.125 0.0158 -24 -6.125 6.1408 -24 0
3 16 13.8592 -24 0 19.9842 -24 -6.125 19.9842 -24 6.125
3 16 19.9842 -24 6.125 19.9842 -24 -6.125 26.125 -24 0.0158
3 16 18.75 -14.3473 6 18.75 -0.375 6 18.75 -14.3473 10
3 16 18.75 -14.3473 10 18.75 -0.375 6 18.75 -0.375 10
3 16 18.9954 -21.375 -3.6829 18.75 -14.3473 6 18.9954 -21.375 10
3 16 18.9954 -21.375 10 18.75 -14.3473 6 18.75 -14.3473 10
3 16 26.375 -21.375 10 18.9954 -21.375 -3.6829 18.9954 -21.375 10
3 16 0 -24 27.3205 6.7805 -21.5497 29.7392 3.4803 -18.69 28.9075
3 16 0 -24 27.3205 3.4803 -18.69 28.9075 2.25 -14.5 28.4374
3 16 -7.3205 -24 20 0 -24 27.3205 -4.1421 -5.25 24.1421
3 16 -4.1421 -5.25 24.1421 0 -24 27.3205 -0.3787 -5.25 27.0963
3 16 0 -24 27.3205 2.25 -14.5 28.4374 -0.3787 -5.25 27.0963
3 16 -0.3787 -5.25 27.0963 2.25 -14.5 28.4374 3.4803 -10.31 28.9075
3 16 10 0 30 -0.3787 -5.25 27.0963 6.7805 -7.4504 29.7392
3 16 -0.3787 -5.25 27.0963 3.4803 -10.31 28.9075 6.7805 -7.4504 29.7392
3 16 10 0 30 6.7805 -7.4504 29.7392 10 -6.75 30
3 16 0.0296 0 27.3375 -0.3787 -5.25 27.0963 10 0 30
3 16 -7.3205 -24 20 -4.1421 -5.25 24.1421 -7.0962 -5.25 20.3787
3 16 -10 -24 10 -7.3205 -24 20 -7.0962 -5.25 20.3787
3 16 -7.0962 -5.25 20.3787 -10 0 10 -10 -24 10
3 16 -7.3375 0 19.9704 -10 0 10 -7.0962 -5.25 20.3787
3 16 -7.3205 -24 20 -6.125 -24 19.9842 0 -24 27.3205
3 16 -6.125 -24 19.9842 0.0158 -24 26.125 0 -24 27.3205
3 16 -10 0 10 -7.3375 0 19.9704 -4.9872 0 16.5972
3 16 -7.3375 0 19.9704 -5.8416 0 18.4745 -4.9872 0 16.5972
3 16 -10 0 10 -4.9872 0 16.5972 -6.375 0 10
3 16 -5.994 -5.25 19.2765 -5.8416 0 18.4745 -7.0962 -5.25 20.3787
3 16 -7.0962 -5.25 20.3787 -5.8416 0 18.4745 -7.3375 0 19.9704
3 16 -5.8416 0 18.4745 -5.994 -5.25 19.2765 -4.9872 0 16.5972
3 16 -4.9872 -5.25 16.5972 -4.9872 0 16.5972 -5.994 -5.25 19.2765
3 16 -7.0962 -5.25 20.3787 -4.1421 -5.25 24.1421 -5.994 -5.25 19.2765
3 16 -5.994 -5.25 19.2765 -4.1421 -5.25 24.1421 -1.5789 -5.25 21.5789
3 16 -4.9872 -5.25 16.5972 -5.994 -5.25 19.2765 -1.5789 -5.25 21.5789
3 16 3.4028 -5.25 24.9872 -1.5789 -5.25 21.5789 0.7235 -5.25 25.994
3 16 -1.5789 -5.25 21.5789 -4.1421 -5.25 24.1421 0.7235 -5.25 25.994
3 16 -4.1421 -5.25 24.1421 -0.3787 -5.25 27.0963 0.7235 -5.25 25.994
3 16 -1.5789 -5.25 21.5789 3.4028 -5.25 24.9872 2.7459 -9.6071 24.6806
3 16 3.4028 -5.25 24.9872 5.3468 -7.0899 25.6999 2.7459 -9.6071 24.6806
3 16 -1.5789 -5.25 21.5789 2.7459 -9.6071 24.6806 1.2553 -14.1946 23.8445
3 16 -1.5789 -5.25 21.5789 1.2553 -14.1946 23.8445 -4.1812 -21.375 18.1875
3 16 1.2553 -14.1946 23.8445 1.0046 -21.375 23.6829 -4.1812 -21.375 18.1875
3 16 -4.9872 -5.25 16.5972 -1.5789 -5.25 21.5789 -4.1812 -21.375 18.1875
3 16 -6.375 -21.375 10 -6.375 0 10 -4.9872 -5.25 16.5972
3 16 -6.375 0 10 -4.9872 0 16.5972 -4.9872 -5.25 16.5972
3 16 -4.9872 -5.25 16.5972 -4.1812 -21.375 18.1875 -6.375 -21.375 10
3 16 4.0786 -0.375 12 4.0786 -5.25 12 2.25 -0.375 12
3 16 2.25 -22.125 12 2.25 -0.375 12 3.8136 -14.5 12
3 16 3.8136 -14.5 12 2.25 -0.375 12 4.0786 -5.25 12
3 16 2.25 -22.125 12 3.8136 -14.5 12 4.6424 -17.5932 12
3 16 2.25 -22.125 12 4.6424 -17.5932 12 6.9068 -19.8576 12
3 16 2.25 -22.125 12 10 -20.6864 12 17.75 -22.125 12
3 16 2.25 -22.125 12 6.9068 -19.8576 12 10 -20.6864 12
3 16 4.0786 -5.25 12 6.9068 -9.1424 12 4.6424 -11.4068 12
3 16 4.0786 -5.25 12 4.6424 -11.4068 12 3.8136 -14.5 12
3 16 1.5255 0 25.8416 0.7235 -5.25 25.994 0.0296 0 27.3375
3 16 0.7235 -5.25 25.994 -0.3787 -5.25 27.0963 0.0296 0 27.3375
3 16 2.9422 -0.375 14 1.25 -0.375 14 2.9422 -9.328 14
3 16 2.9422 -9.328 14 1.25 -0.375 14 1.25 -14.3473 14
3 16 1.5255 0 25.8416 0.0296 0 27.3375 3.4028 0 24.9872
3 16 3.4028 0 24.9872 0.0296 0 27.3375 10 0 30
3 16 10 0 30 10 0 26.375 3.4028 0 24.9872
3 16 0.7235 -5.25 25.994 1.5255 0 25.8416 3.4028 -5.25 24.9872
3 16 3.4028 -5.25 24.9872 1.5255 0 25.8416 3.4028 0 24.9872
3 16 2.9422 -9.328 14 2.7459 -9.6071 24.6806 6.4357 -6.5089 17.2876
3 16 2.7459 -9.6071 24.6806 5.3468 -7.0899 25.6999 6.4357 -6.5089 17.2876
3 16 2.7459 -9.6071 24.6806 2.9422 -9.328 14 1.2553 -14.1946 23.8445
3 16 1.2553 -14.1946 23.8445 2.9422 -9.328 14 1.25 -14.3473 14
3 16 1.2553 -14.1946 23.8445 1.25 -14.3473 14 1.0046 -21.375 23.6829
3 16 4.6424 -17.5932 28 6.9068 -19.8576 28 4.6424 -17.5932 12
3 16 4.6424 -17.5932 12 6.9068 -19.8576 28 6.9068 -19.8576 12
3 16 4.6424 -17.5932 28 4.6424 -17.5932 12 3.8136 -14.5 12
3 16 4.6424 -17.5932 28 3.8136 -14.5 12 3.8136 -14.5 28
3 16 3.8136 -14.5 28 3.8136 -14.5 12 4.6424 -11.4068 12
3 16 3.8136 -14.5 28 4.6424 -11.4068 12 4.6424 -11.4068 28
3 16 4.6424 -11.4068 12 6.9068 -9.1424 12 4.6424 -11.4068 28
3 16 4.6424 -11.4068 28 6.9068 -9.1424 12 6.9068 -9.1424 28
3 16 6.9068 -9.1424 28 6.9068 -9.1424 12 10 -8.3136 28
3 16 6.9068 -9.1424 12 10 -8.3136 12 10 -8.3136 28
3 16 6.7805 -7.4504 28 3.4803 -10.31 28 6.9068 -9.1424 28
3 16 4.6424 -11.4068 28 6.9068 -9.1424 28 3.4803 -10.31 28
3 16 3.4803 -10.31 28 2.25 -14.5 28 4.6424 -11.4068 28
3 16 3.8136 -14.5 28 4.6424 -11.4068 28 2.25 -14.5 28
3 16 2.25 -14.5 28 3.4803 -18.69 28 3.8136 -14.5 28
3 16 3.4803 -18.69 28 4.6424 -17.5932 28 3.8136 -14.5 28
3 16 6.9068 -19.8576 28 4.6424 -17.5932 28 6.7805 -21.5497 28
3 16 6.7805 -21.5497 28 4.6424 -17.5932 28 3.4803 -18.69 28
3 16 6.7805 -21.5497 28 10 -22.1711 28 6.9068 -19.8576 28
3 16 10 -20.6864 28 6.9068 -19.8576 28 10 -22.1711 28
3 16 6.7805 -7.4504 29.7392 3.4803 -10.31 28.9075 6.7805 -7.4504 28
3 16 3.4803 -10.31 28 6.7805 -7.4504 28 3.4803 -10.31 28.9075
3 16 3.4803 -10.31 28.9075 2.25 -14.5 28.4374 3.4803 -10.31 28
3 16 2.25 -14.5 28 3.4803 -10.31 28 2.25 -14.5 28.4374
3 16 2.25 -14.5 28.4374 3.4803 -18.69 28.9075 2.25 -14.5 28
3 16 3.4803 -18.69 28.9075 3.4803 -18.69 28 2.25 -14.5 28
3 16 3.4803 -18.69 28.9075 6.7805 -21.5497 29.7392 3.4803 -18.69 28
3 16 6.7805 -21.5497 29.7392 6.7805 -21.5497 28 3.4803 -18.69 28
3 16 6.7805 -21.5497 29.7392 10 -22.25 30 6.7805 -21.5497 28
3 16 10 -22.25 30 10 -22.1711 28 6.7805 -21.5497 28
3 16 2.9422 -9.328 14 6.4357 -6.5089 17.2876 2.9422 -0.375 14
3 16 5.9157 -0.375 17.0094 2.9422 -0.375 14 6.4357 -6.5089 17.2876
3 16 6.4357 -6.5089 17.2876 10 -5.75 18.1125 5.9157 -0.375 17.0094
3 16 10 -0.375 18.1125 5.9157 -0.375 17.0094 10 -5.75 18.1125
3 16 10 -22.25 30 6.7805 -21.5497 29.7392 10 -24 30
3 16 0 -24 27.3205 10 -24 30 6.7805 -21.5497 29.7392
3 16 3.4028 -5.25 24.9872 3.4028 0 24.9872 5.3468 -7.0899 25.6999
3 16 5.3468 -7.0899 25.6999 3.4028 0 24.9872 10 0 26.375
3 16 10 0 26.375 10 -5.75 26.375 5.3468 -7.0899 25.6999
3 16 10 -8.3136 12 6.9068 -9.1424 12 4.0786 -5.25 12
3 16 10 -5.75 26.375 10 -5.75 18.1125 5.3468 -7.0899 25.6999
3 16 5.3468 -7.0899 25.6999 10 -5.75 18.1125 6.4357 -6.5089 17.2876
3 16 10 -20.6864 12 6.9068 -19.8576 12 10 -20.6864 28
3 16 10 -20.6864 28 6.9068 -19.8576 12 6.9068 -19.8576 28
3 16 10 -6.75 28 6.7805 -7.4504 28 10 -8.3136 28
3 16 6.9068 -9.1424 28 10 -8.3136 28 6.7805 -7.4504 28
3 16 10 -6.75 30 6.7805 -7.4504 29.7392 10 -6.75 28
3 16 6.7805 -7.4504 28 10 -6.75 28 6.7805 -7.4504 29.7392
3 16 -7.3205 -24 20 -10 -24 10 -6.125 -24 19.9842
3 16 -6.125 -24 19.9842 -10 -24 10 0.0158 -24 13.875
3 16 -10 -24 10 10 -24 10 0.0158 -24 13.875
3 16 0.0158 -24 13.875 10 -24 10 6.1408 -24 20
3 16 10 -24 10 10 -24 30 6.1408 -24 20
3 16 0 -24 27.3205 0.0158 -24 26.125 10 -24 30
3 16 10 -24 30 0.0158 -24 26.125 6.1408 -24 20
3 16 2.25 -22.125 10 2.25 -0.375 10 2.25 -22.125 12
3 16 2.25 -22.125 12 2.25 -0.375 10 2.25 -0.375 12
3 16 17.75 -22.125 10 2.25 -22.125 10 17.75 -22.125 12
3 16 17.75 -22.125 12 2.25 -22.125 10 2.25 -22.125 12
3 16 1.0046 -21.375 23.6829 1.25 -14.3473 14 1.0046 -21.375 10
3 16 1.0046 -21.375 10 1.25 -14.3473 14 1.25 -14.3473 10
3 16 1.25 -14.3473 14 1.25 -0.375 14 1.25 -14.3473 10
3 16 1.25 -14.3473 10 1.25 -0.375 14 1.25 -0.375 10
3 16 -6.375 -21.375 10 1.0046 -21.375 23.6829 1.0046 -21.375 10
3 16 -6.375 -21.375 10 -4.1812 -21.375 18.1875 1.0046 -21.375 23.6829
3 16 20 -24 27.3205 16.5197 -18.69 28.9075 13.2195 -21.5497 29.7392
3 16 20 -24 27.3205 17.75 -14.5 28.4374 16.5197 -18.69 28.9075
3 16 27.3205 -24 20 24.1421 -5.25 24.1421 20 -24 27.3205
3 16 24.1421 -5.25 24.1421 20.3787 -5.25 27.0963 20 -24 27.3205
3 16 20 -24 27.3205 20.3787 -5.25 27.0963 17.75 -14.5 28.4374
3 16 20.3787 -5.25 27.0963 16.5197 -10.31 28.9075 17.75 -14.5 28.4374
3 16 10 0 30 13.2195 -7.4504 29.7392 20.3787 -5.25 27.0963
3 16 20.3787 -5.25 27.0963 13.2195 -7.4504 29.7392 16.5197 -10.31 28.9075
3 16 10 0 30 10 -6.75 30 13.2195 -7.4504 29.7392
3 16 19.9705 0 27.3375 10 0 30 20.3787 -5.25 27.0963
3 16 27.3205 -24 20 27.0963 -5.25 20.3787 24.1421 -5.25 24.1421
3 16 30 -24 10 27.0963 -5.25 20.3787 27.3205 -24 20
3 16 27.0963 -5.25 20.3787 30 -24 10 30 0 10
3 16 27.3375 0 19.9704 27.0963 -5.25 20.3787 30 0 10
3 16 27.3205 -24 20 20 -24 27.3205 26.125 -24 19.9842
3 16 26.125 -24 19.9842 20 -24 27.3205 19.9842 -24 26.125
3 16 30 0 10 24.9872 0 16.5972 27.3375 0 19.9704
3 16 27.3375 0 19.9704 24.9872 0 16.5972 25.8416 0 18.4745
3 16 30 0 10 26.375 0 10 24.9872 0 16.5972
3 16 25.994 -5.25 19.2765 27.0963 -5.25 20.3787 25.8416 0 18.4745
3 16 27.0963 -5.25 20.3787 27.3375 0 19.9704 25.8416 0 18.4745
3 16 25.8416 0 18.4745 24.9872 0 16.5972 25.994 -5.25 19.2765
3 16 24.9872 -5.25 16.5972 25.994 -5.25 19.2765 24.9872 0 16.5972
3 16 27.0963 -5.25 20.3787 25.994 -5.25 19.2765 24.1421 -5.25 24.1421
3 16 25.994 -5.25 19.2765 21.5789 -5.25 21.5789 24.1421 -5.25 24.1421
3 16 24.9872 -5.25 16.5972 21.5789 -5.25 21.5789 25.994 -5.25 19.2765
3 16 16.5972 -5.25 24.9872 19.2765 -5.25 25.994 21.5789 -5.25 21.5789
3 16 21.5789 -5.25 21.5789 19.2765 -5.25 25.994 24.1421 -5.25 24.1421
3 16 24.1421 -5.25 24.1421 19.2765 -5.25 25.994 20.3787 -5.25 27.0963
3 16 21.5789 -5.25 21.5789 17.2541 -9.6071 24.6806 16.5972 -5.25 24.9872
3 16 16.5972 -5.25 24.9872 17.2541 -9.6071 24.6806 14.6532 -7.0899 25.6999
3 16 21.5789 -5.25 21.5789 18.7447 -14.1946 23.8445 17.2541 -9.6071 24.6806
3 16 21.5789 -5.25 21.5789 24.1812 -21.375 18.1875 18.7447 -14.1946 23.8445
3 16 18.7447 -14.1946 23.8445 24.1812 -21.375 18.1875 18.9954 -21.375 23.6829
3 16 24.9872 -5.25 16.5972 24.1812 -21.375 18.1875 21.5789 -5.25 21.5789
3 16 26.375 -21.375 10 24.9872 -5.25 16.5972 26.375 0 10
3 16 26.375 0 10 24.9872 -5.25 16.5972 24.9872 0 16.5972
3 16 24.9872 -5.25 16.5972 26.375 -21.375 10 24.1812 -21.375 18.1875
3 16 15.9214 -0.375 12 17.75 -0.375 12 15.9214 -5.25 12
3 16 17.75 -22.125 12 16.1864 -14.5 12 17.75 -0.375 12
3 16 16.1864 -14.5 12 15.9214 -5.25 12 17.75 -0.375 12
3 16 17.75 -22.125 12 15.3576 -17.5932 12 16.1864 -14.5 12
3 16 17.75 -22.125 12 13.0932 -19.8576 12 15.3576 -17.5932 12
3 16 17.75 -22.125 12 10 -20.6864 12 13.0932 -19.8576 12
3 16 15.9214 -5.25 12 15.3576 -11.4068 12 13.0932 -9.1424 12
3 16 15.9214 -5.25 12 16.1864 -14.5 12 15.3576 -11.4068 12
3 16 18.4745 0 25.8416 19.9705 0 27.3375 19.2765 -5.25 25.994
3 16 19.2765 -5.25 25.994 19.9705 0 27.3375 20.3787 -5.25 27.0963
3 16 17.0578 -0.375 14 17.0578 -9.328 14 18.75 -0.375 14
3 16 17.0578 -9.328 14 18.75 -14.3473 14 18.75 -0.375 14
3 16 18.4745 0 25.8416 16.5972 0 24.9872 19.9705 0 27.3375
3 16 16.5972 0 24.9872 10 0 30 19.9705 0 27.3375
3 16 10 0 30 16.5972 0 24.9872 10 0 26.375
3 16 19.2765 -5.25 25.994 16.5972 -5.25 24.9872 18.4745 0 25.8416
3 16 16.5972 -5.25 24.9872 16.5972 0 24.9872 18.4745 0 25.8416
3 16 17.0578 -9.328 14 13.5643 -6.5089 17.2876 17.2541 -9.6071 24.6806
3 16 17.2541 -9.6071 24.6806 13.5643 -6.5089 17.2876 14.6532 -7.0899 25.6999
3 16 17.2541 -9.6071 24.6806 18.7447 -14.1946 23.8445 17.0578 -9.328 14
3 16 18.7447 -14.1946 23.8445 18.75 -14.3473 14 17.0578 -9.328 14
3 16 18.7447 -14.1946 23.8445 18.9954 -21.375 23.6829 18.75 -14.3473 14
3 16 15.3576 -17.5932 28 15.3576 -17.5932 12 13.0932 -19.8576 28
3 16 15.3576 -17.5932 12 13.0932 -19.8576 12 13.0932 -19.8576 28
3 16 15.3576 -17.5932 28 16.1864 -14.5 12 15.3576 -17.5932 12
3 16 15.3576 -17.5932 28 16.1864 -14.5 28 16.1864 -14.5 12
3 16 16.1864 -14.5 28 15.3576 -11.4068 12 16.1864 -14.5 12
3 16 16.1864 -14.5 28 15.3576 -11.4068 28 15.3576 -11.4068 12
3 16 15.3576 -11.4068 12 15.3576 -11.4068 28 13.0932 -9.1424 12
3 16 15.3576 -11.4068 28 13.0932 -9.1424 28 13.0932 -9.1424 12
3 16 13.0932 -9.1424 28 10 -8.3136 28 13.0932 -9.1424 12
3 16 13.0932 -9.1424 12 10 -8.3136 28 10 -8.3136 12
3 16 13.2195 -7.4504 28 13.0932 -9.1424 28 16.5197 -10.31 28
3 16 15.3576 -11.4068 28 16.5197 -10.31 28 13.0932 -9.1424 28
3 16 16.5197 -10.31 28 15.3576 -11.4068 28 17.75 -14.5 28
3 16 16.1864 -14.5 28 17.75 -14.5 28 15.3576 -11.4068 28
3 16 17.75 -14.5 28 16.1864 -14.5 28 16.5197 -18.69 28
3 16 16.5197 -18.69 28 16.1864 -14.5 28 15.3576 -17.5932 28
3 16 13.0932 -19.8576 28 13.2195 -21.5497 28 15.3576 -17.5932 28
3 16 13.2195 -21.5497 28 16.5197 -18.69 28 15.3576 -17.5932 28
3 16 13.2195 -21.5497 28 13.0932 -19.8576 28 10 -22.1711 28
3 16 10 -20.6864 28 10 -22.1711 28 13.0932 -19.8576 28
3 16 13.2195 -7.4504 29.7392 13.2195 -7.4504 28 16.5197 -10.31 28.9075
3 16 16.5197 -10.31 28 16.5197 -10.31 28.9075 13.2195 -7.4504 28
3 16 16.5197 -10.31 28.9075 16.5197 -10.31 28 17.75 -14.5 28.4374
3 16 17.75 -14.5 28 17.75 -14.5 28.4374 16.5197 -10.31 28
3 16 17.75 -14.5 28.4374 17.75 -14.5 28 16.5197 -18.69 28.9075
3 16 16.5197 -18.69 28.9075 17.75 -14.5 28 16.5197 -18.69 28
3 16 16.5197 -18.69 28.9075 16.5197 -18.69 28 13.2195 -21.5497 29.7392
3 16 13.2195 -21.5497 29.7392 16.5197 -18.69 28 13.2195 -21.5497 28
3 16 13.2195 -21.5497 29.7392 13.2195 -21.5497 28 10 -22.25 30
3 16 10 -22.25 30 13.2195 -21.5497 28 10 -22.1711 28
3 16 17.0578 -9.328 14 17.0578 -0.375 14 13.5643 -6.5089 17.2876
3 16 14.0843 -0.375 17.0094 13.5643 -6.5089 17.2876 17.0578 -0.375 14
3 16 13.5643 -6.5089 17.2876 14.0843 -0.375 17.0094 10 -5.75 18.1125
3 16 10 -0.375 18.1125 10 -5.75 18.1125 14.0843 -0.375 17.0094
3 16 10 -22.25 30 10 -24 30 13.2195 -21.5497 29.7392
3 16 20 -24 27.3205 13.2195 -21.5497 29.7392 10 -24 30
3 16 16.5972 -5.25 24.9872 14.6532 -7.0899 25.6999 16.5972 0 24.9872
3 16 14.6532 -7.0899 25.6999 10 0 26.375 16.5972 0 24.9872
3 16 10 0 26.375 14.6532 -7.0899 25.6999 10 -5.75 26.375
3 16 4.0786 -5.25 12 15.9214 -5.25 12 10 -8.3136 12
3 16 10 -8.3136 12 15.9214 -5.25 12 13.0932 -9.1424 12
3 16 10 -5.75 26.375 14.6532 -7.0899 25.6999 10 -5.75 18.1125
3 16 14.6532 -7.0899 25.6999 13.5643 -6.5089 17.2876 10 -5.75 18.1125
3 16 10 -20.6864 12 10 -20.6864 28 13.0932 -19.8576 12
3 16 10 -20.6864 28 13.0932 -19.8576 28 13.0932 -19.8576 12
3 16 10 -6.75 28 10 -8.3136 28 13.2195 -7.4504 28
3 16 13.0932 -9.1424 28 13.2195 -7.4504 28 10 -8.3136 28
3 16 10 -6.75 30 10 -6.75 28 13.2195 -7.4504 29.7392
3 16 13.2195 -7.4504 28 13.2195 -7.4504 29.7392 10 -6.75 28
3 16 27.3205 -24 20 26.125 -24 19.9842 30 -24 10
3 16 26.125 -24 19.9842 19.9842 -24 13.875 30 -24 10
3 16 30 -24 10 19.9842 -24 13.875 10 -24 10
3 16 19.9842 -24 13.875 13.8592 -24 20 10 -24 10
3 16 10 -24 10 13.8592 -24 20 10 -24 30
3 16 20 -24 27.3205 10 -24 30 19.9842 -24 26.125
3 16 10 -24 30 13.8592 -24 20 19.9842 -24 26.125
3 16 17.75 -0.375 10 17.75 -22.125 10 17.75 -0.375 12
3 16 17.75 -0.375 12 17.75 -22.125 10 17.75 -22.125 12
3 16 26.375 -21.375 10 18.9954 -21.375 23.6829 24.1812 -21.375 18.1875
3 16 6.1408 -24 20 0.0158 -24 26.125 0.0158 -24 13.875
3 16 0.0158 -24 13.875 0.0158 -24 26.125 -6.125 -24 19.9842
3 16 26.125 -24 19.9842 19.9842 -24 26.125 19.9842 -24 13.875
3 16 19.9842 -24 13.875 19.9842 -24 26.125 13.8592 -24 20
3 16 18.75 -14.3473 14 18.75 -14.3473 10 18.75 -0.375 14
3 16 18.75 -0.375 14 18.75 -14.3473 10 18.75 -0.375 10
3 16 18.9954 -21.375 23.6829 18.9954 -21.375 10 18.75 -14.3473 14
3 16 18.75 -14.3473 14 18.9954 -21.375 10 18.75 -14.3473 10
3 16 26.375 -21.375 10 18.9954 -21.375 10 18.9954 -21.375 23.6829
3 16 25.7836 -28.45 21.5133 25.7836 -24 21.5133 21.5133 -28.45 25.7835
3 16 21.5133 -28.45 25.7835 25.7836 -24 21.5133 21.5133 -24 25.7835
3 16 16.874 -24 25.4144 14.5856 -24 23.126 16.874 -28.45 25.4144
3 16 16.874 -28.45 25.4144 14.5856 -24 23.126 14.5856 -28.45 23.126
3 16 14.5856 -24 23.126 13.748 -24 20 14.5856 -28.45 23.126
3 16 14.5856 -28.45 23.126 13.748 -24 20 13.748 -28.45 20
3 16 13.748 -24 20 14.5856 -24 16.874 13.748 -28.45 20
3 16 13.748 -28.45 20 14.5856 -24 16.874 14.5856 -28.45 16.874
3 16 14.5856 -24 16.874 16.874 -24 14.5856 14.5856 -28.45 16.874
3 16 14.5856 -28.45 16.874 16.874 -24 14.5856 16.874 -28.45 14.5856
3 16 16.874 -24 14.5856 20 -24 13.748 16.874 -28.45 14.5856
3 16 16.874 -28.45 14.5856 20 -24 13.748 20 -28.45 13.748
3 16 20 -24 13.748 23.126 -24 14.5856 20 -28.45 13.748
3 16 20 -28.45 13.748 23.126 -24 14.5856 23.126 -28.45 14.5856
3 16 23.126 -24 14.5856 25.4144 -24 16.874 23.126 -28.45 14.5856
3 16 23.126 -28.45 14.5856 25.4144 -24 16.874 25.4144 -28.45 16.874
3 16 25.4144 -24 16.874 26.252 -24 20 25.4144 -28.45 16.874
3 16 25.4144 -28.45 16.874 26.252 -24 20 26.252 -28.45 20
3 16 20 -24 26.252 16.874 -24 25.4144 20 -28.45 26.252
3 16 20 -28.45 26.252 16.874 -24 25.4144 16.874 -28.45 25.4144
3 16 16.874 -28.45 25.4144 14.5856 -28.45 23.126 17.9623 -28.45 23.5295
3 16 17.9623 -28.45 23.5295 14.5856 -28.45 23.126 16.4705 -28.45 22.0377
3 16 14.5856 -28.45 23.126 13.748 -28.45 20 16.4705 -28.45 22.0377
3 16 16.4705 -28.45 22.0377 13.748 -28.45 20 15.9245 -28.45 20
3 16 13.748 -28.45 20 14.5856 -28.45 16.874 15.9245 -28.45 20
3 16 15.9245 -28.45 20 14.5856 -28.45 16.874 16.4705 -28.45 17.9623
3 16 14.5856 -28.45 16.874 16.874 -28.45 14.5856 16.4705 -28.45 17.9623
3 16 16.4705 -28.45 17.9623 16.874 -28.45 14.5856 17.9623 -28.45 16.4705
3 16 16.874 -28.45 14.5856 20 -28.45 13.748 17.9623 -28.45 16.4705
3 16 17.9623 -28.45 16.4705 20 -28.45 13.748 20 -28.45 15.9245
3 16 20 -28.45 13.748 23.126 -28.45 14.5856 20 -28.45 15.9245
3 16 20 -28.45 15.9245 23.126 -28.45 14.5856 22.0378 -28.45 16.4705
3 16 23.126 -28.45 14.5856 25.4144 -28.45 16.874 22.0378 -28.45 16.4705
3 16 22.0378 -28.45 16.4705 25.4144 -28.45 16.874 23.5295 -28.45 17.9623
3 16 25.4144 -28.45 16.874 26.252 -28.45 20 23.5295 -28.45 17.9623
3 16 23.5295 -28.45 17.9623 26.252 -28.45 20 24.0755 -28.45 20
3 16 23.5295 -28.45 22.0378 25.7836 -28.45 21.5133 22.0377 -28.45 23.5295
3 16 22.0377 -28.45 23.5295 25.7836 -28.45 21.5133 21.5133 -28.45 25.7835
3 16 20 -28.45 26.252 20 -28.45 24.0755 21.5133 -28.45 25.7835
3 16 21.5133 -28.45 25.7835 20 -28.45 24.0755 22.0377 -28.45 23.5295
3 16 20 -28.45 26.252 16.874 -28.45 25.4144 20 -28.45 24.0755
3 16 20 -28.45 24.0755 16.874 -28.45 25.4144 17.9623 -28.45 23.5295
3 16 17.9623 -28.45 23.5295 16.4705 -28.45 22.0377 17.9623 -24 23.5295
3 16 17.9623 -24 23.5295 16.4705 -28.45 22.0377 16.4705 -24 22.0377
3 16 16.4705 -28.45 22.0377 15.9245 -28.45 20 16.4705 -24 22.0377
3 16 16.4705 -24 22.0377 15.9245 -28.45 20 15.9245 -24 20
3 16 15.9245 -28.45 20 16.4705 -28.45 17.9623 15.9245 -24 20
3 16 15.9245 -24 20 16.4705 -28.45 17.9623 16.4705 -24 17.9623
3 16 16.4705 -28.45 17.9623 17.9623 -28.45 16.4705 16.4705 -24 17.9623
3 16 16.4705 -24 17.9623 17.9623 -28.45 16.4705 17.9623 -24 16.4705
3 16 17.9623 -28.45 16.4705 20 -28.45 15.9245 17.9623 -24 16.4705
3 16 17.9623 -24 16.4705 20 -28.45 15.9245 20 -24 15.9245
3 16 20 -28.45 15.9245 22.0378 -28.45 16.4705 20 -24 15.9245
3 16 20 -24 15.9245 22.0378 -28.45 16.4705 22.0378 -24 16.4705
3 16 22.0378 -28.45 16.4705 23.5295 -28.45 17.9623 22.0378 -24 16.4705
3 16 22.0378 -24 16.4705 23.5295 -28.45 17.9623 23.5295 -24 17.9623
3 16 23.5295 -28.45 17.9623 24.0755 -28.45 20 23.5295 -24 17.9623
3 16 23.5295 -24 17.9623 24.0755 -28.45 20 24.0755 -24 20
3 16 22.0377 -24 23.5295 23.5295 -24 22.0378 22.0377 -28.45 23.5295
3 16 22.0377 -28.45 23.5295 23.5295 -24 22.0378 23.5295 -28.45 22.0378
3 16 22.0377 -28.45 23.5295 20 -28.45 24.0755 22.0377 -24 23.5295
3 16 22.0377 -24 23.5295 20 -28.45 24.0755 20 -24 24.0755
3 16 20 -28.45 24.0755 17.9623 -28.45 23.5295 20 -24 24.0755
3 16 20 -24 24.0755 17.9623 -28.45 23.5295 17.9623 -24 23.5295
3 16 24.0755 -28.45 20 23.5295 -28.45 22.0378 24.0755 -24 20
3 16 24.0755 -24 20 23.5295 -28.45 22.0378 23.5295 -24 22.0378
3 16 26.252 -28.45 20 25.7836 -28.45 21.5133 24.0755 -28.45 20
3 16 24.0755 -28.45 20 25.7836 -28.45 21.5133 23.5295 -28.45 22.0378
3 16 26.252 -24 20 25.7836 -24 21.5133 26.252 -28.45 20
3 16 26.252 -28.45 20 25.7836 -24 21.5133 25.7836 -28.45 21.5133
3 16 21.5133 -28.45 25.7835 21.5133 -24 25.7835 20 -28.45 26.252
3 16 20 -28.45 26.252 21.5133 -24 25.7835 20 -24 26.252
3 16 -1.5133 -28.45 25.7836 -1.5133 -24 25.7836 -5.7835 -28.45 21.5133
3 16 -5.7835 -28.45 21.5133 -1.5133 -24 25.7836 -5.7835 -24 21.5133
3 16 -5.4144 -24 16.874 -3.126 -24 14.5856 -5.4144 -28.45 16.874
3 16 -5.4144 -28.45 16.874 -3.126 -24 14.5856 -3.126 -28.45 14.5856
3 16 -3.126 -24 14.5856 0 -24 13.748 -3.126 -28.45 14.5856
3 16 -3.126 -28.45 14.5856 0 -24 13.748 0 -28.45 13.748
3 16 0 -24 13.748 3.126 -24 14.5856 0 -28.45 13.748
3 16 0 -28.45 13.748 3.126 -24 14.5856 3.126 -28.45 14.5856
3 16 3.126 -24 14.5856 5.4144 -24 16.874 3.126 -28.45 14.5856
3 16 3.126 -28.45 14.5856 5.4144 -24 16.874 5.4144 -28.45 16.874
3 16 5.4144 -24 16.874 6.252 -24 20 5.4144 -28.45 16.874
3 16 5.4144 -28.45 16.874 6.252 -24 20 6.252 -28.45 20
3 16 6.252 -24 20 5.4144 -24 23.126 6.252 -28.45 20
3 16 6.252 -28.45 20 5.4144 -24 23.126 5.4144 -28.45 23.126
3 16 5.4144 -24 23.126 3.126 -24 25.4144 5.4144 -28.45 23.126
3 16 5.4144 -28.45 23.126 3.126 -24 25.4144 3.126 -28.45 25.4144
3 16 3.126 -24 25.4144 0 -24 26.252 3.126 -28.45 25.4144
3 16 3.126 -28.45 25.4144 0 -24 26.252 0 -28.45 26.252
3 16 -6.252 -24 20 -5.4144 -24 16.874 -6.252 -28.45 20
3 16 -6.252 -28.45 20 -5.4144 -24 16.874 -5.4144 -28.45 16.874
3 16 -5.4144 -28.45 16.874 -3.126 -28.45 14.5856 -3.5295 -28.45 17.9623
3 16 -3.5295 -28.45 17.9623 -3.126 -28.45 14.5856 -2.0377 -28.45 16.4705
3 16 -3.126 -28.45 14.5856 0 -28.45 13.748 -2.0377 -28.45 16.4705
3 16 -2.0377 -28.45 16.4705 0 -28.45 13.748 0 -28.45 15.9245
3 16 0 -28.45 13.748 3.126 -28.45 14.5856 0 -28.45 15.9245
3 16 0 -28.45 15.9245 3.126 -28.45 14.5856 2.0378 -28.45 16.4705
3 16 3.126 -28.45 14.5856 5.4144 -28.45 16.874 2.0378 -28.45 16.4705
3 16 2.0378 -28.45 16.4705 5.4144 -28.45 16.874 3.5295 -28.45 17.9623
3 16 5.4144 -28.45 16.874 6.252 -28.45 20 3.5295 -28.45 17.9623
3 16 3.5295 -28.45 17.9623 6.252 -28.45 20 4.0755 -28.45 20
3 16 6.252 -28.45 20 5.4144 -28.45 23.126 4.0755 -28.45 20
3 16 4.0755 -28.45 20 5.4144 -28.45 23.126 3.5295 -28.45 22.0378
3 16 5.4144 -28.45 23.126 3.126 -28.45 25.4144 3.5295 -28.45 22.0378
3 16 3.5295 -28.45 22.0378 3.126 -28.45 25.4144 2.0378 -28.45 23.5295
3 16 3.126 -28.45 25.4144 0 -28.45 26.252 2.0378 -28.45 23.5295
3 16 2.0378 -28.45 23.5295 0 -28.45 26.252 0 -28.45 24.0755
3 16 -2.0378 -28.45 23.5295 -1.5133 -28.45 25.7836 -3.5295 -28.45 22.0378
3 16 -3.5295 -28.45 22.0378 -1.5133 -28.45 25.7836 -5.7835 -28.45 21.5133
3 16 -6.252 -28.45 20 -4.0755 -28.45 20 -5.7835 -28.45 21.5133
3 16 -5.7835 -28.45 21.5133 -4.0755 -28.45 20 -3.5295 -28.45 22.0378
3 16 -6.252 -28.45 20 -5.4144 -28.45 16.874 -4.0755 -28.45 20
3 16 -4.0755 -28.45 20 -5.4144 -28.45 16.874 -3.5295 -28.45 17.9623
3 16 -3.5295 -28.45 17.9623 -2.0377 -28.45 16.4705 -3.5295 -24 17.9623
3 16 -3.5295 -24 17.9623 -2.0377 -28.45 16.4705 -2.0377 -24 16.4705
3 16 -2.0377 -28.45 16.4705 0 -28.45 15.9245 -2.0377 -24 16.4705
3 16 -2.0377 -24 16.4705 0 -28.45 15.9245 0 -24 15.9245
3 16 0 -28.45 15.9245 2.0378 -28.45 16.4705 0 -24 15.9245
3 16 0 -24 15.9245 2.0378 -28.45 16.4705 2.0378 -24 16.4705
3 16 2.0378 -28.45 16.4705 3.5295 -28.45 17.9623 2.0378 -24 16.4705
3 16 2.0378 -24 16.4705 3.5295 -28.45 17.9623 3.5295 -24 17.9623
3 16 3.5295 -28.45 17.9623 4.0755 -28.45 20 3.5295 -24 17.9623
3 16 3.5295 -24 17.9623 4.0755 -28.45 20 4.0755 -24 20
3 16 4.0755 -28.45 20 3.5295 -28.45 22.0378 4.0755 -24 20
3 16 4.0755 -24 20 3.5295 -28.45 22.0378 3.5295 -24 22.0378
3 16 3.5295 -28.45 22.0378 2.0378 -28.45 23.5295 3.5295 -24 22.0378
3 16 3.5295 -24 22.0378 2.0378 -28.45 23.5295 2.0378 -24 23.5295
3 16 2.0378 -28.45 23.5295 0 -28.45 24.0755 2.0378 -24 23.5295
3 16 2.0378 -24 23.5295 0 -28.45 24.0755 0 -24 24.0755
3 16 -3.5295 -24 22.0378 -2.0378 -24 23.5295 -3.5295 -28.45 22.0378
3 16 -3.5295 -28.45 22.0378 -2.0378 -24 23.5295 -2.0378 -28.45 23.5295
3 16 -3.5295 -28.45 22.0378 -4.0755 -28.45 20 -3.5295 -24 22.0378
3 16 -3.5295 -24 22.0378 -4.0755 -28.45 20 -4.0755 -24 20
3 16 -4.0755 -28.45 20 -3.5295 -28.45 17.9623 -4.0755 -24 20
3 16 -4.0755 -24 20 -3.5295 -28.45 17.9623 -3.5295 -24 17.9623
3 16 0 -28.45 24.0755 -2.0378 -28.45 23.5295 0 -24 24.0755
3 16 0 -24 24.0755 -2.0378 -28.45 23.5295 -2.0378 -24 23.5295
3 16 0 -28.45 26.252 -1.5133 -28.45 25.7836 0 -28.45 24.0755
3 16 0 -28.45 24.0755 -1.5133 -28.45 25.7836 -2.0378 -28.45 23.5295
3 16 0 -24 26.252 -1.5133 -24 25.7836 0 -28.45 26.252
3 16 0 -28.45 26.252 -1.5133 -24 25.7836 -1.5133 -28.45 25.7836
3 16 -5.7835 -28.45 21.5133 -5.7835 -24 21.5133 -6.252 -28.45 20
3 16 -6.252 -28.45 20 -5.7835 -24 21.5133 -6.252 -24 20
3 16 21.5133 -28.45 -5.7836 21.5133 -24 -5.7836 25.7835 -28.45 -1.5133
3 16 25.7835 -28.45 -1.5133 21.5133 -24 -5.7836 25.7835 -24 -1.5133
3 16 25.4144 -24 3.126 23.126 -24 5.4144 25.4144 -28.45 3.126
3 16 25.4144 -28.45 3.126 23.126 -24 5.4144 23.126 -28.45 5.4144
3 16 23.126 -24 5.4144 20 -24 6.252 23.126 -28.45 5.4144
3 16 23.126 -28.45 5.4144 20 -24 6.252 20 -28.45 6.252
3 16 20 -24 6.252 16.874 -24 5.4144 20 -28.45 6.252
3 16 20 -28.45 6.252 16.874 -24 5.4144 16.874 -28.45 5.4144
3 16 16.874 -24 5.4144 14.5856 -24 3.126 16.874 -28.45 5.4144
3 16 16.874 -28.45 5.4144 14.5856 -24 3.126 14.5856 -28.45 3.126
3 16 14.5856 -24 3.126 13.748 -24 0 14.5856 -28.45 3.126
3 16 14.5856 -28.45 3.126 13.748 -24 0 13.748 -28.45 0
3 16 13.748 -24 0 14.5856 -24 -3.126 13.748 -28.45 0
3 16 13.748 -28.45 0 14.5856 -24 -3.126 14.5856 -28.45 -3.126
3 16 14.5856 -24 -3.126 16.874 -24 -5.4144 14.5856 -28.45 -3.126
3 16 14.5856 -28.45 -3.126 16.874 -24 -5.4144 16.874 -28.45 -5.4144
3 16 16.874 -24 -5.4144 20 -24 -6.252 16.874 -28.45 -5.4144
3 16 16.874 -28.45 -5.4144 20 -24 -6.252 20 -28.45 -6.252
3 16 26.252 -24 0 25.4144 -24 3.126 26.252 -28.45 0
3 16 26.252 -28.45 0 25.4144 -24 3.126 25.4144 -28.45 3.126
3 16 25.4144 -28.45 3.126 23.126 -28.45 5.4144 23.5295 -28.45 2.0378
3 16 23.5295 -28.45 2.0378 23.126 -28.45 5.4144 22.0377 -28.45 3.5295
3 16 23.126 -28.45 5.4144 20 -28.45 6.252 22.0377 -28.45 3.5295
3 16 22.0377 -28.45 3.5295 20 -28.45 6.252 20 -28.45 4.0755
3 16 20 -28.45 6.252 16.874 -28.45 5.4144 20 -28.45 4.0755
3 16 20 -28.45 4.0755 16.874 -28.45 5.4144 17.9623 -28.45 3.5295
3 16 16.874 -28.45 5.4144 14.5856 -28.45 3.126 17.9623 -28.45 3.5295
3 16 17.9623 -28.45 3.5295 14.5856 -28.45 3.126 16.4705 -28.45 2.0378
3 16 14.5856 -28.45 3.126 13.748 -28.45 0 16.4705 -28.45 2.0378
3 16 16.4705 -28.45 2.0378 13.748 -28.45 0 15.9245 -28.45 0
3 16 13.748 -28.45 0 14.5856 -28.45 -3.126 15.9245 -28.45 0
3 16 15.9245 -28.45 0 14.5856 -28.45 -3.126 16.4705 -28.45 -2.0378
3 16 14.5856 -28.45 -3.126 16.874 -28.45 -5.4144 16.4705 -28.45 -2.0378
3 16 16.4705 -28.45 -2.0378 16.874 -28.45 -5.4144 17.9623 -28.45 -3.5295
3 16 16.874 -28.45 -5.4144 20 -28.45 -6.252 17.9623 -28.45 -3.5295
3 16 17.9623 -28.45 -3.5295 20 -28.45 -6.252 20 -28.45 -4.0755
3 16 22.0377 -28.45 -3.5295 21.5133 -28.45 -5.7836 23.5295 -28.45 -2.0378
3 16 23.5295 -28.45 -2.0378 21.5133 -28.45 -5.7836 25.7835 -28.45 -1.5133
3 16 26.252 -28.45 0 24.0755 -28.45 0 25.7835 -28.45 -1.5133
3 16 25.7835 -28.45 -1.5133 24.0755 -28.45 0 23.5295 -28.45 -2.0378
3 16 26.252 -28.45 0 25.4144 -28.45 3.126 24.0755 -28.45 0
3 16 24.0755 -28.45 0 25.4144 -28.45 3.126 23.5295 -28.45 2.0378
3 16 23.5295 -28.45 2.0378 22.0377 -28.45 3.5295 23.5295 -24 2.0378
3 16 23.5295 -24 2.0378 22.0377 -28.45 3.5295 22.0377 -24 3.5295
3 16 22.0377 -28.45 3.5295 20 -28.45 4.0755 22.0377 -24 3.5295
3 16 22.0377 -24 3.5295 20 -28.45 4.0755 20 -24 4.0755
3 16 20 -28.45 4.0755 17.9623 -28.45 3.5295 20 -24 4.0755
3 16 20 -24 4.0755 17.9623 -28.45 3.5295 17.9623 -24 3.5295
3 16 17.9623 -28.45 3.5295 16.4705 -28.45 2.0378 17.9623 -24 3.5295
3 16 17.9623 -24 3.5295 16.4705 -28.45 2.0378 16.4705 -24 2.0378
3 16 16.4705 -28.45 2.0378 15.9245 -28.45 0 16.4705 -24 2.0378
3 16 16.4705 -24 2.0378 15.9245 -28.45 0 15.9245 -24 0
3 16 15.9245 -28.45 0 16.4705 -28.45 -2.0378 15.9245 -24 0
3 16 15.9245 -24 0 16.4705 -28.45 -2.0378 16.4705 -24 -2.0378
3 16 16.4705 -28.45 -2.0378 17.9623 -28.45 -3.5295 16.4705 -24 -2.0378
3 16 16.4705 -24 -2.0378 17.9623 -28.45 -3.5295 17.9623 -24 -3.5295
3 16 17.9623 -28.45 -3.5295 20 -28.45 -4.0755 17.9623 -24 -3.5295
3 16 17.9623 -24 -3.5295 20 -28.45 -4.0755 20 -24 -4.0755
3 16 23.5295 -24 -2.0378 22.0377 -24 -3.5295 23.5295 -28.45 -2.0378
3 16 23.5295 -28.45 -2.0378 22.0377 -24 -3.5295 22.0377 -28.45 -3.5295
3 16 23.5295 -28.45 -2.0378 24.0755 -28.45 0 23.5295 -24 -2.0378
3 16 23.5295 -24 -2.0378 24.0755 -28.45 0 24.0755 -24 0
3 16 24.0755 -28.45 0 23.5295 -28.45 2.0378 24.0755 -24 0
3 16 24.0755 -24 0 23.5295 -28.45 2.0378 23.5295 -24 2.0378
3 16 20 -28.45 -4.0755 22.0377 -28.45 -3.5295 20 -24 -4.0755
3 16 20 -24 -4.0755 22.0377 -28.45 -3.5295 22.0377 -24 -3.5295
3 16 20 -28.45 -6.252 21.5133 -28.45 -5.7836 20 -28.45 -4.0755
3 16 20 -28.45 -4.0755 21.5133 -28.45 -5.7836 22.0377 -28.45 -3.5295
3 16 20 -24 -6.252 21.5133 -24 -5.7836 20 -28.45 -6.252
3 16 20 -28.45 -6.252 21.5133 -24 -5.7836 21.5133 -28.45 -5.7836
3 16 25.7835 -28.45 -1.5133 25.7835 -24 -1.5133 26.252 -28.45 0
3 16 26.252 -28.45 0 25.7835 -24 -1.5133 26.252 -24 0
3 16 -5.7836 -24 -1.5133 -1.563 -24 -5.7835 -5.7836 -28.45 -1.5133
3 16 -5.7836 -28.45 -1.5133 -1.563 -24 -5.7835 -1.5133 -28.45 -5.7835
3 16 3.126 -24 -5.4144 5.4144 -24 -3.126 3.126 -28.45 -5.4144
3 16 3.126 -28.45 -5.4144 5.4144 -24 -3.126 5.4144 -28.45 -3.126
3 16 5.4144 -24 -3.126 6.252 -24 0 5.4144 -28.45 -3.126
3 16 5.4144 -28.45 -3.126 6.252 -24 0 6.252 -28.45 0
3 16 6.252 -24 0 5.4144 -24 3.126 6.252 -28.45 0
3 16 6.252 -28.45 0 5.4144 -24 3.126 5.4144 -28.45 3.126
3 16 5.4144 -24 3.126 3.126 -24 5.4144 5.4144 -28.45 3.126
3 16 5.4144 -28.45 3.126 3.126 -24 5.4144 3.126 -28.45 5.4144
3 16 3.126 -24 5.4144 0 -24 6.252 3.126 -28.45 5.4144
3 16 3.126 -28.45 5.4144 0 -24 6.252 0 -28.45 6.252
3 16 0 -24 6.252 -3.126 -24 5.4144 0 -28.45 6.252
3 16 0 -28.45 6.252 -3.126 -24 5.4144 -3.126 -28.45 5.4144
3 16 -3.126 -24 5.4144 -5.4144 -24 3.126 -3.126 -28.45 5.4144
3 16 -3.126 -28.45 5.4144 -5.4144 -24 3.126 -5.4144 -28.45 3.126
3 16 -5.4144 -24 3.126 -6.252 -24 0 -5.4144 -28.45 3.126
3 16 -5.4144 -28.45 3.126 -6.252 -24 0 -6.252 -28.45 0
3 16 0 -24 -6.252 3.126 -24 -5.4144 0 -28.45 -6.252
3 16 0 -28.45 -6.252 3.126 -24 -5.4144 3.126 -28.45 -5.4144
3 16 3.126 -28.45 -5.4144 5.4144 -28.45 -3.126 2.0378 -28.45 -3.5295
3 16 2.0378 -28.45 -3.5295 5.4144 -28.45 -3.126 3.5295 -28.45 -2.0377
3 16 5.4144 -28.45 -3.126 6.252 -28.45 0 3.5295 -28.45 -2.0377
3 16 3.5295 -28.45 -2.0377 6.252 -28.45 0 4.0755 -28.45 0
3 16 6.252 -28.45 0 5.4144 -28.45 3.126 4.0755 -28.45 0
3 16 4.0755 -28.45 0 5.4144 -28.45 3.126 3.5295 -28.45 2.0378
3 16 5.4144 -28.45 3.126 3.126 -28.45 5.4144 3.5295 -28.45 2.0378
3 16 3.5295 -28.45 2.0378 3.126 -28.45 5.4144 2.0378 -28.45 3.5295
3 16 3.126 -28.45 5.4144 0 -28.45 6.252 2.0378 -28.45 3.5295
3 16 2.0378 -28.45 3.5295 0 -28.45 6.252 0 -28.45 4.0755
3 16 0 -28.45 6.252 -3.126 -28.45 5.4144 0 -28.45 4.0755
3 16 0 -28.45 4.0755 -3.126 -28.45 5.4144 -2.0378 -28.45 3.5295
3 16 -3.126 -28.45 5.4144 -5.4144 -28.45 3.126 -2.0378 -28.45 3.5295
3 16 -2.0378 -28.45 3.5295 -5.4144 -28.45 3.126 -3.5295 -28.45 2.0378
3 16 -5.4144 -28.45 3.126 -6.252 -28.45 0 -3.5295 -28.45 2.0378
3 16 -3.5295 -28.45 2.0378 -6.252 -28.45 0 -4.0755 -28.45 0
3 16 -3.5295 -28.45 -2.0378 -5.7836 -28.45 -1.5133 -2.0378 -28.45 -3.5295
3 16 -2.0378 -28.45 -3.5295 -5.7836 -28.45 -1.5133 -1.5133 -28.45 -5.7835
3 16 0 -28.45 -6.252 0 -28.45 -4.0755 -1.5133 -28.45 -5.7835
3 16 -1.5133 -28.45 -5.7835 0 -28.45 -4.0755 -2.0378 -28.45 -3.5295
3 16 0 -28.45 -6.252 3.126 -28.45 -5.4144 0 -28.45 -4.0755
3 16 0 -28.45 -4.0755 3.126 -28.45 -5.4144 2.0378 -28.45 -3.5295
3 16 2.0378 -28.45 -3.5295 3.5295 -28.45 -2.0377 2.0378 -24 -3.5295
3 16 2.0378 -24 -3.5295 3.5295 -28.45 -2.0377 3.5295 -24 -2.0377
3 16 3.5295 -28.45 -2.0377 4.0755 -28.45 0 3.5295 -24 -2.0377
3 16 3.5295 -24 -2.0377 4.0755 -28.45 0 4.0755 -24 0
3 16 4.0755 -28.45 0 3.5295 -28.45 2.0378 4.0755 -24 0
3 16 4.0755 -24 0 3.5295 -28.45 2.0378 3.5295 -24 2.0378
3 16 3.5295 -28.45 2.0378 2.0378 -28.45 3.5295 3.5295 -24 2.0378
3 16 3.5295 -24 2.0378 2.0378 -28.45 3.5295 2.0378 -24 3.5295
3 16 2.0378 -28.45 3.5295 0 -28.45 4.0755 2.0378 -24 3.5295
3 16 2.0378 -24 3.5295 0 -28.45 4.0755 0 -24 4.0755
3 16 0 -28.45 4.0755 -2.0378 -28.45 3.5295 0 -24 4.0755
3 16 0 -24 4.0755 -2.0378 -28.45 3.5295 -2.0378 -24 3.5295
3 16 -2.0378 -28.45 3.5295 -3.5295 -28.45 2.0378 -2.0378 -24 3.5295
3 16 -2.0378 -24 3.5295 -3.5295 -28.45 2.0378 -3.5295 -24 2.0378
3 16 -3.5295 -28.45 2.0378 -4.0755 -28.45 0 -3.5295 -24 2.0378
3 16 -3.5295 -24 2.0378 -4.0755 -28.45 0 -4.0755 -24 0
3 16 -2.0378 -24 -3.5295 -3.5295 -24 -2.0378 -2.0378 -28.45 -3.5295
3 16 -2.0378 -28.45 -3.5295 -3.5295 -24 -2.0378 -3.5295 -28.45 -2.0378
3 16 -2.0378 -28.45 -3.5295 0 -28.45 -4.0755 -2.0378 -24 -3.5295
3 16 -2.0378 -24 -3.5295 0 -28.45 -4.0755 0 -24 -4.0755
3 16 0 -28.45 -4.0755 2.0378 -28.45 -3.5295 0 -24 -4.0755
3 16 0 -24 -4.0755 2.0378 -28.45 -3.5295 2.0378 -24 -3.5295
3 16 -4.0755 -28.45 0 -3.5295 -28.45 -2.0378 -4.0755 -24 0
3 16 -4.0755 -24 0 -3.5295 -28.45 -2.0378 -3.5295 -24 -2.0378
3 16 -6.252 -28.45 0 -5.7836 -28.45 -1.5133 -4.0755 -28.45 0
3 16 -4.0755 -28.45 0 -5.7836 -28.45 -1.5133 -3.5295 -28.45 -2.0378
3 16 -6.252 -24 0 -5.7836 -24 -1.5133 -6.252 -28.45 0
3 16 -6.252 -28.45 0 -5.7836 -24 -1.5133 -5.7836 -28.45 -1.5133
3 16 -1.563 -24 -5.7835 0 -24 -6.252 -1.5133 -28.45 -5.7835
3 16 -1.5133 -28.45 -5.7835 0 -24 -6.252 0 -28.45 -6.252
2 24 4.0786 -5.25 12 4.0786 -0.375 12
2 24 4.0786 -5.25 12 4.5873 -5.25 13.125
2 24 4.0786 -0.375 12 4.5873 -0.375 13.125
2 24 4.5873 -5.25 13.125 6.875 -5.25 15.4127
2 24 4.5873 -0.375 13.125 6.875 -0.375 15.4127
2 24 6.875 -5.25 15.4127 10 -5.25 16.25
2 24 6.875 -0.375 15.4127 10 -0.375 16.25
2 24 4.5873 -5.25 13.125 6.875 -5.25 15.4127
2 24 4.5873 -5.25 13.125 4.0786 -5.25 12
2 24 6.875 -5.25 15.4127 10 -5.25 16.25
2 24 4.0786 -5.25 12 15.9214 -5.25 12
2 24 1.25 -0.375 14 2.9422 -0.375 14
2 24 2.25 -0.375 12 4.0786 -0.375 12
2 24 4.0786 -0.375 12 4.5873 -0.375 13.125
2 24 2.9422 -0.375 14 5.9157 -0.375 17.0094
2 24 4.5873 -0.375 13.125 6.875 -0.375 15.4127
2 24 5.9157 -0.375 17.0094 10 -0.375 18.1125
2 24 6.875 -0.375 15.4127 10 -0.375 16.25
2 24 1.25 -0.375 14 1.25 -0.375 10
2 24 2.25 -0.375 12 2.25 -0.375 10
2 24 15.9214 -5.25 12 15.4127 -5.25 13.125
2 24 15.9214 -5.25 12 15.9214 -0.375 12
2 24 15.9214 -0.375 12 15.4127 -0.375 13.125
2 24 15.4127 -5.25 13.125 13.125 -5.25 15.4127
2 24 15.4127 -0.375 13.125 13.125 -0.375 15.4127
2 24 10 -5.25 16.25 13.125 -5.25 15.4127
2 24 10 -0.375 16.25 13.125 -0.375 15.4127
2 24 15.9214 -5.25 12 15.4127 -5.25 13.125
2 24 15.4127 -5.25 13.125 13.125 -5.25 15.4127
2 24 10 -5.25 16.25 13.125 -5.25 15.4127
2 24 17.0578 -0.375 14 18.75 -0.375 14
2 24 17.75 -0.375 12 15.9214 -0.375 12
2 24 15.9214 -0.375 12 15.4127 -0.375 13.125
2 24 17.0578 -0.375 14 14.0843 -0.375 17.0094
2 24 15.4127 -0.375 13.125 13.125 -0.375 15.4127
2 24 10 -0.375 18.1125 14.0843 -0.375 17.0094
2 24 10 -0.375 16.25 13.125 -0.375 15.4127
2 24 18.75 -0.375 14 18.75 -0.375 10
2 24 17.75 -0.375 12 17.75 -0.375 10
2 24 4.0786 -5.25 8 4.5873 -5.25 6.875
2 24 4.0786 -5.25 8 4.0786 -0.375 8
2 24 4.0786 -0.375 8 4.5873 -0.375 6.875
2 24 4.5873 -5.25 6.875 6.875 -5.25 4.5873
2 24 4.5873 -0.375 6.875 6.875 -0.375 4.5873
2 24 6.875 -5.25 4.5873 10 -5.25 3.75
2 24 6.875 -0.375 4.5873 10 -0.375 3.75
2 24 4.5873 -5.25 6.875 4.0786 -5.25 8
2 24 4.5873 -5.25 6.875 6.875 -5.25 4.5873
2 24 6.875 -5.25 4.5873 10 -5.25 3.75
2 24 4.0786 -5.25 8 15.9214 -5.25 8
2 24 2.9422 -0.375 6 1.25 -0.375 6
2 24 2.25 -0.375 8 4.0786 -0.375 8
2 24 4.0786 -0.375 8 4.5873 -0.375 6.875
2 24 2.9422 -0.375 6 5.9157 -0.375 2.9906
2 24 4.5873 -0.375 6.875 6.875 -0.375 4.5873
2 24 5.9157 -0.375 2.9906 10 -0.375 1.8875
2 24 6.875 -0.375 4.5873 10 -0.375 3.75
2 24 1.25 -0.375 10 1.25 -0.375 6
2 24 2.25 -0.375 10 2.25 -0.375 8
2 24 15.9214 -5.25 8 15.9214 -0.375 8
2 24 15.9214 -5.25 8 15.4127 -5.25 6.875
2 24 15.9214 -0.375 8 15.4127 -0.375 6.875
2 24 15.4127 -5.25 6.875 13.125 -5.25 4.5873
2 24 15.4127 -0.375 6.875 13.125 -0.375 4.5873
2 24 10 -5.25 3.75 13.125 -5.25 4.5873
2 24 10 -0.375 3.75 13.125 -0.375 4.5873
2 24 15.4127 -5.25 6.875 13.125 -5.25 4.5873
2 24 15.9214 -5.25 8 15.4127 -5.25 6.875
2 24 10 -5.25 3.75 13.125 -5.25 4.5873
2 24 18.75 -0.375 6 17.0578 -0.375 6
2 24 17.75 -0.375 8 15.9214 -0.375 8
2 24 15.9214 -0.375 8 15.4127 -0.375 6.875
2 24 17.0578 -0.375 6 14.0843 -0.375 2.9906
2 24 15.4127 -0.375 6.875 13.125 -0.375 4.5873
2 24 10 -0.375 1.8875 14.0843 -0.375 2.9906
2 24 10 -0.375 3.75 13.125 -0.375 4.5873
2 24 18.75 -0.375 10 18.75 -0.375 6
2 24 17.75 -0.375 10 17.75 -0.375 8
2 24 3.4803 -18.69 -8.9075 6.7805 -21.5497 -9.7392
2 24 3.4803 -18.69 -8.9075 2.25 -14.5 -8.4374
2 24 0 -24 -7.3205 -7.3205 -24 0
2 24 -4.1421 -5.25 -4.1421 -0.3787 -5.25 -7.0963
2 24 2.25 -14.5 -8.4374 3.4803 -10.31 -8.9075
2 24 3.4803 -10.31 -8.9075 6.7805 -7.4504 -9.7392
2 24 6.7805 -7.4504 -9.7392 10 -6.75 -10
2 24 10 0 -10 0.0296 0 -7.3375
2 24 -0.3787 -5.25 -7.0963 0.0296 0 -7.3375
2 24 -4.1421 -5.25 -4.1421 -7.0962 -5.25 -0.3787
2 24 -7.3205 -24 0 -10 -24 10
2 24 -7.0962 -5.25 -0.3787 -7.3375 0 0.0296
2 24 -10 0 10 -7.3375 0 0.0296
2 24 -7.3205 -24 0 0 -24 -7.3205
2 24 -10 0 10 -7.3375 0 0.0296
2 24 -4.9872 0 3.4028 -5.8416 0 1.5255
2 24 -7.3375 0 0.0296 -5.8416 0 1.5255
2 24 -4.9872 0 3.4028 -6.375 0 10
2 24 -5.994 -5.25 0.7235 -7.0962 -5.25 -0.3787
2 24 -5.994 -5.25 0.7235 -5.8416 0 1.5255
2 24 -5.8416 0 1.5255 -7.3375 0 0.0296
2 24 -7.0962 -5.25 -0.3787 -7.3375 0 0.0296
2 24 -5.8416 0 1.5255 -4.9872 0 3.4028
2 24 -5.8416 0 1.5255 -5.994 -5.25 0.7235
2 24 -5.994 -5.25 0.7235 -4.9872 -5.25 3.4028
2 24 -4.9872 0 3.4028 -4.9872 -5.25 3.4028
2 24 -7.0962 -5.25 -0.3787 -5.994 -5.25 0.7235
2 24 -7.0962 -5.25 -0.3787 -4.1421 -5.25 -4.1421
2 24 -1.5789 -5.25 -1.5789 -4.9872 -5.25 3.4028
2 24 -5.994 -5.25 0.7235 -4.9872 -5.25 3.4028
2 24 3.4028 -5.25 -4.9872 0.7235 -5.25 -5.994
2 24 -1.5789 -5.25 -1.5789 3.4028 -5.25 -4.9872
2 24 0.7235 -5.25 -5.994 -0.3787 -5.25 -7.0963
2 24 -4.1421 -5.25 -4.1421 -0.3787 -5.25 -7.0963
2 24 -1.5789 -5.25 -1.5789 3.4028 -5.25 -4.9872
2 24 2.7459 -9.6071 -4.6806 5.3468 -7.0899 -5.6999
2 24 2.7459 -9.6071 -4.6806 1.2553 -14.1946 -3.8445
2 24 -4.1812 -21.375 1.8125 1.0046 -21.375 -3.6829
2 24 1.2553 -14.1946 -3.8445 1.0046 -21.375 -3.6829
2 24 -1.5789 -5.25 -1.5789 -4.9872 -5.25 3.4028
2 24 -4.9872 -5.25 3.4028 -4.9872 0 3.4028
2 24 -6.375 0 10 -4.9872 0 3.4028
2 24 -4.1812 -21.375 1.8125 -6.375 -21.375 10
2 24 4.0786 -0.375 8 2.25 -0.375 8
2 24 4.0786 -0.375 8 4.0786 -5.25 8
2 24 2.25 -0.375 8 2.25 -22.125 8
2 24 3.8136 -14.5 8 4.6424 -17.5932 8
2 24 4.6424 -17.5932 8 6.9068 -19.8576 8
2 24 2.25 -22.125 8 17.75 -22.125 8
2 24 6.9068 -19.8576 8 10 -20.6864 8
2 24 4.6424 -11.4068 8 6.9068 -9.1424 8
2 24 3.8136 -14.5 8 4.6424 -11.4068 8
2 24 1.5255 0 -5.8416 0.0296 0 -7.3375
2 24 1.5255 0 -5.8416 0.7235 -5.25 -5.994
2 24 0.0296 0 -7.3375 -0.3787 -5.25 -7.0963
2 24 0.7235 -5.25 -5.994 -0.3787 -5.25 -7.0963
2 24 2.9422 -0.375 6 2.9422 -9.328 6
2 24 2.9422 -0.375 6 1.25 -0.375 6
2 24 1.25 -0.375 6 1.25 -14.3473 6
2 24 2.9422 -9.328 6 1.25 -14.3473 6
2 24 1.5255 0 -5.8416 3.4028 0 -4.9872
2 24 1.5255 0 -5.8416 0.0296 0 -7.3375
2 24 0.0296 0 -7.3375 10 0 -10
2 24 3.4028 0 -4.9872 10 0 -6.375
2 24 0.7235 -5.25 -5.994 3.4028 -5.25 -4.9872
2 24 0.7235 -5.25 -5.994 1.5255 0 -5.8416
2 24 1.5255 0 -5.8416 3.4028 0 -4.9872
2 24 3.4028 -5.25 -4.9872 3.4028 0 -4.9872
2 24 2.9422 -9.328 6 6.4357 -6.5089 2.7124
2 24 2.7459 -9.6071 -4.6806 5.3468 -7.0899 -5.6999
2 24 2.7459 -9.6071 -4.6806 1.2553 -14.1946 -3.8445
2 24 2.9422 -9.328 6 1.25 -14.3473 6
2 24 1.2553 -14.1946 -3.8445 1.0046 -21.375 -3.6829
2 24 4.6424 -17.5932 -8 6.9068 -19.8576 -8
2 24 4.6424 -17.5932 8 6.9068 -19.8576 8
2 24 4.6424 -17.5932 8 3.8136 -14.5 8
2 24 4.6424 -17.5932 -8 3.8136 -14.5 -8
2 24 3.8136 -14.5 8 4.6424 -11.4068 8
2 24 3.8136 -14.5 -8 4.6424 -11.4068 -8
2 24 4.6424 -11.4068 8 6.9068 -9.1424 8
2 24 4.6424 -11.4068 -8 6.9068 -9.1424 -8
2 24 6.9068 -9.1424 -8 10 -8.3136 -8
2 24 6.9068 -9.1424 8 10 -8.3136 8
2 24 6.7805 -7.4504 -8 3.4803 -10.31 -8
2 24 6.9068 -9.1424 -8 4.6424 -11.4068 -8
2 24 3.4803 -10.31 -8 2.25 -14.5 -8
2 24 4.6424 -11.4068 -8 3.8136 -14.5 -8
2 24 2.25 -14.5 -8 3.4803 -18.69 -8
2 24 3.8136 -14.5 -8 4.6424 -17.5932 -8
2 24 4.6424 -17.5932 -8 6.9068 -19.8576 -8
2 24 3.4803 -18.69 -8 6.7805 -21.5497 -8
2 24 6.7805 -21.5497 -8 10 -22.1711 -8
2 24 6.9068 -19.8576 -8 10 -20.6864 -8
2 24 6.7805 -7.4504 -9.7392 3.4803 -10.31 -8.9075
2 24 6.7805 -7.4504 -8 3.4803 -10.31 -8
2 24 3.4803 -10.31 -8.9075 2.25 -14.5 -8.4374
2 24 3.4803 -10.31 -8 2.25 -14.5 -8
2 24 2.25 -14.5 -8.4374 3.4803 -18.69 -8.9075
2 24 2.25 -14.5 -8 3.4803 -18.69 -8
2 24 3.4803 -18.69 -8.9075 6.7805 -21.5497 -9.7392
2 24 3.4803 -18.69 -8 6.7805 -21.5497 -8
2 24 6.7805 -21.5497 -9.7392 10 -22.25 -10
2 24 6.7805 -21.5497 -8 10 -22.1711 -8
2 24 2.9422 -9.328 6 2.9422 -0.375 6
2 24 2.9422 -9.328 6 6.4357 -6.5089 2.7124
2 24 2.9422 -0.375 6 5.9157 -0.375 2.9906
2 24 6.4357 -6.5089 2.7124 10 -5.75 1.8875
2 24 5.9157 -0.375 2.9906 10 -0.375 1.8875
2 24 6.7805 -21.5497 -9.7392 10 -22.25 -10
2 24 0 -24 -7.3205 10 -24 -10
2 24 3.4028 -5.25 -4.9872 3.4028 0 -4.9872
2 24 3.4028 0 -4.9872 10 0 -6.375
2 24 5.3468 -7.0899 -5.6999 10 -5.75 -6.375
2 24 6.9068 -9.1424 8 10 -8.3136 8
2 24 5.3468 -7.0899 -5.6999 10 -5.75 -6.375
2 24 6.4357 -6.5089 2.7124 10 -5.75 1.8875
2 24 6.9068 -19.8576 8 10 -20.6864 8
2 24 6.9068 -19.8576 -8 10 -20.6864 -8
2 24 6.7805 -7.4504 -8 10 -6.75 -8
2 24 6.9068 -9.1424 -8 10 -8.3136 -8
2 24 6.7805 -7.4504 -9.7392 10 -6.75 -10
2 24 6.7805 -7.4504 -8 10 -6.75 -8
2 24 -7.3205 -24 0 -10 -24 10
2 24 0 -24 -7.3205 10 -24 -10
2 24 2.25 -22.125 10 2.25 -22.125 8
2 24 2.25 -22.125 8 2.25 -0.375 8
2 24 2.25 -0.375 10 2.25 -0.375 8
2 24 17.75 -22.125 10 17.75 -22.125 8
2 24 17.75 -22.125 8 2.25 -22.125 8
2 24 2.25 -22.125 10 2.25 -22.125 8
2 24 1.0046 -21.375 -3.6829 1.0046 -21.375 10
2 24 1.25 -14.3473 6 1.25 -0.375 6
2 24 1.25 -0.375 6 1.25 -0.375 10
2 24 1.0046 -21.375 10 1.0046 -21.375 -3.6829
2 24 1.0046 -21.375 -3.6829 -4.1812 -21.375 1.8125
2 24 -6.375 -21.375 10 -4.1812 -21.375 1.8125
2 24 13.2195 -21.5497 -9.7392 16.5197 -18.69 -8.9075
2 24 16.5197 -18.69 -8.9075 17.75 -14.5 -8.4374
2 24 20 -24 -7.3205 27.3205 -24 0
2 24 24.1421 -5.25 -4.1421 20.3787 -5.25 -7.0963
2 24 17.75 -14.5 -8.4374 16.5197 -10.31 -8.9075
2 24 16.5197 -10.31 -8.9075 13.2195 -7.4504 -9.7392
2 24 10 -6.75 -10 13.2195 -7.4504 -9.7392
2 24 20.3787 -5.25 -7.0963 19.9705 0 -7.3375
2 24 10 0 -10 19.9705 0 -7.3375
2 24 24.1421 -5.25 -4.1421 27.0963 -5.25 -0.3787
2 24 27.3205 -24 0 30 -24 10
2 24 30 0 10 27.3375 0 0.0296
2 24 27.0963 -5.25 -0.3787 27.3375 0 0.0296
2 24 27.3205 -24 0 20 -24 -7.3205
2 24 30 0 10 27.3375 0 0.0296
2 24 24.9872 0 3.4028 25.8416 0 1.5255
2 24 27.3375 0 0.0296 25.8416 0 1.5255
2 24 24.9872 0 3.4028 26.375 0 10
2 24 25.994 -5.25 0.7235 25.8416 0 1.5255
2 24 25.994 -5.25 0.7235 27.0963 -5.25 -0.3787
2 24 25.8416 0 1.5255 27.3375 0 0.0296
2 24 27.0963 -5.25 -0.3787 27.3375 0 0.0296
2 24 25.8416 0 1.5255 25.994 -5.25 0.7235
2 24 25.8416 0 1.5255 24.9872 0 3.4028
2 24 24.9872 0 3.4028 24.9872 -5.25 3.4028
2 24 25.994 -5.25 0.7235 24.9872 -5.25 3.4028
2 24 27.0963 -5.25 -0.3787 24.1421 -5.25 -4.1421
2 24 27.0963 -5.25 -0.3787 25.994 -5.25 0.7235
2 24 25.994 -5.25 0.7235 24.9872 -5.25 3.4028
2 24 21.5789 -5.25 -1.5789 24.9872 -5.25 3.4028
2 24 21.5789 -5.25 -1.5789 16.5972 -5.25 -4.9872
2 24 16.5972 -5.25 -4.9872 19.2765 -5.25 -5.994
2 24 19.2765 -5.25 -5.994 20.3787 -5.25 -7.0963
2 24 24.1421 -5.25 -4.1421 20.3787 -5.25 -7.0963
2 24 21.5789 -5.25 -1.5789 16.5972 -5.25 -4.9872
2 24 17.2541 -9.6071 -4.6806 14.6532 -7.0899 -5.6999
2 24 17.2541 -9.6071 -4.6806 18.7447 -14.1946 -3.8445
2 24 24.1812 -21.375 1.8125 18.9954 -21.375 -3.6829
2 24 18.7447 -14.1946 -3.8445 18.9954 -21.375 -3.6829
2 24 21.5789 -5.25 -1.5789 24.9872 -5.25 3.4028
2 24 24.9872 -5.25 3.4028 24.9872 0 3.4028
2 24 26.375 0 10 24.9872 0 3.4028
2 24 24.1812 -21.375 1.8125 26.375 -21.375 10
2 24 15.9214 -0.375 8 15.9214 -5.25 8
2 24 15.9214 -0.375 8 17.75 -0.375 8
2 24 17.75 -22.125 8 17.75 -0.375 8
2 24 16.1864 -14.5 8 15.3576 -17.5932 8
2 24 15.3576 -17.5932 8 13.0932 -19.8576 8
2 24 10 -20.6864 8 13.0932 -19.8576 8
2 24 13.0932 -9.1424 8 15.3576 -11.4068 8
2 24 16.1864 -14.5 8 15.3576 -11.4068 8
2 24 18.4745 0 -5.8416 19.2765 -5.25 -5.994
2 24 18.4745 0 -5.8416 19.9705 0 -7.3375
2 24 19.9705 0 -7.3375 20.3787 -5.25 -7.0963
2 24 19.2765 -5.25 -5.994 20.3787 -5.25 -7.0963
2 24 17.0578 -0.375 6 18.75 -0.375 6
2 24 17.0578 -0.375 6 17.0578 -9.328 6
2 24 18.75 -0.375 6 18.75 -14.3473 6
2 24 17.0578 -9.328 6 18.75 -14.3473 6
2 24 18.4745 0 -5.8416 19.9705 0 -7.3375
2 24 18.4745 0 -5.8416 16.5972 0 -4.9872
2 24 10 0 -10 19.9705 0 -7.3375
2 24 10 0 -6.375 16.5972 0 -4.9872
2 24 19.2765 -5.25 -5.994 18.4745 0 -5.8416
2 24 19.2765 -5.25 -5.994 16.5972 -5.25 -4.9872
2 24 18.4745 0 -5.8416 16.5972 0 -4.9872
2 24 16.5972 -5.25 -4.9872 16.5972 0 -4.9872
2 24 17.0578 -9.328 6 13.5643 -6.5089 2.7124
2 24 17.2541 -9.6071 -4.6806 14.6532 -7.0899 -5.6999
2 24 17.2541 -9.6071 -4.6806 18.7447 -14.1946 -3.8445
2 24 17.0578 -9.328 6 18.75 -14.3473 6
2 24 18.7447 -14.1946 -3.8445 18.9954 -21.375 -3.6829
2 24 15.3576 -17.5932 -8 13.0932 -19.8576 -8
2 24 15.3576 -17.5932 8 13.0932 -19.8576 8
2 24 15.3576 -17.5932 8 16.1864 -14.5 8
2 24 15.3576 -17.5932 -8 16.1864 -14.5 -8
2 24 16.1864 -14.5 8 15.3576 -11.4068 8
2 24 16.1864 -14.5 -8 15.3576 -11.4068 -8
2 24 15.3576 -11.4068 8 13.0932 -9.1424 8
2 24 15.3576 -11.4068 -8 13.0932 -9.1424 -8
2 24 10 -8.3136 -8 13.0932 -9.1424 -8
2 24 10 -8.3136 8 13.0932 -9.1424 8
2 24 13.2195 -7.4504 -8 16.5197 -10.31 -8
2 24 13.0932 -9.1424 -8 15.3576 -11.4068 -8
2 24 16.5197 -10.31 -8 17.75 -14.5 -8
2 24 15.3576 -11.4068 -8 16.1864 -14.5 -8
2 24 17.75 -14.5 -8 16.5197 -18.69 -8
2 24 16.1864 -14.5 -8 15.3576 -17.5932 -8
2 24 15.3576 -17.5932 -8 13.0932 -19.8576 -8
2 24 16.5197 -18.69 -8 13.2195 -21.5497 -8
2 24 10 -22.1711 -8 13.2195 -21.5497 -8
2 24 10 -20.6864 -8 13.0932 -19.8576 -8
2 24 13.2195 -7.4504 -9.7392 16.5197 -10.31 -8.9075
2 24 13.2195 -7.4504 -8 16.5197 -10.31 -8
2 24 16.5197 -10.31 -8.9075 17.75 -14.5 -8.4374
2 24 16.5197 -10.31 -8 17.75 -14.5 -8
2 24 17.75 -14.5 -8.4374 16.5197 -18.69 -8.9075
2 24 17.75 -14.5 -8 16.5197 -18.69 -8
2 24 16.5197 -18.69 -8.9075 13.2195 -21.5497 -9.7392
2 24 16.5197 -18.69 -8 13.2195 -21.5497 -8
2 24 10 -22.25 -10 13.2195 -21.5497 -9.7392
2 24 10 -22.1711 -8 13.2195 -21.5497 -8
2 24 17.0578 -9.328 6 13.5643 -6.5089 2.7124
2 24 17.0578 -9.328 6 17.0578 -0.375 6
2 24 17.0578 -0.375 6 14.0843 -0.375 2.9906
2 24 10 -5.75 1.8875 13.5643 -6.5089 2.7124
2 24 10 -0.375 1.8875 14.0843 -0.375 2.9906
2 24 10 -22.25 -10 13.2195 -21.5497 -9.7392
2 24 10 -24 -10 20 -24 -7.3205
2 24 16.5972 -5.25 -4.9872 16.5972 0 -4.9872
2 24 10 0 -6.375 16.5972 0 -4.9872
2 24 10 -5.75 -6.375 14.6532 -7.0899 -5.6999
2 24 4.0786 -5.25 8 15.9214 -5.25 8
2 24 10 -8.3136 8 13.0932 -9.1424 8
2 24 10 -5.75 -6.375 14.6532 -7.0899 -5.6999
2 24 10 -5.75 1.8875 13.5643 -6.5089 2.7124
2 24 10 -20.6864 8 13.0932 -19.8576 8
2 24 10 -20.6864 -8 13.0932 -19.8576 -8
2 24 10 -6.75 -8 13.2195 -7.4504 -8
2 24 10 -8.3136 -8 13.0932 -9.1424 -8
2 24 10 -6.75 -10 13.2195 -7.4504 -9.7392
2 24 10 -6.75 -8 13.2195 -7.4504 -8
2 24 27.3205 -24 0 30 -24 10
2 24 10 -24 -10 20 -24 -7.3205
2 24 17.75 -0.375 10 17.75 -0.375 8
2 24 17.75 -0.375 8 17.75 -22.125 8
2 24 17.75 -22.125 10 17.75 -22.125 8
2 24 24.1812 -21.375 1.8125 18.9954 -21.375 -3.6829
2 24 26.375 -21.375 10 24.1812 -21.375 1.8125
2 24 18.75 -14.3473 6 18.75 -0.375 6
2 24 18.75 -0.375 6 18.75 -0.375 10
2 24 18.9954 -21.375 -3.6829 18.9954 -21.375 10
2 24 18.9954 -21.375 -3.6829 18.9954 -21.375 10
2 24 6.7805 -21.5497 29.7392 3.4803 -18.69 28.9075
2 24 3.4803 -18.69 28.9075 2.25 -14.5 28.4374
2 24 0 -24 27.3205 -7.3205 -24 20
2 24 -4.1421 -5.25 24.1421 -0.3787 -5.25 27.0963
2 24 2.25 -14.5 28.4374 3.4803 -10.31 28.9075
2 24 3.4803 -10.31 28.9075 6.7805 -7.4504 29.7392
2 24 6.7805 -7.4504 29.7392 10 -6.75 30
2 24 -0.3787 -5.25 27.0963 0.0296 0 27.3375
2 24 10 0 30 0.0296 0 27.3375
2 24 -4.1421 -5.25 24.1421 -7.0962 -5.25 20.3787
2 24 -10 -24 10 -7.3205 -24 20
2 24 -10 0 10 -7.3375 0 19.9704
2 24 -7.0962 -5.25 20.3787 -7.3375 0 19.9704
2 24 -7.3205 -24 20 0 -24 27.3205
2 24 -10 0 10 -7.3375 0 19.9704
2 24 -4.9872 0 16.5972 -5.8416 0 18.4745
2 24 -7.3375 0 19.9704 -5.8416 0 18.4745
2 24 -6.375 0 10 -4.9872 0 16.5972
2 24 -5.994 -5.25 19.2765 -5.8416 0 18.4745
2 24 -5.994 -5.25 19.2765 -7.0962 -5.25 20.3787
2 24 -5.8416 0 18.4745 -7.3375 0 19.9704
2 24 -7.0962 -5.25 20.3787 -7.3375 0 19.9704
2 24 -5.8416 0 18.4745 -5.994 -5.25 19.2765
2 24 -5.8416 0 18.4745 -4.9872 0 16.5972
2 24 -4.9872 0 16.5972 -4.9872 -5.25 16.5972
2 24 -5.994 -5.25 19.2765 -4.9872 -5.25 16.5972
2 24 -7.0962 -5.25 20.3787 -4.1421 -5.25 24.1421
2 24 -7.0962 -5.25 20.3787 -5.994 -5.25 19.2765
2 24 -5.994 -5.25 19.2765 -4.9872 -5.25 16.5972
2 24 -1.5789 -5.25 21.5789 -4.9872 -5.25 16.5972
2 24 -1.5789 -5.25 21.5789 3.4028 -5.25 24.9872
2 24 3.4028 -5.25 24.9872 0.7235 -5.25 25.994
2 24 0.7235 -5.25 25.994 -0.3787 -5.25 27.0963
2 24 -4.1421 -5.25 24.1421 -0.3787 -5.25 27.0963
2 24 -1.5789 -5.25 21.5789 3.4028 -5.25 24.9872
2 24 2.7459 -9.6071 24.6806 5.3468 -7.0899 25.6999
2 24 2.7459 -9.6071 24.6806 1.2553 -14.1946 23.8445
2 24 -4.1812 -21.375 18.1875 1.0046 -21.375 23.6829
2 24 1.2553 -14.1946 23.8445 1.0046 -21.375 23.6829
2 24 -1.5789 -5.25 21.5789 -4.9872 -5.25 16.5972
2 24 -4.9872 -5.25 16.5972 -4.9872 0 16.5972
2 24 -6.375 0 10 -4.9872 0 16.5972
2 24 -6.375 -21.375 10 -4.1812 -21.375 18.1875
2 24 4.0786 -0.375 12 4.0786 -5.25 12
2 24 4.0786 -0.375 12 2.25 -0.375 12
2 24 2.25 -0.375 12 2.25 -22.125 12
2 24 3.8136 -14.5 12 4.6424 -17.5932 12
2 24 4.6424 -17.5932 12 6.9068 -19.8576 12
2 24 2.25 -22.125 12 17.75 -22.125 12
2 24 6.9068 -19.8576 12 10 -20.6864 12
2 24 6.9068 -9.1424 12 4.6424 -11.4068 12
2 24 3.8136 -14.5 12 4.6424 -11.4068 12
2 24 1.5255 0 25.8416 0.7235 -5.25 25.994
2 24 1.5255 0 25.8416 0.0296 0 27.3375
2 24 0.0296 0 27.3375 -0.3787 -5.25 27.0963
2 24 0.7235 -5.25 25.994 -0.3787 -5.25 27.0963
2 24 2.9422 -0.375 14 1.25 -0.375 14
2 24 2.9422 -0.375 14 2.9422 -9.328 14
2 24 1.25 -0.375 14 1.25 -14.3473 14
2 24 2.9422 -9.328 14 1.25 -14.3473 14
2 24 1.5255 0 25.8416 0.0296 0 27.3375
2 24 1.5255 0 25.8416 3.4028 0 24.9872
2 24 0.0296 0 27.3375 10 0 30
2 24 3.4028 0 24.9872 10 0 26.375
2 24 0.7235 -5.25 25.994 1.5255 0 25.8416
2 24 0.7235 -5.25 25.994 3.4028 -5.25 24.9872
2 24 1.5255 0 25.8416 3.4028 0 24.9872
2 24 3.4028 -5.25 24.9872 3.4028 0 24.9872
2 24 2.9422 -9.328 14 6.4357 -6.5089 17.2876
2 24 2.7459 -9.6071 24.6806 5.3468 -7.0899 25.6999
2 24 2.7459 -9.6071 24.6806 1.2553 -14.1946 23.8445
2 24 2.9422 -9.328 14 1.25 -14.3473 14
2 24 1.2553 -14.1946 23.8445 1.0046 -21.375 23.6829
2 24 4.6424 -17.5932 28 6.9068 -19.8576 28
2 24 4.6424 -17.5932 12 6.9068 -19.8576 12
2 24 4.6424 -17.5932 12 3.8136 -14.5 12
2 24 4.6424 -17.5932 28 3.8136 -14.5 28
2 24 3.8136 -14.5 12 4.6424 -11.4068 12
2 24 3.8136 -14.5 28 4.6424 -11.4068 28
2 24 4.6424 -11.4068 12 6.9068 -9.1424 12
2 24 4.6424 -11.4068 28 6.9068 -9.1424 28
2 24 6.9068 -9.1424 28 10 -8.3136 28
2 24 6.9068 -9.1424 12 10 -8.3136 12
2 24 6.7805 -7.4504 28 3.4803 -10.31 28
2 24 6.9068 -9.1424 28 4.6424 -11.4068 28
2 24 3.4803 -10.31 28 2.25 -14.5 28
2 24 4.6424 -11.4068 28 3.8136 -14.5 28
2 24 2.25 -14.5 28 3.4803 -18.69 28
2 24 3.8136 -14.5 28 4.6424 -17.5932 28
2 24 4.6424 -17.5932 28 6.9068 -19.8576 28
2 24 3.4803 -18.69 28 6.7805 -21.5497 28
2 24 6.7805 -21.5497 28 10 -22.1711 28
2 24 6.9068 -19.8576 28 10 -20.6864 28
2 24 6.7805 -7.4504 29.7392 3.4803 -10.31 28.9075
2 24 6.7805 -7.4504 28 3.4803 -10.31 28
2 24 3.4803 -10.31 28.9075 2.25 -14.5 28.4374
2 24 3.4803 -10.31 28 2.25 -14.5 28
2 24 2.25 -14.5 28.4374 3.4803 -18.69 28.9075
2 24 2.25 -14.5 28 3.4803 -18.69 28
2 24 3.4803 -18.69 28.9075 6.7805 -21.5497 29.7392
2 24 3.4803 -18.69 28 6.7805 -21.5497 28
2 24 6.7805 -21.5497 29.7392 10 -22.25 30
2 24 6.7805 -21.5497 28 10 -22.1711 28
2 24 2.9422 -9.328 14 6.4357 -6.5089 17.2876
2 24 2.9422 -9.328 14 2.9422 -0.375 14
2 24 2.9422 -0.375 14 5.9157 -0.375 17.0094
2 24 6.4357 -6.5089 17.2876 10 -5.75 18.1125
2 24 5.9157 -0.375 17.0094 10 -0.375 18.1125
2 24 6.7805 -21.5497 29.7392 10 -22.25 30
2 24 0 -24 27.3205 10 -24 30
2 24 3.4028 -5.25 24.9872 3.4028 0 24.9872
2 24 3.4028 0 24.9872 10 0 26.375
2 24 5.3468 -7.0899 25.6999 10 -5.75 26.375
2 24 6.9068 -9.1424 12 10 -8.3136 12
2 24 5.3468 -7.0899 25.6999 10 -5.75 26.375
2 24 6.4357 -6.5089 17.2876 10 -5.75 18.1125
2 24 6.9068 -19.8576 12 10 -20.6864 12
2 24 6.9068 -19.8576 28 10 -20.6864 28
2 24 6.7805 -7.4504 28 10 -6.75 28
2 24 6.9068 -9.1424 28 10 -8.3136 28
2 24 6.7805 -7.4504 29.7392 10 -6.75 30
2 24 6.7805 -7.4504 28 10 -6.75 28
2 24 -10 -24 10 -7.3205 -24 20
2 24 0 -24 27.3205 10 -24 30
2 24 2.25 -22.125 10 2.25 -22.125 12
2 24 2.25 -0.375 10 2.25 -0.375 12
2 24 2.25 -22.125 12 2.25 -0.375 12
2 24 17.75 -22.125 10 17.75 -22.125 12
2 24 2.25 -22.125 10 2.25 -22.125 12
2 24 17.75 -22.125 12 2.25 -22.125 12
2 24 1.0046 -21.375 10 1.0046 -21.375 23.6829
2 24 1.25 -14.3473 14 1.25 -0.375 14
2 24 1.25 -0.375 10 1.25 -0.375 14
2 24 1.0046 -21.375 10 1.0046 -21.375 23.6829
2 24 1.0046 -21.375 23.6829 -4.1812 -21.375 18.1875
2 24 -6.375 -21.375 10 -4.1812 -21.375 18.1875
2 24 16.5197 -18.69 28.9075 13.2195 -21.5497 29.7392
2 24 16.5197 -18.69 28.9075 17.75 -14.5 28.4374
2 24 20 -24 27.3205 27.3205 -24 20
2 24 24.1421 -5.25 24.1421 20.3787 -5.25 27.0963
2 24 17.75 -14.5 28.4374 16.5197 -10.31 28.9075
2 24 16.5197 -10.31 28.9075 13.2195 -7.4504 29.7392
2 24 10 -6.75 30 13.2195 -7.4504 29.7392
2 24 10 0 30 19.9705 0 27.3375
2 24 20.3787 -5.25 27.0963 19.9705 0 27.3375
2 24 24.1421 -5.25 24.1421 27.0963 -5.25 20.3787
2 24 30 -24 10 27.3205 -24 20
2 24 27.0963 -5.25 20.3787 27.3375 0 19.9704
2 24 30 0 10 27.3375 0 19.9704
2 24 27.3205 -24 20 20 -24 27.3205
2 24 30 0 10 27.3375 0 19.9704
2 24 24.9872 0 16.5972 25.8416 0 18.4745
2 24 27.3375 0 19.9704 25.8416 0 18.4745
2 24 26.375 0 10 24.9872 0 16.5972
2 24 25.994 -5.25 19.2765 27.0963 -5.25 20.3787
2 24 25.994 -5.25 19.2765 25.8416 0 18.4745
2 24 25.8416 0 18.4745 27.3375 0 19.9704
2 24 27.0963 -5.25 20.3787 27.3375 0 19.9704
2 24 25.8416 0 18.4745 24.9872 0 16.5972
2 24 25.8416 0 18.4745 25.994 -5.25 19.2765
2 24 25.994 -5.25 19.2765 24.9872 -5.25 16.5972
2 24 24.9872 0 16.5972 24.9872 -5.25 16.5972
2 24 27.0963 -5.25 20.3787 25.994 -5.25 19.2765
2 24 27.0963 -5.25 20.3787 24.1421 -5.25 24.1421
2 24 21.5789 -5.25 21.5789 24.9872 -5.25 16.5972
2 24 25.994 -5.25 19.2765 24.9872 -5.25 16.5972
2 24 16.5972 -5.25 24.9872 19.2765 -5.25 25.994
2 24 21.5789 -5.25 21.5789 16.5972 -5.25 24.9872
2 24 19.2765 -5.25 25.994 20.3787 -5.25 27.0963
2 24 24.1421 -5.25 24.1421 20.3787 -5.25 27.0963
2 24 21.5789 -5.25 21.5789 16.5972 -5.25 24.9872
2 24 17.2541 -9.6071 24.6806 14.6532 -7.0899 25.6999
2 24 17.2541 -9.6071 24.6806 18.7447 -14.1946 23.8445
2 24 24.1812 -21.375 18.1875 18.9954 -21.375 23.6829
2 24 18.7447 -14.1946 23.8445 18.9954 -21.375 23.6829
2 24 21.5789 -5.25 21.5789 24.9872 -5.25 16.5972
2 24 24.9872 -5.25 16.5972 24.9872 0 16.5972
2 24 26.375 0 10 24.9872 0 16.5972
2 24 26.375 -21.375 10 24.1812 -21.375 18.1875
2 24 15.9214 -0.375 12 17.75 -0.375 12
2 24 15.9214 -0.375 12 15.9214 -5.25 12
2 24 17.75 -22.125 12 17.75 -0.375 12
2 24 16.1864 -14.5 12 15.3576 -17.5932 12
2 24 15.3576 -17.5932 12 13.0932 -19.8576 12
2 24 10 -20.6864 12 13.0932 -19.8576 12
2 24 15.3576 -11.4068 12 13.0932 -9.1424 12
2 24 16.1864 -14.5 12 15.3576 -11.4068 12
2 24 18.4745 0 25.8416 19.9705 0 27.3375
2 24 18.4745 0 25.8416 19.2765 -5.25 25.994
2 24 19.9705 0 27.3375 20.3787 -5.25 27.0963
2 24 19.2765 -5.25 25.994 20.3787 -5.25 27.0963
2 24 17.0578 -0.375 14 17.0578 -9.328 14
2 24 17.0578 -0.375 14 18.75 -0.375 14
2 24 18.75 -0.375 14 18.75 -14.3473 14
2 24 17.0578 -9.328 14 18.75 -14.3473 14
2 24 18.4745 0 25.8416 16.5972 0 24.9872
2 24 18.4745 0 25.8416 19.9705 0 27.3375
2 24 10 0 30 19.9705 0 27.3375
2 24 10 0 26.375 16.5972 0 24.9872
2 24 19.2765 -5.25 25.994 16.5972 -5.25 24.9872
2 24 19.2765 -5.25 25.994 18.4745 0 25.8416
2 24 18.4745 0 25.8416 16.5972 0 24.9872
2 24 16.5972 -5.25 24.9872 16.5972 0 24.9872
2 24 17.0578 -9.328 14 13.5643 -6.5089 17.2876
2 24 17.2541 -9.6071 24.6806 14.6532 -7.0899 25.6999
2 24 17.2541 -9.6071 24.6806 18.7447 -14.1946 23.8445
2 24 17.0578 -9.328 14 18.75 -14.3473 14
2 24 18.7447 -14.1946 23.8445 18.9954 -21.375 23.6829
2 24 15.3576 -17.5932 28 13.0932 -19.8576 28
2 24 15.3576 -17.5932 12 13.0932 -19.8576 12
2 24 15.3576 -17.5932 12 16.1864 -14.5 12
2 24 15.3576 -17.5932 28 16.1864 -14.5 28
2 24 16.1864 -14.5 12 15.3576 -11.4068 12
2 24 16.1864 -14.5 28 15.3576 -11.4068 28
2 24 15.3576 -11.4068 12 13.0932 -9.1424 12
2 24 15.3576 -11.4068 28 13.0932 -9.1424 28
2 24 10 -8.3136 28 13.0932 -9.1424 28
2 24 10 -8.3136 12 13.0932 -9.1424 12
2 24 13.2195 -7.4504 28 16.5197 -10.31 28
2 24 13.0932 -9.1424 28 15.3576 -11.4068 28
2 24 16.5197 -10.31 28 17.75 -14.5 28
2 24 15.3576 -11.4068 28 16.1864 -14.5 28
2 24 17.75 -14.5 28 16.5197 -18.69 28
2 24 16.1864 -14.5 28 15.3576 -17.5932 28
2 24 15.3576 -17.5932 28 13.0932 -19.8576 28
2 24 16.5197 -18.69 28 13.2195 -21.5497 28
2 24 10 -22.1711 28 13.2195 -21.5497 28
2 24 10 -20.6864 28 13.0932 -19.8576 28
2 24 13.2195 -7.4504 29.7392 16.5197 -10.31 28.9075
2 24 13.2195 -7.4504 28 16.5197 -10.31 28
2 24 16.5197 -10.31 28.9075 17.75 -14.5 28.4374
2 24 16.5197 -10.31 28 17.75 -14.5 28
2 24 17.75 -14.5 28.4374 16.5197 -18.69 28.9075
2 24 17.75 -14.5 28 16.5197 -18.69 28
2 24 16.5197 -18.69 28.9075 13.2195 -21.5497 29.7392
2 24 16.5197 -18.69 28 13.2195 -21.5497 28
2 24 10 -22.25 30 13.2195 -21.5497 29.7392
2 24 10 -22.1711 28 13.2195 -21.5497 28
2 24 17.0578 -9.328 14 17.0578 -0.375 14
2 24 17.0578 -9.328 14 13.5643 -6.5089 17.2876
2 24 17.0578 -0.375 14 14.0843 -0.375 17.0094
2 24 10 -5.75 18.1125 13.5643 -6.5089 17.2876
2 24 10 -0.375 18.1125 14.0843 -0.375 17.0094
2 24 10 -22.25 30 13.2195 -21.5497 29.7392
2 24 10 -24 30 20 -24 27.3205
2 24 16.5972 -5.25 24.9872 16.5972 0 24.9872
2 24 10 0 26.375 16.5972 0 24.9872
2 24 10 -5.75 26.375 14.6532 -7.0899 25.6999
2 24 4.0786 -5.25 12 15.9214 -5.25 12
2 24 10 -8.3136 12 13.0932 -9.1424 12
2 24 10 -5.75 26.375 14.6532 -7.0899 25.6999
2 24 10 -5.75 18.1125 13.5643 -6.5089 17.2876
2 24 10 -20.6864 12 13.0932 -19.8576 12
2 24 10 -20.6864 28 13.0932 -19.8576 28
2 24 10 -6.75 28 13.2195 -7.4504 28
2 24 10 -8.3136 28 13.0932 -9.1424 28
2 24 10 -6.75 30 13.2195 -7.4504 29.7392
2 24 10 -6.75 28 13.2195 -7.4504 28
2 24 30 -24 10 27.3205 -24 20
2 24 10 -24 30 20 -24 27.3205
2 24 17.75 -0.375 10 17.75 -0.375 12
2 24 17.75 -22.125 10 17.75 -22.125 12
2 24 17.75 -0.375 12 17.75 -22.125 12
2 24 18.9954 -21.375 23.6829 24.1812 -21.375 18.1875
2 24 26.375 -21.375 10 24.1812 -21.375 18.1875
2 24 18.75 -14.3473 14 18.75 -0.375 14
2 24 18.75 -0.375 10 18.75 -0.375 14
2 24 18.9954 -21.375 10 18.9954 -21.375 23.6829
2 24 18.9954 -21.375 10 18.9954 -21.375 23.6829
2 24 25.7836 -28.45 21.5133 25.7836 -24 21.5133
2 24 25.7836 -28.45 21.5133 21.5133 -28.45 25.7835
2 24 25.7836 -24 21.5133 21.5133 -24 25.7835
2 24 21.5133 -28.45 25.7835 21.5133 -24 25.7835
2 24 16.874 -24 25.4144 14.5856 -24 23.126
2 24 16.874 -28.45 25.4144 14.5856 -28.45 23.126
2 24 14.5856 -24 23.126 13.748 -24 20
2 24 14.5856 -28.45 23.126 13.748 -28.45 20
2 24 13.748 -24 20 14.5856 -24 16.874
2 24 13.748 -28.45 20 14.5856 -28.45 16.874
2 24 14.5856 -24 16.874 16.874 -24 14.5856
2 24 14.5856 -28.45 16.874 16.874 -28.45 14.5856
2 24 16.874 -24 14.5856 20 -24 13.748
2 24 16.874 -28.45 14.5856 20 -28.45 13.748
2 24 20 -24 13.748 23.126 -24 14.5856
2 24 20 -28.45 13.748 23.126 -28.45 14.5856
2 24 23.126 -24 14.5856 25.4144 -24 16.874
2 24 23.126 -28.45 14.5856 25.4144 -28.45 16.874
2 24 25.4144 -24 16.874 26.252 -24 20
2 24 25.4144 -28.45 16.874 26.252 -28.45 20
2 24 16.874 -24 25.4144 20 -24 26.252
2 24 16.874 -28.45 25.4144 20 -28.45 26.252
2 24 16.874 -28.45 25.4144 14.5856 -28.45 23.126
2 24 17.9623 -28.45 23.5295 16.4705 -28.45 22.0377
2 24 14.5856 -28.45 23.126 13.748 -28.45 20
2 24 16.4705 -28.45 22.0377 15.9245 -28.45 20
2 24 13.748 -28.45 20 14.5856 -28.45 16.874
2 24 15.9245 -28.45 20 16.4705 -28.45 17.9623
2 24 14.5856 -28.45 16.874 16.874 -28.45 14.5856
2 24 16.4705 -28.45 17.9623 17.9623 -28.45 16.4705
2 24 16.874 -28.45 14.5856 20 -28.45 13.748
2 24 17.9623 -28.45 16.4705 20 -28.45 15.9245
2 24 20 -28.45 13.748 23.126 -28.45 14.5856
2 24 20 -28.45 15.9245 22.0378 -28.45 16.4705
2 24 23.126 -28.45 14.5856 25.4144 -28.45 16.874
2 24 22.0378 -28.45 16.4705 23.5295 -28.45 17.9623
2 24 25.4144 -28.45 16.874 26.252 -28.45 20
2 24 23.5295 -28.45 17.9623 24.0755 -28.45 20
2 24 23.5295 -28.45 22.0378 22.0377 -28.45 23.5295
2 24 25.7836 -28.45 21.5133 21.5133 -28.45 25.7835
2 24 21.5133 -28.45 25.7835 20 -28.45 26.252
2 24 22.0377 -28.45 23.5295 20 -28.45 24.0755
2 24 16.874 -28.45 25.4144 20 -28.45 26.252
2 24 17.9623 -28.45 23.5295 20 -28.45 24.0755
2 24 17.9623 -28.45 23.5295 16.4705 -28.45 22.0377
2 24 17.9623 -24 23.5295 16.4705 -24 22.0377
2 24 16.4705 -28.45 22.0377 15.9245 -28.45 20
2 24 16.4705 -24 22.0377 15.9245 -24 20
2 24 15.9245 -28.45 20 16.4705 -28.45 17.9623
2 24 15.9245 -24 20 16.4705 -24 17.9623
2 24 16.4705 -28.45 17.9623 17.9623 -28.45 16.4705
2 24 16.4705 -24 17.9623 17.9623 -24 16.4705
2 24 17.9623 -28.45 16.4705 20 -28.45 15.9245
2 24 17.9623 -24 16.4705 20 -24 15.9245
2 24 20 -28.45 15.9245 22.0378 -28.45 16.4705
2 24 20 -24 15.9245 22.0378 -24 16.4705
2 24 22.0378 -28.45 16.4705 23.5295 -28.45 17.9623
2 24 22.0378 -24 16.4705 23.5295 -24 17.9623
2 24 23.5295 -28.45 17.9623 24.0755 -28.45 20
2 24 23.5295 -24 17.9623 24.0755 -24 20
2 24 22.0377 -24 23.5295 23.5295 -24 22.0378
2 24 22.0377 -28.45 23.5295 23.5295 -28.45 22.0378
2 24 22.0377 -28.45 23.5295 20 -28.45 24.0755
2 24 22.0377 -24 23.5295 20 -24 24.0755
2 24 17.9623 -28.45 23.5295 20 -28.45 24.0755
2 24 17.9623 -24 23.5295 20 -24 24.0755
2 24 24.0755 -28.45 20 23.5295 -28.45 22.0378
2 24 24.0755 -24 20 23.5295 -24 22.0378
2 24 26.252 -28.45 20 25.7836 -28.45 21.5133
2 24 24.0755 -28.45 20 23.5295 -28.45 22.0378
2 24 26.252 -24 20 25.7836 -24 21.5133
2 24 25.7836 -24 21.5133 25.7836 -28.45 21.5133
2 24 26.252 -28.45 20 25.7836 -28.45 21.5133
2 24 21.5133 -28.45 25.7835 21.5133 -24 25.7835
2 24 20 -28.45 26.252 21.5133 -28.45 25.7835
2 24 20 -24 26.252 21.5133 -24 25.7835
2 24 -1.5133 -28.45 25.7836 -1.5133 -24 25.7836
2 24 -1.5133 -28.45 25.7836 -5.7835 -28.45 21.5133
2 24 -1.5133 -24 25.7836 -5.7835 -24 21.5133
2 24 -5.7835 -28.45 21.5133 -5.7835 -24 21.5133
2 24 -5.4144 -24 16.874 -3.126 -24 14.5856
2 24 -5.4144 -28.45 16.874 -3.126 -28.45 14.5856
2 24 -3.126 -24 14.5856 0 -24 13.748
2 24 -3.126 -28.45 14.5856 0 -28.45 13.748
2 24 0 -24 13.748 3.126 -24 14.5856
2 24 0 -28.45 13.748 3.126 -28.45 14.5856
2 24 3.126 -24 14.5856 5.4144 -24 16.874
2 24 3.126 -28.45 14.5856 5.4144 -28.45 16.874
2 24 5.4144 -24 16.874 6.252 -24 20
2 24 5.4144 -28.45 16.874 6.252 -28.45 20
2 24 6.252 -24 20 5.4144 -24 23.126
2 24 6.252 -28.45 20 5.4144 -28.45 23.126
2 24 5.4144 -24 23.126 3.126 -24 25.4144
2 24 5.4144 -28.45 23.126 3.126 -28.45 25.4144
2 24 3.126 -24 25.4144 0 -24 26.252
2 24 3.126 -28.45 25.4144 0 -28.45 26.252
2 24 -5.4144 -24 16.874 -6.252 -24 20
2 24 -5.4144 -28.45 16.874 -6.252 -28.45 20
2 24 -5.4144 -28.45 16.874 -3.126 -28.45 14.5856
2 24 -3.5295 -28.45 17.9623 -2.0377 -28.45 16.4705
2 24 -3.126 -28.45 14.5856 0 -28.45 13.748
2 24 -2.0377 -28.45 16.4705 0 -28.45 15.9245
2 24 0 -28.45 13.748 3.126 -28.45 14.5856
2 24 0 -28.45 15.9245 2.0378 -28.45 16.4705
2 24 3.126 -28.45 14.5856 5.4144 -28.45 16.874
2 24 2.0378 -28.45 16.4705 3.5295 -28.45 17.9623
2 24 5.4144 -28.45 16.874 6.252 -28.45 20
2 24 3.5295 -28.45 17.9623 4.0755 -28.45 20
2 24 6.252 -28.45 20 5.4144 -28.45 23.126
2 24 4.0755 -28.45 20 3.5295 -28.45 22.0378
2 24 5.4144 -28.45 23.126 3.126 -28.45 25.4144
2 24 3.5295 -28.45 22.0378 2.0378 -28.45 23.5295
2 24 3.126 -28.45 25.4144 0 -28.45 26.252
2 24 2.0378 -28.45 23.5295 0 -28.45 24.0755
2 24 -2.0378 -28.45 23.5295 -3.5295 -28.45 22.0378
2 24 -1.5133 -28.45 25.7836 -5.7835 -28.45 21.5133
2 24 -5.7835 -28.45 21.5133 -6.252 -28.45 20
2 24 -3.5295 -28.45 22.0378 -4.0755 -28.45 20
2 24 -5.4144 -28.45 16.874 -6.252 -28.45 20
2 24 -3.5295 -28.45 17.9623 -4.0755 -28.45 20
2 24 -3.5295 -28.45 17.9623 -2.0377 -28.45 16.4705
2 24 -3.5295 -24 17.9623 -2.0377 -24 16.4705
2 24 -2.0377 -28.45 16.4705 0 -28.45 15.9245
2 24 -2.0377 -24 16.4705 0 -24 15.9245
2 24 0 -28.45 15.9245 2.0378 -28.45 16.4705
2 24 0 -24 15.9245 2.0378 -24 16.4705
2 24 2.0378 -28.45 16.4705 3.5295 -28.45 17.9623
2 24 2.0378 -24 16.4705 3.5295 -24 17.9623
2 24 3.5295 -28.45 17.9623 4.0755 -28.45 20
2 24 3.5295 -24 17.9623 4.0755 -24 20
2 24 4.0755 -28.45 20 3.5295 -28.45 22.0378
2 24 4.0755 -24 20 3.5295 -24 22.0378
2 24 3.5295 -28.45 22.0378 2.0378 -28.45 23.5295
2 24 3.5295 -24 22.0378 2.0378 -24 23.5295
2 24 2.0378 -28.45 23.5295 0 -28.45 24.0755
2 24 2.0378 -24 23.5295 0 -24 24.0755
2 24 -3.5295 -24 22.0378 -2.0378 -24 23.5295
2 24 -3.5295 -28.45 22.0378 -2.0378 -28.45 23.5295
2 24 -3.5295 -28.45 22.0378 -4.0755 -28.45 20
2 24 -3.5295 -24 22.0378 -4.0755 -24 20
2 24 -3.5295 -28.45 17.9623 -4.0755 -28.45 20
2 24 -3.5295 -24 17.9623 -4.0755 -24 20
2 24 0 -28.45 24.0755 -2.0378 -28.45 23.5295
2 24 0 -24 24.0755 -2.0378 -24 23.5295
2 24 0 -28.45 26.252 -1.5133 -28.45 25.7836
2 24 0 -28.45 24.0755 -2.0378 -28.45 23.5295
2 24 0 -24 26.252 -1.5133 -24 25.7836
2 24 -1.5133 -24 25.7836 -1.5133 -28.45 25.7836
2 24 0 -28.45 26.252 -1.5133 -28.45 25.7836
2 24 -5.7835 -28.45 21.5133 -5.7835 -24 21.5133
2 24 -6.252 -28.45 20 -5.7835 -28.45 21.5133
2 24 -6.252 -24 20 -5.7835 -24 21.5133
2 24 21.5133 -28.45 -5.7836 21.5133 -24 -5.7836
2 24 21.5133 -28.45 -5.7836 25.7835 -28.45 -1.5133
2 24 21.5133 -24 -5.7836 25.7835 -24 -1.5133
2 24 25.7835 -28.45 -1.5133 25.7835 -24 -1.5133
2 24 25.4144 -24 3.126 23.126 -24 5.4144
2 24 25.4144 -28.45 3.126 23.126 -28.45 5.4144
2 24 23.126 -24 5.4144 20 -24 6.252
2 24 23.126 -28.45 5.4144 20 -28.45 6.252
2 24 20 -24 6.252 16.874 -24 5.4144
2 24 20 -28.45 6.252 16.874 -28.45 5.4144
2 24 16.874 -24 5.4144 14.5856 -24 3.126
2 24 16.874 -28.45 5.4144 14.5856 -28.45 3.126
2 24 14.5856 -24 3.126 13.748 -24 0
2 24 14.5856 -28.45 3.126 13.748 -28.45 0
2 24 13.748 -24 0 14.5856 -24 -3.126
2 24 13.748 -28.45 0 14.5856 -28.45 -3.126
2 24 14.5856 -24 -3.126 16.874 -24 -5.4144
2 24 14.5856 -28.45 -3.126 16.874 -28.45 -5.4144
2 24 16.874 -24 -5.4144 20 -24 -6.252
2 24 16.874 -28.45 -5.4144 20 -28.45 -6.252
2 24 25.4144 -24 3.126 26.252 -24 0
2 24 25.4144 -28.45 3.126 26.252 -28.45 0
2 24 25.4144 -28.45 3.126 23.126 -28.45 5.4144
2 24 23.5295 -28.45 2.0378 22.0377 -28.45 3.5295
2 24 23.126 -28.45 5.4144 20 -28.45 6.252
2 24 22.0377 -28.45 3.5295 20 -28.45 4.0755
2 24 20 -28.45 6.252 16.874 -28.45 5.4144
2 24 20 -28.45 4.0755 17.9623 -28.45 3.5295
2 24 16.874 -28.45 5.4144 14.5856 -28.45 3.126
2 24 17.9623 -28.45 3.5295 16.4705 -28.45 2.0378
2 24 14.5856 -28.45 3.126 13.748 -28.45 0
2 24 16.4705 -28.45 2.0378 15.9245 -28.45 0
2 24 13.748 -28.45 0 14.5856 -28.45 -3.126
2 24 15.9245 -28.45 0 16.4705 -28.45 -2.0378
2 24 14.5856 -28.45 -3.126 16.874 -28.45 -5.4144
2 24 16.4705 -28.45 -2.0378 17.9623 -28.45 -3.5295
2 24 16.874 -28.45 -5.4144 20 -28.45 -6.252
2 24 17.9623 -28.45 -3.5295 20 -28.45 -4.0755
2 24 22.0377 -28.45 -3.5295 23.5295 -28.45 -2.0378
2 24 21.5133 -28.45 -5.7836 25.7835 -28.45 -1.5133
2 24 25.7835 -28.45 -1.5133 26.252 -28.45 0
2 24 23.5295 -28.45 -2.0378 24.0755 -28.45 0
2 24 25.4144 -28.45 3.126 26.252 -28.45 0
2 24 23.5295 -28.45 2.0378 24.0755 -28.45 0
2 24 23.5295 -28.45 2.0378 22.0377 -28.45 3.5295
2 24 23.5295 -24 2.0378 22.0377 -24 3.5295
2 24 22.0377 -28.45 3.5295 20 -28.45 4.0755
2 24 22.0377 -24 3.5295 20 -24 4.0755
2 24 20 -28.45 4.0755 17.9623 -28.45 3.5295
2 24 20 -24 4.0755 17.9623 -24 3.5295
2 24 17.9623 -28.45 3.5295 16.4705 -28.45 2.0378
2 24 17.9623 -24 3.5295 16.4705 -24 2.0378
2 24 16.4705 -28.45 2.0378 15.9245 -28.45 0
2 24 16.4705 -24 2.0378 15.9245 -24 0
2 24 15.9245 -28.45 0 16.4705 -28.45 -2.0378
2 24 15.9245 -24 0 16.4705 -24 -2.0378
2 24 16.4705 -28.45 -2.0378 17.9623 -28.45 -3.5295
2 24 16.4705 -24 -2.0378 17.9623 -24 -3.5295
2 24 17.9623 -28.45 -3.5295 20 -28.45 -4.0755
2 24 17.9623 -24 -3.5295 20 -24 -4.0755
2 24 23.5295 -24 -2.0378 22.0377 -24 -3.5295
2 24 23.5295 -28.45 -2.0378 22.0377 -28.45 -3.5295
2 24 23.5295 -28.45 -2.0378 24.0755 -28.45 0
2 24 23.5295 -24 -2.0378 24.0755 -24 0
2 24 23.5295 -28.45 2.0378 24.0755 -28.45 0
2 24 23.5295 -24 2.0378 24.0755 -24 0
2 24 20 -28.45 -4.0755 22.0377 -28.45 -3.5295
2 24 20 -24 -4.0755 22.0377 -24 -3.5295
2 24 20 -28.45 -6.252 21.5133 -28.45 -5.7836
2 24 20 -28.45 -4.0755 22.0377 -28.45 -3.5295
2 24 20 -24 -6.252 21.5133 -24 -5.7836
2 24 21.5133 -24 -5.7836 21.5133 -28.45 -5.7836
2 24 20 -28.45 -6.252 21.5133 -28.45 -5.7836
2 24 25.7835 -28.45 -1.5133 25.7835 -24 -1.5133
2 24 26.252 -28.45 0 25.7835 -28.45 -1.5133
2 24 26.252 -24 0 25.7835 -24 -1.5133
2 24 -5.7836 -24 -1.5133 -1.563 -24 -5.7835
2 24 -5.7836 -24 -1.5133 -5.7836 -28.45 -1.5133
2 24 -1.563 -24 -5.7835 -1.5133 -28.45 -5.7835
2 24 -5.7836 -28.45 -1.5133 -1.5133 -28.45 -5.7835
2 24 3.126 -24 -5.4144 5.4144 -24 -3.126
2 24 3.126 -28.45 -5.4144 5.4144 -28.45 -3.126
2 24 5.4144 -24 -3.126 6.252 -24 0
2 24 5.4144 -28.45 -3.126 6.252 -28.45 0
2 24 6.252 -24 0 5.4144 -24 3.126
2 24 6.252 -28.45 0 5.4144 -28.45 3.126
2 24 5.4144 -24 3.126 3.126 -24 5.4144
2 24 5.4144 -28.45 3.126 3.126 -28.45 5.4144
2 24 3.126 -24 5.4144 0 -24 6.252
2 24 3.126 -28.45 5.4144 0 -28.45 6.252
2 24 0 -24 6.252 -3.126 -24 5.4144
2 24 0 -28.45 6.252 -3.126 -28.45 5.4144
2 24 -3.126 -24 5.4144 -5.4144 -24 3.126
2 24 -3.126 -28.45 5.4144 -5.4144 -28.45 3.126
2 24 -5.4144 -24 3.126 -6.252 -24 0
2 24 -5.4144 -28.45 3.126 -6.252 -28.45 0
2 24 3.126 -24 -5.4144 0 -24 -6.252
2 24 3.126 -28.45 -5.4144 0 -28.45 -6.252
2 24 3.126 -28.45 -5.4144 5.4144 -28.45 -3.126
2 24 2.0378 -28.45 -3.5295 3.5295 -28.45 -2.0377
2 24 5.4144 -28.45 -3.126 6.252 -28.45 0
2 24 3.5295 -28.45 -2.0377 4.0755 -28.45 0
2 24 6.252 -28.45 0 5.4144 -28.45 3.126
2 24 4.0755 -28.45 0 3.5295 -28.45 2.0378
2 24 5.4144 -28.45 3.126 3.126 -28.45 5.4144
2 24 3.5295 -28.45 2.0378 2.0378 -28.45 3.5295
2 24 3.126 -28.45 5.4144 0 -28.45 6.252
2 24 2.0378 -28.45 3.5295 0 -28.45 4.0755
2 24 0 -28.45 6.252 -3.126 -28.45 5.4144
2 24 0 -28.45 4.0755 -2.0378 -28.45 3.5295
2 24 -3.126 -28.45 5.4144 -5.4144 -28.45 3.126
2 24 -2.0378 -28.45 3.5295 -3.5295 -28.45 2.0378
2 24 -5.4144 -28.45 3.126 -6.252 -28.45 0
2 24 -3.5295 -28.45 2.0378 -4.0755 -28.45 0
2 24 -3.5295 -28.45 -2.0378 -2.0378 -28.45 -3.5295
2 24 -5.7836 -28.45 -1.5133 -1.5133 -28.45 -5.7835
2 24 -1.5133 -28.45 -5.7835 0 -28.45 -6.252
2 24 -2.0378 -28.45 -3.5295 0 -28.45 -4.0755
2 24 3.126 -28.45 -5.4144 0 -28.45 -6.252
2 24 2.0378 -28.45 -3.5295 0 -28.45 -4.0755
2 24 2.0378 -28.45 -3.5295 3.5295 -28.45 -2.0377
2 24 2.0378 -24 -3.5295 3.5295 -24 -2.0377
2 24 3.5295 -28.45 -2.0377 4.0755 -28.45 0
2 24 3.5295 -24 -2.0377 4.0755 -24 0
2 24 4.0755 -28.45 0 3.5295 -28.45 2.0378
2 24 4.0755 -24 0 3.5295 -24 2.0378
2 24 3.5295 -28.45 2.0378 2.0378 -28.45 3.5295
2 24 3.5295 -24 2.0378 2.0378 -24 3.5295
2 24 2.0378 -28.45 3.5295 0 -28.45 4.0755
2 24 2.0378 -24 3.5295 0 -24 4.0755
2 24 0 -28.45 4.0755 -2.0378 -28.45 3.5295
2 24 0 -24 4.0755 -2.0378 -24 3.5295
2 24 -2.0378 -28.45 3.5295 -3.5295 -28.45 2.0378
2 24 -2.0378 -24 3.5295 -3.5295 -24 2.0378
2 24 -3.5295 -28.45 2.0378 -4.0755 -28.45 0
2 24 -3.5295 -24 2.0378 -4.0755 -24 0
2 24 -2.0378 -24 -3.5295 -3.5295 -24 -2.0378
2 24 -2.0378 -28.45 -3.5295 -3.5295 -28.45 -2.0378
2 24 -2.0378 -28.45 -3.5295 0 -28.45 -4.0755
2 24 -2.0378 -24 -3.5295 0 -24 -4.0755
2 24 2.0378 -28.45 -3.5295 0 -28.45 -4.0755
2 24 2.0378 -24 -3.5295 0 -24 -4.0755
2 24 -4.0755 -28.45 0 -3.5295 -28.45 -2.0378
2 24 -4.0755 -24 0 -3.5295 -24 -2.0378
2 24 -6.252 -28.45 0 -5.7836 -28.45 -1.5133
2 24 -4.0755 -28.45 0 -3.5295 -28.45 -2.0378
2 24 -6.252 -24 0 -5.7836 -24 -1.5133
2 24 -5.7836 -24 -1.5133 -5.7836 -28.45 -1.5133
2 24 -6.252 -28.45 0 -5.7836 -28.45 -1.5133
2 24 0 -24 -6.252 -1.563 -24 -5.7835
2 24 -1.563 -24 -5.7835 -1.5133 -28.45 -5.7835
2 24 0 -28.45 -6.252 -1.5133 -28.45 -5.7835
2 24 13.2262 -21.554 -9.7629 16.5287 -18.6911 -8.9308
2 24 16.5287 -18.6911 -8.9308 17.7611 -14.5 -8.4598
2 24 20.0164 -24.001 -7.3394 27.3424 -24.0003 -0.0121
2 24 24.1598 -5.2503 -4.1598 20.3906 -5.2496 -7.1183
2 24 17.7611 -14.5 -8.4598 16.5289 -10.3087 -8.9307
2 24 16.5289 -10.3087 -8.9307 13.2266 -7.4481 -9.763
2 24 13.2266 -7.4481 -9.763 10 -6.75 -10.025
2 24 10 0.0014 -10.025 10 -6.75 -10.025
2 24 20.3906 -5.2496 -7.1183 19.9769 -0.0006 -7.3617
2 24 10 0.0014 -10.025 19.9769 -0.0006 -7.3617
2 24 24.1598 -5.2503 -4.1598 27.1197 -5.25 -0.3873
2 24 27.3424 -24.0003 -0.0121 30.025 -23.9999 10
2 24 30.025 0 10 27.3617 -0.0006 0.0231
2 24 27.1197 -5.25 -0.3873 27.3617 -0.0006 0.0231
2 24 13.2262 -21.554 -9.7629 10 -22.25 -10.025
2 24 10 -22.25 -10.025 10 -24.0046 -10.0246
2 24 20.0164 -24.001 -7.3394 10 -24.0046 -10.0246
2 24 16.5287 -18.6911 28.9308 13.2262 -21.554 29.7629
2 24 16.5287 -18.6911 28.9308 17.7611 -14.5 28.4598
2 24 20.0164 -24.001 27.3394 27.3424 -24.0003 20.0121
2 24 24.1598 -5.2503 24.1598 20.3906 -5.2496 27.1183
2 24 17.7611 -14.5 28.4598 16.5289 -10.3087 28.9307
2 24 16.5289 -10.3087 28.9307 13.2266 -7.4481 29.763
2 24 13.2266 -7.4481 29.763 10 -6.75 30.025
2 24 10 0.0014 30.025 10 -6.75 30.025
2 24 10 0.0014 30.025 19.9769 -0.0006 27.3617
2 24 20.3906 -5.2496 27.1183 19.9769 -0.0006 27.3617
2 24 24.1598 -5.2503 24.1598 27.1197 -5.25 20.3873
2 24 30.025 -23.9999 10 27.3424 -24.0003 20.0121
2 24 27.1197 -5.25 20.3873 27.3617 -0.0006 19.9769
2 24 30.025 0 10 27.3617 -0.0006 19.9769
2 24 10 -22.25 30.025 10 -24.0046 30.0246
2 24 13.2262 -21.554 29.7629 10 -22.25 30.025
2 24 20.0164 -24.001 27.3394 10 -24.0046 30.0246
0 STEP
