0 Untitled Model
0 Name: Untitled Model
0 Author: 
0 BFC CERTIFY CCW
3 16 8.7481 0 0 7.576 0 4.374 9.0339 -17.5 0
3 16 9.0339 -17.5 0 7.576 0 4.374 7.8236 -17.5 4.517
3 16 5.4127 0 3.125 7.576 0 4.374 6.25 0 0
3 16 6.25 0 0 7.576 0 4.374 8.7481 0 0
3 16 6.25 -17.5 0 5.4127 -17.5 3.125 6.25 0 0
3 16 6.25 0 0 5.4127 -17.5 3.125 5.4127 0 3.125
3 16 5.4127 -17.5 3.125 3.125 -17.5 5.4127 5.4127 0 3.125
3 16 5.4127 0 3.125 3.125 -17.5 5.4127 3.125 0 5.4127
3 16 3.125 -17.5 5.4127 0 -17.5 6.25 3.125 0 5.4127
3 16 3.125 0 5.4127 0 -17.5 6.25 0 0 6.25
3 16 0 -17.5 6.25 -3.125 -17.5 5.4127 0 0 6.25
3 16 0 0 6.25 -3.125 -17.5 5.4127 -3.125 0 5.4127
3 16 -3.125 -17.5 5.4127 -5.4127 -17.5 3.125 -3.125 0 5.4127
3 16 -3.125 0 5.4127 -5.4127 -17.5 3.125 -5.4127 0 3.125
3 16 -5.4127 -17.5 3.125 -6.25 -17.5 0 -5.4127 0 3.125
3 16 -5.4127 0 3.125 -6.25 -17.5 0 -6.25 0 0
3 16 -6.25 -17.5 0 -5.4127 -17.5 -3.125 -6.25 0 0
3 16 -6.25 0 0 -5.4127 -17.5 -3.125 -5.4127 0 -3.125
3 16 -5.4127 -17.5 -3.125 -3.125 -17.5 -5.4127 -5.4127 0 -3.125
3 16 -5.4127 0 -3.125 -3.125 -17.5 -5.4127 -3.125 0 -5.4127
3 16 -3.125 -17.5 -5.4127 0 -17.5 -6.25 -3.125 0 -5.4127
3 16 -3.125 0 -5.4127 0 -17.5 -6.25 0 0 -6.25
3 16 0 -17.5 -6.25 3.125 -17.5 -5.4127 0 0 -6.25
3 16 0 0 -6.25 3.125 -17.5 -5.4127 3.125 0 -5.4127
3 16 3.125 -17.5 -5.4127 5.4127 -17.5 -3.125 3.125 0 -5.4127
3 16 3.125 0 -5.4127 5.4127 -17.5 -3.125 5.4127 0 -3.125
3 16 5.4127 -17.5 -3.125 6.25 -17.5 0 5.4127 0 -3.125
3 16 5.4127 0 -3.125 6.25 -17.5 0 6.25 0 0
3 16 0 -17.5 0 5.4127 -17.5 3.125 6.25 -17.5 0
3 16 5.4127 -17.5 3.125 0 -17.5 0 3.125 -17.5 5.4127
3 16 3.125 -17.5 5.4127 0 -17.5 0 0 -17.5 6.25
3 16 0 -17.5 6.25 0 -17.5 0 -3.125 -17.5 5.4127
3 16 -3.125 -17.5 5.4127 0 -17.5 0 -5.4127 -17.5 3.125
3 16 -5.4127 -17.5 3.125 0 -17.5 0 -6.25 -17.5 0
3 16 -6.25 -17.5 0 0 -17.5 0 -5.4127 -17.5 -3.125
3 16 -5.4127 -17.5 -3.125 0 -17.5 0 -3.125 -17.5 -5.4127
3 16 -3.125 -17.5 -5.4127 0 -17.5 0 0 -17.5 -6.25
3 16 0 -17.5 -6.25 0 -17.5 0 3.125 -17.5 -5.4127
3 16 3.125 -17.5 -5.4127 0 -17.5 0 5.4127 -17.5 -3.125
3 16 5.4127 -17.5 -3.125 0 -17.5 0 6.25 -17.5 0
3 16 4.517 -17.5 7.8236 7.8236 -17.5 4.517 4.374 0 7.576
3 16 4.374 0 7.576 7.8236 -17.5 4.517 7.576 0 4.374
3 16 7.576 0 4.374 5.4127 0 3.125 4.374 0 7.576
3 16 4.374 0 7.576 5.4127 0 3.125 3.125 0 5.4127
3 16 0 -17.5 9.0339 4.517 -17.5 7.8236 0 0 8.7481
3 16 0 0 8.7481 4.517 -17.5 7.8236 4.374 0 7.576
3 16 4.374 0 7.576 3.125 0 5.4127 0 0 8.7481
3 16 0 0 8.7481 3.125 0 5.4127 0 0 6.25
3 16 -4.517 -17.5 7.8236 0 -17.5 9.0339 -4.374 0 7.576
3 16 -4.374 0 7.576 0 -17.5 9.0339 0 0 8.7481
3 16 0 0 8.7481 0 0 6.25 -4.374 0 7.576
3 16 -4.374 0 7.576 0 0 6.25 -3.125 0 5.4127
3 16 -7.8236 -17.5 4.517 -4.517 -17.5 7.8236 -7.576 0 4.374
3 16 -7.576 0 4.374 -4.517 -17.5 7.8236 -4.374 0 7.576
3 16 -4.374 0 7.576 -3.125 0 5.4127 -7.576 0 4.374
3 16 -7.576 0 4.374 -3.125 0 5.4127 -5.4127 0 3.125
3 16 -9.0339 -17.5 0 -7.8236 -17.5 4.517 -8.7481 0 0
3 16 -8.7481 0 0 -7.8236 -17.5 4.517 -7.576 0 4.374
3 16 -7.576 0 4.374 -5.4127 0 3.125 -8.7481 0 0
3 16 -8.7481 0 0 -5.4127 0 3.125 -6.25 0 0
3 16 -7.8236 -17.5 -4.517 -9.0339 -17.5 0 -7.576 0 -4.374
3 16 -7.576 0 -4.374 -9.0339 -17.5 0 -8.7481 0 0
3 16 -8.7481 0 0 -6.25 0 0 -7.576 0 -4.374
3 16 -7.576 0 -4.374 -6.25 0 0 -5.4127 0 -3.125
3 16 -4.517 -17.5 -7.8236 -7.8236 -17.5 -4.517 -4.374 0 -7.576
3 16 -4.374 0 -7.576 -7.8236 -17.5 -4.517 -7.576 0 -4.374
3 16 -7.576 0 -4.374 -5.4127 0 -3.125 -4.374 0 -7.576
3 16 -4.374 0 -7.576 -5.4127 0 -3.125 -3.125 0 -5.4127
3 16 0 -17.5 -9.0339 -4.517 -17.5 -7.8236 0 0 -8.7481
3 16 0 0 -8.7481 -4.517 -17.5 -7.8236 -4.374 0 -7.576
3 16 -4.374 0 -7.576 -3.125 0 -5.4127 0 0 -8.7481
3 16 0 0 -8.7481 -3.125 0 -5.4127 0 0 -6.25
3 16 4.517 -17.5 -7.8236 0 -17.5 -9.0339 4.374 0 -7.576
3 16 4.374 0 -7.576 0 -17.5 -9.0339 0 0 -8.7481
3 16 0 0 -8.7481 0 0 -6.25 4.374 0 -7.576
3 16 4.374 0 -7.576 0 0 -6.25 3.125 0 -5.4127
3 16 7.8236 -17.5 -4.517 4.517 -17.5 -7.8236 7.576 0 -4.374
3 16 7.576 0 -4.374 4.517 -17.5 -7.8236 4.374 0 -7.576
3 16 4.374 0 -7.576 3.125 0 -5.4127 7.576 0 -4.374
3 16 7.576 0 -4.374 3.125 0 -5.4127 5.4127 0 -3.125
3 16 9.0339 -17.5 0 7.8236 -17.5 -4.517 8.7481 0 0
3 16 8.7481 0 0 7.8236 -17.5 -4.517 7.576 0 -4.374
3 16 7.576 0 -4.374 5.4127 0 -3.125 8.7481 0 0
3 16 8.7481 0 0 5.4127 0 -3.125 6.25 0 0
3 16 7.8236 -17.5 4.517 9.0501 -17.5 5.2251 9.0339 -17.5 0
3 16 9.0339 -17.5 0 9.0501 -17.5 5.2251 10.4502 -17.5 0
3 16 4.517 -17.5 7.8236 5.2251 -17.5 9.0501 7.8236 -17.5 4.517
3 16 7.8236 -17.5 4.517 5.2251 -17.5 9.0501 9.0501 -17.5 5.2251
3 16 0 -17.5 9.0339 0 -17.5 10.4502 4.517 -17.5 7.8236
3 16 4.517 -17.5 7.8236 0 -17.5 10.4502 5.2251 -17.5 9.0501
3 16 -4.517 -17.5 7.8236 -5.2251 -17.5 9.0501 0 -17.5 9.0339
3 16 0 -17.5 9.0339 -5.2251 -17.5 9.0501 0 -17.5 10.4502
3 16 -7.8236 -17.5 4.517 -9.0501 -17.5 5.2251 -4.517 -17.5 7.8236
3 16 -4.517 -17.5 7.8236 -9.0501 -17.5 5.2251 -5.2251 -17.5 9.0501
3 16 -9.0339 -17.5 0 -10.4502 -17.5 0 -7.8236 -17.5 4.517
3 16 -7.8236 -17.5 4.517 -10.4502 -17.5 0 -9.0501 -17.5 5.2251
3 16 -7.8236 -17.5 -4.517 -9.0502 -17.5 -5.2251 -9.0339 -17.5 0
3 16 -9.0339 -17.5 0 -9.0502 -17.5 -5.2251 -10.4502 -17.5 0
3 16 -4.517 -17.5 -7.8236 -5.2251 -17.5 -9.0501 -7.8236 -17.5 -4.517
3 16 -7.8236 -17.5 -4.517 -5.2251 -17.5 -9.0501 -9.0502 -17.5 -5.2251
3 16 0 -17.5 -9.0339 0 -17.5 -10.4502 -4.517 -17.5 -7.8236
3 16 -4.517 -17.5 -7.8236 0 -17.5 -10.4502 -5.2251 -17.5 -9.0501
3 16 4.517 -17.5 -7.8236 5.2251 -17.5 -9.0501 0 -17.5 -9.0339
3 16 0 -17.5 -9.0339 5.2251 -17.5 -9.0501 0 -17.5 -10.4502
3 16 7.8236 -17.5 -4.517 9.0502 -17.5 -5.2251 4.517 -17.5 -7.8236
3 16 4.517 -17.5 -7.8236 9.0502 -17.5 -5.2251 5.2251 -17.5 -9.0501
3 16 9.0339 -17.5 0 10.4502 -17.5 0 7.8236 -17.5 -4.517
3 16 7.8236 -17.5 -4.517 10.4502 -17.5 0 9.0502 -17.5 -5.2251
3 16 11.8558 -0.25 0 10.2674 -0.25 5.9279 13.0528 -0.25 0
3 16 13.0528 -0.25 0 10.2674 -0.25 5.9279 11.304 -0.25 6.5264
3 16 10.4502 -17.5 0 9.0501 -17.5 5.2251 11.8558 -0.25 0
3 16 11.8558 -0.25 0 9.0501 -17.5 5.2251 10.2674 -0.25 5.9279
3 16 10.2674 -0.25 5.9279 5.9279 -0.25 10.2674 11.304 -0.25 6.5264
3 16 11.304 -0.25 6.5264 5.9279 -0.25 10.2674 6.5264 -0.25 11.304
3 16 9.0501 -17.5 5.2251 5.2251 -17.5 9.0501 10.2674 -0.25 5.9279
3 16 10.2674 -0.25 5.9279 5.2251 -17.5 9.0501 5.9279 -0.25 10.2674
3 16 5.9279 -0.25 10.2674 0 -0.25 11.8558 6.5264 -0.25 11.304
3 16 6.5264 -0.25 11.304 0 -0.25 11.8558 0 -0.25 13.0528
3 16 5.2251 -17.5 9.0501 0 -17.5 10.4502 5.9279 -0.25 10.2674
3 16 5.9279 -0.25 10.2674 0 -17.5 10.4502 0 -0.25 11.8558
3 16 0 -0.25 11.8558 -5.9279 -0.25 10.2674 0 -0.25 13.0528
3 16 0 -0.25 13.0528 -5.9279 -0.25 10.2674 -6.5264 -0.25 11.304
3 16 0 -17.5 10.4502 -5.2251 -17.5 9.0501 0 -0.25 11.8558
3 16 0 -0.25 11.8558 -5.2251 -17.5 9.0501 -5.9279 -0.25 10.2674
3 16 -5.9279 -0.25 10.2674 -10.2674 -0.25 5.9279 -6.5264 -0.25 11.304
3 16 -6.5264 -0.25 11.304 -10.2674 -0.25 5.9279 -11.304 -0.25 6.5264
3 16 -5.2251 -17.5 9.0501 -9.0501 -17.5 5.2251 -5.9279 -0.25 10.2674
3 16 -5.9279 -0.25 10.2674 -9.0501 -17.5 5.2251 -10.2674 -0.25 5.9279
3 16 -10.2674 -0.25 5.9279 -11.8558 -0.25 0 -11.304 -0.25 6.5264
3 16 -11.304 -0.25 6.5264 -11.8558 -0.25 0 -13.0528 -0.25 0
3 16 -9.0501 -17.5 5.2251 -10.4502 -17.5 0 -10.2674 -0.25 5.9279
3 16 -10.2674 -0.25 5.9279 -10.4502 -17.5 0 -11.8558 -0.25 0
3 16 -11.8558 -0.25 0 -10.2674 -0.25 -5.9279 -13.0528 -0.25 0
3 16 -13.0528 -0.25 0 -10.2674 -0.25 -5.9279 -11.304 -0.25 -6.5264
3 16 -10.4502 -17.5 0 -9.0502 -17.5 -5.2251 -11.8558 -0.25 0
3 16 -11.8558 -0.25 0 -9.0502 -17.5 -5.2251 -10.2674 -0.25 -5.9279
3 16 -10.2674 -0.25 -5.9279 -5.9279 -0.25 -10.2674 -11.304 -0.25 -6.5264
3 16 -11.304 -0.25 -6.5264 -5.9279 -0.25 -10.2674 -6.5264 -0.25 -11.304
3 16 -9.0502 -17.5 -5.2251 -5.2251 -17.5 -9.0501 -10.2674 -0.25 -5.9279
3 16 -10.2674 -0.25 -5.9279 -5.2251 -17.5 -9.0501 -5.9279 -0.25 -10.2674
3 16 -5.9279 -0.25 -10.2674 0 -0.25 -11.8558 -6.5264 -0.25 -11.304
3 16 -6.5264 -0.25 -11.304 0 -0.25 -11.8558 0 -0.25 -13.0528
3 16 -5.2251 -17.5 -9.0501 0 -17.5 -10.4502 -5.9279 -0.25 -10.2674
3 16 -5.9279 -0.25 -10.2674 0 -17.5 -10.4502 0 -0.25 -11.8558
3 16 0 -0.25 -11.8558 5.9279 -0.25 -10.2674 0 -0.25 -13.0528
3 16 0 -0.25 -13.0528 5.9279 -0.25 -10.2674 6.5264 -0.25 -11.304
3 16 0 -17.5 -10.4502 5.2251 -17.5 -9.0501 0 -0.25 -11.8558
3 16 0 -0.25 -11.8558 5.2251 -17.5 -9.0501 5.9279 -0.25 -10.2674
3 16 5.9279 -0.25 -10.2674 10.2674 -0.25 -5.9279 6.5264 -0.25 -11.304
3 16 6.5264 -0.25 -11.304 10.2674 -0.25 -5.9279 11.3041 -0.25 -6.5264
3 16 5.2251 -17.5 -9.0501 9.0502 -17.5 -5.2251 5.9279 -0.25 -10.2674
3 16 5.9279 -0.25 -10.2674 9.0502 -17.5 -5.2251 10.2674 -0.25 -5.9279
3 16 10.2674 -0.25 -5.9279 11.8558 -0.25 0 11.3041 -0.25 -6.5264
3 16 11.3041 -0.25 -6.5264 11.8558 -0.25 0 13.0528 -0.25 0
3 16 9.0502 -17.5 -5.2251 10.4502 -17.5 0 10.2674 -0.25 -5.9279
3 16 10.2674 -0.25 -5.9279 10.4502 -17.5 0 11.8558 -0.25 0
3 16 13.8034 -13.4545 0 13.4372 -13.7069 3.0669 13.2486 -20.2709 0
3 16 13.2486 -20.2709 0 13.4372 -13.7069 3.0669 12.9164 -20.2709 2.9481
3 16 12.9164 -20.2709 2.9481 11.2179 -20.2709 7.0487 0 -20.2709 0.3211
3 16 13.4372 -13.7069 3.0669 11.6462 -14.0542 7.3178 12.9164 -20.2709 2.9481
3 16 12.9164 -20.2709 2.9481 11.6462 -14.0542 7.3178 11.2179 -20.2709 7.0487
3 16 11.2179 -20.2709 7.0487 8.2603 -20.2709 10.3581 0 -20.2709 0.3211
3 16 11.6462 -14.0542 7.3178 8.5616 -14.3315 10.7359 11.2179 -20.2709 7.0487
3 16 11.2179 -20.2709 7.0487 8.5616 -14.3315 10.7359 8.2603 -20.2709 10.3581
3 16 8.2603 -20.2709 10.3581 4.3757 -20.2709 12.5051 0 -20.2709 0.3211
3 16 8.5616 -14.3315 10.7359 4.5305 -14.51 12.9474 8.2603 -20.2709 10.3581
3 16 8.2603 -20.2709 10.3581 4.5305 -14.51 12.9474 4.3757 -20.2709 12.5051
3 16 4.3757 -20.2709 12.5051 0 -20.2709 13.2486 0 -20.2709 0.3211
3 16 4.5305 -14.51 12.9474 0 -14.5716 13.7122 4.3757 -20.2709 12.5051
3 16 4.3757 -20.2709 12.5051 0 -14.5716 13.7122 0 -20.2709 13.2486
3 16 0 -20.2709 13.2486 -4.3757 -20.2709 12.5051 0 -20.2709 0.3211
3 16 0 -20.2709 13.2486 0 -14.5716 13.7122 -4.3757 -20.2709 12.5051
3 16 -4.3757 -20.2709 12.5051 0 -14.5716 13.7122 -4.5305 -14.51 12.9474
3 16 -4.3757 -20.2709 12.5051 -8.2603 -20.2709 10.3582 0 -20.2709 0.3211
3 16 -4.3757 -20.2709 12.5051 -4.5305 -14.51 12.9474 -8.2603 -20.2709 10.3582
3 16 -8.2603 -20.2709 10.3582 -4.5305 -14.51 12.9474 -8.5616 -14.3315 10.7359
3 16 -8.2603 -20.2709 10.3582 -11.2179 -20.2709 7.0487 0 -20.2709 0.3211
3 16 -8.2603 -20.2709 10.3582 -8.5616 -14.3315 10.7359 -11.2179 -20.2709 7.0487
3 16 -11.2179 -20.2709 7.0487 -8.5616 -14.3315 10.7359 -11.6462 -14.0542 7.3178
3 16 -11.2179 -20.2709 7.0487 -12.9164 -20.2709 2.9481 0 -20.2709 0.3211
3 16 -11.2179 -20.2709 7.0487 -11.6462 -14.0542 7.3178 -12.9164 -20.2709 2.9481
3 16 -12.9164 -20.2709 2.9481 -11.6462 -14.0542 7.3178 -13.4372 -13.7069 3.067
3 16 -12.9164 -20.2709 2.9481 -13.2486 -20.2709 0 0 -20.2709 0.3211
3 16 -12.9164 -20.2709 2.9481 -13.4372 -13.7069 3.067 -13.2486 -20.2709 0
3 16 -13.2486 -20.2709 0 -13.4372 -13.7069 3.067 -13.8034 -13.4545 0
3 16 -13.2486 -20.2709 0 -13.0944 -20.2709 -1.3685 0 -20.2709 0.3211
3 16 -13.0944 -20.2709 -1.3685 -13.6426 -13.3405 -1.4385 -12.9164 -20.2709 -2.9481
3 16 -12.9164 -20.2709 -2.9481 -13.6426 -13.3405 -1.4385 -13.457 -13.209 -3.0989
3 16 -12.9164 -20.2709 -2.9481 -12.2208 -20.2709 -5.062 0 -20.2709 0.3211
3 16 -12.9164 -20.2709 -2.9481 -13.457 -13.209 -3.0989 -12.2208 -20.2709 -5.062
3 16 -12.2208 -20.2709 -5.062 -13.457 -13.209 -3.0989 -12.7655 -13.016 -5.2879
3 16 -12.2208 -20.2709 -5.062 -11.2179 -20.2709 -7.0487 0 -20.2709 0.3211
3 16 -12.2208 -20.2709 -5.062 -12.7655 -13.016 -5.2879 -11.2179 -20.2709 -7.0487
3 16 -11.2179 -20.2709 -7.0487 -12.7655 -13.016 -5.2879 -11.73 -12.8422 -7.3704
3 16 0 -20.2709 0.3211 -11.2179 -20.2709 -7.0487 -9.3682 -20.2709 -9.3682
3 16 -11.2179 -20.2709 -7.0487 -11.73 -12.8422 -7.3704 -9.3682 -20.2709 -9.3682
3 16 -9.3682 -20.2709 -9.3682 -11.73 -12.8422 -7.3704 -9.8076 -12.6379 -9.8076
3 16 0 -20.2709 0.3211 -9.3682 -20.2709 -9.3682 -7.0487 -20.2709 -11.2179
3 16 -9.3682 -20.2709 -9.3682 -9.8076 -12.6379 -9.8076 -7.0487 -20.2709 -11.2179
3 16 -7.0487 -20.2709 -11.2179 -9.8076 -12.6379 -9.8076 -7.3864 -12.4739 -11.7554
3 16 0 -20.2709 0.3211 -7.0487 -20.2709 -11.2179 -3.6778 -20.2709 -10.6144
3 16 -3.6778 -20.2709 -10.6144 -7.0487 -20.2709 -11.2179 -4.3757 -20.2709 -12.5051
3 16 -7.0487 -20.2709 -11.2179 -7.3864 -12.4739 -11.7554 -4.3757 -20.2709 -12.5051
3 16 -4.3757 -20.2709 -12.5051 -7.3864 -12.4739 -11.7554 -4.6 -11.9325 -13.1461
3 16 0 -20.2709 0.3211 3.804 -20.2709 -10.6144 7.0487 -20.2709 -11.2179
3 16 7.0487 -20.2709 -11.2179 3.804 -20.2709 -10.6144 4.3757 -20.2709 -12.5051
3 16 4.6 -11.9325 -13.1461 7.3864 -12.4739 -11.7554 4.3757 -20.2709 -12.5051
3 16 4.3757 -20.2709 -12.5051 7.3864 -12.4739 -11.7554 7.0487 -20.2709 -11.2179
3 16 0 -20.2709 0.3211 7.0487 -20.2709 -11.2179 9.3682 -20.2709 -9.3682
3 16 7.3864 -12.4739 -11.7554 9.8076 -12.6379 -9.8076 7.0487 -20.2709 -11.2179
3 16 7.0487 -20.2709 -11.2179 9.8076 -12.6379 -9.8076 9.3682 -20.2709 -9.3682
3 16 0 -20.2709 0.3211 9.3682 -20.2709 -9.3682 11.2179 -20.2709 -7.0487
3 16 9.8076 -12.6379 -9.8076 11.73 -12.8422 -7.3704 9.3682 -20.2709 -9.3682
3 16 9.3682 -20.2709 -9.3682 11.73 -12.8422 -7.3704 11.2179 -20.2709 -7.0487
3 16 11.2179 -20.2709 -7.0487 12.2208 -20.2709 -5.062 0 -20.2709 0.3211
3 16 12.2208 -20.2709 -5.062 11.2179 -20.2709 -7.0487 12.7655 -13.0161 -5.2879
3 16 12.7655 -13.0161 -5.2879 11.2179 -20.2709 -7.0487 11.73 -12.8422 -7.3704
3 16 12.2208 -20.2709 -5.062 12.9164 -20.2709 -2.9481 0 -20.2709 0.3211
3 16 12.9164 -20.2709 -2.9481 12.2208 -20.2709 -5.062 13.465 -13.2112 -3.0858
3 16 13.465 -13.2112 -3.0858 12.2208 -20.2709 -5.062 12.7655 -13.0161 -5.2879
3 16 12.9164 -20.2709 -2.9481 13.0667 -20.2709 -1.6139 0 -20.2709 0.3211
3 16 13.6181 -13.3213 -1.6893 13.8034 -13.4545 0 13.0667 -20.2709 -1.6139
3 16 13.0667 -20.2709 -1.6139 13.8034 -13.4545 0 13.2486 -20.2709 0
3 16 13.2486 -20.2709 0 12.9164 -20.2709 2.9481 0 -20.2709 0.3211
3 16 -13.8289 1.1073 -5.729 -14.6446 0.4269 -2.8894 -15.047 1.2174 -6.1935
3 16 -13.457 -13.209 -3.0989 -14.6446 0.4269 -2.8894 -12.7655 -13.016 -5.2879
3 16 -12.7655 -13.016 -5.2879 -14.6446 0.4269 -2.8894 -13.8289 1.1073 -5.729
3 16 -12.7655 -13.016 -5.2879 -13.8289 1.1073 -5.729 -11.73 -12.8422 -7.3704
3 16 -11.73 -12.8422 -7.3704 -13.8289 1.1073 -5.729 -12.732 1.6477 -8
3 16 -11.73 -12.8422 -7.3704 -12.732 1.6477 -8 -9.8076 -12.6379 -9.8076
3 16 -9.8076 -12.6379 -9.8076 -12.732 1.6477 -8 -10.6696 2.2837 -10.6696
3 16 -9.8076 -12.6379 -9.8076 -10.6696 2.2837 -10.6696 -7.3864 -12.4739 -11.7554
3 16 -7.3864 -12.4739 -11.7554 -10.6696 2.2837 -10.6696 -8.0502 2.7909 -12.8118
3 16 -7.3864 -12.4739 -11.7554 -8.0502 2.7909 -12.8118 -4.6 -11.9325 -13.1461
3 16 -4.6 -11.9325 -13.1461 -8.0502 2.7909 -12.8118 -5.0072 3.1457 -14.3097
3 16 -4.6 -11.9325 -13.1461 -5.0072 3.1457 -14.3097 -2.3633 -11.7512 -13.7214
3 16 -2.3633 -11.7512 -13.7214 -5.0072 3.1457 -14.3097 -2.5374 3.2957 -14.9348
3 16 -2.3633 -11.7512 -13.7214 -2.5374 3.2957 -14.9348 0.0254 -11.447 -13.9698
3 16 0.0254 -11.447 -13.9698 -2.5374 3.2957 -14.9348 0 3.354 -15.1774
3 16 2.3336 -11.6598 -13.7339 0.0254 -11.447 -13.9698 2.5374 3.2957 -14.9348
3 16 2.5374 3.2957 -14.9348 0.0254 -11.447 -13.9698 0 3.354 -15.1774
3 16 4.6 -11.9325 -13.1461 2.3336 -11.6598 -13.7339 5.0072 3.1457 -14.3097
3 16 5.0072 3.1457 -14.3097 2.3336 -11.6598 -13.7339 2.5374 3.2957 -14.9348
3 16 5.0072 3.1457 -14.3097 8.0502 2.7909 -12.8118 4.6 -11.9325 -13.1461
3 16 4.6 -11.9325 -13.1461 8.0502 2.7909 -12.8118 7.3864 -12.4739 -11.7554
3 16 8.0502 2.7909 -12.8118 10.6696 2.2838 -10.6696 7.3864 -12.4739 -11.7554
3 16 7.3864 -12.4739 -11.7554 10.6696 2.2838 -10.6696 9.8076 -12.6379 -9.8076
3 16 10.6696 2.2838 -10.6696 12.732 1.6477 -8 9.8076 -12.6379 -9.8076
3 16 9.8076 -12.6379 -9.8076 12.732 1.6477 -8 11.73 -12.8422 -7.3704
3 16 12.7655 -13.0161 -5.2879 11.73 -12.8422 -7.3704 13.8289 1.1073 -5.7291
3 16 13.8289 1.1073 -5.7291 11.73 -12.8422 -7.3704 12.732 1.6477 -8
3 16 13.465 -13.2112 -3.0858 12.7655 -13.0161 -5.2879 14.6633 0.4269 -2.8894
3 16 14.6633 0.4269 -2.8894 12.7655 -13.0161 -5.2879 13.8289 1.1073 -5.7291
3 16 -14.6256 2.0536 -9.7028 -12.732 1.6477 -8 -15.047 1.2174 -6.1935
3 16 -15.047 1.2174 -6.1935 -12.732 1.6477 -8 -13.8289 1.1073 -5.729
3 16 -12.732 1.6477 -8 -14.6256 2.0536 -9.7028 -10.6696 2.2837 -10.6696
3 16 -10.6696 2.2837 -10.6696 -14.6256 2.0536 -9.7028 -13.2628 2.8556 -13.0786
3 16 -10.6696 2.2837 -10.6696 -13.2628 2.8556 -13.0786 -8.0502 2.7909 -12.8118
3 16 -8.0502 2.7909 -12.8118 -13.2628 2.8556 -13.0786 -10.8239 3.6604 -16.448
3 16 -8.0502 2.7909 -12.8118 -10.8239 3.6604 -16.448 -5.0072 3.1457 -14.3097
3 16 -5.0072 3.1457 -14.3097 -10.8239 3.6604 -16.448 -6.95 4.3568 -19.374
3 16 -3.5219 4.638 -20.5777 -2.5374 3.2957 -14.9348 -6.95 4.3568 -19.374
3 16 -6.95 4.3568 -19.374 -2.5374 3.2957 -14.9348 -5.0072 3.1457 -14.3097
3 16 0 4.7532 -21.0664 0 3.354 -15.1774 -3.5219 4.638 -20.5777
3 16 -3.5219 4.638 -20.5777 0 3.354 -15.1774 -2.5374 3.2957 -14.9348
3 16 0 4.7532 -21.0664 3.5219 4.638 -20.5777 0 3.354 -15.1774
3 16 0 3.354 -15.1774 3.5219 4.638 -20.5777 2.5374 3.2957 -14.9348
3 16 3.5219 4.638 -20.5777 6.95 4.3568 -19.374 2.5374 3.2957 -14.9348
3 16 2.5374 3.2957 -14.9348 6.95 4.3568 -19.374 5.0072 3.1457 -14.3097
3 16 6.95 4.3568 -19.374 10.8239 3.6604 -16.448 5.0072 3.1457 -14.3097
3 16 5.0072 3.1457 -14.3097 10.8239 3.6604 -16.448 8.0502 2.7909 -12.8118
3 16 10.8239 3.6604 -16.448 13.2627 2.8556 -13.0786 8.0502 2.7909 -12.8118
3 16 8.0502 2.7909 -12.8118 13.2627 2.8556 -13.0786 10.6696 2.2838 -10.6696
3 16 13.2627 2.8556 -13.0786 14.6256 2.0536 -9.7028 10.6696 2.2838 -10.6696
3 16 10.6696 2.2838 -10.6696 14.6256 2.0536 -9.7028 12.732 1.6477 -8
3 16 14.6256 2.0536 -9.7028 15.047 1.2174 -6.1935 12.732 1.6477 -8
3 16 12.732 1.6477 -8 15.047 1.2174 -6.1935 13.8289 1.1073 -5.7291
3 16 14.6633 0.4269 -2.8894 13.8289 1.1073 -5.7291 15.047 1.2174 -6.1935
3 16 14.9166 0.2414 0 14.6633 0.4269 -2.8894 15.4863 7.25 0
3 16 15.4863 7.25 0 14.6633 0.4269 -2.8894 15.2574 7.25 -3.0108
3 16 13.0528 -0.25 0 11.304 -0.25 6.5264 13.0528 7.25 0
3 16 13.0528 7.25 0 11.304 -0.25 6.5264 11.304 7.25 6.5264
3 16 11.304 7.25 6.5264 11.304 -0.25 6.5264 6.5264 7.25 11.304
3 16 6.5264 7.25 11.304 11.304 -0.25 6.5264 6.5264 -0.25 11.304
3 16 6.5264 7.25 11.304 6.5264 -0.25 11.304 0 7.25 13.0528
3 16 0 7.25 13.0528 6.5264 -0.25 11.304 0 -0.25 13.0528
3 16 0 7.25 13.0528 0 -0.25 13.0528 -6.5264 7.25 11.304
3 16 -6.5264 7.25 11.304 0 -0.25 13.0528 -6.5264 -0.25 11.304
3 16 -6.5264 7.25 11.304 -6.5264 -0.25 11.304 -11.304 7.25 6.5264
3 16 -11.304 7.25 6.5264 -6.5264 -0.25 11.304 -11.304 -0.25 6.5264
3 16 -11.304 7.25 6.5264 -11.304 -0.25 6.5264 -13.0528 7.25 0
3 16 -13.0528 7.25 0 -11.304 -0.25 6.5264 -13.0528 -0.25 0
3 16 -11.304 7.25 -6.5264 -13.0528 7.25 0 -11.304 -0.25 -6.5264
3 16 -11.304 -0.25 -6.5264 -13.0528 7.25 0 -13.0528 -0.25 0
3 16 -11.304 7.25 -6.5264 -11.304 -0.25 -6.5264 -6.5264 7.25 -11.304
3 16 -6.5264 7.25 -11.304 -11.304 -0.25 -6.5264 -6.5264 -0.25 -11.304
3 16 -6.5264 7.25 -11.304 -6.5264 -0.25 -11.304 0 7.25 -13.0528
3 16 0 7.25 -13.0528 -6.5264 -0.25 -11.304 0 -0.25 -13.0528
3 16 0 7.25 -13.0528 0 -0.25 -13.0528 6.5264 7.25 -11.304
3 16 6.5264 7.25 -11.304 0 -0.25 -13.0528 6.5264 -0.25 -11.304
3 16 6.5264 7.25 -11.304 6.5264 -0.25 -11.304 11.3041 7.25 -6.5264
3 16 11.3041 7.25 -6.5264 6.5264 -0.25 -11.304 11.3041 -0.25 -6.5264
3 16 11.3041 7.25 -6.5264 11.3041 -0.25 -6.5264 13.0528 7.25 0
3 16 13.0528 7.25 0 11.3041 -0.25 -6.5264 13.0528 -0.25 0
3 16 13.0528 7.25 0 11.304 7.25 6.5264 15.1491 7.25 3.5114
3 16 15.1491 7.25 3.5114 11.304 7.25 6.5264 13.098 7.25 8.322
3 16 15.4863 7.25 0 15.1491 7.25 3.5114 14.9166 0.2414 0
3 16 14.9166 0.2414 0 15.1491 7.25 3.5114 14.5696 0.156 3.361
3 16 15.4828 7.25 -6.31 15.2574 7.25 -3.0108 15.047 1.2174 -6.1935
3 16 15.047 1.2174 -6.1935 15.2574 7.25 -3.0108 14.6633 0.4269 -2.8894
3 16 12.6065 0.0384 7.9821 14.5696 0.156 3.361 13.098 7.25 8.322
3 16 13.098 7.25 8.322 14.5696 0.156 3.361 15.1491 7.25 3.5114
3 16 9.2729 -0.0555 11.7072 12.6065 0.0384 7.9821 9.6369 7.25 12.2043
3 16 9.6369 7.25 12.2043 12.6065 0.0384 7.9821 13.098 7.25 8.322
3 16 6.5264 7.25 11.304 0 7.25 13.0528 5.089 7.25 14.688
3 16 5.089 7.25 14.688 0 7.25 13.0528 0 7.25 15.5444
3 16 4.9 -0.1159 14.0988 9.2729 -0.0555 11.7072 5.089 7.25 14.688
3 16 5.089 7.25 14.688 9.2729 -0.0555 11.7072 9.6369 7.25 12.2043
3 16 0 -0.1367 14.9242 4.9 -0.1159 14.0988 0 7.25 15.5444
3 16 0 7.25 15.5444 4.9 -0.1159 14.0988 5.089 7.25 14.688
3 16 0 -0.1367 14.9242 0 7.25 15.5444 -4.9 -0.1159 14.0988
3 16 -4.9 -0.1159 14.0988 0 7.25 15.5444 -5.089 7.25 14.688
3 16 -4.9 -0.1159 14.0988 -5.089 7.25 14.688 -9.2729 -0.0555 11.7072
3 16 -9.2729 -0.0555 11.7072 -5.089 7.25 14.688 -9.6369 7.25 12.2043
3 16 -9.2729 -0.0555 11.7072 -9.6369 7.25 12.2043 -12.6065 0.0384 7.9821
3 16 -12.6065 0.0384 7.9821 -9.6369 7.25 12.2043 -13.098 7.25 8.322
3 16 -9.6369 7.25 12.2043 -5.089 7.25 14.688 -6.5264 7.25 11.304
3 16 -12.6065 0.0384 7.9821 -13.098 7.25 8.322 -14.5696 0.156 3.361
3 16 -14.5696 0.156 3.361 -13.098 7.25 8.322 -15.1491 7.25 3.5114
3 16 -15.1491 7.25 3.5114 -13.0528 7.25 0 -15.4869 7.25 0
3 16 -14.5696 0.156 3.361 -15.1491 7.25 3.5114 -14.917 0.2414 0
3 16 -14.917 0.2414 0 -15.1491 7.25 3.5114 -15.4869 7.25 0
3 16 -13.6426 -13.3405 -1.4385 -14.6446 0.4269 -2.8894 -13.457 -13.209 -3.0989
3 16 13.0528 7.25 0 15.2574 7.25 -3.0108 11.3041 7.25 -6.5264
3 16 11.3041 7.25 -6.5264 15.2574 7.25 -3.0108 15.4828 7.25 -6.31
3 16 -15.4828 7.25 -6.31 -15.047 1.2174 -6.1935 -15.2381 7.25 -3.0108
3 16 -15.2381 7.25 -3.0108 -15.047 1.2174 -6.1935 -14.6446 0.4269 -2.8894
3 16 -14.899 7.25 -9.8854 -14.6256 2.0536 -9.7028 -15.4828 7.25 -6.31
3 16 -15.4828 7.25 -6.31 -14.6256 2.0536 -9.7028 -15.047 1.2174 -6.1935
3 16 -14.899 7.25 -9.8854 -15.4828 7.25 -6.31 -11.304 7.25 -6.5264
3 16 -14.6256 2.0536 -9.7028 -14.899 7.25 -9.8854 -13.2628 2.8556 -13.0786
3 16 -13.2628 2.8556 -13.0786 -14.899 7.25 -9.8854 -13.5123 7.25 -13.3247
3 16 -11.0276 7.25 -16.7574 -13.5123 7.25 -13.3247 -6.5264 7.25 -11.304
3 16 -6.5264 7.25 -11.304 -13.5123 7.25 -13.3247 -11.304 7.25 -6.5264
3 16 -13.5123 7.25 -13.3247 -14.899 7.25 -9.8854 -11.304 7.25 -6.5264
3 16 -13.2628 2.8556 -13.0786 -13.5123 7.25 -13.3247 -10.8239 3.6604 -16.448
3 16 -10.8239 3.6604 -16.448 -13.5123 7.25 -13.3247 -11.0276 7.25 -16.7574
3 16 -10.8239 3.6604 -16.448 -11.0276 7.25 -16.7574 -6.95 4.3568 -19.374
3 16 -6.95 4.3568 -19.374 -11.0276 7.25 -16.7574 -7.0808 7.25 -19.7385
3 16 -11.0276 7.25 -16.7574 -6.5264 7.25 -11.304 -7.0808 7.25 -19.7385
3 16 -7.0808 7.25 -19.7385 -6.5264 7.25 -11.304 0 7.25 -13.0528
3 16 -3.5882 7.25 -20.9649 -3.5219 4.638 -20.5777 -7.0808 7.25 -19.7385
3 16 -7.0808 7.25 -19.7385 -3.5219 4.638 -20.5777 -6.95 4.3568 -19.374
3 16 -3.5882 7.25 -20.9649 -7.0808 7.25 -19.7385 0 7.25 -13.0528
3 16 0 7.25 -21.4628 0 4.7532 -21.0664 -3.5882 7.25 -20.9649
3 16 -3.5882 7.25 -20.9649 0 4.7532 -21.0664 -3.5219 4.638 -20.5777
3 16 0 7.25 -21.4628 -3.5882 7.25 -20.9649 0 7.25 -13.0528
3 16 0 7.25 -21.4628 3.5881 7.25 -20.9649 0 4.7532 -21.0664
3 16 0 4.7532 -21.0664 3.5881 7.25 -20.9649 3.5219 4.638 -20.5777
3 16 3.5881 7.25 -20.9649 0 7.25 -21.4628 0 7.25 -13.0528
3 16 0 7.25 -13.0528 6.5264 7.25 -11.304 7.0808 7.25 -19.7385
3 16 7.0808 7.25 -19.7385 6.5264 7.25 -11.304 11.0276 7.25 -16.7574
3 16 3.5881 7.25 -20.9649 7.0808 7.25 -19.7385 3.5219 4.638 -20.5777
3 16 3.5219 4.638 -20.5777 7.0808 7.25 -19.7385 6.95 4.3568 -19.374
3 16 7.0808 7.25 -19.7385 3.5881 7.25 -20.9649 0 7.25 -13.0528
3 16 10.8239 3.6604 -16.448 6.95 4.3568 -19.374 11.0276 7.25 -16.7574
3 16 11.0276 7.25 -16.7574 6.95 4.3568 -19.374 7.0808 7.25 -19.7385
3 16 13.2627 2.8556 -13.0786 10.8239 3.6604 -16.448 13.5123 7.25 -13.3247
3 16 13.5123 7.25 -13.3247 10.8239 3.6604 -16.448 11.0276 7.25 -16.7574
3 16 11.0276 7.25 -16.7574 6.5264 7.25 -11.304 13.5123 7.25 -13.3247
3 16 6.5264 7.25 -11.304 11.3041 7.25 -6.5264 13.5123 7.25 -13.3247
3 16 11.3041 7.25 -6.5264 14.899 7.25 -9.8854 13.5123 7.25 -13.3247
3 16 14.6256 2.0536 -9.7028 13.2627 2.8556 -13.0786 14.899 7.25 -9.8854
3 16 14.899 7.25 -9.8854 13.2627 2.8556 -13.0786 13.5123 7.25 -13.3247
3 16 14.899 7.25 -9.8854 15.4828 7.25 -6.31 14.6256 2.0536 -9.7028
3 16 14.6256 2.0536 -9.7028 15.4828 7.25 -6.31 15.047 1.2174 -6.1935
3 16 15.4828 7.25 -6.31 14.899 7.25 -9.8854 11.3041 7.25 -6.5264
3 16 4.2405 -25.8219 -14.9606 4.8752 -26.3424 -13.3661 3.4651 -27.5975 -15.3101
3 16 3.4651 -27.5975 -15.3101 4.8752 -26.3424 -13.3661 3.7394 -28.4829 -13.6668
3 16 -4.8752 -26.3424 -13.3661 -4.9476 -24.5344 -13.1505 -4.2405 -25.8219 -14.9606
3 16 -4.2405 -25.8219 -14.9606 -4.9476 -24.5344 -13.1505 -4.3096 -24.3519 -14.6996
3 16 -1.7076 -29.9086 -13.9591 -3.7394 -28.4829 -13.6668 -1.6875 -28.846 -15.7898
3 16 -1.6875 -28.846 -15.7898 -3.7394 -28.4829 -13.6668 -3.4651 -27.5975 -15.3101
3 16 0 -30.2476 -13.9884 0 -29.2304 -15.9086 1.7076 -29.9086 -13.9591
3 16 1.7076 -29.9086 -13.9591 0 -29.2304 -15.9086 1.6875 -28.846 -15.7898
3 16 -2.7686 -24.0914 -15.5301 -2.7495 -25.2391 -15.6951 -4.3096 -24.3519 -14.6996
3 16 -4.3096 -24.3519 -14.6996 -2.7495 -25.2391 -15.6951 -4.2405 -25.8219 -14.9606
3 16 -2.4653 -26.4797 -15.9412 -1.3859 -26.543 -16.1512 -3.4651 -27.5975 -15.3101
3 16 -3.4651 -27.5975 -15.3101 -1.3859 -26.543 -16.1512 -1.6875 -28.846 -15.7898
3 16 0 -29.2304 -15.9086 0 -26.6073 -16.2646 1.6875 -28.846 -15.7898
3 16 1.6875 -28.846 -15.7898 0 -26.6073 -16.2646 1.3859 -26.543 -16.1512
3 16 3.4651 -27.5975 -15.3101 2.4653 -26.4797 -15.9412 4.2405 -25.8219 -14.9606
3 16 4.2405 -25.8219 -14.9606 2.4653 -26.4797 -15.9412 2.7495 -25.2391 -15.6951
3 16 -1.3859 -26.543 -16.1512 0 -26.6073 -16.2646 -1.6875 -28.846 -15.7898
3 16 -1.6875 -28.846 -15.7898 0 -26.6073 -16.2646 0 -29.2304 -15.9086
3 16 0 -30.2476 -13.9884 -1.7076 -29.9086 -13.9591 0 -29.2304 -15.9086
3 16 0 -29.2304 -15.9086 -1.7076 -29.9086 -13.9591 -1.6875 -28.846 -15.7898
3 16 1.7076 -29.9086 -13.9591 1.6875 -28.846 -15.7898 3.7394 -28.4829 -13.6668
3 16 3.7394 -28.4829 -13.6668 1.6875 -28.846 -15.7898 3.4651 -27.5975 -15.3101
3 16 1.6875 -28.846 -15.7898 1.3859 -26.543 -16.1512 3.4651 -27.5975 -15.3101
3 16 3.4651 -27.5975 -15.3101 1.3859 -26.543 -16.1512 2.4653 -26.4797 -15.9412
3 16 2.7686 -24.0914 -15.5301 4.3096 -24.3519 -14.6996 2.7495 -25.2391 -15.6951
3 16 2.7495 -25.2391 -15.6951 4.3096 -24.3519 -14.6996 4.2405 -25.8219 -14.9606
3 16 4.8752 -26.3424 -13.3661 4.2405 -25.8219 -14.9606 4.9476 -24.5344 -13.1505
3 16 4.9476 -24.5344 -13.1505 4.2405 -25.8219 -14.9606 4.3096 -24.3519 -14.6996
3 16 -2.7495 -25.2391 -15.6951 -2.4653 -26.4797 -15.9412 -4.2405 -25.8219 -14.9606
3 16 -4.2405 -25.8219 -14.9606 -2.4653 -26.4797 -15.9412 -3.4651 -27.5975 -15.3101
3 16 -3.7394 -28.4829 -13.6668 -4.8752 -26.3424 -13.3661 -3.4651 -27.5975 -15.3101
3 16 -3.4651 -27.5975 -15.3101 -4.8752 -26.3424 -13.3661 -4.2405 -25.8219 -14.9606
3 16 4.8752 -26.3424 -13.3661 4.9476 -24.5344 -13.1505 4.699 -26.316 -12.0116
3 16 4.699 -26.316 -12.0116 4.9476 -24.5344 -13.1505 4.7284 -24.465 -11.9837
3 16 -4.8752 -26.3424 -13.3661 -4.699 -26.316 -12.0116 -4.9476 -24.5344 -13.1505
3 16 -4.9476 -24.5344 -13.1505 -4.699 -26.316 -12.0116 -4.7284 -24.465 -11.9837
3 16 3.7394 -28.4829 -13.6668 4.8752 -26.3424 -13.3661 3.6046 -28.3401 -11.9877
3 16 3.6046 -28.3401 -11.9877 4.8752 -26.3424 -13.3661 4.699 -26.316 -12.0116
3 16 -3.7394 -28.4829 -13.6668 -3.6046 -28.3401 -11.9877 -4.8752 -26.3424 -13.3661
3 16 -4.8752 -26.3424 -13.3661 -3.6046 -28.3401 -11.9877 -4.699 -26.316 -12.0116
3 16 1.7076 -29.9086 -13.9591 3.7394 -28.4829 -13.6668 1.6002 -29.7325 -11.9853
3 16 1.6002 -29.7325 -11.9853 3.7394 -28.4829 -13.6668 3.6046 -28.3401 -11.9877
3 16 -1.7076 -29.9086 -13.9591 -1.6002 -29.7325 -11.9853 -3.7394 -28.4829 -13.6668
3 16 -3.7394 -28.4829 -13.6668 -1.6002 -29.7325 -11.9853 -3.6046 -28.3401 -11.9877
3 16 0 -30.2476 -13.9884 1.7076 -29.9086 -13.9591 0 -30.0501 -11.9911
3 16 0 -30.0501 -11.9911 1.7076 -29.9086 -13.9591 1.6002 -29.7325 -11.9853
3 16 0 -30.2476 -13.9884 0 -30.0501 -11.9911 -1.7076 -29.9086 -13.9591
3 16 -1.7076 -29.9086 -13.9591 0 -30.0501 -11.9911 -1.6002 -29.7325 -11.9853
3 16 0 -30.0501 -11.9911 1.6002 -29.7325 -11.9853 0 -27.8772 -11.75
3 16 -1.6002 -29.7325 -11.9853 0 -30.0501 -11.9911 0 -27.8772 -11.75
3 16 4.699 -26.316 -12.0116 4.7284 -24.465 -11.9837 0 -25.9906 -11.75
3 16 0 -25.9906 -11.75 4.7284 -24.465 -11.9837 0 -24.4431 -11.75
3 16 -4.699 -26.316 -12.0116 0 -25.9906 -11.75 -4.7284 -24.465 -11.9837
3 16 -4.7284 -24.465 -11.9837 0 -25.9906 -11.75 0 -24.4431 -11.75
3 16 4.699 -26.316 -12.0116 0 -25.9906 -11.75 3.6046 -28.3401 -11.9877
3 16 3.6046 -28.3401 -11.9877 0 -25.9906 -11.75 0 -27.8772 -11.75
3 16 -4.699 -26.316 -12.0116 -3.6046 -28.3401 -11.9877 0 -25.9906 -11.75
3 16 0 -25.9906 -11.75 -3.6046 -28.3401 -11.9877 0 -27.8772 -11.75
3 16 1.6002 -29.7325 -11.9853 3.6046 -28.3401 -11.9877 0 -27.8772 -11.75
3 16 -3.6046 -28.3401 -11.9877 -1.6002 -29.7325 -11.9853 0 -27.8772 -11.75
3 16 -4.9476 -24.5344 -13.1505 -4.7284 -24.465 -11.9837 -4.3669 -21.3158 -12.7418
3 16 -4.3669 -21.3158 -12.7418 -4.7284 -24.465 -11.9837 -4.1167 -21.3769 -11.9342
3 16 4.3669 -21.3158 -12.7418 4.3757 -20.2709 -12.5051 4.1167 -21.3769 -11.9342
3 16 4.1167 -21.3769 -11.9342 4.3757 -20.2709 -12.5051 3.804 -20.2709 -10.6144
3 16 -4.3669 -21.3158 -12.7418 -4.1167 -21.3769 -11.9342 -4.3757 -20.2709 -12.5051
3 16 -4.3757 -20.2709 -12.5051 -4.1167 -21.3769 -11.9342 -3.6778 -20.2709 -10.6144
3 16 4.9476 -24.5344 -13.1505 4.3669 -21.3158 -12.7418 4.7284 -24.465 -11.9837
3 16 4.7284 -24.465 -11.9837 4.3669 -21.3158 -12.7418 4.1167 -21.3769 -11.9342
3 16 -4.7284 -24.465 -11.9837 0 -24.4431 -11.75 -4.1167 -21.3769 -11.9342
3 16 -4.1167 -21.3769 -11.9342 0 -24.4431 -11.75 0 -21.3198 -11.7369
3 16 4.7284 -24.465 -11.9837 4.1167 -21.3769 -11.9342 0 -24.4431 -11.75
3 16 0 -24.4431 -11.75 4.1167 -21.3769 -11.9342 0 -21.3198 -11.7369
3 16 4.1167 -21.3769 -11.9342 3.804 -20.2709 -10.6144 0 -21.3198 -11.7369
3 16 0 -21.3198 -11.7369 3.804 -20.2709 -10.6144 0 -20.2709 -10.5838
3 16 -4.3096 -24.3519 -14.6996 -3.9765 -21.6486 -14.2753 -2.7686 -24.0914 -15.5301
3 16 -2.7686 -24.0914 -15.5301 -3.9765 -21.6486 -14.2753 -2.5921 -21.7515 -15.2568
3 16 4.3096 -24.3519 -14.6996 2.7686 -24.0914 -15.5301 3.9765 -21.6486 -14.2753
3 16 3.9765 -21.6486 -14.2753 2.7686 -24.0914 -15.5301 2.5921 -21.7515 -15.2568
3 16 -4.3096 -24.3519 -14.6996 -4.9476 -24.5344 -13.1505 -3.9765 -21.6486 -14.2753
3 16 -3.9765 -21.6486 -14.2753 -4.9476 -24.5344 -13.1505 -4.3669 -21.3158 -12.7418
3 16 4.3669 -21.3158 -12.7418 4.9476 -24.5344 -13.1505 3.9765 -21.6486 -14.2753
3 16 3.9765 -21.6486 -14.2753 4.9476 -24.5344 -13.1505 4.3096 -24.3519 -14.6996
3 16 2.7686 -24.0914 -15.5301 0 -23.9699 -15.9132 2.5921 -21.7515 -15.2568
3 16 2.5921 -21.7515 -15.2568 0 -23.9699 -15.9132 0 -21.6936 -15.6099
3 16 0 -25.0496 -16.057 0 -26.6073 -16.2646 -1.3859 -26.543 -16.1512
3 16 1.3859 -26.543 -16.1512 0 -26.6073 -16.2646 0 -25.0496 -16.057
3 16 -2.7686 -24.0914 -15.5301 -2.5921 -21.7515 -15.2568 0 -23.9699 -15.9132
3 16 0 -23.9699 -15.9132 -2.5921 -21.7515 -15.2568 0 -21.6936 -15.6099
3 16 0 -23.9699 -15.9132 2.7686 -24.0914 -15.5301 0 -25.0496 -16.057
3 16 0 -25.0496 -16.057 2.7686 -24.0914 -15.5301 2.7495 -25.2391 -15.6951
3 16 0 -23.9699 -15.9132 0 -25.0496 -16.057 -2.7686 -24.0914 -15.5301
3 16 -2.7686 -24.0914 -15.5301 0 -25.0496 -16.057 -2.7495 -25.2391 -15.6951
3 16 0 -25.0496 -16.057 2.7495 -25.2391 -15.6951 1.3859 -26.543 -16.1512
3 16 1.3859 -26.543 -16.1512 2.7495 -25.2391 -15.6951 2.4653 -26.4797 -15.9412
3 16 0 -25.0496 -16.057 -1.3859 -26.543 -16.1512 -2.7495 -25.2391 -15.6951
3 16 -2.7495 -25.2391 -15.6951 -1.3859 -26.543 -16.1512 -2.4653 -26.4797 -15.9412
3 16 0.0021 -16.3346 -14.8958 0 -21.6936 -15.6099 -1.1951 -16.0529 -14.7756
3 16 -1.1951 -16.0529 -14.7756 0 -21.6936 -15.6099 -2.5921 -21.7515 -15.2568
3 16 -4.1167 -21.3769 -11.9342 0 -21.3198 -11.7369 -3.6778 -20.2709 -10.6144
3 16 -3.6778 -20.2709 -10.6144 0 -21.3198 -11.7369 0 -20.2709 -10.5838
3 16 0.0021 -16.3346 -14.8958 1.1999 -16.0906 -14.7804 0 -21.6936 -15.6099
3 16 0 -21.6936 -15.6099 1.1999 -16.0906 -14.7804 2.5921 -21.7515 -15.2568
3 16 2.5921 -21.7515 -15.2568 1.1999 -16.0906 -14.7804 3.9765 -21.6486 -14.2753
3 16 3.9765 -21.6486 -14.2753 1.1999 -16.0906 -14.7804 2.1329 -15.4968 -14.3594
3 16 1.1999 -16.0906 -14.7804 0.6418 -14.5534 -14.6323 2.1329 -15.4968 -14.3594
3 16 2.1329 -15.4968 -14.3594 0.6418 -14.5534 -14.6323 1.2333 -13.9054 -14.4206
3 16 0.6418 -14.5534 -14.6323 0.0028 -14.5855 -14.6626 1.2333 -13.9054 -14.4206
3 16 1.2333 -13.9054 -14.4206 0.0028 -14.5855 -14.6626 -0.0032 -13.2823 -14.4571
3 16 0.0028 -14.5855 -14.6626 -0.6469 -14.5315 -14.6289 -0.0032 -13.2823 -14.4571
3 16 -0.0032 -13.2823 -14.4571 -0.6469 -14.5315 -14.6289 -1.2499 -13.8262 -14.4005
3 16 -1.1951 -16.0529 -14.7756 -2.0547 -15.2508 -14.3498 -0.6469 -14.5315 -14.6289
3 16 -0.6469 -14.5315 -14.6289 -2.0547 -15.2508 -14.3498 -1.2499 -13.8262 -14.4005
3 16 -2.0547 -15.2508 -14.3498 -1.1951 -16.0529 -14.7756 -3.9765 -21.6486 -14.2753
3 16 -3.9765 -21.6486 -14.2753 -1.1951 -16.0529 -14.7756 -2.5921 -21.7515 -15.2568
3 16 -3.9765 -21.6486 -14.2753 -4.3757 -20.2709 -12.5051 -2.0547 -15.2508 -14.3498
3 16 -2.0547 -15.2508 -14.3498 -4.3757 -20.2709 -12.5051 -3.0737 -14.116 -13.3895
3 16 0.0021 -16.3346 -14.8958 -1.1951 -16.0529 -14.7756 0.0028 -14.5855 -14.6626
3 16 0.0028 -14.5855 -14.6626 -1.1951 -16.0529 -14.7756 -0.6469 -14.5315 -14.6289
3 16 1.1999 -16.0906 -14.7804 0.0021 -16.3346 -14.8958 0.6418 -14.5534 -14.6323
3 16 0.6418 -14.5534 -14.6323 0.0021 -16.3346 -14.8958 0.0028 -14.5855 -14.6626
3 16 4.3669 -21.3158 -12.7418 3.9765 -21.6486 -14.2753 4.3757 -20.2709 -12.5051
3 16 -3.9765 -21.6486 -14.2753 -4.3669 -21.3158 -12.7418 -4.3757 -20.2709 -12.5051
3 16 0 -20.2709 0.3211 0 -20.2709 -10.5838 3.804 -20.2709 -10.6144
3 16 0 -20.2709 0.3211 -3.6778 -20.2709 -10.6144 0 -20.2709 -10.5838
3 16 -3.0737 -14.116 -13.3895 -4.3757 -20.2709 -12.5051 -4.6 -11.9325 -13.1461
3 16 4.6 -11.9325 -13.1461 4.3757 -20.2709 -12.5051 3.103 -14.0743 -13.3826
3 16 0.0234 -11.9105 -13.9355 -1.9952 -12.625 -13.7278 0.0254 -11.447 -13.9698
3 16 0.0254 -11.447 -13.9698 -1.9952 -12.625 -13.7278 -2.3633 -11.7512 -13.7214
3 16 0.0234 -11.9105 -13.9355 0.0254 -11.447 -13.9698 1.9704 -12.6 -13.7339
3 16 1.9704 -12.6 -13.7339 0.0254 -11.447 -13.9698 2.3336 -11.6598 -13.7339
3 16 1.9704 -12.6 -13.7339 2.3336 -11.6598 -13.7339 3.103 -14.0743 -13.3826
3 16 3.103 -14.0743 -13.3826 2.3336 -11.6598 -13.7339 4.6 -11.9325 -13.1461
3 16 -1.9952 -12.625 -13.7278 -3.0737 -14.116 -13.3895 -2.3633 -11.7512 -13.7214
3 16 -2.3633 -11.7512 -13.7214 -3.0737 -14.116 -13.3895 -4.6 -11.9325 -13.1461
3 16 1.9704 -12.6 -13.7339 3.103 -14.0743 -13.3826 1.2333 -13.9054 -14.4206
3 16 1.2333 -13.9054 -14.4206 3.103 -14.0743 -13.3826 2.1329 -15.4968 -14.3594
3 16 -2.0547 -15.2508 -14.3498 -3.0737 -14.116 -13.3895 -1.2499 -13.8262 -14.4005
3 16 -1.2499 -13.8262 -14.4005 -3.0737 -14.116 -13.3895 -1.9952 -12.625 -13.7278
3 16 0.0234 -11.9105 -13.9355 1.9704 -12.6 -13.7339 -0.0032 -13.2823 -14.4571
3 16 -0.0032 -13.2823 -14.4571 1.9704 -12.6 -13.7339 1.2333 -13.9054 -14.4206
3 16 -1.2499 -13.8262 -14.4005 -1.9952 -12.625 -13.7278 -0.0032 -13.2823 -14.4571
3 16 -0.0032 -13.2823 -14.4571 -1.9952 -12.625 -13.7278 0.0234 -11.9105 -13.9355
3 16 3.103 -14.0743 -13.3826 4.3757 -20.2709 -12.5051 2.1329 -15.4968 -14.3594
3 16 2.1329 -15.4968 -14.3594 4.3757 -20.2709 -12.5051 3.9765 -21.6486 -14.2753
3 16 -13.4372 -13.7069 3.067 -14.5696 0.156 3.361 -13.8034 -13.4545 0
3 16 -13.8034 -13.4545 0 -14.5696 0.156 3.361 -14.917 0.2414 0
3 16 -11.6462 -14.0542 7.3178 -12.6065 0.0384 7.9821 -13.4372 -13.7069 3.067
3 16 -13.4372 -13.7069 3.067 -12.6065 0.0384 7.9821 -14.5696 0.156 3.361
3 16 -8.5616 -14.3315 10.7359 -9.2729 -0.0555 11.7072 -11.6462 -14.0542 7.3178
3 16 -11.6462 -14.0542 7.3178 -9.2729 -0.0555 11.7072 -12.6065 0.0384 7.9821
3 16 -4.5305 -14.51 12.9474 -4.9 -0.1159 14.0988 -8.5616 -14.3315 10.7359
3 16 -8.5616 -14.3315 10.7359 -4.9 -0.1159 14.0988 -9.2729 -0.0555 11.7072
3 16 0 -14.5716 13.7122 0 -0.1367 14.9242 -4.5305 -14.51 12.9474
3 16 -4.5305 -14.51 12.9474 0 -0.1367 14.9242 -4.9 -0.1159 14.0988
3 16 0 -14.5716 13.7122 4.5305 -14.51 12.9474 0 -0.1367 14.9242
3 16 0 -0.1367 14.9242 4.5305 -14.51 12.9474 4.9 -0.1159 14.0988
3 16 4.5305 -14.51 12.9474 8.5616 -14.3315 10.7359 4.9 -0.1159 14.0988
3 16 4.9 -0.1159 14.0988 8.5616 -14.3315 10.7359 9.2729 -0.0555 11.7072
3 16 8.5616 -14.3315 10.7359 11.6462 -14.0542 7.3178 9.2729 -0.0555 11.7072
3 16 9.2729 -0.0555 11.7072 11.6462 -14.0542 7.3178 12.6065 0.0384 7.9821
3 16 11.6462 -14.0542 7.3178 13.4372 -13.7069 3.0669 12.6065 0.0384 7.9821
3 16 12.6065 0.0384 7.9821 13.4372 -13.7069 3.0669 14.5696 0.156 3.361
3 16 13.4372 -13.7069 3.0669 13.8034 -13.4545 0 14.5696 0.156 3.361
3 16 14.5696 0.156 3.361 13.8034 -13.4545 0 14.9166 0.2414 0
3 16 14.6633 0.4269 -2.8894 14.9166 0.2414 0 13.6181 -13.3213 -1.6893
3 16 13.6181 -13.3213 -1.6893 14.9166 0.2414 0 13.8034 -13.4545 0
3 16 15.1491 7.25 3.5114 15.4863 7.25 0 13.0528 7.25 0
3 16 15.2574 7.25 -3.0108 13.0528 7.25 0 15.4863 7.25 0
3 16 13.098 7.25 8.322 11.304 7.25 6.5264 9.6369 7.25 12.2043
3 16 9.6369 7.25 12.2043 11.304 7.25 6.5264 6.5264 7.25 11.304
3 16 9.6369 7.25 12.2043 6.5264 7.25 11.304 5.089 7.25 14.688
3 16 -6.5264 7.25 11.304 -5.089 7.25 14.688 0 7.25 13.0528
3 16 0 7.25 13.0528 -5.089 7.25 14.688 0 7.25 15.5444
3 16 -6.5264 7.25 11.304 -11.304 7.25 6.5264 -9.6369 7.25 12.2043
3 16 -9.6369 7.25 12.2043 -11.304 7.25 6.5264 -13.098 7.25 8.322
3 16 -13.098 7.25 8.322 -11.304 7.25 6.5264 -15.1491 7.25 3.5114
3 16 -15.1491 7.25 3.5114 -11.304 7.25 6.5264 -13.0528 7.25 0
3 16 -15.4828 7.25 -6.31 -15.2381 7.25 -3.0108 -11.304 7.25 -6.5264
3 16 -11.304 7.25 -6.5264 -15.2381 7.25 -3.0108 -13.0528 7.25 0
3 16 13.465 -13.2112 -3.0858 13.6181 -13.3213 -1.6893 12.9164 -20.2709 -2.9481
3 16 12.9164 -20.2709 -2.9481 13.6181 -13.3213 -1.6893 13.0667 -20.2709 -1.6139
3 16 13.465 -13.2112 -3.0858 14.6633 0.4269 -2.8894 13.6181 -13.3213 -1.6893
3 16 -13.2486 -20.2709 0 -13.8034 -13.4545 0 -13.0944 -20.2709 -1.3685
3 16 -13.0944 -20.2709 -1.3685 -13.8034 -13.4545 0 -13.6426 -13.3405 -1.4385
3 16 -13.8034 -13.4545 0 -14.917 0.2414 0 -13.6426 -13.3405 -1.4385
3 16 -13.6426 -13.3405 -1.4385 -14.917 0.2414 0 -14.6446 0.4269 -2.8894
3 16 -15.2381 7.25 -3.0108 -14.6446 0.4269 -2.8894 -15.4869 7.25 0
3 16 -15.4869 7.25 0 -14.6446 0.4269 -2.8894 -14.917 0.2414 0
3 16 0 -20.2709 0.3211 -13.0944 -20.2709 -1.3685 -12.9164 -20.2709 -2.9481
3 16 0 -20.2709 0.3211 13.0667 -20.2709 -1.6139 13.2486 -20.2709 0
3 16 -13.0528 7.25 0 -15.2381 7.25 -3.0108 -15.4869 7.25 0
2 24 8.7481 0 0 7.576 0 4.374
2 24 9.0339 -17.5 0 7.8236 -17.5 4.517
2 24 5.4127 0 3.125 6.25 0 0
2 24 7.576 0 4.374 8.7481 0 0
2 24 6.25 -17.5 0 5.4127 -17.5 3.125
2 24 6.25 0 0 5.4127 0 3.125
2 24 5.4127 -17.5 3.125 3.125 -17.5 5.4127
2 24 5.4127 0 3.125 3.125 0 5.4127
2 24 3.125 -17.5 5.4127 0 -17.5 6.25
2 24 3.125 0 5.4127 0 0 6.25
2 24 0 -17.5 6.25 -3.125 -17.5 5.4127
2 24 0 0 6.25 -3.125 0 5.4127
2 24 -3.125 -17.5 5.4127 -5.4127 -17.5 3.125
2 24 -3.125 0 5.4127 -5.4127 0 3.125
2 24 -5.4127 -17.5 3.125 -6.25 -17.5 0
2 24 -5.4127 0 3.125 -6.25 0 0
2 24 -6.25 -17.5 0 -5.4127 -17.5 -3.125
2 24 -6.25 0 0 -5.4127 0 -3.125
2 24 -5.4127 -17.5 -3.125 -3.125 -17.5 -5.4127
2 24 -5.4127 0 -3.125 -3.125 0 -5.4127
2 24 -3.125 -17.5 -5.4127 0 -17.5 -6.25
2 24 -3.125 0 -5.4127 0 0 -6.25
2 24 0 -17.5 -6.25 3.125 -17.5 -5.4127
2 24 0 0 -6.25 3.125 0 -5.4127
2 24 3.125 -17.5 -5.4127 5.4127 -17.5 -3.125
2 24 3.125 0 -5.4127 5.4127 0 -3.125
2 24 6.25 -17.5 0 5.4127 -17.5 -3.125
2 24 6.25 0 0 5.4127 0 -3.125
2 24 5.4127 -17.5 3.125 6.25 -17.5 0
2 24 5.4127 -17.5 3.125 3.125 -17.5 5.4127
2 24 3.125 -17.5 5.4127 0 -17.5 6.25
2 24 0 -17.5 6.25 -3.125 -17.5 5.4127
2 24 -3.125 -17.5 5.4127 -5.4127 -17.5 3.125
2 24 -5.4127 -17.5 3.125 -6.25 -17.5 0
2 24 -6.25 -17.5 0 -5.4127 -17.5 -3.125
2 24 -5.4127 -17.5 -3.125 -3.125 -17.5 -5.4127
2 24 -3.125 -17.5 -5.4127 0 -17.5 -6.25
2 24 0 -17.5 -6.25 3.125 -17.5 -5.4127
2 24 3.125 -17.5 -5.4127 5.4127 -17.5 -3.125
2 24 6.25 -17.5 0 5.4127 -17.5 -3.125
2 24 7.8236 -17.5 4.517 4.517 -17.5 7.8236
2 24 7.576 0 4.374 4.374 0 7.576
2 24 7.576 0 4.374 4.374 0 7.576
2 24 5.4127 0 3.125 3.125 0 5.4127
2 24 4.517 -17.5 7.8236 0 -17.5 9.0339
2 24 4.374 0 7.576 0 0 8.7481
2 24 4.374 0 7.576 0 0 8.7481
2 24 3.125 0 5.4127 0 0 6.25
2 24 0 -17.5 9.0339 -4.517 -17.5 7.8236
2 24 0 0 8.7481 -4.374 0 7.576
2 24 0 0 8.7481 -4.374 0 7.576
2 24 0 0 6.25 -3.125 0 5.4127
2 24 -4.517 -17.5 7.8236 -7.8236 -17.5 4.517
2 24 -4.374 0 7.576 -7.576 0 4.374
2 24 -4.374 0 7.576 -7.576 0 4.374
2 24 -3.125 0 5.4127 -5.4127 0 3.125
2 24 -7.8236 -17.5 4.517 -9.0339 -17.5 0
2 24 -7.576 0 4.374 -8.7481 0 0
2 24 -7.576 0 4.374 -8.7481 0 0
2 24 -5.4127 0 3.125 -6.25 0 0
2 24 -9.0339 -17.5 0 -7.8236 -17.5 -4.517
2 24 -8.7481 0 0 -7.576 0 -4.374
2 24 -8.7481 0 0 -7.576 0 -4.374
2 24 -6.25 0 0 -5.4127 0 -3.125
2 24 -7.8236 -17.5 -4.517 -4.517 -17.5 -7.8236
2 24 -7.576 0 -4.374 -4.374 0 -7.576
2 24 -7.576 0 -4.374 -4.374 0 -7.576
2 24 -5.4127 0 -3.125 -3.125 0 -5.4127
2 24 -4.517 -17.5 -7.8236 0 -17.5 -9.0339
2 24 -4.374 0 -7.576 0 0 -8.7481
2 24 -4.374 0 -7.576 0 0 -8.7481
2 24 -3.125 0 -5.4127 0 0 -6.25
2 24 0 -17.5 -9.0339 4.517 -17.5 -7.8236
2 24 0 0 -8.7481 4.374 0 -7.576
2 24 0 0 -8.7481 4.374 0 -7.576
2 24 0 0 -6.25 3.125 0 -5.4127
2 24 4.517 -17.5 -7.8236 7.8236 -17.5 -4.517
2 24 4.374 0 -7.576 7.576 0 -4.374
2 24 4.374 0 -7.576 7.576 0 -4.374
2 24 3.125 0 -5.4127 5.4127 0 -3.125
2 24 9.0339 -17.5 0 7.8236 -17.5 -4.517
2 24 8.7481 0 0 7.576 0 -4.374
2 24 8.7481 0 0 7.576 0 -4.374
2 24 6.25 0 0 5.4127 0 -3.125
2 24 7.8236 -17.5 4.517 9.0339 -17.5 0
2 24 9.0501 -17.5 5.2251 10.4502 -17.5 0
2 24 7.8236 -17.5 4.517 4.517 -17.5 7.8236
2 24 9.0501 -17.5 5.2251 5.2251 -17.5 9.0501
2 24 4.517 -17.5 7.8236 0 -17.5 9.0339
2 24 5.2251 -17.5 9.0501 0 -17.5 10.4502
2 24 0 -17.5 9.0339 -4.517 -17.5 7.8236
2 24 0 -17.5 10.4502 -5.2251 -17.5 9.0501
2 24 -4.517 -17.5 7.8236 -7.8236 -17.5 4.517
2 24 -5.2251 -17.5 9.0501 -9.0501 -17.5 5.2251
2 24 -7.8236 -17.5 4.517 -9.0339 -17.5 0
2 24 -9.0501 -17.5 5.2251 -10.4502 -17.5 0
2 24 -9.0339 -17.5 0 -7.8236 -17.5 -4.517
2 24 -10.4502 -17.5 0 -9.0502 -17.5 -5.2251
2 24 -7.8236 -17.5 -4.517 -4.517 -17.5 -7.8236
2 24 -9.0502 -17.5 -5.2251 -5.2251 -17.5 -9.0501
2 24 -4.517 -17.5 -7.8236 0 -17.5 -9.0339
2 24 -5.2251 -17.5 -9.0501 0 -17.5 -10.4502
2 24 0 -17.5 -9.0339 4.517 -17.5 -7.8236
2 24 0 -17.5 -10.4502 5.2251 -17.5 -9.0501
2 24 4.517 -17.5 -7.8236 7.8236 -17.5 -4.517
2 24 5.2251 -17.5 -9.0501 9.0502 -17.5 -5.2251
2 24 9.0339 -17.5 0 7.8236 -17.5 -4.517
2 24 10.4502 -17.5 0 9.0502 -17.5 -5.2251
2 24 11.8558 -0.25 0 10.2674 -0.25 5.9279
2 24 13.0528 -0.25 0 11.304 -0.25 6.5264
2 24 10.4502 -17.5 0 9.0501 -17.5 5.2251
2 24 11.8558 -0.25 0 10.2674 -0.25 5.9279
2 24 10.2674 -0.25 5.9279 5.9279 -0.25 10.2674
2 24 11.304 -0.25 6.5264 6.5264 -0.25 11.304
2 24 9.0501 -17.5 5.2251 5.2251 -17.5 9.0501
2 24 10.2674 -0.25 5.9279 5.9279 -0.25 10.2674
2 24 5.9279 -0.25 10.2674 0 -0.25 11.8558
2 24 6.5264 -0.25 11.304 0 -0.25 13.0528
2 24 5.2251 -17.5 9.0501 0 -17.5 10.4502
2 24 5.9279 -0.25 10.2674 0 -0.25 11.8558
2 24 0 -0.25 11.8558 -5.9279 -0.25 10.2674
2 24 0 -0.25 13.0528 -6.5264 -0.25 11.304
2 24 0 -17.5 10.4502 -5.2251 -17.5 9.0501
2 24 0 -0.25 11.8558 -5.9279 -0.25 10.2674
2 24 -5.9279 -0.25 10.2674 -10.2674 -0.25 5.9279
2 24 -6.5264 -0.25 11.304 -11.304 -0.25 6.5264
2 24 -5.2251 -17.5 9.0501 -9.0501 -17.5 5.2251
2 24 -5.9279 -0.25 10.2674 -10.2674 -0.25 5.9279
2 24 -10.2674 -0.25 5.9279 -11.8558 -0.25 0
2 24 -11.304 -0.25 6.5264 -13.0528 -0.25 0
2 24 -9.0501 -17.5 5.2251 -10.4502 -17.5 0
2 24 -10.2674 -0.25 5.9279 -11.8558 -0.25 0
2 24 -11.8558 -0.25 0 -10.2674 -0.25 -5.9279
2 24 -13.0528 -0.25 0 -11.304 -0.25 -6.5264
2 24 -10.4502 -17.5 0 -9.0502 -17.5 -5.2251
2 24 -11.8558 -0.25 0 -10.2674 -0.25 -5.9279
2 24 -10.2674 -0.25 -5.9279 -5.9279 -0.25 -10.2674
2 24 -11.304 -0.25 -6.5264 -6.5264 -0.25 -11.304
2 24 -9.0502 -17.5 -5.2251 -5.2251 -17.5 -9.0501
2 24 -10.2674 -0.25 -5.9279 -5.9279 -0.25 -10.2674
2 24 -5.9279 -0.25 -10.2674 0 -0.25 -11.8558
2 24 -6.5264 -0.25 -11.304 0 -0.25 -13.0528
2 24 -5.2251 -17.5 -9.0501 0 -17.5 -10.4502
2 24 -5.9279 -0.25 -10.2674 0 -0.25 -11.8558
2 24 0 -0.25 -11.8558 5.9279 -0.25 -10.2674
2 24 0 -0.25 -13.0528 6.5264 -0.25 -11.304
2 24 0 -17.5 -10.4502 5.2251 -17.5 -9.0501
2 24 0 -0.25 -11.8558 5.9279 -0.25 -10.2674
2 24 5.9279 -0.25 -10.2674 10.2674 -0.25 -5.9279
2 24 6.5264 -0.25 -11.304 11.3041 -0.25 -6.5264
2 24 5.2251 -17.5 -9.0501 9.0502 -17.5 -5.2251
2 24 5.9279 -0.25 -10.2674 10.2674 -0.25 -5.9279
2 24 11.8558 -0.25 0 10.2674 -0.25 -5.9279
2 24 13.0528 -0.25 0 11.3041 -0.25 -6.5264
2 24 10.4502 -17.5 0 9.0502 -17.5 -5.2251
2 24 11.8558 -0.25 0 10.2674 -0.25 -5.9279
2 24 13.2486 -20.2709 0 12.9164 -20.2709 2.9481
2 24 12.9164 -20.2709 2.9481 11.2179 -20.2709 7.0487
2 24 12.9164 -20.2709 2.9481 11.2179 -20.2709 7.0487
2 24 11.2179 -20.2709 7.0487 8.2603 -20.2709 10.3581
2 24 11.2179 -20.2709 7.0487 8.2603 -20.2709 10.3581
2 24 8.2603 -20.2709 10.3581 4.3757 -20.2709 12.5051
2 24 8.2603 -20.2709 10.3581 4.3757 -20.2709 12.5051
2 24 4.3757 -20.2709 12.5051 0 -20.2709 13.2486
2 24 4.3757 -20.2709 12.5051 0 -20.2709 13.2486
2 24 0 -20.2709 13.2486 -4.3757 -20.2709 12.5051
2 24 0 -20.2709 13.2486 -4.3757 -20.2709 12.5051
2 24 -4.3757 -20.2709 12.5051 -8.2603 -20.2709 10.3582
2 24 -4.3757 -20.2709 12.5051 -8.2603 -20.2709 10.3582
2 24 -8.2603 -20.2709 10.3582 -11.2179 -20.2709 7.0487
2 24 -8.2603 -20.2709 10.3582 -11.2179 -20.2709 7.0487
2 24 -11.2179 -20.2709 7.0487 -12.9164 -20.2709 2.9481
2 24 -11.2179 -20.2709 7.0487 -12.9164 -20.2709 2.9481
2 24 -12.9164 -20.2709 2.9481 -13.2486 -20.2709 0
2 24 -12.9164 -20.2709 2.9481 -13.2486 -20.2709 0
2 24 -13.2486 -20.2709 0 -13.0944 -20.2709 -1.3685
2 24 -13.0944 -20.2709 -1.3685 -12.9164 -20.2709 -2.9481
2 24 -12.9164 -20.2709 -2.9481 -12.2208 -20.2709 -5.062
2 24 -12.9164 -20.2709 -2.9481 -12.2208 -20.2709 -5.062
2 24 -12.2208 -20.2709 -5.062 -11.2179 -20.2709 -7.0487
2 24 -12.2208 -20.2709 -5.062 -11.2179 -20.2709 -7.0487
2 24 -11.2179 -20.2709 -7.0487 -9.3682 -20.2709 -9.3682
2 24 -11.2179 -20.2709 -7.0487 -9.3682 -20.2709 -9.3682
2 24 -9.3682 -20.2709 -9.3682 -7.0487 -20.2709 -11.2179
2 24 -9.3682 -20.2709 -9.3682 -7.0487 -20.2709 -11.2179
2 24 -7.0487 -20.2709 -11.2179 -4.3757 -20.2709 -12.5051
2 24 -3.6778 -20.2709 -10.6144 -4.3757 -20.2709 -12.5051
2 24 -7.0487 -20.2709 -11.2179 -4.3757 -20.2709 -12.5051
2 24 3.804 -20.2709 -10.6144 4.3757 -20.2709 -12.5051
2 24 7.0487 -20.2709 -11.2179 4.3757 -20.2709 -12.5051
2 24 4.3757 -20.2709 -12.5051 7.0487 -20.2709 -11.2179
2 24 7.0487 -20.2709 -11.2179 9.3682 -20.2709 -9.3682
2 24 7.0487 -20.2709 -11.2179 9.3682 -20.2709 -9.3682
2 24 9.3682 -20.2709 -9.3682 11.2179 -20.2709 -7.0487
2 24 9.3682 -20.2709 -9.3682 11.2179 -20.2709 -7.0487
2 24 11.2179 -20.2709 -7.0487 12.2208 -20.2709 -5.062
2 24 11.2179 -20.2709 -7.0487 12.2208 -20.2709 -5.062
2 24 12.2208 -20.2709 -5.062 12.9164 -20.2709 -2.9481
2 24 12.2208 -20.2709 -5.062 12.9164 -20.2709 -2.9481
2 24 12.9164 -20.2709 -2.9481 13.0667 -20.2709 -1.6139
2 24 13.2486 -20.2709 0 13.0667 -20.2709 -1.6139
2 24 12.9164 -20.2709 2.9481 13.2486 -20.2709 0
2 24 -14.6446 0.4269 -2.8894 -15.047 1.2174 -6.1935
2 24 -13.8289 1.1073 -5.729 -14.6446 0.4269 -2.8894
2 24 -14.6446 0.4269 -2.8894 -13.8289 1.1073 -5.729
2 24 -13.8289 1.1073 -5.729 -12.732 1.6477 -8
2 24 -12.732 1.6477 -8 -10.6696 2.2837 -10.6696
2 24 -10.6696 2.2837 -10.6696 -8.0502 2.7909 -12.8118
2 24 -8.0502 2.7909 -12.8118 -5.0072 3.1457 -14.3097
2 24 -5.0072 3.1457 -14.3097 -2.5374 3.2957 -14.9348
2 24 -2.5374 3.2957 -14.9348 0 3.354 -15.1774
2 24 0 3.354 -15.1774 2.5374 3.2957 -14.9348
2 24 2.5374 3.2957 -14.9348 5.0072 3.1457 -14.3097
2 24 5.0072 3.1457 -14.3097 8.0502 2.7909 -12.8118
2 24 8.0502 2.7909 -12.8118 10.6696 2.2838 -10.6696
2 24 10.6696 2.2838 -10.6696 12.732 1.6477 -8
2 24 12.732 1.6477 -8 13.8289 1.1073 -5.7291
2 24 13.8289 1.1073 -5.7291 14.6633 0.4269 -2.8894
2 24 -15.047 1.2174 -6.1935 -14.6256 2.0536 -9.7028
2 24 -13.8289 1.1073 -5.729 -12.732 1.6477 -8
2 24 -12.732 1.6477 -8 -10.6696 2.2837 -10.6696
2 24 -14.6256 2.0536 -9.7028 -13.2628 2.8556 -13.0786
2 24 -10.6696 2.2837 -10.6696 -8.0502 2.7909 -12.8118
2 24 -13.2628 2.8556 -13.0786 -10.8239 3.6604 -16.448
2 24 -8.0502 2.7909 -12.8118 -5.0072 3.1457 -14.3097
2 24 -10.8239 3.6604 -16.448 -6.95 4.3568 -19.374
2 24 -6.95 4.3568 -19.374 -3.5219 4.638 -20.5777
2 24 -5.0072 3.1457 -14.3097 -2.5374 3.2957 -14.9348
2 24 -3.5219 4.638 -20.5777 0 4.7532 -21.0664
2 24 -2.5374 3.2957 -14.9348 0 3.354 -15.1774
2 24 0 4.7532 -21.0664 3.5219 4.638 -20.5777
2 24 0 3.354 -15.1774 2.5374 3.2957 -14.9348
2 24 3.5219 4.638 -20.5777 6.95 4.3568 -19.374
2 24 2.5374 3.2957 -14.9348 5.0072 3.1457 -14.3097
2 24 6.95 4.3568 -19.374 10.8239 3.6604 -16.448
2 24 5.0072 3.1457 -14.3097 8.0502 2.7909 -12.8118
2 24 10.8239 3.6604 -16.448 13.2627 2.8556 -13.0786
2 24 8.0502 2.7909 -12.8118 10.6696 2.2838 -10.6696
2 24 13.2627 2.8556 -13.0786 14.6256 2.0536 -9.7028
2 24 10.6696 2.2838 -10.6696 12.732 1.6477 -8
2 24 14.6256 2.0536 -9.7028 15.047 1.2174 -6.1935
2 24 12.732 1.6477 -8 13.8289 1.1073 -5.7291
2 24 13.8289 1.1073 -5.7291 14.6633 0.4269 -2.8894
2 24 15.047 1.2174 -6.1935 14.6633 0.4269 -2.8894
2 24 14.6633 0.4269 -2.8894 15.2574 7.25 -3.0108
2 24 15.4863 7.25 0 15.2574 7.25 -3.0108
2 24 13.0528 -0.25 0 11.304 -0.25 6.5264
2 24 13.0528 7.25 0 11.304 7.25 6.5264
2 24 11.304 7.25 6.5264 6.5264 7.25 11.304
2 24 11.304 -0.25 6.5264 6.5264 -0.25 11.304
2 24 6.5264 7.25 11.304 0 7.25 13.0528
2 24 6.5264 -0.25 11.304 0 -0.25 13.0528
2 24 0 7.25 13.0528 -6.5264 7.25 11.304
2 24 0 -0.25 13.0528 -6.5264 -0.25 11.304
2 24 -6.5264 7.25 11.304 -11.304 7.25 6.5264
2 24 -6.5264 -0.25 11.304 -11.304 -0.25 6.5264
2 24 -11.304 7.25 6.5264 -13.0528 7.25 0
2 24 -11.304 -0.25 6.5264 -13.0528 -0.25 0
2 24 -13.0528 7.25 0 -11.304 7.25 -6.5264
2 24 -13.0528 -0.25 0 -11.304 -0.25 -6.5264
2 24 -11.304 7.25 -6.5264 -6.5264 7.25 -11.304
2 24 -11.304 -0.25 -6.5264 -6.5264 -0.25 -11.304
2 24 -6.5264 7.25 -11.304 0 7.25 -13.0528
2 24 -6.5264 -0.25 -11.304 0 -0.25 -13.0528
2 24 0 7.25 -13.0528 6.5264 7.25 -11.304
2 24 0 -0.25 -13.0528 6.5264 -0.25 -11.304
2 24 6.5264 7.25 -11.304 11.3041 7.25 -6.5264
2 24 6.5264 -0.25 -11.304 11.3041 -0.25 -6.5264
2 24 13.0528 7.25 0 11.3041 7.25 -6.5264
2 24 13.0528 -0.25 0 11.3041 -0.25 -6.5264
2 24 13.0528 7.25 0 11.304 7.25 6.5264
2 24 15.1491 7.25 3.5114 13.098 7.25 8.322
2 24 15.4863 7.25 0 15.1491 7.25 3.5114
2 24 15.2574 7.25 -3.0108 15.4828 7.25 -6.31
2 24 15.2574 7.25 -3.0108 14.6633 0.4269 -2.8894
2 24 15.047 1.2174 -6.1935 14.6633 0.4269 -2.8894
2 24 15.1491 7.25 3.5114 13.098 7.25 8.322
2 24 13.098 7.25 8.322 9.6369 7.25 12.2043
2 24 6.5264 7.25 11.304 0 7.25 13.0528
2 24 5.089 7.25 14.688 0 7.25 15.5444
2 24 9.6369 7.25 12.2043 5.089 7.25 14.688
2 24 5.089 7.25 14.688 0 7.25 15.5444
2 24 0 7.25 15.5444 -5.089 7.25 14.688
2 24 -5.089 7.25 14.688 -9.6369 7.25 12.2043
2 24 -9.6369 7.25 12.2043 -13.098 7.25 8.322
2 24 -9.6369 7.25 12.2043 -5.089 7.25 14.688
2 24 -13.098 7.25 8.322 -15.1491 7.25 3.5114
2 24 -15.1491 7.25 3.5114 -15.4869 7.25 0
2 24 -15.1491 7.25 3.5114 -15.4869 7.25 0
2 24 13.0528 7.25 0 11.3041 7.25 -6.5264
2 24 15.2574 7.25 -3.0108 15.4828 7.25 -6.31
2 24 -15.4828 7.25 -6.31 -15.2381 7.25 -3.0108
2 24 -15.047 1.2174 -6.1935 -14.6446 0.4269 -2.8894
2 24 -15.2381 7.25 -3.0108 -14.6446 0.4269 -2.8894
2 24 -15.4828 7.25 -6.31 -14.899 7.25 -9.8854
2 24 -15.047 1.2174 -6.1935 -14.6256 2.0536 -9.7028
2 24 -14.899 7.25 -9.8854 -15.4828 7.25 -6.31
2 24 -14.6256 2.0536 -9.7028 -13.2628 2.8556 -13.0786
2 24 -14.899 7.25 -9.8854 -13.5123 7.25 -13.3247
2 24 -11.0276 7.25 -16.7574 -13.5123 7.25 -13.3247
2 24 -11.304 7.25 -6.5264 -6.5264 7.25 -11.304
2 24 -14.899 7.25 -9.8854 -13.5123 7.25 -13.3247
2 24 -13.2628 2.8556 -13.0786 -10.8239 3.6604 -16.448
2 24 -13.5123 7.25 -13.3247 -11.0276 7.25 -16.7574
2 24 -10.8239 3.6604 -16.448 -6.95 4.3568 -19.374
2 24 -11.0276 7.25 -16.7574 -7.0808 7.25 -19.7385
2 24 -11.0276 7.25 -16.7574 -7.0808 7.25 -19.7385
2 24 -6.5264 7.25 -11.304 0 7.25 -13.0528
2 24 -7.0808 7.25 -19.7385 -3.5882 7.25 -20.9649
2 24 -6.95 4.3568 -19.374 -3.5219 4.638 -20.5777
2 24 -7.0808 7.25 -19.7385 -3.5882 7.25 -20.9649
2 24 -3.5882 7.25 -20.9649 0 7.25 -21.4628
2 24 -3.5219 4.638 -20.5777 0 4.7532 -21.0664
2 24 -3.5882 7.25 -20.9649 0 7.25 -21.4628
2 24 0 7.25 -21.4628 3.5881 7.25 -20.9649
2 24 0 4.7532 -21.0664 3.5219 4.638 -20.5777
2 24 0 7.25 -21.4628 3.5881 7.25 -20.9649
2 24 0 7.25 -13.0528 6.5264 7.25 -11.304
2 24 7.0808 7.25 -19.7385 11.0276 7.25 -16.7574
2 24 3.5881 7.25 -20.9649 7.0808 7.25 -19.7385
2 24 3.5219 4.638 -20.5777 6.95 4.3568 -19.374
2 24 3.5881 7.25 -20.9649 7.0808 7.25 -19.7385
2 24 6.95 4.3568 -19.374 10.8239 3.6604 -16.448
2 24 7.0808 7.25 -19.7385 11.0276 7.25 -16.7574
2 24 10.8239 3.6604 -16.448 13.2627 2.8556 -13.0786
2 24 11.0276 7.25 -16.7574 13.5123 7.25 -13.3247
2 24 11.0276 7.25 -16.7574 13.5123 7.25 -13.3247
2 24 11.3041 7.25 -6.5264 6.5264 7.25 -11.304
2 24 13.5123 7.25 -13.3247 14.899 7.25 -9.8854
2 24 13.2627 2.8556 -13.0786 14.6256 2.0536 -9.7028
2 24 13.5123 7.25 -13.3247 14.899 7.25 -9.8854
2 24 15.4828 7.25 -6.31 14.899 7.25 -9.8854
2 24 15.047 1.2174 -6.1935 14.6256 2.0536 -9.7028
2 24 15.4828 7.25 -6.31 14.899 7.25 -9.8854
2 24 -1.6875 -28.846 -15.7898 -3.4651 -27.5975 -15.3101
2 24 0 -29.2304 -15.9086 1.6875 -28.846 -15.7898
2 24 -1.6875 -28.846 -15.7898 0 -29.2304 -15.9086
2 24 3.4651 -27.5975 -15.3101 1.6875 -28.846 -15.7898
2 24 4.699 -26.316 -12.0116 4.7284 -24.465 -11.9837
2 24 -4.699 -26.316 -12.0116 -4.7284 -24.465 -11.9837
2 24 4.699 -26.316 -12.0116 3.6046 -28.3401 -11.9877
2 24 -4.699 -26.316 -12.0116 -3.6046 -28.3401 -11.9877
2 24 3.6046 -28.3401 -11.9877 1.6002 -29.7325 -11.9853
2 24 -3.6046 -28.3401 -11.9877 -1.6002 -29.7325 -11.9853
2 24 1.6002 -29.7325 -11.9853 0 -30.0501 -11.9911
2 24 -1.6002 -29.7325 -11.9853 0 -30.0501 -11.9911
2 24 -4.7284 -24.465 -11.9837 -4.1167 -21.3769 -11.9342
2 24 4.3757 -20.2709 -12.5051 3.804 -20.2709 -10.6144
2 24 4.1167 -21.3769 -11.9342 3.804 -20.2709 -10.6144
2 24 -4.1167 -21.3769 -11.9342 -3.6778 -20.2709 -10.6144
2 24 -4.3757 -20.2709 -12.5051 -3.6778 -20.2709 -10.6144
2 24 4.7284 -24.465 -11.9837 4.1167 -21.3769 -11.9342
2 24 -4.1167 -21.3769 -11.9342 0 -21.3198 -11.7369
2 24 4.1167 -21.3769 -11.9342 0 -21.3198 -11.7369
2 24 3.804 -20.2709 -10.6144 0 -20.2709 -10.5838
2 24 -3.6778 -20.2709 -10.6144 0 -20.2709 -10.5838
2 24 -4.3757 -20.2709 -12.5051 -3.0737 -14.116 -13.3895
2 24 3.804 -20.2709 -10.6144 0 -20.2709 -10.5838
2 24 -3.6778 -20.2709 -10.6144 0 -20.2709 -10.5838
2 24 -4.3757 -20.2709 -12.5051 -3.0737 -14.116 -13.3895
2 24 4.3757 -20.2709 -12.5051 3.103 -14.0743 -13.3826
2 24 0.0234 -11.9105 -13.9355 -1.9952 -12.625 -13.7278
2 24 0.0234 -11.9105 -13.9355 1.9704 -12.6 -13.7339
2 24 3.103 -14.0743 -13.3826 1.9704 -12.6 -13.7339
2 24 -3.0737 -14.116 -13.3895 -1.9952 -12.625 -13.7278
2 24 1.9704 -12.6 -13.7339 3.103 -14.0743 -13.3826
2 24 -3.0737 -14.116 -13.3895 -1.9952 -12.625 -13.7278
2 24 1.9704 -12.6 -13.7339 0.0234 -11.9105 -13.9355
2 24 -1.9952 -12.625 -13.7278 0.0234 -11.9105 -13.9355
2 24 4.3757 -20.2709 -12.5051 3.103 -14.0743 -13.3826
2 24 15.1491 7.25 3.5114 15.4863 7.25 0
2 24 15.2574 7.25 -3.0108 15.4863 7.25 0
2 24 13.098 7.25 8.322 9.6369 7.25 12.2043
2 24 11.304 7.25 6.5264 6.5264 7.25 11.304
2 24 5.089 7.25 14.688 9.6369 7.25 12.2043
2 24 0 7.25 13.0528 -6.5264 7.25 11.304
2 24 0 7.25 15.5444 -5.089 7.25 14.688
2 24 -6.5264 7.25 11.304 -11.304 7.25 6.5264
2 24 -9.6369 7.25 12.2043 -13.098 7.25 8.322
2 24 -15.1491 7.25 3.5114 -13.098 7.25 8.322
2 24 -13.0528 7.25 0 -11.304 7.25 6.5264
2 24 -15.4828 7.25 -6.31 -15.2381 7.25 -3.0108
2 24 -13.0528 7.25 0 -11.304 7.25 -6.5264
2 24 12.9164 -20.2709 -2.9481 13.0667 -20.2709 -1.6139
2 24 -13.2486 -20.2709 0 -13.0944 -20.2709 -1.3685
2 24 -14.6446 0.4269 -2.8894 -15.2381 7.25 -3.0108
2 24 -15.4869 7.25 0 -15.2381 7.25 -3.0108
2 24 -13.0944 -20.2709 -1.3685 -12.9164 -20.2709 -2.9481
2 24 13.0667 -20.2709 -1.6139 13.2486 -20.2709 0
2 24 -15.4869 7.25 0 -15.2381 7.25 -3.0108
2 24 8.7656 0.0178 0 7.5912 0.0178 4.3828
2 24 9.0515 -17.4822 0 7.8388 -17.4822 4.5257
2 24 5.3973 0.0177 3.1162 6.2323 0.0177 0
2 24 7.5912 0.0178 4.3828 8.7656 0.0178 0
2 24 6.2323 -17.4823 0 5.3973 -17.4823 3.1162
2 24 6.2323 0.0177 0 5.3973 0.0177 3.1162
2 24 5.3973 -17.4823 3.1162 3.1162 -17.4823 5.3973
2 24 5.3973 0.0177 3.1162 3.1162 0.0177 5.3973
2 24 3.1162 -17.4823 5.3973 0 -17.4888 6.2276
2 24 3.1162 0.0177 5.3973 0 0.0112 6.2276
2 24 0 -17.4888 6.2276 -3.1162 -17.4823 5.3973
2 24 0 0.0112 6.2276 -3.1162 0.0177 5.3973
2 24 -3.1162 -17.4823 5.3973 -5.3973 -17.4823 3.1162
2 24 -3.1162 0.0177 5.3973 -5.3973 0.0177 3.1162
2 24 -5.3973 -17.4823 3.1162 -6.2323 -17.4823 0
2 24 -5.3973 0.0177 3.1162 -6.2323 0.0177 0
2 24 -6.2323 -17.4823 0 -5.3973 -17.4823 -3.1162
2 24 -6.2323 0.0177 0 -5.3973 0.0177 -3.1162
2 24 -5.3973 -17.4823 -3.1162 -3.1162 -17.4823 -5.3973
2 24 -5.3973 0.0177 -3.1162 -3.1162 0.0177 -5.3973
2 24 -3.1162 -17.4823 -5.3973 0 -17.4823 -6.2323
2 24 -3.1162 0.0177 -5.3973 0 0.0177 -6.2323
2 24 0 -17.4823 -6.2323 3.1162 -17.4823 -5.3973
2 24 0 0.0177 -6.2323 3.1162 0.0177 -5.3973
2 24 3.1162 -17.4823 -5.3973 5.3973 -17.4823 -3.1162
2 24 3.1162 0.0177 -5.3973 5.3973 0.0177 -3.1162
2 24 6.2323 -17.4823 0 5.3973 -17.4823 -3.1162
2 24 6.2323 0.0177 0 5.3973 0.0177 -3.1162
2 24 5.3973 -17.4823 3.1162 6.2323 -17.4823 0
2 24 5.3973 -17.4823 3.1162 3.1162 -17.4823 5.3973
2 24 3.1162 -17.4823 5.3973 0 -17.4888 6.2276
2 24 0 -17.4888 6.2276 -3.1162 -17.4823 5.3973
2 24 -3.1162 -17.4823 5.3973 -5.3973 -17.4823 3.1162
2 24 -5.3973 -17.4823 3.1162 -6.2323 -17.4823 0
2 24 -6.2323 -17.4823 0 -5.3973 -17.4823 -3.1162
2 24 -5.3973 -17.4823 -3.1162 -3.1162 -17.4823 -5.3973
2 24 -3.1162 -17.4823 -5.3973 0 -17.4823 -6.2323
2 24 0 -17.4823 -6.2323 3.1162 -17.4823 -5.3973
2 24 3.1162 -17.4823 -5.3973 5.3973 -17.4823 -3.1162
2 24 6.2323 -17.4823 0 5.3973 -17.4823 -3.1162
2 24 7.8388 -17.4822 4.5257 4.5257 -17.4822 7.8388
2 24 7.5912 0.0178 4.3828 4.3828 0.0178 7.5912
2 24 7.5912 0.0178 4.3828 4.3828 0.0178 7.5912
2 24 5.3973 0.0177 3.1162 3.1162 0.0177 5.3973
2 24 4.5257 -17.4822 7.8388 0 -17.4885 9.0561
2 24 4.3828 0.0178 7.5912 0 0.0115 8.7703
2 24 4.3828 0.0178 7.5912 0 0.0115 8.7703
2 24 3.1162 0.0177 5.3973 0 0.0112 6.2276
2 24 0 -17.4885 9.0561 -4.5257 -17.4822 7.8388
2 24 0 0.0115 8.7703 -4.3828 0.0178 7.5912
2 24 0 0.0115 8.7703 -4.3828 0.0178 7.5912
2 24 0 0.0112 6.2276 -3.1162 0.0177 5.3973
2 24 -4.5257 -17.4822 7.8388 -7.8388 -17.4822 4.5257
2 24 -4.3828 0.0178 7.5912 -7.5912 0.0178 4.3828
2 24 -4.3828 0.0178 7.5912 -7.5912 0.0178 4.3828
2 24 -3.1162 0.0177 5.3973 -5.3973 0.0177 3.1162
2 24 -7.8388 -17.4822 4.5257 -9.0515 -17.4822 0
2 24 -7.5912 0.0178 4.3828 -8.7656 0.0178 0
2 24 -7.5912 0.0178 4.3828 -8.7656 0.0178 0
2 24 -5.3973 0.0177 3.1162 -6.2323 0.0177 0
2 24 -9.0515 -17.4822 0 -7.8388 -17.4822 -4.5257
2 24 -8.7656 0.0178 0 -7.5912 0.0178 -4.3828
2 24 -8.7656 0.0178 0 -7.5912 0.0178 -4.3828
2 24 -6.2323 0.0177 0 -5.3973 0.0177 -3.1162
2 24 -7.8388 -17.4822 -4.5257 -4.5257 -17.4822 -7.8388
2 24 -7.5912 0.0178 -4.3828 -4.3828 0.0178 -7.5912
2 24 -7.5912 0.0178 -4.3828 -4.3828 0.0178 -7.5912
2 24 -5.3973 0.0177 -3.1162 -3.1162 0.0177 -5.3973
2 24 -4.5257 -17.4822 -7.8388 0 -17.4822 -9.0514
2 24 -4.3828 0.0178 -7.5912 0 0.0178 -8.7656
2 24 -4.3828 0.0178 -7.5912 0 0.0178 -8.7656
2 24 -3.1162 0.0177 -5.3973 0 0.0177 -6.2323
2 24 0 -17.4822 -9.0514 4.5257 -17.4822 -7.8388
2 24 0 0.0178 -8.7656 4.3828 0.0178 -7.5912
2 24 0 0.0178 -8.7656 4.3828 0.0178 -7.5912
2 24 0 0.0177 -6.2323 3.1162 0.0177 -5.3973
2 24 4.5257 -17.4822 -7.8388 7.8388 -17.4822 -4.5257
2 24 4.3828 0.0178 -7.5912 7.5912 0.0178 -4.3828
2 24 4.3828 0.0178 -7.5912 7.5912 0.0178 -4.3828
2 24 3.1162 0.0177 -5.3973 5.3973 0.0177 -3.1162
2 24 9.0515 -17.4822 0 7.8388 -17.4822 -4.5257
2 24 8.7656 0.0178 0 7.5912 0.0178 -4.3828
2 24 8.7656 0.0178 0 7.5912 0.0178 -4.3828
2 24 6.2323 0.0177 0 5.3973 0.0177 -3.1162
2 24 7.8388 -17.4822 4.5257 9.0515 -17.4822 0
2 24 9.0354 -17.4816 5.2167 10.4333 -17.4816 0.0001
2 24 7.8388 -17.4822 4.5257 4.5257 -17.4822 7.8388
2 24 9.0354 -17.4816 5.2167 5.2166 -17.4816 9.0355
2 24 4.5257 -17.4822 7.8388 0 -17.4885 9.0561
2 24 5.2166 -17.4816 9.0355 -0.0001 -17.4874 10.4286
2 24 0 -17.4885 9.0561 -4.5257 -17.4822 7.8388
2 24 -0.0001 -17.4874 10.4286 -5.2167 -17.4816 9.0354
2 24 -4.5257 -17.4822 7.8388 -7.8388 -17.4822 4.5257
2 24 -5.2167 -17.4816 9.0354 -9.0355 -17.4816 5.2166
2 24 -7.8388 -17.4822 4.5257 -9.0515 -17.4822 0
2 24 -9.0355 -17.4816 5.2166 -10.4333 -17.4816 -0.0001
2 24 -9.0515 -17.4822 0 -7.8388 -17.4822 -4.5257
2 24 -10.4333 -17.4816 -0.0001 -9.0354 -17.4816 -5.2167
2 24 -7.8388 -17.4822 -4.5257 -4.5257 -17.4822 -7.8388
2 24 -9.0354 -17.4816 -5.2167 -5.2166 -17.4816 -9.0355
2 24 -4.5257 -17.4822 -7.8388 0 -17.4822 -9.0514
2 24 -5.2166 -17.4816 -9.0355 0.0001 -17.4816 -10.4333
2 24 0 -17.4822 -9.0514 4.5257 -17.4822 -7.8388
2 24 0.0001 -17.4816 -10.4333 5.2167 -17.4816 -9.0354
2 24 4.5257 -17.4822 -7.8388 7.8388 -17.4822 -4.5257
2 24 5.2167 -17.4816 -9.0354 9.0355 -17.4816 -5.2166
2 24 9.0515 -17.4822 0 7.8388 -17.4822 -4.5257
2 24 10.4333 -17.4816 0.0001 9.0355 -17.4816 -5.2166
2 24 11.8389 -0.2316 0.0001 10.2527 -0.2316 5.9195
2 24 13.0351 -0.2323 0 11.2887 -0.2323 6.5176
2 24 10.4333 -17.4816 0.0001 9.0354 -17.4816 5.2167
2 24 11.8389 -0.2316 0.0001 10.2527 -0.2316 5.9195
2 24 10.2527 -0.2316 5.9195 5.9194 -0.2316 10.2528
2 24 11.2887 -0.2323 6.5176 6.5176 -0.2323 11.2887
2 24 9.0354 -17.4816 5.2167 5.2166 -17.4816 9.0355
2 24 10.2527 -0.2316 5.9195 5.9194 -0.2316 10.2528
2 24 5.9194 -0.2316 10.2528 -0.0001 -0.2374 11.8342
2 24 6.5176 -0.2323 11.2887 0 -0.2388 13.0304
2 24 5.2166 -17.4816 9.0355 -0.0001 -17.4874 10.4286
2 24 5.9194 -0.2316 10.2528 -0.0001 -0.2374 11.8342
2 24 -0.0001 -0.2374 11.8342 -5.9195 -0.2316 10.2527
2 24 0 -0.2388 13.0304 -6.5176 -0.2323 11.2887
2 24 -0.0001 -17.4874 10.4286 -5.2167 -17.4816 9.0354
2 24 -0.0001 -0.2374 11.8342 -5.9195 -0.2316 10.2527
2 24 -5.9195 -0.2316 10.2527 -10.2528 -0.2316 5.9194
2 24 -6.5176 -0.2323 11.2887 -11.2887 -0.2323 6.5176
2 24 -5.2167 -17.4816 9.0354 -9.0355 -17.4816 5.2166
2 24 -5.9195 -0.2316 10.2527 -10.2528 -0.2316 5.9194
2 24 -10.2528 -0.2316 5.9194 -11.8389 -0.2316 -0.0001
2 24 -11.2887 -0.2323 6.5176 -13.0351 -0.2323 0
2 24 -9.0355 -17.4816 5.2166 -10.4333 -17.4816 -0.0001
2 24 -10.2528 -0.2316 5.9194 -11.8389 -0.2316 -0.0001
2 24 -11.8389 -0.2316 -0.0001 -10.2527 -0.2316 -5.9195
2 24 -13.0351 -0.2323 0 -11.2887 -0.2323 -6.5176
2 24 -10.4333 -17.4816 -0.0001 -9.0354 -17.4816 -5.2167
2 24 -11.8389 -0.2316 -0.0001 -10.2527 -0.2316 -5.9195
2 24 -10.2527 -0.2316 -5.9195 -5.9194 -0.2316 -10.2528
2 24 -11.2887 -0.2323 -6.5176 -6.5176 -0.2323 -11.2887
2 24 -9.0354 -17.4816 -5.2167 -5.2166 -17.4816 -9.0355
2 24 -10.2527 -0.2316 -5.9195 -5.9194 -0.2316 -10.2528
2 24 -5.9194 -0.2316 -10.2528 0.0001 -0.2316 -11.8389
2 24 -6.5176 -0.2323 -11.2887 0 -0.2323 -13.0351
2 24 -5.2166 -17.4816 -9.0355 0.0001 -17.4816 -10.4333
2 24 -5.9194 -0.2316 -10.2528 0.0001 -0.2316 -11.8389
2 24 0.0001 -0.2316 -11.8389 5.9195 -0.2316 -10.2527
2 24 0 -0.2323 -13.0351 6.5176 -0.2323 -11.2887
2 24 0.0001 -17.4816 -10.4333 5.2167 -17.4816 -9.0354
2 24 0.0001 -0.2316 -11.8389 5.9195 -0.2316 -10.2527
2 24 5.9195 -0.2316 -10.2527 10.2528 -0.2316 -5.9194
2 24 6.5176 -0.2323 -11.2887 11.2887 -0.2323 -6.5176
2 24 5.2167 -17.4816 -9.0354 9.0355 -17.4816 -5.2166
2 24 5.9195 -0.2316 -10.2527 10.2528 -0.2316 -5.9194
2 24 11.8389 -0.2316 0.0001 10.2528 -0.2316 -5.9194
2 24 13.0351 -0.2323 0 11.2887 -0.2323 -6.5176
2 24 10.4333 -17.4816 0.0001 9.0355 -17.4816 -5.2166
2 24 11.8389 -0.2316 0.0001 10.2528 -0.2316 -5.9194
2 24 13.2655 -20.2893 0.0005 12.9327 -20.2893 2.9528
2 24 12.9327 -20.2893 2.9528 11.2322 -20.2893 7.0577
2 24 12.9327 -20.2893 2.9528 11.2322 -20.2893 7.0577
2 24 11.2322 -20.2893 7.0577 8.2709 -20.2893 10.3714
2 24 11.2322 -20.2893 7.0577 8.2709 -20.2893 10.3714
2 24 8.2709 -20.2893 10.3714 4.3813 -20.2893 12.5211
2 24 8.2709 -20.2893 10.3714 4.3813 -20.2893 12.5211
2 24 4.3813 -20.2893 12.5211 0 -20.2893 13.2655
2 24 4.3813 -20.2893 12.5211 0 -20.2893 13.2655
2 24 0 -20.2893 13.2655 -4.3813 -20.2893 12.5211
2 24 0 -20.2893 13.2655 -4.3813 -20.2893 12.5211
2 24 -4.3813 -20.2893 12.5211 -8.2709 -20.2893 10.3714
2 24 -4.3813 -20.2893 12.5211 -8.2709 -20.2893 10.3714
2 24 -8.2709 -20.2893 10.3714 -11.2322 -20.2893 7.0577
2 24 -8.2709 -20.2893 10.3714 -11.2322 -20.2893 7.0577
2 24 -11.2322 -20.2893 7.0577 -12.9327 -20.2893 2.9528
2 24 -11.2322 -20.2893 7.0577 -12.9327 -20.2893 2.9528
2 24 -12.9327 -20.2893 2.9528 -13.2655 -20.2893 0.0007
2 24 -12.9327 -20.2893 2.9528 -13.2655 -20.2893 0.0007
2 24 -13.2655 -20.2893 0.0007 -13.1159 -20.2834 -1.3709
2 24 -13.1159 -20.2834 -1.3709 -12.9329 -20.2892 -2.952
2 24 -12.9329 -20.2892 -2.952 -12.2365 -20.2893 -5.0685
2 24 -12.9329 -20.2892 -2.952 -12.2365 -20.2893 -5.0685
2 24 -12.2365 -20.2893 -5.0685 -11.232 -20.2893 -7.058
2 24 -12.2365 -20.2893 -5.0685 -11.232 -20.2893 -7.058
2 24 -11.232 -20.2893 -7.058 -9.3801 -20.2893 -9.3801
2 24 -11.232 -20.2893 -7.058 -9.3801 -20.2893 -9.3801
2 24 -9.3801 -20.2893 -9.3801 -7.0577 -20.2893 -11.2322
2 24 -9.3801 -20.2893 -9.3801 -7.0577 -20.2893 -11.2322
2 24 -7.0577 -20.2893 -11.2322 -4.3953 -20.2767 -12.5195
2 24 -3.68 -20.2928 -10.6025 -4.3953 -20.2767 -12.5195
2 24 -7.0577 -20.2893 -11.2322 -4.3953 -20.2767 -12.5195
2 24 3.8063 -20.2928 -10.6027 4.3952 -20.2768 -12.5196
2 24 7.0577 -20.2893 -11.2322 4.3952 -20.2768 -12.5196
2 24 4.3952 -20.2768 -12.5196 7.0577 -20.2893 -11.2322
2 24 7.0577 -20.2893 -11.2322 9.3801 -20.2893 -9.3801
2 24 7.0577 -20.2893 -11.2322 9.3801 -20.2893 -9.3801
2 24 9.3801 -20.2893 -9.3801 11.232 -20.2893 -7.058
2 24 9.3801 -20.2893 -9.3801 11.232 -20.2893 -7.058
2 24 11.232 -20.2893 -7.058 12.2365 -20.2893 -5.0685
2 24 11.232 -20.2893 -7.058 12.2365 -20.2893 -5.0685
2 24 12.2365 -20.2893 -5.0685 12.9329 -20.2892 -2.9521
2 24 12.2365 -20.2893 -5.0685 12.9329 -20.2892 -2.9521
2 24 12.9329 -20.2892 -2.9521 13.0882 -20.2835 -1.6164
2 24 13.2655 -20.2893 0.0005 13.0882 -20.2835 -1.6164
2 24 12.9327 -20.2893 2.9528 13.2655 -20.2893 0.0005
2 24 -14.6674 0.4174 -2.8933 -15.064 1.1994 -6.1974
2 24 -13.844 1.09 -5.739 -14.6674 0.4174 -2.8933
2 24 -14.6674 0.4174 -2.8933 -13.844 1.09 -5.739
2 24 -13.844 1.09 -5.739 -12.7452 1.6307 -8.0128
2 24 -12.7452 1.6307 -8.0128 -10.6806 2.267 -10.6846
2 24 -10.6806 2.267 -10.6846 -8.0584 2.7744 -12.8287
2 24 -8.0584 2.7744 -12.8287 -5.0126 3.1293 -14.3278
2 24 -5.0126 3.1293 -14.3278 -2.5399 3.2794 -14.9536
2 24 -2.5399 3.2794 -14.9536 0 3.3377 -15.1964
2 24 0 3.3377 -15.1964 2.5399 3.2794 -14.9536
2 24 2.5399 3.2794 -14.9536 5.0126 3.1293 -14.3278
2 24 5.0126 3.1293 -14.3278 8.0584 2.7744 -12.8287
2 24 8.0584 2.7744 -12.8287 10.6806 2.267 -10.6846
2 24 10.6806 2.267 -10.6846 12.7452 1.6307 -8.0128
2 24 12.7452 1.6307 -8.0128 13.844 1.09 -5.7391
2 24 13.844 1.09 -5.7391 14.6861 0.4174 -2.8933
2 24 -15.064 1.1994 -6.1974 -14.6417 2.0363 -9.7108
2 24 -13.844 1.09 -5.739 -12.7452 1.6307 -8.0128
2 24 -12.7452 1.6307 -8.0128 -10.6806 2.267 -10.6846
2 24 -14.6417 2.0363 -9.7108 -13.277 2.8386 -13.0902
2 24 -10.6806 2.267 -10.6846 -8.0584 2.7744 -12.8287
2 24 -13.277 2.8386 -13.0902 -10.8352 3.6435 -16.4626
2 24 -8.0584 2.7744 -12.8287 -5.0126 3.1293 -14.3278
2 24 -10.8352 3.6435 -16.4626 -6.9577 4.3399 -19.3908
2 24 -6.9577 4.3399 -19.3908 -3.5255 4.6211 -20.5958
2 24 -5.0126 3.1293 -14.3278 -2.5399 3.2794 -14.9536
2 24 -3.5255 4.6211 -20.5958 0 4.7362 -21.0848
2 24 -2.5399 3.2794 -14.9536 0 3.3377 -15.1964
2 24 0 4.7362 -21.0848 3.5255 4.6211 -20.5958
2 24 0 3.3377 -15.1964 2.5399 3.2794 -14.9536
2 24 3.5255 4.6211 -20.5958 6.9577 4.3399 -19.3908
2 24 2.5399 3.2794 -14.9536 5.0126 3.1293 -14.3278
2 24 6.9577 4.3399 -19.3908 10.8352 3.6435 -16.4626
2 24 5.0126 3.1293 -14.3278 8.0584 2.7744 -12.8287
2 24 10.8352 3.6435 -16.4626 13.277 2.8386 -13.0902
2 24 8.0584 2.7744 -12.8287 10.6806 2.267 -10.6846
2 24 13.277 2.8386 -13.0902 14.6417 2.0363 -9.7108
2 24 10.6806 2.267 -10.6846 12.7452 1.6307 -8.0128
2 24 14.6417 2.0363 -9.7108 15.064 1.1994 -6.1975
2 24 12.7452 1.6307 -8.0128 13.844 1.09 -5.7391
2 24 13.844 1.09 -5.7391 14.6861 0.4174 -2.8933
2 24 15.064 1.1994 -6.1975 14.6861 0.4174 -2.8933
2 24 14.6861 0.4174 -2.8933 15.2805 7.2597 -3.0108
2 24 15.5047 7.2669 0.0003 15.2805 7.2597 -3.0108
2 24 13.0351 -0.2323 0 11.2887 -0.2323 6.5176
2 24 13.0351 7.2677 0 11.2887 7.2677 6.5176
2 24 11.2887 7.2677 6.5176 6.5176 7.2677 11.2887
2 24 11.2887 -0.2323 6.5176 6.5176 -0.2323 11.2887
2 24 6.5176 7.2677 11.2887 0 7.2612 13.0304
2 24 6.5176 -0.2323 11.2887 0 -0.2388 13.0304
2 24 0 7.2612 13.0304 -6.5176 7.2677 11.2887
2 24 0 -0.2388 13.0304 -6.5176 -0.2323 11.2887
2 24 -6.5176 7.2677 11.2887 -11.2887 7.2677 6.5176
2 24 -6.5176 -0.2323 11.2887 -11.2887 -0.2323 6.5176
2 24 -11.2887 7.2677 6.5176 -13.0351 7.2677 0
2 24 -11.2887 -0.2323 6.5176 -13.0351 -0.2323 0
2 24 -13.0351 7.2677 0 -11.2887 7.2677 -6.5176
2 24 -13.0351 -0.2323 0 -11.2887 -0.2323 -6.5176
2 24 -11.2887 7.2677 -6.5176 -6.5176 7.2677 -11.2887
2 24 -11.2887 -0.2323 -6.5176 -6.5176 -0.2323 -11.2887
2 24 -6.5176 7.2677 -11.2887 0 7.2677 -13.0351
2 24 -6.5176 -0.2323 -11.2887 0 -0.2323 -13.0351
2 24 0 7.2677 -13.0351 6.5176 7.2677 -11.2887
2 24 0 -0.2323 -13.0351 6.5176 -0.2323 -11.2887
2 24 6.5176 7.2677 -11.2887 11.2887 7.2677 -6.5176
2 24 6.5176 -0.2323 -11.2887 11.2887 -0.2323 -6.5176
2 24 13.0351 7.2677 0 11.2887 7.2677 -6.5176
2 24 13.0351 -0.2323 0 11.2887 -0.2323 -6.5176
2 24 13.0351 7.2677 0 11.2887 7.2677 6.5176
2 24 15.1668 7.2669 3.5165 13.1135 7.2669 8.3319
2 24 15.5047 7.2669 0.0003 15.1668 7.2669 3.5165
2 24 15.2805 7.2597 -3.0108 15.5011 7.2671 -6.3108
2 24 15.2805 7.2597 -3.0108 14.6861 0.4174 -2.8933
2 24 15.064 1.1994 -6.1975 14.6861 0.4174 -2.8933
2 24 15.1668 7.2669 3.5165 13.1135 7.2669 8.3319
2 24 13.1135 7.2669 8.3319 9.6484 7.2669 12.2187
2 24 6.5176 7.2677 11.2887 0 7.2612 13.0304
2 24 5.095 7.2669 14.7054 0 7.2669 15.5628
2 24 9.6484 7.2669 12.2187 5.095 7.2669 14.7054
2 24 5.095 7.2669 14.7054 0 7.2669 15.5628
2 24 0 7.2669 15.5628 -5.095 7.2669 14.7054
2 24 -5.095 7.2669 14.7054 -9.6484 7.2669 12.2187
2 24 -9.6484 7.2669 12.2187 -13.1135 7.2669 8.3319
2 24 -9.6484 7.2669 12.2187 -5.095 7.2669 14.7054
2 24 -13.1135 7.2669 8.3319 -15.1668 7.2669 3.5166
2 24 -15.1668 7.2669 3.5166 -15.5053 7.2669 0.0002
2 24 -15.1668 7.2669 3.5166 -15.5053 7.2669 0.0002
2 24 13.0351 7.2677 0 11.2887 7.2677 -6.5176
2 24 15.2805 7.2597 -3.0108 15.5011 7.2671 -6.3108
2 24 -15.5011 7.2671 -6.3107 -15.2612 7.2597 -3.0108
2 24 -15.064 1.1994 -6.1974 -14.6674 0.4174 -2.8933
2 24 -15.2612 7.2597 -3.0108 -14.6674 0.4174 -2.8933
2 24 -15.5011 7.2671 -6.3107 -14.9166 7.2671 -9.8903
2 24 -15.064 1.1994 -6.1974 -14.6417 2.0363 -9.7108
2 24 -14.9166 7.2671 -9.8903 -15.5011 7.2671 -6.3107
2 24 -14.6417 2.0363 -9.7108 -13.277 2.8386 -13.0902
2 24 -14.9166 7.2671 -9.8903 -13.5283 7.267 -13.3337
2 24 -11.0407 7.2667 -16.7706 -13.5283 7.267 -13.3337
2 24 -11.2887 7.2677 -6.5176 -6.5176 7.2677 -11.2887
2 24 -14.9166 7.2671 -9.8903 -13.5283 7.267 -13.3337
2 24 -13.277 2.8386 -13.0902 -10.8352 3.6435 -16.4626
2 24 -13.5283 7.267 -13.3337 -11.0407 7.2667 -16.7706
2 24 -10.8352 3.6435 -16.4626 -6.9577 4.3399 -19.3908
2 24 -11.0407 7.2667 -16.7706 -7.09 7.2665 -19.7549
2 24 -11.0407 7.2667 -16.7706 -7.09 7.2665 -19.7549
2 24 -6.5176 7.2677 -11.2887 0 7.2677 -13.0351
2 24 -7.09 7.2665 -19.7549 -3.5926 7.2663 -20.9833
2 24 -6.9577 4.3399 -19.3908 -3.5255 4.6211 -20.5958
2 24 -7.09 7.2665 -19.7549 -3.5926 7.2663 -20.9833
2 24 -3.5926 7.2663 -20.9833 0 7.2662 -21.4818
2 24 -3.5255 4.6211 -20.5958 0 4.7362 -21.0848
2 24 -3.5926 7.2663 -20.9833 0 7.2662 -21.4818
2 24 0 7.2662 -21.4818 3.5926 7.2663 -20.9833
2 24 0 4.7362 -21.0848 3.5255 4.6211 -20.5958
2 24 0 7.2662 -21.4818 3.5926 7.2663 -20.9833
2 24 0 7.2677 -13.0351 6.5176 7.2677 -11.2887
2 24 7.09 7.2665 -19.7549 11.0407 7.2667 -16.7706
2 24 3.5926 7.2663 -20.9833 7.09 7.2665 -19.7549
2 24 3.5255 4.6211 -20.5958 6.9577 4.3399 -19.3908
2 24 3.5926 7.2663 -20.9833 7.09 7.2665 -19.7549
2 24 6.9577 4.3399 -19.3908 10.8352 3.6435 -16.4626
2 24 7.09 7.2665 -19.7549 11.0407 7.2667 -16.7706
2 24 10.8352 3.6435 -16.4626 13.277 2.8386 -13.0902
2 24 11.0407 7.2667 -16.7706 13.5283 7.267 -13.3337
2 24 11.0407 7.2667 -16.7706 13.5283 7.267 -13.3337
2 24 11.2887 7.2677 -6.5176 6.5176 7.2677 -11.2887
2 24 13.5283 7.267 -13.3337 14.9166 7.2671 -9.8903
2 24 13.277 2.8386 -13.0902 14.6417 2.0363 -9.7108
2 24 13.5283 7.267 -13.3337 14.9166 7.2671 -9.8903
2 24 15.5011 7.2671 -6.3108 14.9166 7.2671 -9.8903
2 24 15.064 1.1994 -6.1975 14.6417 2.0363 -9.7108
2 24 15.5011 7.2671 -6.3108 14.9166 7.2671 -9.8903
2 24 -1.6965 -28.8588 -15.8094 -3.4812 -27.6068 -15.3268
2 24 0 -29.2443 -15.9294 1.6965 -28.8588 -15.8094
2 24 -1.6965 -28.8588 -15.8094 0 -29.2443 -15.9294
2 24 3.4812 -27.6068 -15.3268 1.6965 -28.8588 -15.8094
2 24 4.7076 -26.3187 -11.9883 4.7359 -24.4646 -11.9598
2 24 -4.7076 -26.3187 -11.9883 -4.7359 -24.4646 -11.9598
2 24 4.7076 -26.3187 -11.9883 3.614 -28.3482 -11.966
2 24 -4.7076 -26.3187 -11.9883 -3.614 -28.3482 -11.966
2 24 3.614 -28.3482 -11.966 1.6074 -29.7477 -11.9668
2 24 -3.614 -28.3482 -11.966 -1.6074 -29.7477 -11.9668
2 24 1.6074 -29.7477 -11.9668 0 -30.0685 -11.9742
2 24 -1.6074 -29.7477 -11.9668 0 -30.0685 -11.9742
2 24 -4.7359 -24.4646 -11.9598 -4.1232 -21.3814 -11.9105
2 24 4.3952 -20.2768 -12.5196 3.8063 -20.2928 -10.6027
2 24 4.1232 -21.3818 -11.9105 3.8063 -20.2928 -10.6027
2 24 -4.1232 -21.3814 -11.9105 -3.68 -20.2928 -10.6025
2 24 -4.3953 -20.2767 -12.5195 -3.68 -20.2928 -10.6025
2 24 4.7359 -24.4646 -11.9598 4.1232 -21.3818 -11.9105
2 24 -4.1232 -21.3814 -11.9105 0 -21.3266 -11.7128
2 24 4.1232 -21.3818 -11.9105 0 -21.3266 -11.7128
2 24 3.8063 -20.2928 -10.6027 0 -20.2942 -10.5748
2 24 -3.68 -20.2928 -10.6025 0 -20.2942 -10.5748
2 24 -4.3953 -20.2767 -12.5195 -3.0851 -14.1159 -13.4118
2 24 3.8063 -20.2928 -10.6027 0 -20.2942 -10.5748
2 24 -3.68 -20.2928 -10.6025 0 -20.2942 -10.5748
2 24 -4.3953 -20.2767 -12.5195 -3.0851 -14.1159 -13.4118
2 24 4.3952 -20.2768 -12.5196 3.1143 -14.074 -13.4049
2 24 0.0234 -11.9069 -13.9603 -2.0018 -12.6223 -13.7518
2 24 0.0234 -11.9069 -13.9603 1.9769 -12.5974 -13.7579
2 24 3.1143 -14.074 -13.4049 1.9769 -12.5974 -13.7579
2 24 -3.0851 -14.1159 -13.4118 -2.0018 -12.6223 -13.7518
2 24 1.9769 -12.5974 -13.7579 3.1143 -14.074 -13.4049
2 24 -3.0851 -14.1159 -13.4118 -2.0018 -12.6223 -13.7518
2 24 1.9769 -12.5974 -13.7579 0.0234 -11.9069 -13.9603
2 24 -2.0018 -12.6223 -13.7518 0.0234 -11.9069 -13.9603
2 24 4.3952 -20.2768 -12.5196 3.1143 -14.074 -13.4049
2 24 15.1668 7.2669 3.5165 15.5047 7.2669 0.0003
2 24 15.2805 7.2597 -3.0108 15.5047 7.2669 0.0003
2 24 13.1135 7.2669 8.3319 9.6484 7.2669 12.2187
2 24 11.2887 7.2677 6.5176 6.5176 7.2677 11.2887
2 24 5.095 7.2669 14.7054 9.6484 7.2669 12.2187
2 24 0 7.2612 13.0304 -6.5176 7.2677 11.2887
2 24 0 7.2669 15.5628 -5.095 7.2669 14.7054
2 24 -6.5176 7.2677 11.2887 -11.2887 7.2677 6.5176
2 24 -9.6484 7.2669 12.2187 -13.1135 7.2669 8.3319
2 24 -15.1668 7.2669 3.5166 -13.1135 7.2669 8.3319
2 24 -13.0351 7.2677 0 -11.2887 7.2677 6.5176
2 24 -15.5011 7.2671 -6.3107 -15.2612 7.2597 -3.0108
2 24 -13.0351 7.2677 0 -11.2887 7.2677 -6.5176
2 24 12.9329 -20.2892 -2.9521 13.0882 -20.2835 -1.6164
2 24 -13.2655 -20.2893 0.0007 -13.1159 -20.2834 -1.3709
2 24 -14.6674 0.4174 -2.8933 -15.2612 7.2597 -3.0108
2 24 -15.5053 7.2669 0.0002 -15.2612 7.2597 -3.0108
2 24 -13.1159 -20.2834 -1.3709 -12.9329 -20.2892 -2.952
2 24 13.0882 -20.2835 -1.6164 13.2655 -20.2893 0.0005
2 24 -15.5053 7.2669 0.0002 -15.2612 7.2597 -3.0108
0 STEP
