0 Untitled Model
0 Name: Untitled Model
0 Author: 
0 BFC CERTIFY CCW
3 16 8.7656 0.0178 0 7.5912 0.0178 4.3828 9.0515 -17.4822 0 0.0863 0.1319 0.0863 0.0898 0.2449 0.1319
3 16 9.0515 -17.4822 0 7.5912 0.0178 4.3828 7.8388 -17.4822 4.5257 0.2449 0.1319 0.0863 0.0898 0.2449 0.0898
3 16 5.3973 0.0177 3.1162 7.5912 0.0178 4.3828 6.2323 0.0177 0 0.2721 0.6562 0.293 0.6649 0.2542 0.6794
3 16 6.2323 0.0177 0 7.5912 0.0178 4.3828 8.7656 0.0178 0 0.2542 0.6794 0.293 0.6649 0.268 0.6974
3 16 6.2323 -17.4823 0 5.3973 -17.4823 3.1162 6.2323 0.0177 0 0.2543 0.0945 0.2543 0.065 0.4128 0.0945
3 16 6.2323 0.0177 0 5.3973 -17.4823 3.1162 5.3973 0.0177 3.1162 0.4128 0.0945 0.2543 0.065 0.4128 0.065
3 16 5.3973 -17.4823 3.1162 3.1162 -17.4823 5.3973 5.3973 0.0177 3.1162 0.2543 0.065 0.2543 0.0354 0.4128 0.065
3 16 5.3973 0.0177 3.1162 3.1162 -17.4823 5.3973 3.1162 0.0177 5.3973 0.4128 0.065 0.2543 0.0354 0.4128 0.0354
3 16 3.1162 -17.4823 5.3973 0 -17.4888 6.2276 3.1162 0.0177 5.3973 0.2543 0.0354 0.2543 0.0059 0.4128 0.0354
3 16 3.1162 0.0177 5.3973 0 -17.4888 6.2276 0 0.0112 6.2276 0.4128 0.0354 0.2543 0.0059 0.4128 0.0059
3 16 0 -17.4888 6.2276 -3.1162 -17.4823 5.3973 0 0.0112 6.2276 0.2543 0.3606 0.2543 0.331 0.4128 0.3606
3 16 0 0.0112 6.2276 -3.1162 -17.4823 5.3973 -3.1162 0.0177 5.3973 0.4128 0.3606 0.2543 0.331 0.4128 0.331
3 16 -3.1162 -17.4823 5.3973 -5.3973 -17.4823 3.1162 -3.1162 0.0177 5.3973 0.2543 0.331 0.2543 0.3015 0.4128 0.331
3 16 -3.1162 0.0177 5.3973 -5.3973 -17.4823 3.1162 -5.3973 0.0177 3.1162 0.4128 0.331 0.2543 0.3015 0.4128 0.3015
3 16 -5.3973 -17.4823 3.1162 -6.2323 -17.4823 0 -5.3973 0.0177 3.1162 0.2543 0.3015 0.2543 0.2719 0.4128 0.3015
3 16 -5.3973 0.0177 3.1162 -6.2323 -17.4823 0 -6.2323 0.0177 0 0.4128 0.3015 0.2543 0.2719 0.4128 0.2719
3 16 -6.2323 -17.4823 0 -5.3973 -17.4823 -3.1162 -6.2323 0.0177 0 0.2543 0.2719 0.2543 0.2423 0.4128 0.2719
3 16 -6.2323 0.0177 0 -5.3973 -17.4823 -3.1162 -5.3973 0.0177 -3.1162 0.4128 0.2719 0.2543 0.2423 0.4128 0.2423
3 16 -5.3973 -17.4823 -3.1162 -3.1162 -17.4823 -5.3973 -5.3973 0.0177 -3.1162 0.2543 0.2423 0.2543 0.2128 0.4128 0.2423
3 16 -5.3973 0.0177 -3.1162 -3.1162 -17.4823 -5.3973 -3.1162 0.0177 -5.3973 0.4128 0.2423 0.2543 0.2128 0.4128 0.2128
3 16 -3.1162 -17.4823 -5.3973 0 -17.4823 -6.2323 -3.1162 0.0177 -5.3973 0.2543 0.2128 0.2543 0.1832 0.4128 0.2128
3 16 -3.1162 0.0177 -5.3973 0 -17.4823 -6.2323 0 0.0177 -6.2323 0.4128 0.2128 0.2543 0.1832 0.4128 0.1832
3 16 0 -17.4823 -6.2323 3.1162 -17.4823 -5.3973 0 0.0177 -6.2323 0.2543 0.1832 0.2543 0.1537 0.4128 0.1832
3 16 0 0.0177 -6.2323 3.1162 -17.4823 -5.3973 3.1162 0.0177 -5.3973 0.4128 0.1832 0.2543 0.1537 0.4128 0.1537
3 16 3.1162 -17.4823 -5.3973 5.3973 -17.4823 -3.1162 3.1162 0.0177 -5.3973 0.2543 0.1537 0.2543 0.1241 0.4128 0.1537
3 16 3.1162 0.0177 -5.3973 5.3973 -17.4823 -3.1162 5.3973 0.0177 -3.1162 0.4128 0.1537 0.2543 0.1241 0.4128 0.1241
3 16 5.3973 -17.4823 -3.1162 6.2323 -17.4823 0 5.3973 0.0177 -3.1162 0.2543 0.1241 0.2543 0.0945 0.4128 0.1241
3 16 5.3973 0.0177 -3.1162 6.2323 -17.4823 0 6.2323 0.0177 0 0.4128 0.1241 0.2543 0.0945 0.4128 0.0945
3 16 0 -17.475 0 5.3973 -17.4823 3.1162 6.2323 -17.4823 0 0.7912 0.6408 0.7986 0.6969 0.7696 0.6931
3 16 5.3973 -17.4823 3.1162 0 -17.475 0 3.1162 -17.4823 5.3973 0.7986 0.6969 0.7912 0.6408 0.8257 0.6857
3 16 3.1162 -17.4823 5.3973 0 -17.475 0 0 -17.4888 6.2276 0.8257 0.6857 0.7912 0.6408 0.8435 0.6624
3 16 0 -17.4888 6.2276 0 -17.475 0 -3.1162 -17.4823 5.3973 0.8435 0.6624 0.7912 0.6408 0.8474 0.6334
3 16 -3.1162 -17.4823 5.3973 0 -17.475 0 -5.3973 -17.4823 3.1162 0.8474 0.6334 0.7912 0.6408 0.8361 0.6063
3 16 -5.3973 -17.4823 3.1162 0 -17.475 0 -6.2323 -17.4823 0 0.8361 0.6063 0.7912 0.6408 0.8129 0.5885
3 16 -6.2323 -17.4823 0 0 -17.475 0 -5.3973 -17.4823 -3.1162 0.8129 0.5885 0.7912 0.6408 0.7838 0.5846
3 16 -5.3973 -17.4823 -3.1162 0 -17.475 0 -3.1162 -17.4823 -5.3973 0.7838 0.5846 0.7912 0.6408 0.7567 0.5958
3 16 -3.1162 -17.4823 -5.3973 0 -17.475 0 0 -17.4823 -6.2323 0.7567 0.5958 0.7912 0.6408 0.7389 0.6191
3 16 0 -17.4823 -6.2323 0 -17.475 0 3.1162 -17.4823 -5.3973 0.7389 0.6191 0.7912 0.6408 0.7351 0.6482
3 16 3.1162 -17.4823 -5.3973 0 -17.475 0 5.3973 -17.4823 -3.1162 0.7351 0.6482 0.7912 0.6408 0.7463 0.6752
3 16 5.3973 -17.4823 -3.1162 0 -17.475 0 6.2323 -17.4823 0 0.7463 0.6752 0.7912 0.6408 0.7696 0.6931
3 16 4.5257 -17.4822 7.8388 7.8388 -17.4822 4.5257 4.3828 0.0178 7.5912 0.2449 0.0478 0.2449 0.0898 0.0863 0.0478
3 16 4.3828 0.0178 7.5912 7.8388 -17.4822 4.5257 7.5912 0.0178 4.3828 0.0863 0.0478 0.2449 0.0898 0.0863 0.0898
3 16 7.5912 0.0178 4.3828 5.3973 0.0177 3.1162 4.3828 0.0178 7.5912 0.293 0.6649 0.2721 0.6562 0.2983 0.6242
3 16 4.3828 0.0178 7.5912 5.3973 0.0177 3.1162 3.1162 0.0177 5.3973 0.2983 0.6242 0.2721 0.6562 0.2759 0.6271
3 16 0 -17.4885 9.0561 4.5257 -17.4822 7.8388 0 0.0115 8.7703 0.2449 0.0057 0.2449 0.0478 0.0863 0.0057
3 16 0 0.0115 8.7703 4.5257 -17.4822 7.8388 4.3828 0.0178 7.5912 0.0863 0.0057 0.2449 0.0478 0.0863 0.0478
3 16 4.3828 0.0178 7.5912 3.1162 0.0177 5.3973 0 0.0115 8.7703 0.2983 0.6242 0.2759 0.6271 0.2826 0.5863
3 16 0 0.0115 8.7703 3.1162 0.0177 5.3973 0 0.0112 6.2276 0.2826 0.5863 0.2759 0.6271 0.2647 0.6001
3 16 -4.5257 -17.4822 7.8388 0 -17.4885 9.0561 -4.3828 0.0178 7.5912 0.2449 0.4683 0.2449 0.5103 0.0863 0.4683
3 16 -4.3828 0.0178 7.5912 0 -17.4885 9.0561 0 0.0115 8.7703 0.0863 0.4683 0.2449 0.5103 0.0863 0.5103
3 16 0 0.0115 8.7703 0 0.0112 6.2276 -4.3828 0.0178 7.5912 0.2826 0.5863 0.2647 0.6001 0.2501 0.5613
3 16 -4.3828 0.0178 7.5912 0 0.0112 6.2276 -3.1162 0.0177 5.3973 0.2501 0.5613 0.2647 0.6001 0.2414 0.5822
3 16 -7.8388 -17.4822 4.5257 -4.5257 -17.4822 7.8388 -7.5912 0.0178 4.3828 0.2449 0.4262 0.2449 0.4683 0.0863 0.4262
3 16 -7.5912 0.0178 4.3828 -4.5257 -17.4822 7.8388 -4.3828 0.0178 7.5912 0.0863 0.4262 0.2449 0.4683 0.0863 0.4683
3 16 -4.3828 0.0178 7.5912 -3.1162 0.0177 5.3973 -7.5912 0.0178 4.3828 0.2501 0.5613 0.2414 0.5822 0.2094 0.5559
3 16 -7.5912 0.0178 4.3828 -3.1162 0.0177 5.3973 -5.3973 0.0177 3.1162 0.2094 0.5559 0.2414 0.5822 0.2124 0.5784
3 16 -9.0515 -17.4822 0 -7.8388 -17.4822 4.5257 -8.7656 0.0178 0 0.2449 0.3842 0.2449 0.4262 0.0863 0.3842
3 16 -8.7656 0.0178 0 -7.8388 -17.4822 4.5257 -7.5912 0.0178 4.3828 0.0863 0.3842 0.2449 0.4262 0.0863 0.4262
3 16 -7.5912 0.0178 4.3828 -5.3973 0.0177 3.1162 -8.7656 0.0178 0 0.2094 0.5559 0.2124 0.5784 0.1715 0.5716
3 16 -8.7656 0.0178 0 -5.3973 0.0177 3.1162 -6.2323 0.0177 0 0.1715 0.5716 0.2124 0.5784 0.1853 0.5896
3 16 -7.8388 -17.4822 -4.5257 -9.0515 -17.4822 0 -7.5912 0.0178 -4.3828 0.2449 0.3421 0.2449 0.3842 0.0863 0.3421
3 16 -7.5912 0.0178 -4.3828 -9.0515 -17.4822 0 -8.7656 0.0178 0 0.0863 0.3421 0.2449 0.3842 0.0863 0.3842
3 16 -8.7656 0.0178 0 -6.2323 0.0177 0 -7.5912 0.0178 -4.3828 0.1715 0.5716 0.1853 0.5896 0.1465 0.6042
3 16 -7.5912 0.0178 -4.3828 -6.2323 0.0177 0 -5.3973 0.0177 -3.1162 0.1465 0.6042 0.1853 0.5896 0.1674 0.6128
3 16 -4.5257 -17.4822 -7.8388 -7.8388 -17.4822 -4.5257 -4.3828 0.0178 -7.5912 0.2449 0.3001 0.2449 0.3421 0.0863 0.3001
3 16 -4.3828 0.0178 -7.5912 -7.8388 -17.4822 -4.5257 -7.5912 0.0178 -4.3828 0.0863 0.3001 0.2449 0.3421 0.0863 0.3421
3 16 -7.5912 0.0178 -4.3828 -5.3973 0.0177 -3.1162 -4.3828 0.0178 -7.5912 0.1465 0.6042 0.1674 0.6128 0.1412 0.6449
3 16 -4.3828 0.0178 -7.5912 -5.3973 0.0177 -3.1162 -3.1162 0.0177 -5.3973 0.1412 0.6449 0.1674 0.6128 0.1636 0.6419
3 16 0 -17.4822 -9.0514 -4.5257 -17.4822 -7.8388 0 0.0178 -8.7656 0.2449 0.258 0.2449 0.3001 0.0863 0.258
3 16 0 0.0178 -8.7656 -4.5257 -17.4822 -7.8388 -4.3828 0.0178 -7.5912 0.0863 0.258 0.2449 0.3001 0.0863 0.3001
3 16 -4.3828 0.0178 -7.5912 -3.1162 0.0177 -5.3973 0 0.0178 -8.7656 0.1412 0.6449 0.1636 0.6419 0.1569 0.6828
3 16 0 0.0178 -8.7656 -3.1162 0.0177 -5.3973 0 0.0177 -6.2323 0.1569 0.6828 0.1636 0.6419 0.1748 0.669
3 16 4.5257 -17.4822 -7.8388 0 -17.4822 -9.0514 4.3828 0.0178 -7.5912 0.2449 0.216 0.2449 0.258 0.0863 0.216
3 16 4.3828 0.0178 -7.5912 0 -17.4822 -9.0514 0 0.0178 -8.7656 0.0863 0.216 0.2449 0.258 0.0863 0.258
3 16 0 0.0178 -8.7656 0 0.0177 -6.2323 4.3828 0.0178 -7.5912 0.1569 0.6828 0.1748 0.669 0.1894 0.7077
3 16 4.3828 0.0178 -7.5912 0 0.0177 -6.2323 3.1162 0.0177 -5.3973 0.1894 0.7077 0.1748 0.669 0.1981 0.6868
3 16 7.8388 -17.4822 -4.5257 4.5257 -17.4822 -7.8388 7.5912 0.0178 -4.3828 0.2449 0.1739 0.2449 0.216 0.0863 0.1739
3 16 7.5912 0.0178 -4.3828 4.5257 -17.4822 -7.8388 4.3828 0.0178 -7.5912 0.0863 0.1739 0.2449 0.216 0.0863 0.216
3 16 4.3828 0.0178 -7.5912 3.1162 0.0177 -5.3973 7.5912 0.0178 -4.3828 0.1894 0.7077 0.1981 0.6868 0.2301 0.7131
3 16 7.5912 0.0178 -4.3828 3.1162 0.0177 -5.3973 5.3973 0.0177 -3.1162 0.2301 0.7131 0.1981 0.6868 0.2271 0.6907
3 16 9.0515 -17.4822 0 7.8388 -17.4822 -4.5257 8.7656 0.0178 0 0.2449 0.1319 0.2449 0.1739 0.0863 0.1319
3 16 8.7656 0.0178 0 7.8388 -17.4822 -4.5257 7.5912 0.0178 -4.3828 0.0863 0.1319 0.2449 0.1739 0.0863 0.1739
3 16 7.5912 0.0178 -4.3828 5.3973 0.0177 -3.1162 8.7656 0.0178 0 0.2301 0.7131 0.2271 0.6907 0.268 0.6974
3 16 8.7656 0.0178 0 5.3973 0.0177 -3.1162 6.2323 0.0177 0 0.268 0.6974 0.2271 0.6907 0.2542 0.6794
3 16 7.8388 -17.4822 4.5257 9.0354 -17.4816 5.2167 9.0515 -17.4822 0 0.8718 0.631 0.8845 0.6293 0.8662 0.673
3 16 9.0515 -17.4822 0 9.0354 -17.4816 5.2167 10.4333 -17.4816 0.0001 0.8662 0.673 0.8845 0.6293 0.8781 0.6779
3 16 4.5257 -17.4822 7.8388 5.2166 -17.4816 9.0355 7.8388 -17.4822 4.5257 0.8555 0.5919 0.8657 0.5841 0.8718 0.631
3 16 7.8388 -17.4822 4.5257 5.2166 -17.4816 9.0355 9.0354 -17.4816 5.2167 0.8718 0.631 0.8657 0.5841 0.8845 0.6293
3 16 0 -17.4885 9.0561 -0.0001 -17.4874 10.4286 4.5257 -17.4822 7.8388 0.8219 0.5661 0.8268 0.5542 0.8555 0.5919
3 16 4.5257 -17.4822 7.8388 -0.0001 -17.4874 10.4286 5.2166 -17.4816 9.0355 0.8555 0.5919 0.8268 0.5542 0.8657 0.5841
3 16 -4.5257 -17.4822 7.8388 -5.2167 -17.4816 9.0354 0 -17.4885 9.0561 0.7799 0.5606 0.7782 0.5478 0.8219 0.5661
3 16 0 -17.4885 9.0561 -5.2167 -17.4816 9.0354 -0.0001 -17.4874 10.4286 0.8219 0.5661 0.7782 0.5478 0.8268 0.5542
3 16 -7.8388 -17.4822 4.5257 -9.0355 -17.4816 5.2166 -4.5257 -17.4822 7.8388 0.7408 0.5768 0.733 0.5666 0.7799 0.5606
3 16 -4.5257 -17.4822 7.8388 -9.0355 -17.4816 5.2166 -5.2167 -17.4816 9.0354 0.7799 0.5606 0.733 0.5666 0.7782 0.5478
3 16 -9.0515 -17.4822 0 -10.4333 -17.4816 -0.0001 -7.8388 -17.4822 4.5257 0.715 0.6104 0.7031 0.6055 0.7408 0.5768
3 16 -7.8388 -17.4822 4.5257 -10.4333 -17.4816 -0.0001 -9.0355 -17.4816 5.2166 0.7408 0.5768 0.7031 0.6055 0.733 0.5666
3 16 -7.8388 -17.4822 -4.5257 -9.0354 -17.4816 -5.2167 -9.0515 -17.4822 0 0.7095 0.6524 0.6968 0.6541 0.715 0.6104
3 16 -9.0515 -17.4822 0 -9.0354 -17.4816 -5.2167 -10.4333 -17.4816 -0.0001 0.715 0.6104 0.6968 0.6541 0.7031 0.6055
3 16 -4.5257 -17.4822 -7.8388 -5.2166 -17.4816 -9.0355 -7.8388 -17.4822 -4.5257 0.7257 0.6915 0.7155 0.6993 0.7095 0.6524
3 16 -7.8388 -17.4822 -4.5257 -5.2166 -17.4816 -9.0355 -9.0354 -17.4816 -5.2167 0.7095 0.6524 0.7155 0.6993 0.6968 0.6541
3 16 0 -17.4822 -9.0514 0.0001 -17.4816 -10.4333 -4.5257 -17.4822 -7.8388 0.7593 0.7173 0.7544 0.7292 0.7257 0.6915
3 16 -4.5257 -17.4822 -7.8388 0.0001 -17.4816 -10.4333 -5.2166 -17.4816 -9.0355 0.7257 0.6915 0.7544 0.7292 0.7155 0.6993
3 16 4.5257 -17.4822 -7.8388 5.2167 -17.4816 -9.0354 0 -17.4822 -9.0514 0.8013 0.7228 0.803 0.7356 0.7593 0.7173
3 16 0 -17.4822 -9.0514 5.2167 -17.4816 -9.0354 0.0001 -17.4816 -10.4333 0.7593 0.7173 0.803 0.7356 0.7544 0.7292
3 16 7.8388 -17.4822 -4.5257 9.0355 -17.4816 -5.2166 4.5257 -17.4822 -7.8388 0.8404 0.7066 0.8483 0.7168 0.8013 0.7228
3 16 4.5257 -17.4822 -7.8388 9.0355 -17.4816 -5.2166 5.2167 -17.4816 -9.0354 0.8013 0.7228 0.8483 0.7168 0.803 0.7356
3 16 9.0515 -17.4822 0 10.4333 -17.4816 0.0001 7.8388 -17.4822 -4.5257 0.8662 0.673 0.8781 0.6779 0.8404 0.7066
3 16 7.8388 -17.4822 -4.5257 10.4333 -17.4816 0.0001 9.0355 -17.4816 -5.2166 0.8404 0.7066 0.8781 0.6779 0.8483 0.7168
3 16 11.8389 -0.2316 0.0001 10.2527 -0.2316 5.9195 13.0351 -0.2323 0 0.2337 0.527 0.1786 0.5343 0.2352 0.5163
3 16 13.0351 -0.2323 0 10.2527 -0.2316 5.9195 11.2887 -0.2323 6.5176 0.2352 0.5163 0.1786 0.5343 0.1745 0.5243
3 16 10.4333 -17.4816 0.0001 9.0354 -17.4816 5.2167 11.8389 -0.2316 0.0001 0.4919 0.8104 0.5408 0.803 0.5119 0.9659
3 16 11.8389 -0.2316 0.0001 9.0354 -17.4816 5.2167 10.2527 -0.2316 5.9195 0.5119 0.9659 0.5408 0.803 0.5674 0.9576
3 16 10.2527 -0.2316 5.9195 5.9194 -0.2316 10.2528 11.2887 -0.2323 6.5176 0.1786 0.5343 0.1345 0.5681 0.1745 0.5243
3 16 11.2887 -0.2323 6.5176 5.9194 -0.2316 10.2528 6.5176 -0.2323 11.2887 0.1745 0.5243 0.1345 0.5681 0.1259 0.5615
3 16 9.0354 -17.4816 5.2167 5.2166 -17.4816 9.0355 10.2527 -0.2316 5.9195 0.5408 0.803 0.5893 0.7936 0.5674 0.9576
3 16 10.2527 -0.2316 5.9195 5.2166 -17.4816 9.0355 5.9194 -0.2316 10.2528 0.5674 0.9576 0.5893 0.7936 0.6224 0.9469
3 16 5.9194 -0.2316 10.2528 -0.0001 -0.2374 11.8342 6.5176 -0.2323 11.2887 0.1345 0.5681 0.1133 0.6195 0.1259 0.5615
3 16 6.5176 -0.2323 11.2887 -0.0001 -0.2374 11.8342 0 -0.2388 13.0304 0.1259 0.5615 0.1133 0.6195 0.1025 0.6181
3 16 5.2166 -17.4816 9.0355 -0.0001 -17.4874 10.4286 5.9194 -0.2316 10.2528 0.5893 0.7936 0.6374 0.7822 0.6224 0.9469
3 16 5.9194 -0.2316 10.2528 -0.0001 -17.4874 10.4286 -0.0001 -0.2374 11.8342 0.6224 0.9469 0.6374 0.7822 0.677 0.9339
3 16 -0.0001 -0.2374 11.8342 -5.9195 -0.2316 10.2527 0 -0.2388 13.0304 0.1133 0.6195 0.1205 0.6746 0.1025 0.6181
3 16 0 -0.2388 13.0304 -5.9195 -0.2316 10.2527 -6.5176 -0.2323 11.2887 0.1025 0.6181 0.1205 0.6746 0.1105 0.6788
3 16 -0.0001 -17.4874 10.4286 -5.2167 -17.4816 9.0354 -0.0001 -0.2374 11.8342 0.0507 0.7827 0.0988 0.794 0.0114 0.9344
3 16 -0.0001 -0.2374 11.8342 -5.2167 -17.4816 9.0354 -5.9195 -0.2316 10.2527 0.0114 0.9344 0.0988 0.794 0.0659 0.9473
3 16 -5.9195 -0.2316 10.2527 -10.2528 -0.2316 5.9194 -6.5176 -0.2323 11.2887 0.1205 0.6746 0.1544 0.7187 0.1105 0.6788
3 16 -6.5176 -0.2323 11.2887 -10.2528 -0.2316 5.9194 -11.2887 -0.2323 6.5176 0.1105 0.6788 0.1544 0.7187 0.1478 0.7273
3 16 -5.2167 -17.4816 9.0354 -9.0355 -17.4816 5.2166 -5.9195 -0.2316 10.2527 0.0988 0.794 0.1473 0.8034 0.0659 0.9473
3 16 -5.9195 -0.2316 10.2527 -9.0355 -17.4816 5.2166 -10.2528 -0.2316 5.9194 0.0659 0.9473 0.1473 0.8034 0.121 0.9579
3 16 -10.2528 -0.2316 5.9194 -11.8389 -0.2316 -0.0001 -11.2887 -0.2323 6.5176 0.1544 0.7187 0.2057 0.74 0.1478 0.7273
3 16 -11.2887 -0.2323 6.5176 -11.8389 -0.2316 -0.0001 -13.0351 -0.2323 0 0.1478 0.7273 0.2057 0.74 0.2043 0.7507
3 16 -9.0355 -17.4816 5.2166 -10.4333 -17.4816 -0.0001 -10.2528 -0.2316 5.9194 0.1473 0.8034 0.1962 0.8106 0.121 0.9579
3 16 -10.2528 -0.2316 5.9194 -10.4333 -17.4816 -0.0001 -11.8389 -0.2316 -0.0001 0.121 0.9579 0.1962 0.8106 0.1764 0.9662
3 16 -11.8389 -0.2316 -0.0001 -10.2527 -0.2316 -5.9195 -13.0351 -0.2323 0 0.2057 0.74 0.2609 0.7327 0.2043 0.7507
3 16 -13.0351 -0.2323 0 -10.2527 -0.2316 -5.9195 -11.2887 -0.2323 -6.5176 0.2043 0.7507 0.2609 0.7327 0.265 0.7427
3 16 -10.4333 -17.4816 -0.0001 -9.0354 -17.4816 -5.2167 -11.8389 -0.2316 -0.0001 0.1962 0.8106 0.2453 0.8158 0.1764 0.9662
3 16 -11.8389 -0.2316 -0.0001 -9.0354 -17.4816 -5.2167 -10.2527 -0.2316 -5.9195 0.1764 0.9662 0.2453 0.8158 0.2322 0.972
3 16 -10.2527 -0.2316 -5.9195 -5.9194 -0.2316 -10.2528 -11.2887 -0.2323 -6.5176 0.2609 0.7327 0.305 0.6989 0.265 0.7427
3 16 -11.2887 -0.2323 -6.5176 -5.9194 -0.2316 -10.2528 -6.5176 -0.2323 -11.2887 0.265 0.7427 0.305 0.6989 0.3136 0.7055
3 16 -9.0354 -17.4816 -5.2167 -5.2166 -17.4816 -9.0355 -10.2527 -0.2316 -5.9195 0.2453 0.8158 0.2947 0.8189 0.2322 0.972
3 16 -10.2527 -0.2316 -5.9195 -5.2166 -17.4816 -9.0355 -5.9194 -0.2316 -10.2528 0.2322 0.972 0.2947 0.8189 0.2881 0.9756
3 16 -5.9194 -0.2316 -10.2528 0.0001 -0.2316 -11.8389 -6.5176 -0.2323 -11.2887 0.305 0.6989 0.3262 0.6475 0.3136 0.7055
3 16 -6.5176 -0.2323 -11.2887 0.0001 -0.2316 -11.8389 0 -0.2323 -13.0351 0.3136 0.7055 0.3262 0.6475 0.337 0.6489
3 16 -5.2166 -17.4816 -9.0355 0.0001 -17.4816 -10.4333 -5.9194 -0.2316 -10.2528 0.2947 0.8189 0.3441 0.8199 0.2881 0.9756
3 16 -5.9194 -0.2316 -10.2528 0.0001 -17.4816 -10.4333 0.0001 -0.2316 -11.8389 0.2881 0.9756 0.3441 0.8199 0.3442 0.9767
3 16 0.0001 -0.2316 -11.8389 5.9195 -0.2316 -10.2527 0 -0.2323 -13.0351 0.3262 0.6475 0.319 0.5924 0.337 0.6489
3 16 0 -0.2323 -13.0351 5.9195 -0.2316 -10.2527 6.5176 -0.2323 -11.2887 0.337 0.6489 0.319 0.5924 0.329 0.5882
3 16 0.0001 -17.4816 -10.4333 5.2167 -17.4816 -9.0354 0.0001 -0.2316 -11.8389 0.3441 0.8199 0.3935 0.8188 0.3442 0.9767
3 16 0.0001 -0.2316 -11.8389 5.2167 -17.4816 -9.0354 5.9195 -0.2316 -10.2527 0.3442 0.9767 0.3935 0.8188 0.4002 0.9755
3 16 5.9195 -0.2316 -10.2527 10.2528 -0.2316 -5.9194 6.5176 -0.2323 -11.2887 0.319 0.5924 0.2851 0.5483 0.329 0.5882
3 16 6.5176 -0.2323 -11.2887 10.2528 -0.2316 -5.9194 11.2887 -0.2323 -6.5176 0.329 0.5882 0.2851 0.5483 0.2917 0.5397
3 16 5.2167 -17.4816 -9.0354 9.0355 -17.4816 -5.2166 5.9195 -0.2316 -10.2527 0.3935 0.8188 0.4428 0.8156 0.4002 0.9755
3 16 5.9195 -0.2316 -10.2527 9.0355 -17.4816 -5.2166 10.2528 -0.2316 -5.9194 0.4002 0.9755 0.4428 0.8156 0.4562 0.9719
3 16 10.2528 -0.2316 -5.9194 11.8389 -0.2316 0.0001 11.2887 -0.2323 -6.5176 0.2851 0.5483 0.2337 0.527 0.2917 0.5397
3 16 11.2887 -0.2323 -6.5176 11.8389 -0.2316 0.0001 13.0351 -0.2323 0 0.2917 0.5397 0.2337 0.527 0.2352 0.5163
3 16 9.0355 -17.4816 -5.2166 10.4333 -17.4816 0.0001 10.2528 -0.2316 -5.9194 0.4428 0.8156 0.4919 0.8104 0.4562 0.9719
3 16 10.2528 -0.2316 -5.9194 10.4333 -17.4816 0.0001 11.8389 -0.2316 0.0001 0.4562 0.9719 0.4919 0.8104 0.5119 0.9659
3 16 13.8283 -13.4566 0.0008 13.4611 -13.7089 3.0739 13.2655 -20.2893 0.0005 0.4797 0.2111 0.5078 0.21 0.4876 0.2726
3 16 13.2655 -20.2893 0.0005 13.4611 -13.7089 3.0739 12.9327 -20.2893 2.9528 0.4876 0.2726 0.5078 0.21 0.5144 0.2693
3 16 12.9327 -20.2893 2.9528 11.2322 -20.2893 7.0577 0 -20.2959 0.3211 0.5842 0.6371 0.5688 0.6742 0.4672 0.6133
3 16 13.4611 -13.7089 3.0739 11.6672 -14.0563 7.3311 12.9327 -20.2893 2.9528 0.5078 0.21 0.5498 0.2091 0.5144 0.2693
3 16 12.9327 -20.2893 2.9528 11.6672 -14.0563 7.3311 11.2322 -20.2893 7.0577 0.5144 0.2693 0.5498 0.2091 0.5545 0.2654
3 16 11.2322 -20.2893 7.0577 8.2709 -20.2893 10.3714 0 -20.2959 0.3211 0.5688 0.6742 0.542 0.7042 0.4672 0.6133
3 16 11.6672 -14.0563 7.3311 8.5771 -14.3336 10.7555 11.2322 -20.2893 7.0577 0.5498 0.2091 0.5918 0.2087 0.5545 0.2654
3 16 11.2322 -20.2893 7.0577 8.5771 -14.3336 10.7555 8.2709 -20.2893 10.3714 0.5545 0.2654 0.5918 0.2087 0.5948 0.2626
3 16 8.2709 -20.2893 10.3714 4.3813 -20.2893 12.5211 0 -20.2959 0.3211 0.542 0.7042 0.5068 0.7237 0.4672 0.6133
3 16 8.5771 -14.3336 10.7555 4.5387 -14.5121 12.971 8.2709 -20.2893 10.3714 0.5918 0.2087 0.6336 0.2085 0.5948 0.2626
3 16 8.2709 -20.2893 10.3714 4.5387 -14.5121 12.971 4.3813 -20.2893 12.5211 0.5948 0.2626 0.6336 0.2085 0.6351 0.2609
3 16 4.3813 -20.2893 12.5211 0 -20.2893 13.2655 0 -20.2959 0.3211 0.5068 0.7237 0.4672 0.7304 0.4672 0.6133
3 16 4.5387 -14.5121 12.971 0 -14.5736 13.7371 4.3813 -20.2893 12.5211 0.6336 0.2085 0.6754 0.2085 0.6351 0.2609
3 16 4.3813 -20.2893 12.5211 0 -14.5736 13.7371 0 -20.2893 13.2655 0.6351 0.2609 0.6754 0.2085 0.6754 0.2603
3 16 0 -20.2893 13.2655 -4.3813 -20.2893 12.5211 0 -20.2959 0.3211 0.4672 0.7304 0.4275 0.7237 0.4672 0.6133
3 16 0 -20.2893 13.2655 0 -14.5736 13.7371 -4.3813 -20.2893 12.5211 0.6754 0.2603 0.6754 0.2085 0.7157 0.2609
3 16 -4.3813 -20.2893 12.5211 0 -14.5736 13.7371 -4.5387 -14.5121 12.971 0.7157 0.2609 0.6754 0.2085 0.7172 0.2086
3 16 -4.3813 -20.2893 12.5211 -8.2709 -20.2893 10.3714 0 -20.2959 0.3211 0.4275 0.7237 0.3923 0.7042 0.4672 0.6133
3 16 -4.3813 -20.2893 12.5211 -4.5387 -14.5121 12.971 -8.2709 -20.2893 10.3714 0.7157 0.2609 0.7172 0.2086 0.756 0.2626
3 16 -8.2709 -20.2893 10.3714 -4.5387 -14.5121 12.971 -8.5771 -14.3336 10.7555 0.756 0.2626 0.7172 0.2086 0.759 0.2087
3 16 -8.2709 -20.2893 10.3714 -11.2322 -20.2893 7.0577 0 -20.2959 0.3211 0.3923 0.7042 0.3655 0.6742 0.4672 0.6133
3 16 -8.2709 -20.2893 10.3714 -8.5771 -14.3336 10.7555 -11.2322 -20.2893 7.0577 0.756 0.2626 0.759 0.2087 0.7962 0.2654
3 16 -11.2322 -20.2893 7.0577 -8.5771 -14.3336 10.7555 -11.6672 -14.0563 7.3311 0.7962 0.2654 0.759 0.2087 0.801 0.2091
3 16 -11.2322 -20.2893 7.0577 -12.9327 -20.2893 2.9528 0 -20.2959 0.3211 0.3655 0.6742 0.3502 0.6371 0.4672 0.6133
3 16 -11.2322 -20.2893 7.0577 -11.6672 -14.0563 7.3311 -12.9327 -20.2893 2.9528 0.7962 0.2654 0.801 0.2091 0.8364 0.2694
3 16 -12.9327 -20.2893 2.9528 -11.6672 -14.0563 7.3311 -13.4611 -13.7089 3.0739 0.8364 0.2694 0.801 0.2091 0.843 0.2101
3 16 -12.9327 -20.2893 2.9528 -13.2655 -20.2893 0.0007 0 -20.2959 0.3211 0.3502 0.6371 0.3471 0.6104 0.4672 0.6133
3 16 -12.9327 -20.2893 2.9528 -13.4611 -13.7089 3.0739 -13.2655 -20.2893 0.0007 0.8364 0.2694 0.843 0.2101 0.8631 0.2726
3 16 -13.2655 -20.2893 0.0007 -13.4611 -13.7089 3.0739 -13.8283 -13.4566 0.001 0.8631 0.2726 0.843 0.2101 0.8711 0.2112
3 16 -13.2655 -20.2893 0.0007 -13.1159 -20.2834 -1.3709 0 -20.2959 0.3211 0.3471 0.6104 0.3485 0.598 0.4672 0.6133
3 16 -13.1159 -20.2834 -1.3709 -13.6673 -13.3426 -1.4414 -12.9329 -20.2892 -2.952 0.5042 0.4929 0.4969 0.4311 0.5176 0.4914
3 16 -12.9329 -20.2892 -2.952 -13.6673 -13.3426 -1.4414 -13.4812 -13.211 -3.1046 0.5176 0.4914 0.4969 0.4311 0.5108 0.4275
3 16 -12.9329 -20.2892 -2.952 -12.2365 -20.2893 -5.0685 0 -20.2959 0.3211 0.3502 0.5837 0.3565 0.5645 0.4672 0.6133
3 16 -12.9329 -20.2892 -2.952 -13.4812 -13.211 -3.1046 -12.2365 -20.2893 -5.0685 0.5176 0.4914 0.5108 0.4275 0.5377 0.4893
3 16 -12.2365 -20.2893 -5.0685 -13.4812 -13.211 -3.1046 -12.7886 -13.0181 -5.2974 0.5377 0.4893 0.5108 0.4275 0.5314 0.4237
3 16 -12.2365 -20.2893 -5.0685 -11.232 -20.2893 -7.058 0 -20.2959 0.3211 0.3565 0.5645 0.3655 0.5465 0.4672 0.6133
3 16 -12.2365 -20.2893 -5.0685 -12.7886 -13.0181 -5.2974 -11.232 -20.2893 -7.058 0.5377 0.4893 0.5314 0.4237 0.5578 0.4875
3 16 -11.232 -20.2893 -7.058 -12.7886 -13.0181 -5.2974 -11.7508 -12.8443 -7.3842 0.5578 0.4875 0.5314 0.4237 0.5523 0.4202
3 16 0 -20.2959 0.3211 -11.232 -20.2893 -7.058 -9.3801 -20.2893 -9.3801 0.4672 0.6133 0.3655 0.5465 0.3823 0.5255
3 16 -11.232 -20.2893 -7.058 -11.7508 -12.8443 -7.3842 -9.3801 -20.2893 -9.3801 0.5578 0.4875 0.5523 0.4202 0.5846 0.4855
3 16 -9.3801 -20.2893 -9.3801 -11.7508 -12.8443 -7.3842 -9.8252 -12.6399 -9.8252 0.5846 0.4855 0.5523 0.4202 0.5802 0.4163
3 16 0 -20.2959 0.3211 -9.3801 -20.2893 -9.3801 -7.0577 -20.2893 -11.2322 0.4672 0.6133 0.3823 0.5255 0.4033 0.5087
3 16 -9.3801 -20.2893 -9.3801 -9.8252 -12.6399 -9.8252 -7.0577 -20.2893 -11.2322 0.5846 0.4855 0.5802 0.4163 0.6115 0.4841
3 16 -7.0577 -20.2893 -11.2322 -9.8252 -12.6399 -9.8252 -7.3997 -12.476 -11.7765 0.6115 0.4841 0.5802 0.4163 0.6083 0.4133
3 16 0 -20.2959 0.3211 -7.0577 -20.2893 -11.2322 -3.68 -20.2928 -10.6025 0.4672 0.6133 0.4033 0.5087 0.4338 0.5142
3 16 -3.68 -20.2928 -10.6025 -7.0577 -20.2893 -11.2322 -4.3953 -20.2767 -12.5195 0.4338 0.5142 0.4033 0.5087 0.4275 0.4971
3 16 -7.0577 -20.2893 -11.2322 -7.3997 -12.476 -11.7765 -4.3953 -20.2767 -12.5195 0.6115 0.4841 0.6083 0.4133 0.6384 0.4831
3 16 -4.3953 -20.2767 -12.5195 -7.3997 -12.476 -11.7765 -4.6092 -11.9345 -13.1692 0.6384 0.4831 0.6083 0.4133 0.6363 0.4073
3 16 0 -20.2959 0.3211 3.8063 -20.2928 -10.6027 7.0577 -20.2893 -11.2322 0.4672 0.6133 0.5016 0.5142 0.531 0.5087
3 16 7.0577 -20.2893 -11.2322 3.8063 -20.2928 -10.6027 4.3952 -20.2768 -12.5196 0.531 0.5087 0.5016 0.5142 0.5068 0.4971
3 16 4.6092 -11.9345 -13.1692 7.3997 -12.476 -11.7765 4.3952 -20.2768 -12.5196 0.7212 0.4073 0.7493 0.4133 0.7192 0.4831
3 16 4.3952 -20.2768 -12.5196 7.3997 -12.476 -11.7765 7.0577 -20.2893 -11.2322 0.7192 0.4831 0.7493 0.4133 0.7461 0.4841
3 16 0 -20.2959 0.3211 7.0577 -20.2893 -11.2322 9.3801 -20.2893 -9.3801 0.4672 0.6133 0.531 0.5087 0.552 0.5255
3 16 7.3997 -12.476 -11.7765 9.8252 -12.6399 -9.8252 7.0577 -20.2893 -11.2322 0.7493 0.4133 0.7774 0.4163 0.7461 0.4841
3 16 7.0577 -20.2893 -11.2322 9.8252 -12.6399 -9.8252 9.3801 -20.2893 -9.3801 0.7461 0.4841 0.7774 0.4163 0.773 0.4856
3 16 0 -20.2959 0.3211 9.3801 -20.2893 -9.3801 11.232 -20.2893 -7.058 0.4672 0.6133 0.552 0.5255 0.5688 0.5465
3 16 9.8252 -12.6399 -9.8252 11.7508 -12.8443 -7.3842 9.3801 -20.2893 -9.3801 0.7774 0.4163 0.8053 0.4202 0.773 0.4856
3 16 9.3801 -20.2893 -9.3801 11.7508 -12.8443 -7.3842 11.232 -20.2893 -7.058 0.773 0.4856 0.8053 0.4202 0.7998 0.4875
3 16 11.232 -20.2893 -7.058 12.2365 -20.2893 -5.0685 0 -20.2959 0.3211 0.5688 0.5465 0.5779 0.5645 0.4672 0.6133
3 16 12.2365 -20.2893 -5.0685 11.232 -20.2893 -7.058 12.7886 -13.0181 -5.2974 0.8199 0.4893 0.7998 0.4875 0.8262 0.4237
3 16 12.7886 -13.0181 -5.2974 11.232 -20.2893 -7.058 11.7508 -12.8443 -7.3842 0.8262 0.4237 0.7998 0.4875 0.8053 0.4202
3 16 12.2365 -20.2893 -5.0685 12.9329 -20.2892 -2.9521 0 -20.2959 0.3211 0.5779 0.5645 0.5842 0.5837 0.4672 0.6133
3 16 12.9329 -20.2892 -2.9521 12.2365 -20.2893 -5.0685 13.4892 -13.2132 -3.0917 0.84 0.4914 0.8199 0.4893 0.8469 0.4276
3 16 13.4892 -13.2132 -3.0917 12.2365 -20.2893 -5.0685 12.7886 -13.0181 -5.2974 0.8469 0.4276 0.8199 0.4893 0.8262 0.4237
3 16 12.9329 -20.2892 -2.9521 13.0882 -20.2835 -1.6164 0 -20.2959 0.3211 0.5842 0.5837 0.5855 0.5957 0.4672 0.6133
3 16 13.6429 -13.3233 -1.6922 13.8283 -13.4566 0.0008 13.0882 -20.2835 -1.6164 0.4657 0.2122 0.4797 0.2111 0.4743 0.2744
3 16 13.0882 -20.2835 -1.6164 13.8283 -13.4566 0.0008 13.2655 -20.2893 0.0005 0.4743 0.2744 0.4797 0.2111 0.4876 0.2726
3 16 13.2655 -20.2893 0.0005 12.9327 -20.2893 2.9528 0 -20.2959 0.3211 0.5872 0.6104 0.5842 0.6371 0.4672 0.6133
3 16 -13.844 1.09 -5.739 -14.6674 0.4174 -2.8933 -15.064 1.1994 -6.1974 0.9389 0.6126 0.9239 0.5896 0.9494 0.6071
3 16 -13.4812 -13.211 -3.1046 -14.6674 0.4174 -2.8933 -12.7886 -13.0181 -5.2974 0.5108 0.4275 0.4931 0.3048 0.5314 0.4237
3 16 -12.7886 -13.0181 -5.2974 -14.6674 0.4174 -2.8933 -13.844 1.09 -5.739 0.5314 0.4237 0.4931 0.3048 0.5191 0.2959
3 16 -12.7886 -13.0181 -5.2974 -13.844 1.09 -5.739 -11.7508 -12.8443 -7.3842 0.5314 0.4237 0.5191 0.2959 0.5523 0.4202
3 16 -11.7508 -12.8443 -7.3842 -13.844 1.09 -5.739 -12.7452 1.6307 -8.0128 0.5523 0.4202 0.5191 0.2959 0.5415 0.289
3 16 -11.7508 -12.8443 -7.3842 -12.7452 1.6307 -8.0128 -9.8252 -12.6399 -9.8252 0.5523 0.4202 0.5415 0.289 0.5802 0.4163
3 16 -9.8252 -12.6399 -9.8252 -12.7452 1.6307 -8.0128 -10.6806 2.267 -10.6846 0.5802 0.4163 0.5415 0.289 0.5716 0.281
3 16 -9.8252 -12.6399 -9.8252 -10.6806 2.267 -10.6846 -7.3997 -12.476 -11.7765 0.5802 0.4163 0.5716 0.281 0.6083 0.4133
3 16 -7.3997 -12.476 -11.7765 -10.6806 2.267 -10.6846 -8.0584 2.7744 -12.8287 0.6083 0.4133 0.5716 0.281 0.602 0.2747
3 16 -7.3997 -12.476 -11.7765 -8.0584 2.7744 -12.8287 -4.6092 -11.9345 -13.1692 0.6083 0.4133 0.602 0.2747 0.6363 0.4073
3 16 -4.6092 -11.9345 -13.1692 -8.0584 2.7744 -12.8287 -5.0126 3.1293 -14.3278 0.6363 0.4073 0.602 0.2747 0.6326 0.2703
3 16 -4.6092 -11.9345 -13.1692 -5.0126 3.1293 -14.3278 -2.3676 -11.7532 -13.746 0.6363 0.4073 0.6326 0.2703 0.6573 0.4053
3 16 -2.3676 -11.7532 -13.746 -5.0126 3.1293 -14.3278 -2.5399 3.2794 -14.9536 0.6573 0.4053 0.6326 0.2703 0.6557 0.2685
3 16 -2.3676 -11.7532 -13.746 -2.5399 3.2794 -14.9536 0.0254 -11.449 -13.9948 0.6573 0.4053 0.6557 0.2685 0.679 0.4023
3 16 0.0254 -11.449 -13.9948 -2.5399 3.2794 -14.9536 0 3.3377 -15.1964 0.679 0.4023 0.6557 0.2685 0.6788 0.2678
3 16 2.338 -11.6618 -13.7585 0.0254 -11.449 -13.9948 2.5399 3.2794 -14.9536 0.7001 0.4044 0.679 0.4023 0.7019 0.2685
3 16 2.5399 3.2794 -14.9536 0.0254 -11.449 -13.9948 0 3.3377 -15.1964 0.7019 0.2685 0.679 0.4023 0.6788 0.2678
3 16 4.6092 -11.9345 -13.1692 2.338 -11.6618 -13.7585 5.0126 3.1293 -14.3278 0.7212 0.4073 0.7001 0.4044 0.725 0.2703
3 16 5.0126 3.1293 -14.3278 2.338 -11.6618 -13.7585 2.5399 3.2794 -14.9536 0.725 0.2703 0.7001 0.4044 0.7019 0.2685
3 16 5.0126 3.1293 -14.3278 8.0584 2.7744 -12.8287 4.6092 -11.9345 -13.1692 0.725 0.2703 0.7556 0.2747 0.7212 0.4073
3 16 4.6092 -11.9345 -13.1692 8.0584 2.7744 -12.8287 7.3997 -12.476 -11.7765 0.7212 0.4073 0.7556 0.2747 0.7493 0.4133
3 16 8.0584 2.7744 -12.8287 10.6806 2.267 -10.6846 7.3997 -12.476 -11.7765 0.7556 0.2747 0.786 0.281 0.7493 0.4133
3 16 7.3997 -12.476 -11.7765 10.6806 2.267 -10.6846 9.8252 -12.6399 -9.8252 0.7493 0.4133 0.786 0.281 0.7774 0.4163
3 16 10.6806 2.267 -10.6846 12.7452 1.6307 -8.0128 9.8252 -12.6399 -9.8252 0.786 0.281 0.8161 0.289 0.7774 0.4163
3 16 9.8252 -12.6399 -9.8252 12.7452 1.6307 -8.0128 11.7508 -12.8443 -7.3842 0.7774 0.4163 0.8161 0.289 0.8053 0.4202
3 16 12.7886 -13.0181 -5.2974 11.7508 -12.8443 -7.3842 13.844 1.09 -5.7391 0.8262 0.4237 0.8053 0.4202 0.8385 0.2959
3 16 13.844 1.09 -5.7391 11.7508 -12.8443 -7.3842 12.7452 1.6307 -8.0128 0.8385 0.2959 0.8053 0.4202 0.8161 0.289
3 16 13.4892 -13.2132 -3.0917 12.7886 -13.0181 -5.2974 14.6861 0.4174 -2.8933 0.8469 0.4276 0.8262 0.4237 0.8645 0.3048
3 16 14.6861 0.4174 -2.8933 12.7886 -13.0181 -5.2974 13.844 1.09 -5.7391 0.8645 0.3048 0.8262 0.4237 0.8385 0.2959
3 16 -14.6417 2.0363 -9.7108 -12.7452 1.6307 -8.0128 -15.064 1.1994 -6.1974 0.9715 0.6315 0.9482 0.634 0.9494 0.6071
3 16 -15.064 1.1994 -6.1974 -12.7452 1.6307 -8.0128 -13.844 1.09 -5.739 0.9494 0.6071 0.9482 0.634 0.9389 0.6126
3 16 -12.7452 1.6307 -8.0128 -14.6417 2.0363 -9.7108 -10.6806 2.267 -10.6846 0.9482 0.634 0.9715 0.6315 0.9546 0.6644
3 16 -10.6806 2.267 -10.6846 -14.6417 2.0363 -9.7108 -13.277 2.8386 -13.0902 0.9546 0.6644 0.9715 0.6315 0.987 0.6615
3 16 -10.6806 2.267 -10.6846 -13.277 2.8386 -13.0902 -8.0584 2.7744 -12.8287 0.9546 0.6644 0.987 0.6615 0.954 0.6954
3 16 -8.0584 2.7744 -12.8287 -13.277 2.8386 -13.0902 -10.8352 3.6435 -16.4626 0.954 0.6954 0.987 0.6615 0.996 0.6988
3 16 -8.0584 2.7744 -12.8287 -10.8352 3.6435 -16.4626 -5.0126 3.1293 -14.3278 0.954 0.6954 0.996 0.6988 0.9463 0.7253
3 16 -5.0126 3.1293 -14.3278 -10.8352 3.6435 -16.4626 -6.9577 4.3399 -19.3908 0.9463 0.7253 0.996 0.6988 0.9934 0.7432
3 16 -3.5255 4.6211 -20.5958 -2.5399 3.2794 -14.9536 -6.9577 4.3399 -19.3908 0.9813 0.7739 0.9359 0.746 0.9934 0.7432
3 16 -6.9577 4.3399 -19.3908 -2.5399 3.2794 -14.9536 -5.0126 3.1293 -14.3278 0.9934 0.7432 0.9359 0.746 0.9463 0.7253
3 16 0 4.7362 -21.0848 0 3.3377 -15.1964 -3.5255 4.6211 -20.5958 0.9637 0.8009 0.9225 0.7648 0.9813 0.7739
3 16 -3.5255 4.6211 -20.5958 0 3.3377 -15.1964 -2.5399 3.2794 -14.9536 0.9813 0.7739 0.9225 0.7648 0.9359 0.746
3 16 0 4.7362 -21.0848 3.5255 4.6211 -20.5958 0 3.3377 -15.1964 0.9637 0.8009 0.9393 0.8219 0.9225 0.7648
3 16 0 3.3377 -15.1964 3.5255 4.6211 -20.5958 2.5399 3.2794 -14.9536 0.9225 0.7648 0.9393 0.8219 0.9056 0.7806
3 16 3.5255 4.6211 -20.5958 6.9577 4.3399 -19.3908 2.5399 3.2794 -14.9536 0.9393 0.8219 0.9104 0.8379 0.9056 0.7806
3 16 2.5399 3.2794 -14.9536 6.9577 4.3399 -19.3908 5.0126 3.1293 -14.3278 0.9056 0.7806 0.9104 0.8379 0.8865 0.7936
3 16 6.9577 4.3399 -19.3908 10.8352 3.6435 -16.4626 5.0126 3.1293 -14.3278 0.9104 0.8379 0.8668 0.8463 0.8865 0.7936
3 16 5.0126 3.1293 -14.3278 10.8352 3.6435 -16.4626 8.0584 2.7744 -12.8287 0.8865 0.7936 0.8668 0.8463 0.8578 0.8051
3 16 10.8352 3.6435 -16.4626 13.277 2.8386 -13.0902 8.0584 2.7744 -12.8287 0.8668 0.8463 0.8286 0.8423 0.8578 0.8051
3 16 8.0584 2.7744 -12.8287 13.277 2.8386 -13.0902 10.6806 2.267 -10.6846 0.8578 0.8051 0.8286 0.8423 0.8272 0.8098
3 16 13.277 2.8386 -13.0902 14.6417 2.0363 -9.7108 10.6806 2.267 -10.6846 0.8286 0.8423 0.7968 0.8308 0.8272 0.8098
3 16 10.6806 2.267 -10.6846 14.6417 2.0363 -9.7108 12.7452 1.6307 -8.0128 0.8272 0.8098 0.7968 0.8308 0.7962 0.8075
3 16 14.6417 2.0363 -9.7108 15.064 1.1994 -6.1975 12.7452 1.6307 -8.0128 0.7968 0.8308 0.7697 0.8122 0.7962 0.8075
3 16 12.7452 1.6307 -8.0128 15.064 1.1994 -6.1975 13.844 1.09 -5.7391 0.7962 0.8075 0.7697 0.8122 0.7737 0.801
3 16 14.6861 0.4174 -2.8933 13.844 1.09 -5.7391 15.064 1.1994 -6.1975 0.7489 0.7893 0.7737 0.801 0.7697 0.8122
3 16 14.9415 0.2393 0.0003 14.6861 0.4174 -2.8933 15.5047 7.2669 0.0003 0.4635 0.0878 0.4373 0.0897 0.4552 0.0246
3 16 15.5047 7.2669 0.0003 14.6861 0.4174 -2.8933 15.2805 7.2597 -3.0108 0.4552 0.0246 0.4373 0.0897 0.428 0.0284
3 16 13.0351 -0.2323 0 11.2887 -0.2323 6.5176 13.0351 7.2677 0 0.0083 0.1902 0.0084 0.1285 0.0763 0.1902
3 16 13.0351 7.2677 0 11.2887 -0.2323 6.5176 11.2887 7.2677 6.5176 0.0763 0.1902 0.0084 0.1285 0.0763 0.1285
3 16 11.2887 7.2677 6.5176 11.2887 -0.2323 6.5176 6.5176 7.2677 11.2887 0.0763 0.1285 0.0084 0.1285 0.0763 0.0668
3 16 6.5176 7.2677 11.2887 11.2887 -0.2323 6.5176 6.5176 -0.2323 11.2887 0.0763 0.0668 0.0084 0.1285 0.0084 0.0668
3 16 6.5176 7.2677 11.2887 6.5176 -0.2323 11.2887 0 7.2612 13.0304 0.0763 0.0668 0.0084 0.0668 0.0763 0.005
3 16 0 7.2612 13.0304 6.5176 -0.2323 11.2887 0 -0.2388 13.0304 0.0763 0.005 0.0084 0.0668 0.0084 0.005
3 16 0 7.2612 13.0304 0 -0.2388 13.0304 -6.5176 7.2677 11.2887 0.0763 0.7459 0.0084 0.7459 0.0763 0.6841
3 16 -6.5176 7.2677 11.2887 0 -0.2388 13.0304 -6.5176 -0.2323 11.2887 0.0763 0.6841 0.0084 0.7459 0.0084 0.6841
3 16 -6.5176 7.2677 11.2887 -6.5176 -0.2323 11.2887 -11.2887 7.2677 6.5176 0.0763 0.6841 0.0084 0.6841 0.0763 0.6224
3 16 -11.2887 7.2677 6.5176 -6.5176 -0.2323 11.2887 -11.2887 -0.2323 6.5176 0.0763 0.6224 0.0084 0.6841 0.0084 0.6224
3 16 -11.2887 7.2677 6.5176 -11.2887 -0.2323 6.5176 -13.0351 7.2677 0 0.0763 0.6224 0.0084 0.6224 0.0763 0.5607
3 16 -13.0351 7.2677 0 -11.2887 -0.2323 6.5176 -13.0351 -0.2323 0 0.0763 0.5607 0.0084 0.6224 0.0083 0.5607
3 16 -11.2887 7.2677 -6.5176 -13.0351 7.2677 0 -11.2887 -0.2323 -6.5176 0.0763 0.4989 0.0763 0.5607 0.0084 0.4989
3 16 -11.2887 -0.2323 -6.5176 -13.0351 7.2677 0 -13.0351 -0.2323 0 0.0084 0.4989 0.0763 0.5607 0.0083 0.5607
3 16 -11.2887 7.2677 -6.5176 -11.2887 -0.2323 -6.5176 -6.5176 7.2677 -11.2887 0.0763 0.4989 0.0084 0.4989 0.0763 0.4372
3 16 -6.5176 7.2677 -11.2887 -11.2887 -0.2323 -6.5176 -6.5176 -0.2323 -11.2887 0.0763 0.4372 0.0084 0.4989 0.0083 0.4372
3 16 -6.5176 7.2677 -11.2887 -6.5176 -0.2323 -11.2887 0 7.2677 -13.0351 0.0763 0.4372 0.0083 0.4372 0.0763 0.3755
3 16 0 7.2677 -13.0351 -6.5176 -0.2323 -11.2887 0 -0.2323 -13.0351 0.0763 0.3755 0.0083 0.4372 0.0083 0.3755
3 16 0 7.2677 -13.0351 0 -0.2323 -13.0351 6.5176 7.2677 -11.2887 0.0763 0.3755 0.0083 0.3755 0.0763 0.3137
3 16 6.5176 7.2677 -11.2887 0 -0.2323 -13.0351 6.5176 -0.2323 -11.2887 0.0763 0.3137 0.0083 0.3755 0.0083 0.3137
3 16 6.5176 7.2677 -11.2887 6.5176 -0.2323 -11.2887 11.2887 7.2677 -6.5176 0.0763 0.3137 0.0083 0.3137 0.0763 0.252
3 16 11.2887 7.2677 -6.5176 6.5176 -0.2323 -11.2887 11.2887 -0.2323 -6.5176 0.0763 0.252 0.0083 0.3137 0.0084 0.252
3 16 11.2887 7.2677 -6.5176 11.2887 -0.2323 -6.5176 13.0351 7.2677 0 0.0763 0.252 0.0084 0.252 0.0763 0.1902
3 16 13.0351 7.2677 0 11.2887 -0.2323 -6.5176 13.0351 -0.2323 0 0.0763 0.1902 0.0084 0.252 0.0083 0.1902
3 16 13.0351 7.2677 0 11.2887 7.2677 6.5176 15.1668 7.2669 3.5165 0.785 0.7584 0.8442 0.7433 0.8165 0.7778
3 16 15.1668 7.2669 3.5165 11.2887 7.2677 6.5176 13.1135 7.2669 8.3319 0.8165 0.7778 0.8442 0.7433 0.8598 0.7601
3 16 15.5047 7.2669 0.0003 15.1668 7.2669 3.5165 14.9415 0.2393 0.0003 0.4552 0.0246 0.4869 0.0207 0.4635 0.0878
3 16 14.9415 0.2393 0.0003 15.1668 7.2669 3.5165 14.5936 0.1539 3.3679 0.4635 0.0878 0.4869 0.0207 0.494 0.0848
3 16 15.5011 7.2671 -6.3108 15.2805 7.2597 -3.0108 15.064 1.1994 -6.1975 0.1271 0.7892 0.0974 0.7842 0.1349 0.735
3 16 15.064 1.1994 -6.1975 15.2805 7.2597 -3.0108 14.6861 0.4174 -2.8933 0.1349 0.735 0.0974 0.7842 0.1064 0.7228
3 16 12.6276 0.0363 7.9954 14.5936 0.1539 3.3679 13.1135 7.2669 8.3319 0.5396 0.0814 0.494 0.0848 0.5342 0.016
3 16 13.1135 7.2669 8.3319 14.5936 0.1539 3.3679 15.1668 7.2669 3.5165 0.5342 0.016 0.494 0.0848 0.4869 0.0207
3 16 9.2884 -0.0576 11.7268 12.6276 0.0363 7.9954 9.6484 7.2669 12.2187 0.5849 0.079 0.5396 0.0814 0.5814 0.0127
3 16 9.6484 7.2669 12.2187 12.6276 0.0363 7.9954 13.1135 7.2669 8.3319 0.5814 0.0127 0.5396 0.0814 0.5342 0.016
3 16 6.5176 7.2677 11.2887 0 7.2612 13.0304 5.095 7.2669 14.7054 0.8882 0.7014 0.9053 0.6426 0.9191 0.6892
3 16 5.095 7.2669 14.7054 0 7.2612 13.0304 0 7.2669 15.5628 0.9191 0.6892 0.9053 0.6426 0.9279 0.6432
3 16 4.9081 -0.118 14.1223 9.2884 -0.0576 11.7268 5.095 7.2669 14.7054 0.6302 0.0777 0.5849 0.079 0.6285 0.0108
3 16 5.095 7.2669 14.7054 9.2884 -0.0576 11.7268 9.6484 7.2669 12.2187 0.6285 0.0108 0.5849 0.079 0.5814 0.0127
3 16 0 -0.1388 14.9491 4.9081 -0.118 14.1223 0 7.2669 15.5628 0.6754 0.0773 0.6302 0.0777 0.6754 0.0101
3 16 0 7.2669 15.5628 4.9081 -0.118 14.1223 5.095 7.2669 14.7054 0.6754 0.0101 0.6302 0.0777 0.6285 0.0108
3 16 0 -0.1388 14.9491 0 7.2669 15.5628 -4.9081 -0.118 14.1223 0.6754 0.0773 0.6754 0.0101 0.7206 0.0777
3 16 -4.9081 -0.118 14.1223 0 7.2669 15.5628 -5.095 7.2669 14.7054 0.7206 0.0777 0.6754 0.0101 0.7223 0.0108
3 16 -4.9081 -0.118 14.1223 -5.095 7.2669 14.7054 -9.2884 -0.0576 11.7268 0.7206 0.0777 0.7223 0.0108 0.7659 0.0791
3 16 -9.2884 -0.0576 11.7268 -5.095 7.2669 14.7054 -9.6484 7.2669 12.2187 0.7659 0.0791 0.7223 0.0108 0.7694 0.0127
3 16 -9.2884 -0.0576 11.7268 -9.6484 7.2669 12.2187 -12.6276 0.0363 7.9954 0.7659 0.0791 0.7694 0.0127 0.8113 0.0814
3 16 -12.6276 0.0363 7.9954 -9.6484 7.2669 12.2187 -13.1135 7.2669 8.3319 0.8113 0.0814 0.7694 0.0127 0.8166 0.0161
3 16 -9.6484 7.2669 12.2187 -5.095 7.2669 14.7054 -6.5176 7.2677 11.2887 0.8993 0.555 0.9211 0.5968 0.8906 0.5831
3 16 -12.6276 0.0363 7.9954 -13.1135 7.2669 8.3319 -14.5936 0.1539 3.3679 0.8113 0.0814 0.8166 0.0161 0.8568 0.0848
3 16 -14.5936 0.1539 3.3679 -13.1135 7.2669 8.3319 -15.1668 7.2669 3.5166 0.8568 0.0848 0.8166 0.0161 0.8639 0.0207
3 16 -15.1668 7.2669 3.5166 -13.0351 7.2677 0 -15.5053 7.2669 0.0002 0.8212 0.5038 0.7891 0.5222 0.7894 0.5003
3 16 -14.5936 0.1539 3.3679 -15.1668 7.2669 3.5166 -14.9419 0.2393 0.0002 0.8568 0.0848 0.8639 0.0207 0.8873 0.0878
3 16 -14.9419 0.2393 0.0002 -15.1668 7.2669 3.5166 -15.5053 7.2669 0.0002 0.8873 0.0878 0.8639 0.0207 0.8957 0.0247
3 16 -13.6673 -13.3426 -1.4414 -14.6674 0.4174 -2.8933 -13.4812 -13.211 -3.1046 0.4969 0.4311 0.4931 0.3048 0.5108 0.4275
3 16 13.0351 7.2677 0 15.2805 7.2597 -3.0108 11.2887 7.2677 -6.5176 0.785 0.7584 0.7576 0.7781 0.7262 0.7418
3 16 11.2887 7.2677 -6.5176 15.2805 7.2597 -3.0108 15.5011 7.2671 -6.3108 0.7262 0.7418 0.7576 0.7781 0.7278 0.7796
3 16 -15.5011 7.2671 -6.3107 -15.064 1.1994 -6.1974 -15.2612 7.2597 -3.0108 0.5575 0.7893 0.5497 0.7351 0.5872 0.7843
3 16 -15.2612 7.2597 -3.0108 -15.064 1.1994 -6.1974 -14.6674 0.4174 -2.8933 0.5872 0.7843 0.5497 0.7351 0.5782 0.7229
3 16 -14.9166 7.2671 -9.8903 -14.6417 2.0363 -9.7108 -15.5011 7.2671 -6.3107 0.525 0.7943 0.519 0.7475 0.5575 0.7893
3 16 -15.5011 7.2671 -6.3107 -14.6417 2.0363 -9.7108 -15.064 1.1994 -6.1974 0.5575 0.7893 0.519 0.7475 0.5497 0.7351
3 16 -14.9166 7.2671 -9.8903 -15.5011 7.2671 -6.3107 -11.2887 7.2677 -6.5176 0.6998 0.5041 0.7322 0.4993 0.7296 0.5371
3 16 -14.6417 2.0363 -9.7108 -14.9166 7.2671 -9.8903 -13.277 2.8386 -13.0902 0.519 0.7475 0.525 0.7943 0.4874 0.7593
3 16 -13.277 2.8386 -13.0902 -14.9166 7.2671 -9.8903 -13.5283 7.267 -13.3337 0.4874 0.7593 0.525 0.7943 0.4917 0.799
3 16 -11.0407 7.2667 -16.7706 -13.5283 7.267 -13.3337 -6.5176 7.2677 -11.2887 0.637 0.5379 0.6685 0.516 0.6855 0.5797
3 16 -6.5176 7.2677 -11.2887 -13.5283 7.267 -13.3337 -11.2887 7.2677 -6.5176 0.6855 0.5797 0.6685 0.516 0.7296 0.5371
3 16 -13.5283 7.267 -13.3337 -14.9166 7.2671 -9.8903 -11.2887 7.2677 -6.5176 0.6685 0.516 0.6998 0.5041 0.7296 0.5371
3 16 -13.277 2.8386 -13.0902 -13.5283 7.267 -13.3337 -10.8352 3.6435 -16.4626 0.4874 0.7593 0.4917 0.799 0.4507 0.7711
3 16 -10.8352 3.6435 -16.4626 -13.5283 7.267 -13.3337 -11.0407 7.2667 -16.7706 0.4507 0.7711 0.4917 0.799 0.4535 0.8036
3 16 -10.8352 3.6435 -16.4626 -11.0407 7.2667 -16.7706 -6.9577 4.3399 -19.3908 0.4507 0.7711 0.4535 0.8036 0.4074 0.7813
3 16 -6.9577 4.3399 -19.3908 -11.0407 7.2667 -16.7706 -7.09 7.2665 -19.7549 0.4074 0.7813 0.4535 0.8036 0.4087 0.8077
3 16 -11.0407 7.2667 -16.7706 -6.5176 7.2677 -11.2887 -7.09 7.2665 -19.7549 0.637 0.5379 0.6855 0.5797 0.6092 0.5731
3 16 -7.09 7.2665 -19.7549 -6.5176 7.2677 -11.2887 0 7.2677 -13.0351 0.6092 0.5731 0.6855 0.5797 0.6685 0.6385
3 16 -3.5926 7.2663 -20.9833 -3.5255 4.6211 -20.5958 -7.09 7.2665 -19.7549 0.3752 0.8094 0.3745 0.7855 0.4087 0.8077
3 16 -7.09 7.2665 -19.7549 -3.5255 4.6211 -20.5958 -6.9577 4.3399 -19.3908 0.4087 0.8077 0.3745 0.7855 0.4074 0.7813
3 16 -3.5926 7.2663 -20.9833 -7.09 7.2665 -19.7549 0 7.2677 -13.0351 0.5975 0.6047 0.6092 0.5731 0.6685 0.6385
3 16 0 7.2662 -21.4818 0 4.7362 -21.0848 -3.5926 7.2663 -20.9833 0.3423 0.8101 0.3423 0.7872 0.3752 0.8094
3 16 -3.5926 7.2663 -20.9833 0 4.7362 -21.0848 -3.5255 4.6211 -20.5958 0.3752 0.8094 0.3423 0.7872 0.3745 0.7855
3 16 0 7.2662 -21.4818 -3.5926 7.2663 -20.9833 0 7.2677 -13.0351 0.5924 0.6372 0.5975 0.6047 0.6685 0.6385
3 16 0 7.2662 -21.4818 3.5926 7.2663 -20.9833 0 4.7362 -21.0848 0.3423 0.8101 0.3094 0.8094 0.3423 0.7872
3 16 0 4.7362 -21.0848 3.5926 7.2663 -20.9833 3.5255 4.6211 -20.5958 0.3423 0.7872 0.3094 0.8094 0.31 0.7855
3 16 3.5926 7.2663 -20.9833 0 7.2662 -21.4818 0 7.2677 -13.0351 0.5963 0.6699 0.5924 0.6372 0.6685 0.6385
3 16 0 7.2677 -13.0351 6.5176 7.2677 -11.2887 7.09 7.2665 -19.7549 0.6685 0.6385 0.6835 0.6979 0.607 0.7019
3 16 7.09 7.2665 -19.7549 6.5176 7.2677 -11.2887 11.0407 7.2667 -16.7706 0.607 0.7019 0.6835 0.6979 0.6336 0.7381
3 16 3.5926 7.2663 -20.9833 7.09 7.2665 -19.7549 3.5255 4.6211 -20.5958 0.3094 0.8094 0.2758 0.8077 0.31 0.7855
3 16 3.5255 4.6211 -20.5958 7.09 7.2665 -19.7549 6.9577 4.3399 -19.3908 0.31 0.7855 0.2758 0.8077 0.2772 0.7813
3 16 7.09 7.2665 -19.7549 3.5926 7.2663 -20.9833 0 7.2677 -13.0351 0.607 0.7019 0.5963 0.6699 0.6685 0.6385
3 16 10.8352 3.6435 -16.4626 6.9577 4.3399 -19.3908 11.0407 7.2667 -16.7706 0.2338 0.771 0.2772 0.7813 0.231 0.8036
3 16 11.0407 7.2667 -16.7706 6.9577 4.3399 -19.3908 7.09 7.2665 -19.7549 0.231 0.8036 0.2772 0.7813 0.2758 0.8077
3 16 13.277 2.8386 -13.0902 10.8352 3.6435 -16.4626 13.5283 7.267 -13.3337 0.1972 0.7592 0.2338 0.771 0.1928 0.7989
3 16 13.5283 7.267 -13.3337 10.8352 3.6435 -16.4626 11.0407 7.2667 -16.7706 0.1928 0.7989 0.2338 0.771 0.231 0.8036
3 16 11.0407 7.2667 -16.7706 6.5176 7.2677 -11.2887 13.5283 7.267 -13.3337 0.6336 0.7381 0.6835 0.6979 0.6645 0.761
3 16 6.5176 7.2677 -11.2887 11.2887 7.2677 -6.5176 13.5283 7.267 -13.3337 0.6835 0.6979 0.7262 0.7418 0.6645 0.761
3 16 11.2887 7.2677 -6.5176 14.9166 7.2671 -9.8903 13.5283 7.267 -13.3337 0.7262 0.7418 0.6955 0.774 0.6645 0.761
3 16 14.6417 2.0363 -9.7108 13.277 2.8386 -13.0902 14.9166 7.2671 -9.8903 0.1656 0.7475 0.1972 0.7592 0.1596 0.7942
3 16 14.9166 7.2671 -9.8903 13.277 2.8386 -13.0902 13.5283 7.267 -13.3337 0.1596 0.7942 0.1972 0.7592 0.1928 0.7989
3 16 14.9166 7.2671 -9.8903 15.5011 7.2671 -6.3108 14.6417 2.0363 -9.7108 0.1596 0.7942 0.1271 0.7892 0.1656 0.7475
3 16 14.6417 2.0363 -9.7108 15.5011 7.2671 -6.3108 15.064 1.1994 -6.1975 0.1656 0.7475 0.1271 0.7892 0.1349 0.735
3 16 15.5011 7.2671 -6.3108 14.9166 7.2671 -9.8903 11.2887 7.2677 -6.5176 0.7278 0.7796 0.6955 0.774 0.7262 0.7418
3 16 4.2597 -25.8236 -14.9766 4.8989 -26.3491 -13.37 3.4812 -27.6068 -15.3268 0.2991 0.4638 0.2924 0.4789 0.2835 0.4555
3 16 3.4812 -27.6068 -15.3268 4.8989 -26.3491 -13.37 3.7579 -28.4992 -13.6708 0.2835 0.4555 0.2924 0.4789 0.2698 0.4657
3 16 -4.8989 -26.3491 -13.37 -4.9722 -24.5319 -13.1536 -4.2597 -25.8236 -14.9766 0.2929 0.3701 0.3118 0.3678 0.2994 0.3852
3 16 -4.2597 -25.8236 -14.9766 -4.9722 -24.5319 -13.1536 -4.3285 -24.3482 -14.7155 0.2994 0.3852 0.3118 0.3678 0.3128 0.3833
3 16 -1.7182 -29.9307 -13.964 -3.7579 -28.4992 -13.6708 -1.6965 -28.8588 -15.8094 0.255 0.4057 0.2701 0.3831 0.2737 0.4098
3 16 -1.6965 -28.8588 -15.8094 -3.7579 -28.4992 -13.6708 -3.4812 -27.6068 -15.3268 0.2737 0.4098 0.2701 0.3831 0.2838 0.3933
3 16 0 -30.2721 -13.9934 0 -29.2443 -15.9294 1.7182 -29.9307 -13.964 0.2516 0.4243 0.2707 0.4244 0.2549 0.443
3 16 1.7182 -29.9307 -13.964 0 -29.2443 -15.9294 1.6965 -28.8588 -15.8094 0.2549 0.443 0.2707 0.4244 0.2736 0.439
3 16 -2.7762 -24.0877 -15.5537 -2.757 -25.2358 -15.7188 -4.3285 -24.3482 -14.7155 0.3157 0.3993 0.3054 0.3999 0.3128 0.3833
3 16 -4.3285 -24.3482 -14.7155 -2.757 -25.2358 -15.7188 -4.2597 -25.8236 -14.9766 0.3128 0.3833 0.3054 0.3999 0.2994 0.3852
3 16 -2.4739 -26.4812 -15.9646 -1.3902 -26.5429 -16.1758 -3.4812 -27.6068 -15.3268 0.2946 0.4031 0.2945 0.4125 0.2838 0.3933
3 16 -3.4812 -27.6068 -15.3268 -1.3902 -26.5429 -16.1758 -1.6965 -28.8588 -15.8094 0.2838 0.3933 0.2945 0.4125 0.2737 0.4098
3 16 0 -29.2443 -15.9294 0 -26.6084 -16.2896 1.6965 -28.8588 -15.8094 0.2707 0.4244 0.2941 0.4245 0.2736 0.439
3 16 1.6965 -28.8588 -15.8094 0 -26.6084 -16.2896 1.3902 -26.5429 -16.1758 0.2736 0.439 0.2941 0.4245 0.2944 0.4364
3 16 3.4812 -27.6068 -15.3268 2.4739 -26.4812 -15.9646 4.2597 -25.8236 -14.9766 0.2835 0.4555 0.2944 0.4459 0.2991 0.4638
3 16 4.2597 -25.8236 -14.9766 2.4739 -26.4812 -15.9646 2.757 -25.2358 -15.7188 0.2991 0.4638 0.2944 0.4459 0.3052 0.4491
3 16 -1.3902 -26.5429 -16.1758 0 -26.6084 -16.2896 -1.6965 -28.8588 -15.8094 0.2945 0.4125 0.2941 0.4245 0.2737 0.4098
3 16 -1.6965 -28.8588 -15.8094 0 -26.6084 -16.2896 0 -29.2443 -15.9294 0.2737 0.4098 0.2941 0.4245 0.2707 0.4244
3 16 0 -30.2721 -13.9934 -1.7182 -29.9307 -13.964 0 -29.2443 -15.9294 0.2516 0.4243 0.255 0.4057 0.2707 0.4244
3 16 0 -29.2443 -15.9294 -1.7182 -29.9307 -13.964 -1.6965 -28.8588 -15.8094 0.2707 0.4244 0.255 0.4057 0.2737 0.4098
3 16 1.7182 -29.9307 -13.964 1.6965 -28.8588 -15.8094 3.7579 -28.4992 -13.6708 0.2549 0.443 0.2736 0.439 0.2698 0.4657
3 16 3.7579 -28.4992 -13.6708 1.6965 -28.8588 -15.8094 3.4812 -27.6068 -15.3268 0.2698 0.4657 0.2736 0.439 0.2835 0.4555
3 16 1.6965 -28.8588 -15.8094 1.3902 -26.5429 -16.1758 3.4812 -27.6068 -15.3268 0.2736 0.439 0.2944 0.4364 0.2835 0.4555
3 16 3.4812 -27.6068 -15.3268 1.3902 -26.5429 -16.1758 2.4739 -26.4812 -15.9646 0.2835 0.4555 0.2944 0.4364 0.2944 0.4459
3 16 2.7762 -24.0877 -15.5537 4.3285 -24.3482 -14.7155 2.757 -25.2358 -15.7188 0.3155 0.4498 0.3125 0.4658 0.3052 0.4491
3 16 2.757 -25.2358 -15.7188 4.3285 -24.3482 -14.7155 4.2597 -25.8236 -14.9766 0.3052 0.4491 0.3125 0.4658 0.2991 0.4638
3 16 4.8989 -26.3491 -13.37 4.2597 -25.8236 -14.9766 4.9722 -24.5319 -13.1536 0.2924 0.4789 0.2991 0.4638 0.3114 0.4813
3 16 4.9722 -24.5319 -13.1536 4.2597 -25.8236 -14.9766 4.3285 -24.3482 -14.7155 0.3114 0.4813 0.2991 0.4638 0.3125 0.4658
3 16 -2.757 -25.2358 -15.7188 -2.4739 -26.4812 -15.9646 -4.2597 -25.8236 -14.9766 0.3054 0.3999 0.2946 0.4031 0.2994 0.3852
3 16 -4.2597 -25.8236 -14.9766 -2.4739 -26.4812 -15.9646 -3.4812 -27.6068 -15.3268 0.2994 0.3852 0.2946 0.4031 0.2838 0.3933
3 16 -3.7579 -28.4992 -13.6708 -4.8989 -26.3491 -13.37 -3.4812 -27.6068 -15.3268 0.2701 0.3831 0.2929 0.3701 0.2838 0.3933
3 16 -3.4812 -27.6068 -15.3268 -4.8989 -26.3491 -13.37 -4.2597 -25.8236 -14.9766 0.2838 0.3933 0.2929 0.3701 0.2994 0.3852
3 16 4.8989 -26.3491 -13.37 4.9722 -24.5319 -13.1536 4.7076 -26.3187 -11.9883 0.8957 0.4557 0.8901 0.4715 0.8835 0.4532
3 16 4.7076 -26.3187 -11.9883 4.9722 -24.5319 -13.1536 4.7359 -24.4646 -11.9598 0.8835 0.4532 0.8901 0.4715 0.8793 0.4695
3 16 -4.8989 -26.3491 -13.37 -4.7076 -26.3187 -11.9883 -4.9722 -24.5319 -13.1536 0.8958 0.3338 0.8836 0.3364 0.8902 0.3181
3 16 -4.9722 -24.5319 -13.1536 -4.7076 -26.3187 -11.9883 -4.7359 -24.4646 -11.9598 0.8902 0.3181 0.8836 0.3364 0.8794 0.3201
3 16 3.7579 -28.4992 -13.6708 4.8989 -26.3491 -13.37 3.614 -28.3482 -11.966 0.902 0.4338 0.8957 0.4557 0.8864 0.4322
3 16 3.614 -28.3482 -11.966 4.8989 -26.3491 -13.37 4.7076 -26.3187 -11.9883 0.8864 0.4322 0.8957 0.4557 0.8835 0.4532
3 16 -3.7579 -28.4992 -13.6708 -3.614 -28.3482 -11.966 -4.8989 -26.3491 -13.37 0.902 0.3558 0.8865 0.3574 0.8958 0.3338
3 16 -4.8989 -26.3491 -13.37 -3.614 -28.3482 -11.966 -4.7076 -26.3187 -11.9883 0.8958 0.3338 0.8865 0.3574 0.8836 0.3364
3 16 1.7182 -29.9307 -13.964 3.7579 -28.4992 -13.6708 1.6074 -29.7477 -11.9668 0.9065 0.4109 0.902 0.4338 0.8883 0.4097
3 16 1.6074 -29.7477 -11.9668 3.7579 -28.4992 -13.6708 3.614 -28.3482 -11.966 0.8883 0.4097 0.902 0.4338 0.8864 0.4322
3 16 -1.7182 -29.9307 -13.964 -1.6074 -29.7477 -11.9668 -3.7579 -28.4992 -13.6708 0.9065 0.3787 0.8883 0.3799 0.902 0.3558
3 16 -3.7579 -28.4992 -13.6708 -1.6074 -29.7477 -11.9668 -3.614 -28.3482 -11.966 0.902 0.3558 0.8883 0.3799 0.8865 0.3574
3 16 0 -30.2721 -13.9934 1.7182 -29.9307 -13.964 0 -30.0685 -11.9742 0.9071 0.3948 0.9065 0.4109 0.8888 0.3948
3 16 0 -30.0685 -11.9742 1.7182 -29.9307 -13.964 1.6074 -29.7477 -11.9668 0.8888 0.3948 0.9065 0.4109 0.8883 0.4097
3 16 0 -30.2721 -13.9934 0 -30.0685 -11.9742 -1.7182 -29.9307 -13.964 0.9071 0.3948 0.8888 0.3948 0.9065 0.3787
3 16 -1.7182 -29.9307 -13.964 0 -30.0685 -11.9742 -1.6074 -29.7477 -11.9668 0.9065 0.3787 0.8888 0.3948 0.8883 0.3799
3 16 0 -30.0685 -11.9742 1.6074 -29.7477 -11.9668 0 -27.8781 -11.725 0.2205 0.6869 0.2059 0.684 0.2205 0.6667
3 16 -1.6074 -29.7477 -11.9668 0 -30.0685 -11.9742 0 -27.8781 -11.725 0.235 0.684 0.2205 0.6869 0.2205 0.6667
3 16 4.7076 -26.3187 -11.9883 4.7359 -24.4646 -11.9598 0 -25.9908 -11.725 0.1774 0.6529 0.1772 0.6361 0.2205 0.6496
3 16 0 -25.9908 -11.725 4.7359 -24.4646 -11.9598 0 -24.4432 -11.725 0.2205 0.6496 0.1772 0.6361 0.2205 0.6356
3 16 -4.7076 -26.3187 -11.9883 0 -25.9908 -11.725 -4.7359 -24.4646 -11.9598 0.2635 0.653 0.2205 0.6496 0.2638 0.6361
3 16 -4.7359 -24.4646 -11.9598 0 -25.9908 -11.725 0 -24.4432 -11.725 0.2638 0.6361 0.2205 0.6496 0.2205 0.6356
3 16 4.7076 -26.3187 -11.9883 0 -25.9908 -11.725 3.614 -28.3482 -11.966 0.1774 0.6529 0.2205 0.6496 0.1876 0.6714
3 16 3.614 -28.3482 -11.966 0 -25.9908 -11.725 0 -27.8781 -11.725 0.1876 0.6714 0.2205 0.6496 0.2205 0.6667
3 16 -4.7076 -26.3187 -11.9883 -3.614 -28.3482 -11.966 0 -25.9908 -11.725 0.2635 0.653 0.2534 0.6714 0.2205 0.6496
3 16 0 -25.9908 -11.725 -3.614 -28.3482 -11.966 0 -27.8781 -11.725 0.2205 0.6496 0.2534 0.6714 0.2205 0.6667
3 16 1.6074 -29.7477 -11.9668 3.614 -28.3482 -11.966 0 -27.8781 -11.725 0.2059 0.684 0.1876 0.6714 0.2205 0.6667
3 16 -3.614 -28.3482 -11.966 -1.6074 -29.7477 -11.9668 0 -27.8781 -11.725 0.2534 0.6714 0.235 0.684 0.2205 0.6667
3 16 -4.9722 -24.5319 -13.1536 -4.7359 -24.4646 -11.9598 -4.3916 -21.3121 -12.7434 0.8902 0.3181 0.8794 0.3201 0.8787 0.2904
3 16 -4.3916 -21.3121 -12.7434 -4.7359 -24.4646 -11.9598 -4.1232 -21.3814 -11.9105 0.8787 0.2904 0.8794 0.3201 0.8711 0.2927
3 16 4.3916 -21.3121 -12.7434 4.3952 -20.2768 -12.5196 4.1232 -21.3818 -11.9105 0.8785 0.4991 0.874 0.508 0.8709 0.4968
3 16 4.1232 -21.3818 -11.9105 4.3952 -20.2768 -12.5196 3.8063 -20.2928 -10.6027 0.8709 0.4968 0.874 0.508 0.8632 0.5053
3 16 -4.3916 -21.3121 -12.7434 -4.1232 -21.3814 -11.9105 -4.3953 -20.2767 -12.5195 0.8787 0.2904 0.8711 0.2927 0.8742 0.2815
3 16 -4.3953 -20.2767 -12.5195 -4.1232 -21.3814 -11.9105 -3.68 -20.2928 -10.6025 0.8742 0.2815 0.8711 0.2927 0.8632 0.2844
3 16 4.9722 -24.5319 -13.1536 4.3916 -21.3121 -12.7434 4.7359 -24.4646 -11.9598 0.8901 0.4715 0.8785 0.4991 0.8793 0.4695
3 16 4.7359 -24.4646 -11.9598 4.3916 -21.3121 -12.7434 4.1232 -21.3818 -11.9105 0.8793 0.4695 0.8785 0.4991 0.8709 0.4968
3 16 -4.7359 -24.4646 -11.9598 0 -24.4432 -11.725 -4.1232 -21.3814 -11.9105 0.2638 0.6361 0.2205 0.6356 0.2584 0.608
3 16 -4.1232 -21.3814 -11.9105 0 -24.4432 -11.725 0 -21.3266 -11.7128 0.2584 0.608 0.2205 0.6356 0.2205 0.6074
3 16 4.7359 -24.4646 -11.9598 4.1232 -21.3818 -11.9105 0 -24.4432 -11.725 0.1772 0.6361 0.1826 0.608 0.2205 0.6356
3 16 0 -24.4432 -11.725 4.1232 -21.3818 -11.9105 0 -21.3266 -11.7128 0.2205 0.6356 0.1826 0.608 0.2205 0.6074
3 16 4.1232 -21.3818 -11.9105 3.8063 -20.2928 -10.6027 0 -21.3266 -11.7128 0.1826 0.608 0.1882 0.5941 0.2205 0.6074
3 16 0 -21.3266 -11.7128 3.8063 -20.2928 -10.6027 0 -20.2942 -10.5748 0.2205 0.6074 0.1882 0.5941 0.2205 0.5924
3 16 -4.3285 -24.3482 -14.7155 -3.9958 -21.6432 -14.2903 -2.7762 -24.0877 -15.5537 0.3128 0.3833 0.3384 0.3847 0.3157 0.3993
3 16 -2.7762 -24.0877 -15.5537 -3.9958 -21.6432 -14.2903 -2.6003 -21.7477 -15.2801 0.3157 0.3993 0.3384 0.3847 0.3368 0.4005
3 16 4.3285 -24.3482 -14.7155 2.7762 -24.0877 -15.5537 3.9958 -21.6432 -14.2903 0.3125 0.4658 0.3155 0.4498 0.338 0.4646
3 16 3.9958 -21.6432 -14.2903 2.7762 -24.0877 -15.5537 2.6003 -21.7477 -15.2801 0.338 0.4646 0.3155 0.4498 0.3367 0.4488
3 16 -4.3285 -24.3482 -14.7155 -4.9722 -24.5319 -13.1536 -3.9958 -21.6432 -14.2903 0.3128 0.3833 0.3118 0.3678 0.3384 0.3847
3 16 -3.9958 -21.6432 -14.2903 -4.9722 -24.5319 -13.1536 -4.3916 -21.3121 -12.7434 0.3384 0.3847 0.3118 0.3678 0.3438 0.3709
3 16 4.3916 -21.3121 -12.7434 4.9722 -24.5319 -13.1536 3.9958 -21.6432 -14.2903 0.3433 0.4784 0.3114 0.4813 0.338 0.4646
3 16 3.9958 -21.6432 -14.2903 4.9722 -24.5319 -13.1536 4.3285 -24.3482 -14.7155 0.338 0.4646 0.3114 0.4813 0.3125 0.4658
3 16 2.7762 -24.0877 -15.5537 0 -23.9667 -15.938 2.6003 -21.7477 -15.2801 0.3155 0.4498 0.3172 0.4246 0.3367 0.4488
3 16 2.6003 -21.7477 -15.2801 0 -23.9667 -15.938 0 -21.6906 -15.6347 0.3367 0.4488 0.3172 0.4246 0.3374 0.4247
3 16 0 -25.0457 -16.0817 0 -26.6084 -16.2896 -1.3902 -26.5429 -16.1758 0.3077 0.4245 0.2941 0.4245 0.2945 0.4125
3 16 1.3902 -26.5429 -16.1758 0 -26.6084 -16.2896 0 -25.0457 -16.0817 0.2944 0.4364 0.2941 0.4245 0.3077 0.4245
3 16 -2.7762 -24.0877 -15.5537 -2.6003 -21.7477 -15.2801 0 -23.9667 -15.938 0.3157 0.3993 0.3368 0.4005 0.3172 0.4246
3 16 0 -23.9667 -15.938 -2.6003 -21.7477 -15.2801 0 -21.6906 -15.6347 0.3172 0.4246 0.3368 0.4005 0.3374 0.4247
3 16 0 -23.9667 -15.938 2.7762 -24.0877 -15.5537 0 -25.0457 -16.0817 0.3172 0.4246 0.3155 0.4498 0.3077 0.4245
3 16 0 -25.0457 -16.0817 2.7762 -24.0877 -15.5537 2.757 -25.2358 -15.7188 0.3077 0.4245 0.3155 0.4498 0.3052 0.4491
3 16 0 -23.9667 -15.938 0 -25.0457 -16.0817 -2.7762 -24.0877 -15.5537 0.3172 0.4246 0.3077 0.4245 0.3157 0.3993
3 16 -2.7762 -24.0877 -15.5537 0 -25.0457 -16.0817 -2.757 -25.2358 -15.7188 0.3157 0.3993 0.3077 0.4245 0.3054 0.3999
3 16 0 -25.0457 -16.0817 2.757 -25.2358 -15.7188 1.3902 -26.5429 -16.1758 0.3077 0.4245 0.3052 0.4491 0.2944 0.4364
3 16 1.3902 -26.5429 -16.1758 2.757 -25.2358 -15.7188 2.4739 -26.4812 -15.9646 0.2944 0.4364 0.3052 0.4491 0.2944 0.4459
3 16 0 -25.0457 -16.0817 -1.3902 -26.5429 -16.1758 -2.757 -25.2358 -15.7188 0.3077 0.4245 0.2945 0.4125 0.3054 0.3999
3 16 -2.757 -25.2358 -15.7188 -1.3902 -26.5429 -16.1758 -2.4739 -26.4812 -15.9646 0.3054 0.3999 0.2945 0.4125 0.2946 0.4031
3 16 0.002 -16.3313 -14.9205 0 -21.6906 -15.6347 -1.2014 -16.0497 -14.7996 0.3856 0.4249 0.3374 0.4247 0.3883 0.4138
3 16 -1.2014 -16.0497 -14.7996 0 -21.6906 -15.6347 -2.6003 -21.7477 -15.2801 0.3883 0.4138 0.3374 0.4247 0.3368 0.4005
3 16 -4.1232 -21.3814 -11.9105 0 -21.3266 -11.7128 -3.68 -20.2928 -10.6025 0.2584 0.608 0.2205 0.6074 0.2522 0.5937
3 16 -3.68 -20.2928 -10.6025 0 -21.3266 -11.7128 0 -20.2942 -10.5748 0.2522 0.5937 0.2205 0.6074 0.2205 0.5924
3 16 0.002 -16.3313 -14.9205 1.206 -16.0875 -14.8045 0 -21.6906 -15.6347 0.3856 0.4249 0.3879 0.4359 0.3374 0.4247
3 16 0 -21.6906 -15.6347 1.206 -16.0875 -14.8045 2.6003 -21.7477 -15.2801 0.3374 0.4247 0.3879 0.4359 0.3367 0.4488
3 16 2.6003 -21.7477 -15.2801 1.206 -16.0875 -14.8045 3.9958 -21.6432 -14.2903 0.3367 0.4488 0.3879 0.4359 0.338 0.4646
3 16 3.9958 -21.6432 -14.2903 1.206 -16.0875 -14.8045 2.1479 -15.4941 -14.3792 0.338 0.4646 0.3879 0.4359 0.3938 0.445
3 16 1.206 -16.0875 -14.8045 0.6457 -14.5495 -14.6567 2.1479 -15.4941 -14.3792 0.3879 0.4359 0.4017 0.4308 0.3938 0.445
3 16 2.1479 -15.4941 -14.3792 0.6457 -14.5495 -14.6567 1.2417 -13.8996 -14.4434 0.3938 0.445 0.4017 0.4308 0.4078 0.4362
3 16 0.6457 -14.5495 -14.6567 0.0031 -14.5819 -14.6874 1.2417 -13.8996 -14.4434 0.4017 0.4308 0.4014 0.4249 0.4078 0.4362
3 16 1.2417 -13.8996 -14.4434 0.0031 -14.5819 -14.6874 -0.003 -13.2744 -14.4808 0.4078 0.4362 0.4014 0.4249 0.4132 0.4249
3 16 0.0031 -14.5819 -14.6874 -0.6508 -14.5278 -14.6533 -0.003 -13.2744 -14.4808 0.4014 0.4249 0.402 0.419 0.4132 0.4249
3 16 -0.003 -13.2744 -14.4808 -0.6508 -14.5278 -14.6533 -1.2584 -13.8201 -14.4232 0.4132 0.4249 0.402 0.419 0.4086 0.4135
3 16 -1.2014 -16.0497 -14.7996 -2.0695 -15.248 -14.3697 -0.6508 -14.5278 -14.6533 0.3883 0.4138 0.3961 0.4055 0.402 0.419
3 16 -0.6508 -14.5278 -14.6533 -2.0695 -15.248 -14.3697 -1.2584 -13.8201 -14.4232 0.402 0.419 0.3961 0.4055 0.4086 0.4135
3 16 -2.0695 -15.248 -14.3697 -1.2014 -16.0497 -14.7996 -3.9958 -21.6432 -14.2903 0.3961 0.4055 0.3883 0.4138 0.3384 0.3847
3 16 -3.9958 -21.6432 -14.2903 -1.2014 -16.0497 -14.7996 -2.6003 -21.7477 -15.2801 0.3384 0.3847 0.3883 0.4138 0.3368 0.4005
3 16 -3.9958 -21.6432 -14.2903 -4.3953 -20.2767 -12.5195 -2.0695 -15.248 -14.3697 0.3384 0.3847 0.3541 0.3708 0.3961 0.4055
3 16 -2.0695 -15.248 -14.3697 -4.3953 -20.2767 -12.5195 -3.0851 -14.1159 -13.4118 0.3961 0.4055 0.3541 0.3708 0.4085 0.3941
3 16 0.002 -16.3313 -14.9205 -1.2014 -16.0497 -14.7996 0.0031 -14.5819 -14.6874 0.3856 0.4249 0.3883 0.4138 0.4014 0.4249
3 16 0.0031 -14.5819 -14.6874 -1.2014 -16.0497 -14.7996 -0.6508 -14.5278 -14.6533 0.4014 0.4249 0.3883 0.4138 0.402 0.419
3 16 1.206 -16.0875 -14.8045 0.002 -16.3313 -14.9205 0.6457 -14.5495 -14.6567 0.3879 0.4359 0.3856 0.4249 0.4017 0.4308
3 16 0.6457 -14.5495 -14.6567 0.002 -16.3313 -14.9205 0.0031 -14.5819 -14.6874 0.4017 0.4308 0.3856 0.4249 0.4014 0.4249
3 16 4.3916 -21.3121 -12.7434 3.9958 -21.6432 -14.2903 4.3952 -20.2768 -12.5196 0.3433 0.4784 0.338 0.4646 0.3537 0.4787
3 16 -3.9958 -21.6432 -14.2903 -4.3916 -21.3121 -12.7434 -4.3953 -20.2767 -12.5195 0.3384 0.3847 0.3438 0.3709 0.3541 0.3708
3 16 0 -20.2959 0.3211 0 -20.2942 -10.5748 3.8063 -20.2928 -10.6027 0.4672 0.6133 0.4672 0.5145 0.5016 0.5142
3 16 0 -20.2959 0.3211 -3.68 -20.2928 -10.6025 0 -20.2942 -10.5748 0.4672 0.6133 0.4338 0.5142 0.4672 0.5145
3 16 -3.0851 -14.1159 -13.4118 -4.3953 -20.2767 -12.5195 -4.6092 -11.9345 -13.1692 0.6507 0.4269 0.6384 0.4831 0.6363 0.4073
3 16 4.6092 -11.9345 -13.1692 4.3952 -20.2768 -12.5196 3.1143 -14.074 -13.4049 0.7212 0.4073 0.7192 0.4831 0.7072 0.4265
3 16 0.0234 -11.9069 -13.9603 -2.0018 -12.6223 -13.7518 0.0254 -11.449 -13.9948 0.679 0.4066 0.6607 0.4132 0.679 0.4023
3 16 0.0254 -11.449 -13.9948 -2.0018 -12.6223 -13.7518 -2.3676 -11.7532 -13.746 0.679 0.4023 0.6607 0.4132 0.6573 0.4053
3 16 0.0234 -11.9069 -13.9603 0.0254 -11.449 -13.9948 1.9769 -12.5974 -13.7579 0.679 0.4066 0.679 0.4023 0.6967 0.4129
3 16 1.9769 -12.5974 -13.7579 0.0254 -11.449 -13.9948 2.338 -11.6618 -13.7585 0.6967 0.4129 0.679 0.4023 0.7001 0.4044
3 16 1.9769 -12.5974 -13.7579 2.338 -11.6618 -13.7585 3.1143 -14.074 -13.4049 0.6967 0.4129 0.7001 0.4044 0.7072 0.4265
3 16 3.1143 -14.074 -13.4049 2.338 -11.6618 -13.7585 4.6092 -11.9345 -13.1692 0.7072 0.4265 0.7001 0.4044 0.7212 0.4073
3 16 -2.0018 -12.6223 -13.7518 -3.0851 -14.1159 -13.4118 -2.3676 -11.7532 -13.746 0.6607 0.4132 0.6507 0.4269 0.6573 0.4053
3 16 -2.3676 -11.7532 -13.746 -3.0851 -14.1159 -13.4118 -4.6092 -11.9345 -13.1692 0.6573 0.4053 0.6507 0.4269 0.6363 0.4073
3 16 1.9769 -12.5974 -13.7579 3.1143 -14.074 -13.4049 1.2417 -13.8996 -14.4434 0.4212 0.4437 0.4087 0.456 0.4078 0.4362
3 16 1.2417 -13.8996 -14.4434 3.1143 -14.074 -13.4049 2.1479 -15.4941 -14.3792 0.4078 0.4362 0.4087 0.456 0.3938 0.445
3 16 -2.0695 -15.248 -14.3697 -3.0851 -14.1159 -13.4118 -1.2584 -13.8201 -14.4232 0.3961 0.4055 0.4085 0.3941 0.4086 0.4135
3 16 -1.2584 -13.8201 -14.4232 -3.0851 -14.1159 -13.4118 -2.0018 -12.6223 -13.7518 0.4086 0.4135 0.4085 0.3941 0.4211 0.406
3 16 0.0234 -11.9069 -13.9603 1.9769 -12.5974 -13.7579 -0.003 -13.2744 -14.4808 0.4269 0.4252 0.4212 0.4437 0.4132 0.4249
3 16 -0.003 -13.2744 -14.4808 1.9769 -12.5974 -13.7579 1.2417 -13.8996 -14.4434 0.4132 0.4249 0.4212 0.4437 0.4078 0.4362
3 16 -1.2584 -13.8201 -14.4232 -2.0018 -12.6223 -13.7518 -0.003 -13.2744 -14.4808 0.4086 0.4135 0.4211 0.406 0.4132 0.4249
3 16 -0.003 -13.2744 -14.4808 -2.0018 -12.6223 -13.7518 0.0234 -11.9069 -13.9603 0.4132 0.4249 0.4211 0.406 0.4269 0.4252
3 16 3.1143 -14.074 -13.4049 4.3952 -20.2768 -12.5196 2.1479 -15.4941 -14.3792 0.4087 0.456 0.3537 0.4787 0.3938 0.445
3 16 2.1479 -15.4941 -14.3792 4.3952 -20.2768 -12.5196 3.9958 -21.6432 -14.2903 0.3938 0.445 0.3537 0.4787 0.338 0.4646
3 16 -13.4611 -13.7089 3.0739 -14.5936 0.1539 3.3679 -13.8283 -13.4566 0.001 0.843 0.2101 0.8568 0.0848 0.8711 0.2112
3 16 -13.8283 -13.4566 0.001 -14.5936 0.1539 3.3679 -14.9419 0.2393 0.0002 0.8711 0.2112 0.8568 0.0848 0.8873 0.0878
3 16 -11.6672 -14.0563 7.3311 -12.6276 0.0363 7.9954 -13.4611 -13.7089 3.0739 0.801 0.2091 0.8113 0.0814 0.843 0.2101
3 16 -13.4611 -13.7089 3.0739 -12.6276 0.0363 7.9954 -14.5936 0.1539 3.3679 0.843 0.2101 0.8113 0.0814 0.8568 0.0848
3 16 -8.5771 -14.3336 10.7555 -9.2884 -0.0576 11.7268 -11.6672 -14.0563 7.3311 0.759 0.2087 0.7659 0.0791 0.801 0.2091
3 16 -11.6672 -14.0563 7.3311 -9.2884 -0.0576 11.7268 -12.6276 0.0363 7.9954 0.801 0.2091 0.7659 0.0791 0.8113 0.0814
3 16 -4.5387 -14.5121 12.971 -4.9081 -0.118 14.1223 -8.5771 -14.3336 10.7555 0.7172 0.2086 0.7206 0.0777 0.759 0.2087
3 16 -8.5771 -14.3336 10.7555 -4.9081 -0.118 14.1223 -9.2884 -0.0576 11.7268 0.759 0.2087 0.7206 0.0777 0.7659 0.0791
3 16 0 -14.5736 13.7371 0 -0.1388 14.9491 -4.5387 -14.5121 12.971 0.6754 0.2085 0.6754 0.0773 0.7172 0.2086
3 16 -4.5387 -14.5121 12.971 0 -0.1388 14.9491 -4.9081 -0.118 14.1223 0.7172 0.2086 0.6754 0.0773 0.7206 0.0777
3 16 0 -14.5736 13.7371 4.5387 -14.5121 12.971 0 -0.1388 14.9491 0.6754 0.2085 0.6336 0.2085 0.6754 0.0773
3 16 0 -0.1388 14.9491 4.5387 -14.5121 12.971 4.9081 -0.118 14.1223 0.6754 0.0773 0.6336 0.2085 0.6302 0.0777
3 16 4.5387 -14.5121 12.971 8.5771 -14.3336 10.7555 4.9081 -0.118 14.1223 0.6336 0.2085 0.5918 0.2087 0.6302 0.0777
3 16 4.9081 -0.118 14.1223 8.5771 -14.3336 10.7555 9.2884 -0.0576 11.7268 0.6302 0.0777 0.5918 0.2087 0.5849 0.079
3 16 8.5771 -14.3336 10.7555 11.6672 -14.0563 7.3311 9.2884 -0.0576 11.7268 0.5918 0.2087 0.5498 0.2091 0.5849 0.079
3 16 9.2884 -0.0576 11.7268 11.6672 -14.0563 7.3311 12.6276 0.0363 7.9954 0.5849 0.079 0.5498 0.2091 0.5396 0.0814
3 16 11.6672 -14.0563 7.3311 13.4611 -13.7089 3.0739 12.6276 0.0363 7.9954 0.5498 0.2091 0.5078 0.21 0.5396 0.0814
3 16 12.6276 0.0363 7.9954 13.4611 -13.7089 3.0739 14.5936 0.1539 3.3679 0.5396 0.0814 0.5078 0.21 0.494 0.0848
3 16 13.4611 -13.7089 3.0739 13.8283 -13.4566 0.0008 14.5936 0.1539 3.3679 0.5078 0.21 0.4797 0.2111 0.494 0.0848
3 16 14.5936 0.1539 3.3679 13.8283 -13.4566 0.0008 14.9415 0.2393 0.0003 0.494 0.0848 0.4797 0.2111 0.4635 0.0878
3 16 14.6861 0.4174 -2.8933 14.9415 0.2393 0.0003 13.6429 -13.3233 -1.6922 0.4373 0.0897 0.4635 0.0878 0.4657 0.2122
3 16 13.6429 -13.3233 -1.6922 14.9415 0.2393 0.0003 13.8283 -13.4566 0.0008 0.4657 0.2122 0.4635 0.0878 0.4797 0.2111
3 16 15.1668 7.2669 3.5165 15.5047 7.2669 0.0003 13.0351 7.2677 0 0.8165 0.7778 0.7848 0.7803 0.785 0.7584
3 16 15.2805 7.2597 -3.0108 13.0351 7.2677 0 15.5047 7.2669 0.0003 0.7576 0.7781 0.785 0.7584 0.7848 0.7803
3 16 13.1135 7.2669 8.3319 11.2887 7.2677 6.5176 9.6484 7.2669 12.2187 0.8598 0.7601 0.8442 0.7433 0.8956 0.7299
3 16 9.6484 7.2669 12.2187 11.2887 7.2677 6.5176 6.5176 7.2677 11.2887 0.8956 0.7299 0.8442 0.7433 0.8882 0.7014
3 16 9.6484 7.2669 12.2187 6.5176 7.2677 11.2887 5.095 7.2669 14.7054 0.8956 0.7299 0.8882 0.7014 0.9191 0.6892
3 16 -6.5176 7.2677 11.2887 -5.095 7.2669 14.7054 0 7.2612 13.0304 0.8906 0.5831 0.9211 0.5968 0.9053 0.6426
3 16 0 7.2612 13.0304 -5.095 7.2669 14.7054 0 7.2669 15.5628 0.9053 0.6426 0.9211 0.5968 0.9279 0.6432
3 16 -6.5176 7.2677 11.2887 -11.2887 7.2677 6.5176 -9.6484 7.2669 12.2187 0.8906 0.5831 0.848 0.539 0.8993 0.555
3 16 -9.6484 7.2669 12.2187 -11.2887 7.2677 6.5176 -13.1135 7.2669 8.3319 0.8993 0.555 0.848 0.539 0.8645 0.523
3 16 -13.1135 7.2669 8.3319 -11.2887 7.2677 6.5176 -15.1668 7.2669 3.5166 0.8645 0.523 0.848 0.539 0.8212 0.5038
3 16 -15.1668 7.2669 3.5166 -11.2887 7.2677 6.5176 -13.0351 7.2677 0 0.8212 0.5038 0.848 0.539 0.7891 0.5222
3 16 -15.5011 7.2671 -6.3107 -15.2612 7.2597 -3.0108 -11.2887 7.2677 -6.5176 0.7322 0.4993 0.7621 0.5019 0.7296 0.5371
3 16 -11.2887 7.2677 -6.5176 -15.2612 7.2597 -3.0108 -13.0351 7.2677 0 0.7296 0.5371 0.7621 0.5019 0.7891 0.5222
3 16 13.4892 -13.2132 -3.0917 13.6429 -13.3233 -1.6922 12.9329 -20.2892 -2.9521 0.8469 0.4276 0.8594 0.4301 0.84 0.4914
3 16 12.9329 -20.2892 -2.9521 13.6429 -13.3233 -1.6922 13.0882 -20.2835 -1.6164 0.84 0.4914 0.8594 0.4301 0.852 0.4927
3 16 13.4892 -13.2132 -3.0917 14.6861 0.4174 -2.8933 13.6429 -13.3233 -1.6922 0.8469 0.4276 0.8645 0.3048 0.8594 0.4301
3 16 -13.2655 -20.2893 0.0007 -13.8283 -13.4566 0.001 -13.1159 -20.2834 -1.3709 0.8631 0.2726 0.8711 0.2112 0.8755 0.2743
3 16 -13.1159 -20.2834 -1.3709 -13.8283 -13.4566 0.001 -13.6673 -13.3426 -1.4414 0.8755 0.2743 0.8711 0.2112 0.8842 0.212
3 16 -13.8283 -13.4566 0.001 -14.9419 0.2393 0.0002 -13.6673 -13.3426 -1.4414 0.8711 0.2112 0.8873 0.0878 0.8842 0.212
3 16 -13.6673 -13.3426 -1.4414 -14.9419 0.2393 0.0002 -14.6674 0.4174 -2.8933 0.8842 0.212 0.8873 0.0878 0.9136 0.0898
3 16 -15.2612 7.2597 -3.0108 -14.6674 0.4174 -2.8933 -15.5053 7.2669 0.0002 0.9228 0.0285 0.9136 0.0898 0.8957 0.0247
3 16 -15.5053 7.2669 0.0002 -14.6674 0.4174 -2.8933 -14.9419 0.2393 0.0002 0.8957 0.0247 0.9136 0.0898 0.8873 0.0878
3 16 0 -20.2959 0.3211 -13.1159 -20.2834 -1.3709 -12.9329 -20.2892 -2.952 0.4672 0.6133 0.3485 0.598 0.3502 0.5837
3 16 0 -20.2959 0.3211 13.0882 -20.2835 -1.6164 13.2655 -20.2893 0.0005 0.4672 0.6133 0.5855 0.5957 0.5872 0.6104
3 16 -13.0351 7.2677 0 -15.2612 7.2597 -3.0108 -15.5053 7.2669 0.0002 0.7891 0.5222 0.7621 0.5019 0.7894 0.5003
0 STEP
