0 Untitled Model
0 Name: Untitled Model
0 Author: 
0 BFC CERTIFY CCW
3 16 30 -120 -10 30 0 -10 30 -120 10
3 16 30 -120 10 30 0 -10 30 0 10
3 16 30 -120 10 -10 -120 10 30 -120 -10
3 16 30 -120 -10 -10 -120 10 -10 -120 -10
3 16 -10 -120 -10 -10 -120 10 -10 0 -10
3 16 -10 0 -10 -10 -120 10 -10 0 10
3 16 30 0 10 -10 0 10 30 -120 10
3 16 30 -120 10 -10 0 10 -10 -120 10
3 16 30 -120 -10 -10 -120 -10 30 0 -10
3 16 30 0 -10 -10 -120 -10 -10 0 -10
3 16 -10 0 10 30 0 10 -6.25 0 6.25
3 16 -6.25 0 6.25 30 0 10 26.25 0 6.25
3 16 26.25 0 -6.25 26.25 0 6.25 30 0 -10
3 16 30 0 -10 26.25 0 6.25 30 0 10
3 16 26.25 -117.25 6.25 26.25 -117.25 -6.25 -6.25 -117.25 6.25
3 16 -6.25 -117.25 6.25 26.25 -117.25 -6.25 -6.25 -117.25 -6.25
3 16 26.25 0 6.25 26.25 -117.25 6.25 -6.25 0 6.25
3 16 -6.25 0 6.25 26.25 -117.25 6.25 -6.25 -117.25 6.25
3 16 26.25 -117.25 6.25 26.25 0 6.25 26.25 -117.25 -6.25
3 16 26.25 -117.25 -6.25 26.25 0 6.25 26.25 0 -6.25
3 16 -6.25 0 -6.25 -10 0 -10 -6.25 0 6.25
3 16 -6.25 0 6.25 -10 0 -10 -10 0 10
3 16 30 0 -10 -10 0 -10 26.25 0 -6.25
3 16 26.25 0 -6.25 -10 0 -10 -6.25 0 -6.25
3 16 -6.25 0 6.25 -6.25 -117.25 6.25 -6.25 0 -6.25
3 16 -6.25 0 -6.25 -6.25 -117.25 6.25 -6.25 -117.25 -6.25
3 16 26.25 0 -6.25 -6.25 0 -6.25 26.25 -117.25 -6.25
3 16 26.25 -117.25 -6.25 -6.25 0 -6.25 -6.25 -117.25 -6.25
3 16 5.4144 -120 3.126 3.126 -120 5.4144 5.4144 -124.45 3.126
3 16 5.4144 -124.45 3.126 3.126 -120 5.4144 3.126 -124.45 5.4144
3 16 3.126 -120 5.4144 0 -120 6.252 3.126 -124.45 5.4144
3 16 3.126 -124.45 5.4144 0 -120 6.252 0 -124.45 6.252
3 16 0 -120 6.252 -3.126 -120 5.4144 0 -124.45 6.252
3 16 0 -124.45 6.252 -3.126 -120 5.4144 -3.126 -124.45 5.4144
3 16 -3.126 -120 5.4144 -5.4144 -120 3.126 -3.126 -124.45 5.4144
3 16 -3.126 -124.45 5.4144 -5.4144 -120 3.126 -5.4144 -124.45 3.126
3 16 -5.4144 -120 3.126 -6.252 -120 0 -5.4144 -124.45 3.126
3 16 -5.4144 -124.45 3.126 -6.252 -120 0 -6.252 -124.45 0
3 16 -6.252 -120 0 -5.4144 -120 -3.126 -6.252 -124.45 0
3 16 -6.252 -124.45 0 -5.4144 -120 -3.126 -5.4144 -124.45 -3.126
3 16 -5.4144 -120 -3.126 -3.126 -120 -5.4144 -5.4144 -124.45 -3.126
3 16 -5.4144 -124.45 -3.126 -3.126 -120 -5.4144 -3.126 -124.45 -5.4144
3 16 -3.126 -120 -5.4144 0 -120 -6.252 -3.126 -124.45 -5.4144
3 16 -3.126 -124.45 -5.4144 0 -120 -6.252 0 -124.45 -6.252
3 16 0 -120 -6.252 3.126 -120 -5.4144 0 -124.45 -6.252
3 16 0 -124.45 -6.252 3.126 -120 -5.4144 3.126 -124.45 -5.4144
3 16 3.126 -120 -5.4144 5.4144 -120 -3.126 3.126 -124.45 -5.4144
3 16 3.126 -124.45 -5.4144 5.4144 -120 -3.126 5.4144 -124.45 -3.126
3 16 5.4144 -120 -3.126 6.252 -120 0 5.4144 -124.45 -3.126
3 16 5.4144 -124.45 -3.126 6.252 -120 0 6.252 -124.45 0
3 16 6.252 -120 0 5.4144 -120 3.126 6.252 -124.45 0
3 16 6.252 -124.45 0 5.4144 -120 3.126 5.4144 -124.45 3.126
3 16 5.4144 -124.45 3.126 3.126 -124.45 5.4144 3.5295 -124.45 2.0378
3 16 3.5295 -124.45 2.0378 3.126 -124.45 5.4144 2.0377 -124.45 3.5295
3 16 3.126 -124.45 5.4144 0 -124.45 6.252 2.0377 -124.45 3.5295
3 16 2.0377 -124.45 3.5295 0 -124.45 6.252 0 -124.45 4.0755
3 16 0 -124.45 6.252 -3.126 -124.45 5.4144 0 -124.45 4.0755
3 16 0 -124.45 4.0755 -3.126 -124.45 5.4144 -2.0378 -124.45 3.5295
3 16 -3.126 -124.45 5.4144 -5.4144 -124.45 3.126 -2.0378 -124.45 3.5295
3 16 -2.0378 -124.45 3.5295 -5.4144 -124.45 3.126 -3.5295 -124.45 2.0378
3 16 -5.4144 -124.45 3.126 -6.252 -124.45 0 -3.5295 -124.45 2.0378
3 16 -3.5295 -124.45 2.0378 -6.252 -124.45 0 -4.0755 -124.45 0
3 16 -6.252 -124.45 0 -5.4144 -124.45 -3.126 -4.0755 -124.45 0
3 16 -4.0755 -124.45 0 -5.4144 -124.45 -3.126 -3.5295 -124.45 -2.0378
3 16 -5.4144 -124.45 -3.126 -3.126 -124.45 -5.4144 -3.5295 -124.45 -2.0378
3 16 -3.5295 -124.45 -2.0378 -3.126 -124.45 -5.4144 -2.0378 -124.45 -3.5295
3 16 -3.126 -124.45 -5.4144 0 -124.45 -6.252 -2.0378 -124.45 -3.5295
3 16 -2.0378 -124.45 -3.5295 0 -124.45 -6.252 0 -124.45 -4.0755
3 16 0 -124.45 -6.252 3.126 -124.45 -5.4144 0 -124.45 -4.0755
3 16 0 -124.45 -4.0755 3.126 -124.45 -5.4144 2.0377 -124.45 -3.5295
3 16 3.126 -124.45 -5.4144 5.4144 -124.45 -3.126 2.0377 -124.45 -3.5295
3 16 2.0377 -124.45 -3.5295 5.4144 -124.45 -3.126 3.5295 -124.45 -2.0378
3 16 5.4144 -124.45 -3.126 6.252 -124.45 0 3.5295 -124.45 -2.0378
3 16 3.5295 -124.45 -2.0378 6.252 -124.45 0 4.0755 -124.45 0
3 16 6.252 -124.45 0 5.4144 -124.45 3.126 4.0755 -124.45 0
3 16 4.0755 -124.45 0 5.4144 -124.45 3.126 3.5295 -124.45 2.0378
3 16 3.5295 -124.45 2.0378 2.0377 -124.45 3.5295 3.5295 -120 2.0378
3 16 3.5295 -120 2.0378 2.0377 -124.45 3.5295 2.0377 -120 3.5295
3 16 2.0377 -124.45 3.5295 0 -124.45 4.0755 2.0377 -120 3.5295
3 16 2.0377 -120 3.5295 0 -124.45 4.0755 0 -120 4.0755
3 16 0 -124.45 4.0755 -2.0378 -124.45 3.5295 0 -120 4.0755
3 16 0 -120 4.0755 -2.0378 -124.45 3.5295 -2.0378 -120 3.5295
3 16 -2.0378 -124.45 3.5295 -3.5295 -124.45 2.0378 -2.0378 -120 3.5295
3 16 -2.0378 -120 3.5295 -3.5295 -124.45 2.0378 -3.5295 -120 2.0378
3 16 -3.5295 -124.45 2.0378 -4.0755 -124.45 0 -3.5295 -120 2.0378
3 16 -3.5295 -120 2.0378 -4.0755 -124.45 0 -4.0755 -120 0
3 16 -4.0755 -124.45 0 -3.5295 -124.45 -2.0378 -4.0755 -120 0
3 16 -4.0755 -120 0 -3.5295 -124.45 -2.0378 -3.5295 -120 -2.0378
3 16 -3.5295 -124.45 -2.0378 -2.0378 -124.45 -3.5295 -3.5295 -120 -2.0378
3 16 -3.5295 -120 -2.0378 -2.0378 -124.45 -3.5295 -2.0378 -120 -3.5295
3 16 -2.0378 -124.45 -3.5295 0 -124.45 -4.0755 -2.0378 -120 -3.5295
3 16 -2.0378 -120 -3.5295 0 -124.45 -4.0755 0 -120 -4.0755
3 16 0 -124.45 -4.0755 2.0377 -124.45 -3.5295 0 -120 -4.0755
3 16 0 -120 -4.0755 2.0377 -124.45 -3.5295 2.0377 -120 -3.5295
3 16 2.0377 -124.45 -3.5295 3.5295 -124.45 -2.0378 2.0377 -120 -3.5295
3 16 2.0377 -120 -3.5295 3.5295 -124.45 -2.0378 3.5295 -120 -2.0378
3 16 3.5295 -124.45 -2.0378 4.0755 -124.45 0 3.5295 -120 -2.0378
3 16 3.5295 -120 -2.0378 4.0755 -124.45 0 4.0755 -120 0
3 16 4.0755 -124.45 0 3.5295 -124.45 2.0378 4.0755 -120 0
3 16 4.0755 -120 0 3.5295 -124.45 2.0378 3.5295 -120 2.0378
3 16 25.4144 -120 3.126 23.126 -120 5.4144 25.4144 -124.45 3.126
3 16 25.4144 -124.45 3.126 23.126 -120 5.4144 23.126 -124.45 5.4144
3 16 23.126 -120 5.4144 20 -120 6.252 23.126 -124.45 5.4144
3 16 23.126 -124.45 5.4144 20 -120 6.252 20 -124.45 6.252
3 16 20 -120 6.252 16.874 -120 5.4144 20 -124.45 6.252
3 16 20 -124.45 6.252 16.874 -120 5.4144 16.874 -124.45 5.4144
3 16 16.874 -120 5.4144 14.5856 -120 3.126 16.874 -124.45 5.4144
3 16 16.874 -124.45 5.4144 14.5856 -120 3.126 14.5856 -124.45 3.126
3 16 14.5856 -120 3.126 13.748 -120 0 14.5856 -124.45 3.126
3 16 14.5856 -124.45 3.126 13.748 -120 0 13.748 -124.45 0
3 16 13.748 -120 0 14.5856 -120 -3.126 13.748 -124.45 0
3 16 13.748 -124.45 0 14.5856 -120 -3.126 14.5856 -124.45 -3.126
3 16 14.5856 -120 -3.126 16.874 -120 -5.4144 14.5856 -124.45 -3.126
3 16 14.5856 -124.45 -3.126 16.874 -120 -5.4144 16.874 -124.45 -5.4144
3 16 16.874 -120 -5.4144 20 -120 -6.252 16.874 -124.45 -5.4144
3 16 16.874 -124.45 -5.4144 20 -120 -6.252 20 -124.45 -6.252
3 16 20 -120 -6.252 23.126 -120 -5.4144 20 -124.45 -6.252
3 16 20 -124.45 -6.252 23.126 -120 -5.4144 23.126 -124.45 -5.4144
3 16 23.126 -120 -5.4144 25.4144 -120 -3.126 23.126 -124.45 -5.4144
3 16 23.126 -124.45 -5.4144 25.4144 -120 -3.126 25.4144 -124.45 -3.126
3 16 25.4144 -120 -3.126 26.252 -120 0 25.4144 -124.45 -3.126
3 16 25.4144 -124.45 -3.126 26.252 -120 0 26.252 -124.45 0
3 16 26.252 -120 0 25.4144 -120 3.126 26.252 -124.45 0
3 16 26.252 -124.45 0 25.4144 -120 3.126 25.4144 -124.45 3.126
3 16 25.4144 -124.45 3.126 23.126 -124.45 5.4144 23.5295 -124.45 2.0378
3 16 23.5295 -124.45 2.0378 23.126 -124.45 5.4144 22.0377 -124.45 3.5295
3 16 23.126 -124.45 5.4144 20 -124.45 6.252 22.0377 -124.45 3.5295
3 16 22.0377 -124.45 3.5295 20 -124.45 6.252 20 -124.45 4.0755
3 16 20 -124.45 6.252 16.874 -124.45 5.4144 20 -124.45 4.0755
3 16 20 -124.45 4.0755 16.874 -124.45 5.4144 17.9623 -124.45 3.5295
3 16 16.874 -124.45 5.4144 14.5856 -124.45 3.126 17.9623 -124.45 3.5295
3 16 17.9623 -124.45 3.5295 14.5856 -124.45 3.126 16.4705 -124.45 2.0378
3 16 14.5856 -124.45 3.126 13.748 -124.45 0 16.4705 -124.45 2.0378
3 16 16.4705 -124.45 2.0378 13.748 -124.45 0 15.9245 -124.45 0
3 16 13.748 -124.45 0 14.5856 -124.45 -3.126 15.9245 -124.45 0
3 16 15.9245 -124.45 0 14.5856 -124.45 -3.126 16.4705 -124.45 -2.0378
3 16 14.5856 -124.45 -3.126 16.874 -124.45 -5.4144 16.4705 -124.45 -2.0378
3 16 16.4705 -124.45 -2.0378 16.874 -124.45 -5.4144 17.9623 -124.45 -3.5295
3 16 16.874 -124.45 -5.4144 20 -124.45 -6.252 17.9623 -124.45 -3.5295
3 16 17.9623 -124.45 -3.5295 20 -124.45 -6.252 20 -124.45 -4.0755
3 16 20 -124.45 -6.252 23.126 -124.45 -5.4144 20 -124.45 -4.0755
3 16 20 -124.45 -4.0755 23.126 -124.45 -5.4144 22.0377 -124.45 -3.5295
3 16 23.126 -124.45 -5.4144 25.4144 -124.45 -3.126 22.0377 -124.45 -3.5295
3 16 22.0377 -124.45 -3.5295 25.4144 -124.45 -3.126 23.5295 -124.45 -2.0378
3 16 25.4144 -124.45 -3.126 26.252 -124.45 0 23.5295 -124.45 -2.0378
3 16 23.5295 -124.45 -2.0378 26.252 -124.45 0 24.0755 -124.45 0
3 16 26.252 -124.45 0 25.4144 -124.45 3.126 24.0755 -124.45 0
3 16 24.0755 -124.45 0 25.4144 -124.45 3.126 23.5295 -124.45 2.0378
3 16 23.5295 -124.45 2.0378 22.0377 -124.45 3.5295 23.5295 -120 2.0378
3 16 23.5295 -120 2.0378 22.0377 -124.45 3.5295 22.0377 -120 3.5295
3 16 22.0377 -124.45 3.5295 20 -124.45 4.0755 22.0377 -120 3.5295
3 16 22.0377 -120 3.5295 20 -124.45 4.0755 20 -120 4.0755
3 16 20 -124.45 4.0755 17.9623 -124.45 3.5295 20 -120 4.0755
3 16 20 -120 4.0755 17.9623 -124.45 3.5295 17.9623 -120 3.5295
3 16 17.9623 -124.45 3.5295 16.4705 -124.45 2.0378 17.9623 -120 3.5295
3 16 17.9623 -120 3.5295 16.4705 -124.45 2.0378 16.4705 -120 2.0378
3 16 16.4705 -124.45 2.0378 15.9245 -124.45 0 16.4705 -120 2.0378
3 16 16.4705 -120 2.0378 15.9245 -124.45 0 15.9245 -120 0
3 16 15.9245 -124.45 0 16.4705 -124.45 -2.0378 15.9245 -120 0
3 16 15.9245 -120 0 16.4705 -124.45 -2.0378 16.4705 -120 -2.0378
3 16 16.4705 -124.45 -2.0378 17.9623 -124.45 -3.5295 16.4705 -120 -2.0378
3 16 16.4705 -120 -2.0378 17.9623 -124.45 -3.5295 17.9623 -120 -3.5295
3 16 17.9623 -124.45 -3.5295 20 -124.45 -4.0755 17.9623 -120 -3.5295
3 16 17.9623 -120 -3.5295 20 -124.45 -4.0755 20 -120 -4.0755
3 16 20 -124.45 -4.0755 22.0377 -124.45 -3.5295 20 -120 -4.0755
3 16 20 -120 -4.0755 22.0377 -124.45 -3.5295 22.0377 -120 -3.5295
3 16 22.0377 -124.45 -3.5295 23.5295 -124.45 -2.0378 22.0377 -120 -3.5295
3 16 22.0377 -120 -3.5295 23.5295 -124.45 -2.0378 23.5295 -120 -2.0378
3 16 23.5295 -124.45 -2.0378 24.0755 -124.45 0 23.5295 -120 -2.0378
3 16 23.5295 -120 -2.0378 24.0755 -124.45 0 24.0755 -120 0
3 16 24.0755 -124.45 0 23.5295 -124.45 2.0378 24.0755 -120 0
3 16 24.0755 -120 0 23.5295 -124.45 2.0378 23.5295 -120 2.0378
2 24 30 -120 -10 30 0 -10
2 24 30 -120 -10 30 -120 10
2 24 30 0 -10 30 0 10
2 24 30 -120 10 30 0 10
2 24 30 -120 10 -10 -120 10
2 24 30 -120 10 30 -120 -10
2 24 -10 -120 10 -10 -120 -10
2 24 30 -120 -10 -10 -120 -10
2 24 -10 -120 -10 -10 -120 10
2 24 -10 -120 -10 -10 0 -10
2 24 -10 -120 10 -10 0 10
2 24 -10 0 -10 -10 0 10
2 24 30 0 10 -10 0 10
2 24 30 0 10 30 -120 10
2 24 -10 0 10 -10 -120 10
2 24 30 -120 10 -10 -120 10
2 24 30 -120 -10 -10 -120 -10
2 24 30 -120 -10 30 0 -10
2 24 -10 -120 -10 -10 0 -10
2 24 30 0 -10 -10 0 -10
2 24 -10 0 10 30 0 10
2 24 -6.25 0 6.25 26.25 0 6.25
2 24 26.25 0 6.25 26.25 0 -6.25
2 24 30 0 10 30 0 -10
2 24 26.25 -117.25 6.25 26.25 -117.25 -6.25
2 24 26.25 -117.25 6.25 -6.25 -117.25 6.25
2 24 26.25 -117.25 -6.25 -6.25 -117.25 -6.25
2 24 -6.25 -117.25 6.25 -6.25 -117.25 -6.25
2 24 26.25 0 6.25 26.25 -117.25 6.25
2 24 26.25 0 6.25 -6.25 0 6.25
2 24 26.25 -117.25 6.25 -6.25 -117.25 6.25
2 24 -6.25 0 6.25 -6.25 -117.25 6.25
2 24 26.25 -117.25 6.25 26.25 0 6.25
2 24 26.25 -117.25 6.25 26.25 -117.25 -6.25
2 24 26.25 0 6.25 26.25 0 -6.25
2 24 26.25 -117.25 -6.25 26.25 0 -6.25
2 24 -6.25 0 6.25 -6.25 0 -6.25
2 24 -10 0 10 -10 0 -10
2 24 30 0 -10 -10 0 -10
2 24 26.25 0 -6.25 -6.25 0 -6.25
2 24 -6.25 0 6.25 -6.25 -117.25 6.25
2 24 -6.25 0 6.25 -6.25 0 -6.25
2 24 -6.25 -117.25 6.25 -6.25 -117.25 -6.25
2 24 -6.25 0 -6.25 -6.25 -117.25 -6.25
2 24 26.25 0 -6.25 -6.25 0 -6.25
2 24 26.25 0 -6.25 26.25 -117.25 -6.25
2 24 -6.25 0 -6.25 -6.25 -117.25 -6.25
2 24 26.25 -117.25 -6.25 -6.25 -117.25 -6.25
2 24 5.4144 -120 3.126 3.126 -120 5.4144
2 24 5.4144 -124.45 3.126 3.126 -124.45 5.4144
2 24 3.126 -120 5.4144 0 -120 6.252
2 24 3.126 -124.45 5.4144 0 -124.45 6.252
2 24 0 -120 6.252 -3.126 -120 5.4144
2 24 0 -124.45 6.252 -3.126 -124.45 5.4144
2 24 -3.126 -120 5.4144 -5.4144 -120 3.126
2 24 -3.126 -124.45 5.4144 -5.4144 -124.45 3.126
2 24 -5.4144 -120 3.126 -6.252 -120 0
2 24 -5.4144 -124.45 3.126 -6.252 -124.45 0
2 24 -6.252 -120 0 -5.4144 -120 -3.126
2 24 -6.252 -124.45 0 -5.4144 -124.45 -3.126
2 24 -5.4144 -120 -3.126 -3.126 -120 -5.4144
2 24 -5.4144 -124.45 -3.126 -3.126 -124.45 -5.4144
2 24 -3.126 -120 -5.4144 0 -120 -6.252
2 24 -3.126 -124.45 -5.4144 0 -124.45 -6.252
2 24 0 -120 -6.252 3.126 -120 -5.4144
2 24 0 -124.45 -6.252 3.126 -124.45 -5.4144
2 24 3.126 -120 -5.4144 5.4144 -120 -3.126
2 24 3.126 -124.45 -5.4144 5.4144 -124.45 -3.126
2 24 5.4144 -120 -3.126 6.252 -120 0
2 24 5.4144 -124.45 -3.126 6.252 -124.45 0
2 24 5.4144 -120 3.126 6.252 -120 0
2 24 5.4144 -124.45 3.126 6.252 -124.45 0
2 24 5.4144 -124.45 3.126 3.126 -124.45 5.4144
2 24 3.5295 -124.45 2.0378 2.0377 -124.45 3.5295
2 24 3.126 -124.45 5.4144 0 -124.45 6.252
2 24 2.0377 -124.45 3.5295 0 -124.45 4.0755
2 24 0 -124.45 6.252 -3.126 -124.45 5.4144
2 24 0 -124.45 4.0755 -2.0378 -124.45 3.5295
2 24 -3.126 -124.45 5.4144 -5.4144 -124.45 3.126
2 24 -2.0378 -124.45 3.5295 -3.5295 -124.45 2.0378
2 24 -5.4144 -124.45 3.126 -6.252 -124.45 0
2 24 -3.5295 -124.45 2.0378 -4.0755 -124.45 0
2 24 -6.252 -124.45 0 -5.4144 -124.45 -3.126
2 24 -4.0755 -124.45 0 -3.5295 -124.45 -2.0378
2 24 -5.4144 -124.45 -3.126 -3.126 -124.45 -5.4144
2 24 -3.5295 -124.45 -2.0378 -2.0378 -124.45 -3.5295
2 24 -3.126 -124.45 -5.4144 0 -124.45 -6.252
2 24 -2.0378 -124.45 -3.5295 0 -124.45 -4.0755
2 24 0 -124.45 -6.252 3.126 -124.45 -5.4144
2 24 0 -124.45 -4.0755 2.0377 -124.45 -3.5295
2 24 3.126 -124.45 -5.4144 5.4144 -124.45 -3.126
2 24 2.0377 -124.45 -3.5295 3.5295 -124.45 -2.0378
2 24 5.4144 -124.45 -3.126 6.252 -124.45 0
2 24 3.5295 -124.45 -2.0378 4.0755 -124.45 0
2 24 5.4144 -124.45 3.126 6.252 -124.45 0
2 24 3.5295 -124.45 2.0378 4.0755 -124.45 0
2 24 3.5295 -124.45 2.0378 2.0377 -124.45 3.5295
2 24 3.5295 -120 2.0378 2.0377 -120 3.5295
2 24 2.0377 -124.45 3.5295 0 -124.45 4.0755
2 24 2.0377 -120 3.5295 0 -120 4.0755
2 24 0 -124.45 4.0755 -2.0378 -124.45 3.5295
2 24 0 -120 4.0755 -2.0378 -120 3.5295
2 24 -2.0378 -124.45 3.5295 -3.5295 -124.45 2.0378
2 24 -2.0378 -120 3.5295 -3.5295 -120 2.0378
2 24 -3.5295 -124.45 2.0378 -4.0755 -124.45 0
2 24 -3.5295 -120 2.0378 -4.0755 -120 0
2 24 -4.0755 -124.45 0 -3.5295 -124.45 -2.0378
2 24 -4.0755 -120 0 -3.5295 -120 -2.0378
2 24 -3.5295 -124.45 -2.0378 -2.0378 -124.45 -3.5295
2 24 -3.5295 -120 -2.0378 -2.0378 -120 -3.5295
2 24 -2.0378 -124.45 -3.5295 0 -124.45 -4.0755
2 24 -2.0378 -120 -3.5295 0 -120 -4.0755
2 24 0 -124.45 -4.0755 2.0377 -124.45 -3.5295
2 24 0 -120 -4.0755 2.0377 -120 -3.5295
2 24 2.0377 -124.45 -3.5295 3.5295 -124.45 -2.0378
2 24 2.0377 -120 -3.5295 3.5295 -120 -2.0378
2 24 3.5295 -124.45 -2.0378 4.0755 -124.45 0
2 24 3.5295 -120 -2.0378 4.0755 -120 0
2 24 3.5295 -124.45 2.0378 4.0755 -124.45 0
2 24 3.5295 -120 2.0378 4.0755 -120 0
2 24 25.4144 -120 3.126 23.126 -120 5.4144
2 24 25.4144 -124.45 3.126 23.126 -124.45 5.4144
2 24 23.126 -120 5.4144 20 -120 6.252
2 24 23.126 -124.45 5.4144 20 -124.45 6.252
2 24 20 -120 6.252 16.874 -120 5.4144
2 24 20 -124.45 6.252 16.874 -124.45 5.4144
2 24 16.874 -120 5.4144 14.5856 -120 3.126
2 24 16.874 -124.45 5.4144 14.5856 -124.45 3.126
2 24 14.5856 -120 3.126 13.748 -120 0
2 24 14.5856 -124.45 3.126 13.748 -124.45 0
2 24 13.748 -120 0 14.5856 -120 -3.126
2 24 13.748 -124.45 0 14.5856 -124.45 -3.126
2 24 14.5856 -120 -3.126 16.874 -120 -5.4144
2 24 14.5856 -124.45 -3.126 16.874 -124.45 -5.4144
2 24 16.874 -120 -5.4144 20 -120 -6.252
2 24 16.874 -124.45 -5.4144 20 -124.45 -6.252
2 24 20 -120 -6.252 23.126 -120 -5.4144
2 24 20 -124.45 -6.252 23.126 -124.45 -5.4144
2 24 23.126 -120 -5.4144 25.4144 -120 -3.126
2 24 23.126 -124.45 -5.4144 25.4144 -124.45 -3.126
2 24 25.4144 -120 -3.126 26.252 -120 0
2 24 25.4144 -124.45 -3.126 26.252 -124.45 0
2 24 25.4144 -120 3.126 26.252 -120 0
2 24 25.4144 -124.45 3.126 26.252 -124.45 0
2 24 25.4144 -124.45 3.126 23.126 -124.45 5.4144
2 24 23.5295 -124.45 2.0378 22.0377 -124.45 3.5295
2 24 23.126 -124.45 5.4144 20 -124.45 6.252
2 24 22.0377 -124.45 3.5295 20 -124.45 4.0755
2 24 20 -124.45 6.252 16.874 -124.45 5.4144
2 24 20 -124.45 4.0755 17.9623 -124.45 3.5295
2 24 16.874 -124.45 5.4144 14.5856 -124.45 3.126
2 24 17.9623 -124.45 3.5295 16.4705 -124.45 2.0378
2 24 14.5856 -124.45 3.126 13.748 -124.45 0
2 24 16.4705 -124.45 2.0378 15.9245 -124.45 0
2 24 13.748 -124.45 0 14.5856 -124.45 -3.126
2 24 15.9245 -124.45 0 16.4705 -124.45 -2.0378
2 24 14.5856 -124.45 -3.126 16.874 -124.45 -5.4144
2 24 16.4705 -124.45 -2.0378 17.9623 -124.45 -3.5295
2 24 16.874 -124.45 -5.4144 20 -124.45 -6.252
2 24 17.9623 -124.45 -3.5295 20 -124.45 -4.0755
2 24 20 -124.45 -6.252 23.126 -124.45 -5.4144
2 24 20 -124.45 -4.0755 22.0377 -124.45 -3.5295
2 24 23.126 -124.45 -5.4144 25.4144 -124.45 -3.126
2 24 22.0377 -124.45 -3.5295 23.5295 -124.45 -2.0378
2 24 25.4144 -124.45 -3.126 26.252 -124.45 0
2 24 23.5295 -124.45 -2.0378 24.0755 -124.45 0
2 24 25.4144 -124.45 3.126 26.252 -124.45 0
2 24 23.5295 -124.45 2.0378 24.0755 -124.45 0
2 24 23.5295 -124.45 2.0378 22.0377 -124.45 3.5295
2 24 23.5295 -120 2.0378 22.0377 -120 3.5295
2 24 22.0377 -124.45 3.5295 20 -124.45 4.0755
2 24 22.0377 -120 3.5295 20 -120 4.0755
2 24 20 -124.45 4.0755 17.9623 -124.45 3.5295
2 24 20 -120 4.0755 17.9623 -120 3.5295
2 24 17.9623 -124.45 3.5295 16.4705 -124.45 2.0378
2 24 17.9623 -120 3.5295 16.4705 -120 2.0378
2 24 16.4705 -124.45 2.0378 15.9245 -124.45 0
2 24 16.4705 -120 2.0378 15.9245 -120 0
2 24 15.9245 -124.45 0 16.4705 -124.45 -2.0378
2 24 15.9245 -120 0 16.4705 -120 -2.0378
2 24 16.4705 -124.45 -2.0378 17.9623 -124.45 -3.5295
2 24 16.4705 -120 -2.0378 17.9623 -120 -3.5295
2 24 17.9623 -124.45 -3.5295 20 -124.45 -4.0755
2 24 17.9623 -120 -3.5295 20 -120 -4.0755
2 24 20 -124.45 -4.0755 22.0377 -124.45 -3.5295
2 24 20 -120 -4.0755 22.0377 -120 -3.5295
2 24 22.0377 -124.45 -3.5295 23.5295 -124.45 -2.0378
2 24 22.0377 -120 -3.5295 23.5295 -120 -2.0378
2 24 23.5295 -124.45 -2.0378 24.0755 -124.45 0
2 24 23.5295 -120 -2.0378 24.0755 -120 0
2 24 23.5295 -124.45 2.0378 24.0755 -124.45 0
2 24 23.5295 -120 2.0378 24.0755 -120 0
2 24 30.0144 -120.0144 -10.0144 30.0177 0 -10.0177
2 24 30.0144 -120.0144 -10.0144 30.0144 -120.0144 10.0144
2 24 30.0177 0 -10.0177 30.0177 0 10.0177
2 24 30.0144 -120.0144 10.0144 30.0177 0 10.0177
2 24 30.0144 -120.0144 10.0144 -10.0144 -120.0144 10.0144
2 24 30.0144 -120.0144 10.0144 30.0144 -120.0144 -10.0144
2 24 -10.0144 -120.0144 10.0144 -10.0144 -120.0144 -10.0144
2 24 30.0144 -120.0144 -10.0144 -10.0144 -120.0144 -10.0144
2 24 -10.0144 -120.0144 -10.0144 -10.0144 -120.0144 10.0144
2 24 -10.0144 -120.0144 -10.0144 -10.0177 0 -10.0177
2 24 -10.0144 -120.0144 10.0144 -10.0177 0 10.0177
2 24 -10.0177 0 -10.0177 -10.0177 0 10.0177
2 24 30.0177 0 10.0177 -10.0177 0 10.0177
2 24 30.0177 0 10.0177 30.0144 -120.0144 10.0144
2 24 -10.0177 0 10.0177 -10.0144 -120.0144 10.0144
2 24 30.0144 -120.0144 10.0144 -10.0144 -120.0144 10.0144
2 24 30.0144 -120.0144 -10.0144 -10.0144 -120.0144 -10.0144
2 24 30.0144 -120.0144 -10.0144 30.0177 0 -10.0177
2 24 -10.0144 -120.0144 -10.0144 -10.0177 0 -10.0177
2 24 30.0177 0 -10.0177 -10.0177 0 -10.0177
0 STEP
