0 Untitled Model
0 Name: Untitled Model
0 Author: 
0 BFC CERTIFY CCW
3 16 10 0 30 10 8 30 10 0 26.25
3 16 -10 -16 30 -0.8783 -15.6001 30 -10 0 30
3 16 -10 0 30 -0.8783 -15.6001 30 10 0 30
3 16 -0.8783 -15.6001 30 8.1735 -14.4035 30 10 0 30
3 16 8.1735 -14.4035 30 17.0858 -12.4194 30 10 0 30
3 16 17.0858 -12.4194 30 25.7903 -9.663 30 10 0 30
3 16 10 0 30 25.7903 -9.663 30 10 8 30
3 16 25.7903 -9.663 30 34.2202 -6.1554 30 10 8 30
3 16 34.2202 -6.1554 30 42.3108 -1.9236 30 10 8 30
3 16 50 8 30 10 8 30 50 3 30
3 16 10 8 30 42.3108 -1.9236 30 50 3 30
3 16 -10 -16 30 -10 0 30 -10 -8 10
3 16 -10 -8 10 -10 0 30 -10 0 10
3 16 -10 -16 10 -10 -16 30 -10 -8 10
3 16 -0.8783 -15.6001 30 -10 -16 30 -5.4391 -15.8001 10
3 16 -5.4391 -15.8001 10 -10 -16 30 -10 -16 10
3 16 -0.8783 -15.6001 10 -0.8783 -15.6001 30 -5.4391 -15.8001 10
3 16 8.1735 -14.4035 30 -0.8783 -15.6001 30 3.6476 -15.0018 10
3 16 3.6476 -15.0018 10 -0.8783 -15.6001 30 -0.8783 -15.6001 10
3 16 8.1735 -14.4035 10 8.1735 -14.4035 30 3.6476 -15.0018 10
3 16 17.0858 -12.4194 30 8.1735 -14.4035 30 12.6296 -13.4115 10
3 16 12.6296 -13.4115 10 8.1735 -14.4035 30 8.1735 -14.4035 10
3 16 17.0858 -12.4194 10 17.0858 -12.4194 30 12.6296 -13.4115 10
3 16 25.7903 -9.663 30 17.0858 -12.4194 30 21.438 -11.0412 10
3 16 21.438 -11.0412 10 17.0858 -12.4194 30 17.0858 -12.4194 10
3 16 25.7903 -9.663 10 25.7903 -9.663 30 21.438 -11.0412 10
3 16 34.2202 -6.1554 30 25.7903 -9.663 30 30.0052 -7.9092 10
3 16 30.0052 -7.9092 10 25.7903 -9.663 30 25.7903 -9.663 10
3 16 34.2202 -6.1554 10 34.2202 -6.1554 30 30.0052 -7.9092 10
3 16 42.3108 -1.9236 30 34.2202 -6.1554 30 38.2655 -4.0395 10
3 16 38.2655 -4.0395 10 34.2202 -6.1554 30 34.2202 -6.1554 10
3 16 42.3108 -1.9236 10 42.3108 -1.9236 30 38.2655 -4.0395 10
3 16 50 3 30 42.3108 -1.9236 30 46.1554 0.5382 10
3 16 46.1554 0.5382 10 42.3108 -1.9236 30 42.3108 -1.9236 10
3 16 50 3 10 50 3 30 46.1554 0.5382 10
3 16 50 3 10 50 5.5 10 50 3 30
3 16 50 3 30 50 5.5 10 50 8 30
3 16 50 8 10 50 8 30 50 5.5 10
3 16 10 3.5862 10 10 8 30 10 8 10
3 16 10 8 30 10 3.5862 10 10 0 26.25
3 16 10 0 26.25 10 3.5862 10 10 0 10
3 16 10 0 26.25 10 0 10 10 -5.6299 10
3 16 10 0 26.25 10 -5.6299 10 10 -11.2598 26.25
3 16 10 -11.2598 26.25 10 -5.6299 10 10 -11.2598 10
3 16 10 0 -10 10 0 -6.25 10 8 -10
3 16 -10 -16 -10 -10 0 -10 -0.8783 -15.6001 -10
3 16 -10 0 -10 10 0 -10 -0.8783 -15.6001 -10
3 16 -0.8783 -15.6001 -10 10 0 -10 8.1735 -14.4035 -10
3 16 8.1735 -14.4035 -10 10 0 -10 17.0858 -12.4194 -10
3 16 17.0858 -12.4194 -10 10 0 -10 25.7903 -9.663 -10
3 16 10 0 -10 10 8 -10 25.7903 -9.663 -10
3 16 25.7903 -9.663 -10 10 8 -10 34.2202 -6.1554 -10
3 16 34.2202 -6.1554 -10 10 8 -10 42.3108 -1.9236 -10
3 16 50 8 -10 50 3 -10 10 8 -10
3 16 10 8 -10 50 3 -10 42.3108 -1.9236 -10
3 16 -10 -16 -10 -10 -8 10 -10 0 -10
3 16 -10 0 -10 -10 -8 10 -10 0 10
3 16 -10 -16 10 -10 -8 10 -10 -16 -10
3 16 -0.8783 -15.6001 -10 -5.4391 -15.8001 10 -10 -16 -10
3 16 -10 -16 -10 -5.4391 -15.8001 10 -10 -16 10
3 16 -0.8783 -15.6001 10 -5.4391 -15.8001 10 -0.8783 -15.6001 -10
3 16 8.1735 -14.4035 -10 3.6476 -15.0018 10 -0.8783 -15.6001 -10
3 16 -0.8783 -15.6001 -10 3.6476 -15.0018 10 -0.8783 -15.6001 10
3 16 8.1735 -14.4035 10 3.6476 -15.0018 10 8.1735 -14.4035 -10
3 16 17.0858 -12.4194 -10 12.6296 -13.4115 10 8.1735 -14.4035 -10
3 16 8.1735 -14.4035 -10 12.6296 -13.4115 10 8.1735 -14.4035 10
3 16 17.0858 -12.4194 10 12.6296 -13.4115 10 17.0858 -12.4194 -10
3 16 25.7903 -9.663 -10 21.438 -11.0412 10 17.0858 -12.4194 -10
3 16 17.0858 -12.4194 -10 21.438 -11.0412 10 17.0858 -12.4194 10
3 16 25.7903 -9.663 10 21.438 -11.0412 10 25.7903 -9.663 -10
3 16 34.2202 -6.1554 -10 30.0052 -7.9092 10 25.7903 -9.663 -10
3 16 25.7903 -9.663 -10 30.0052 -7.9092 10 25.7903 -9.663 10
3 16 34.2202 -6.1554 10 30.0052 -7.9092 10 34.2202 -6.1554 -10
3 16 42.3108 -1.9236 -10 38.2655 -4.0395 10 34.2202 -6.1554 -10
3 16 34.2202 -6.1554 -10 38.2655 -4.0395 10 34.2202 -6.1554 10
3 16 42.3108 -1.9236 10 38.2655 -4.0395 10 42.3108 -1.9236 -10
3 16 50 3 -10 46.1554 0.5382 10 42.3108 -1.9236 -10
3 16 42.3108 -1.9236 -10 46.1554 0.5382 10 42.3108 -1.9236 10
3 16 50 3 10 46.1554 0.5382 10 50 3 -10
3 16 50 8 -10 50 5.5 10 50 3 -10
3 16 50 3 -10 50 5.5 10 50 3 10
3 16 50 8 10 50 5.5 10 50 8 -10
3 16 10 3.5862 10 10 8 10 10 8 -10
3 16 10 8 -10 10 0 -6.25 10 3.5862 10
3 16 10 3.5862 10 10 0 -6.25 10 0 10
3 16 10 0 -6.25 10 -5.6299 10 10 0 10
3 16 10 -11.2598 10 10 -5.6299 10 10 -11.2598 -6.25
3 16 10 -11.2598 -6.25 10 -5.6299 10 10 0 -6.25
3 16 1.875 -12.5483 10 -2.1928 -12.8649 10 1.875 -12.5483 26.25
3 16 1.875 -12.5483 26.25 -2.1928 -12.8649 10 -6.25 -13.1807 26.25
3 16 -6.25 -13.1807 10 -6.25 -13.1807 26.25 -2.1928 -12.8649 10
3 16 10 -11.2598 10 5.9321 -11.9049 10 10 -11.2598 26.25
3 16 10 -11.2598 26.25 5.9321 -11.9049 10 1.875 -12.5483 26.25
3 16 1.875 -12.5483 10 1.875 -12.5483 26.25 5.9321 -11.9049 10
3 16 10 -11.2598 26.25 1.875 -12.5483 26.25 10 0 26.25
3 16 1.875 -12.5483 26.25 -6.25 0 26.25 10 0 26.25
3 16 1.875 -12.5483 26.25 -6.25 -13.1807 26.25 -6.25 0 26.25
3 16 -6.25 0 10 -6.25 0 26.25 -6.25 -6.5903 10
3 16 -6.25 0 26.25 -6.25 -13.1807 26.25 -6.25 -6.5903 10
3 16 -6.25 -6.5903 10 -6.25 -13.1807 26.25 -6.25 -13.1807 10
3 16 -6.25 0 10 -7.931 0 10 -6.25 0 26.25
3 16 -6.25 0 26.25 -7.931 0 10 -10 0 30
3 16 -10 0 10 -10 0 30 -7.931 0 10
3 16 -10 0 30 10 0 30 -6.25 0 26.25
3 16 10 0 30 10 0 26.25 -6.25 0 26.25
3 16 3.75 0.01 10 0 0.01 10 3.2476 0.01 11.875
3 16 3.2476 0.01 11.875 0 0.01 10 1.875 0.01 13.2476
3 16 1.875 0.01 13.2476 0 0.01 10 0 0.01 13.75
3 16 0 0.01 13.75 0 0.01 10 -1.875 0.01 13.2476
3 16 -1.875 0.01 13.2476 0 0.01 10 -3.2476 0.01 11.875
3 16 -3.2476 0.01 11.875 0 0.01 10 -3.75 0.01 10
3 16 3.2476 -12.3357 11.875 3.75 -12.2557 10 3.2476 0.01 11.875
3 16 3.75 -12.2557 10 3.75 0.01 10 3.2476 0.01 11.875
3 16 1.875 -12.5513 13.2476 3.2476 -12.3357 11.875 1.875 0.01 13.2476
3 16 3.2476 -12.3357 11.875 3.2476 0.01 11.875 1.875 0.01 13.2476
3 16 0 -12.6965 13.75 1.875 -12.5513 13.2476 0 0.01 13.75
3 16 1.875 -12.5513 13.2476 1.875 0.01 13.2476 0 0.01 13.75
3 16 -1.875 -12.8418 13.2476 0 -12.6965 13.75 -1.875 0.01 13.2476
3 16 0 -12.6965 13.75 0 0.01 13.75 -1.875 0.01 13.2476
3 16 -3.2476 -12.9481 11.875 -1.875 -12.8418 13.2476 -3.2476 0.01 11.875
3 16 -1.875 -12.8418 13.2476 -1.875 0.01 13.2476 -3.2476 0.01 11.875
3 16 -3.75 -12.987 10 -3.2476 -12.9481 11.875 -3.75 0.01 10
3 16 -3.2476 -12.9481 11.875 -3.2476 0.01 11.875 -3.75 0.01 10
3 16 6.025 -11.9768 18.3159 6.025 -11.9768 21.6841 6.025 0.01 18.3159
3 16 6.025 -11.9768 21.6841 6.025 0.01 21.6841 6.025 0.01 18.3159
3 16 6.025 -11.9768 21.6841 10 -11.2598 21.6841 6.025 0.01 21.6841
3 16 10 -11.2598 21.6841 10 0.01 21.6841 6.025 0.01 21.6841
3 16 6.025 -11.9768 18.3159 6.025 0.01 18.3159 10 -11.2598 18.3159
3 16 6.025 0.01 18.3159 10 0.01 18.3159 10 -11.2598 18.3159
3 16 6.025 0.01 18.3159 6.025 0.01 21.6841 10 0.01 18.3159
3 16 6.025 0.01 21.6841 10 0.01 21.6841 10 0.01 18.3159
3 16 6.025 -11.9768 11.6841 10 -11.2598 11.6841 6.025 0.01 11.6841
3 16 10 -11.2598 11.6841 10 0.01 11.6841 6.025 0.01 11.6841
3 16 10 0.01 10 8.0125 0.01 10 10 0.01 11.6841
3 16 10 0.01 11.6841 8.0125 0.01 10 6.025 0.01 11.6841
3 16 6.025 0.01 10 6.025 0.01 11.6841 8.0125 0.01 10
3 16 6.025 -11.9768 11.6841 6.025 0.01 11.6841 6.025 -5.8918 10
3 16 6.025 -5.8918 10 6.025 0.01 11.6841 6.025 0.01 10
3 16 6.025 -11.9768 10 6.025 -11.9768 11.6841 6.025 -5.8918 10
3 16 -6.25 -13.1807 -6.25 -2.1928 -12.8649 10 1.875 -12.5483 -6.25
3 16 1.875 -12.5483 -6.25 -2.1928 -12.8649 10 1.875 -12.5483 10
3 16 -6.25 -13.1807 10 -2.1928 -12.8649 10 -6.25 -13.1807 -6.25
3 16 1.875 -12.5483 -6.25 5.9321 -11.9049 10 10 -11.2598 -6.25
3 16 10 -11.2598 -6.25 5.9321 -11.9049 10 10 -11.2598 10
3 16 1.875 -12.5483 10 5.9321 -11.9049 10 1.875 -12.5483 -6.25
3 16 10 -11.2598 -6.25 10 0 -6.25 1.875 -12.5483 -6.25
3 16 1.875 -12.5483 -6.25 10 0 -6.25 -6.25 0 -6.25
3 16 1.875 -12.5483 -6.25 -6.25 0 -6.25 -6.25 -13.1807 -6.25
3 16 -6.25 0 10 -6.25 -6.5903 10 -6.25 0 -6.25
3 16 -6.25 0 -6.25 -6.25 -6.5903 10 -6.25 -13.1807 -6.25
3 16 -6.25 -13.1807 -6.25 -6.25 -6.5903 10 -6.25 -13.1807 10
3 16 -10 0 -10 -7.931 0 10 -6.25 0 -6.25
3 16 -6.25 0 -6.25 -7.931 0 10 -6.25 0 10
3 16 -10 0 10 -7.931 0 10 -10 0 -10
3 16 -10 0 -10 -6.25 0 -6.25 10 0 -10
3 16 10 0 -10 -6.25 0 -6.25 10 0 -6.25
3 16 3.75 0.01 10 3.2476 0.01 8.125 0 0.01 10
3 16 3.2476 0.01 8.125 1.875 0.01 6.7524 0 0.01 10
3 16 1.875 0.01 6.7524 0 0.01 6.25 0 0.01 10
3 16 0 0.01 6.25 -1.875 0.01 6.7524 0 0.01 10
3 16 -1.875 0.01 6.7524 -3.2476 0.01 8.125 0 0.01 10
3 16 -3.2476 0.01 8.125 -3.75 0.01 10 0 0.01 10
3 16 3.2476 -12.3357 8.125 3.2476 0.01 8.125 3.75 -12.2557 10
3 16 3.75 -12.2557 10 3.2476 0.01 8.125 3.75 0.01 10
3 16 1.875 -12.5513 6.7524 1.875 0.01 6.7524 3.2476 -12.3357 8.125
3 16 3.2476 -12.3357 8.125 1.875 0.01 6.7524 3.2476 0.01 8.125
3 16 0 -12.6965 6.25 0 0.01 6.25 1.875 -12.5513 6.7524
3 16 1.875 -12.5513 6.7524 0 0.01 6.25 1.875 0.01 6.7524
3 16 -1.875 -12.8418 6.7524 -1.875 0.01 6.7524 0 -12.6965 6.25
3 16 0 -12.6965 6.25 -1.875 0.01 6.7524 0 0.01 6.25
3 16 -3.2476 -12.9481 8.125 -3.2476 0.01 8.125 -1.875 -12.8418 6.7524
3 16 -1.875 -12.8418 6.7524 -3.2476 0.01 8.125 -1.875 0.01 6.7524
3 16 -3.75 -12.987 10 -3.75 0.01 10 -3.2476 -12.9481 8.125
3 16 -3.2476 -12.9481 8.125 -3.75 0.01 10 -3.2476 0.01 8.125
3 16 6.025 -11.9768 1.6841 6.025 0.01 1.6841 6.025 -11.9768 -1.6841
3 16 6.025 -11.9768 -1.6841 6.025 0.01 1.6841 6.025 0.01 -1.6841
3 16 6.025 -11.9768 -1.6841 6.025 0.01 -1.6841 10 -11.2598 -1.6841
3 16 10 -11.2598 -1.6841 6.025 0.01 -1.6841 10 0.01 -1.6841
3 16 6.025 -11.9768 1.6841 10 -11.2598 1.6841 6.025 0.01 1.6841
3 16 6.025 0.01 1.6841 10 -11.2598 1.6841 10 0.01 1.6841
3 16 6.025 0.01 1.6841 10 0.01 1.6841 6.025 0.01 -1.6841
3 16 6.025 0.01 -1.6841 10 0.01 1.6841 10 0.01 -1.6841
3 16 6.025 -11.9768 8.3159 6.025 0.01 8.3159 10 -11.2598 8.3159
3 16 10 -11.2598 8.3159 6.025 0.01 8.3159 10 0.01 8.3159
3 16 6.025 0.01 8.3159 8.0125 0.01 10 10 0.01 8.3159
3 16 10 0.01 8.3159 8.0125 0.01 10 10 0.01 10
3 16 6.025 0.01 10 8.0125 0.01 10 6.025 0.01 8.3159
3 16 6.025 -11.9768 8.3159 6.025 -5.8918 10 6.025 0.01 8.3159
3 16 6.025 0.01 8.3159 6.025 -5.8918 10 6.025 0.01 10
3 16 6.025 -11.9768 10 6.025 -5.8918 10 6.025 -11.9768 8.3159
3 16 35.4127 -2.4469 6.875 36.25 -2.0482 10 35.4127 8 6.875
3 16 35.4127 8 6.875 36.25 -2.0482 10 36.25 8 10
3 16 33.125 -3.5359 4.5873 35.4127 -2.4469 6.875 33.125 8 4.5873
3 16 33.125 8 4.5873 35.4127 -2.4469 6.875 35.4127 8 6.875
3 16 30 -5.0236 3.75 33.125 -3.5359 4.5873 30 8 3.75
3 16 30 8 3.75 33.125 -3.5359 4.5873 33.125 8 4.5873
3 16 30 -5.0236 3.75 30 8 3.75 29.7726 -5.1319 3.8109
3 16 29.7726 -5.1319 3.8109 30 8 3.75 26.875 8 4.5873
3 16 26.875 -6.2261 4.5873 29.7726 -5.1319 3.8109 26.875 8 4.5873
3 16 24.5873 -7.09 6.875 26.875 -6.2261 4.5873 24.5873 8 6.875
3 16 24.5873 8 6.875 26.875 -6.2261 4.5873 26.875 8 4.5873
3 16 23.75 -7.4062 10 24.5873 -7.09 6.875 23.75 8 10
3 16 23.75 8 10 24.5873 -7.09 6.875 24.5873 8 6.875
3 16 38.125 8 10 37.0365 8 5.9375 36.25 8 10
3 16 36.25 8 10 37.0365 8 5.9375 35.4127 8 6.875
3 16 37.0365 8 5.9375 34.0625 8 2.9635 35.4127 8 6.875
3 16 35.4127 8 6.875 34.0625 8 2.9635 33.125 8 4.5873
3 16 34.0625 8 2.9635 30 8 1.875 33.125 8 4.5873
3 16 33.125 8 4.5873 30 8 1.875 30 8 3.75
3 16 30 8 1.875 25.9375 8 2.9635 30 8 3.75
3 16 30 8 3.75 25.9375 8 2.9635 26.875 8 4.5873
3 16 25.9375 8 2.9635 22.9635 8 5.9375 26.875 8 4.5873
3 16 26.875 8 4.5873 22.9635 8 5.9375 24.5873 8 6.875
3 16 22.9635 8 5.9375 21.875 8 10 24.5873 8 6.875
3 16 24.5873 8 6.875 21.875 8 10 23.75 8 10
3 16 37.0365 -1.6738 5.9375 37.0365 8 5.9375 38.125 -1.0781 10
3 16 38.125 -1.0781 10 37.0365 8 5.9375 38.125 8 10
3 16 34.0625 -3.0896 2.9635 34.0625 8 2.9635 37.0365 -1.6738 5.9375
3 16 37.0365 -1.6738 5.9375 34.0625 8 2.9635 37.0365 8 5.9375
3 16 30 -5.0236 1.875 30 8 1.875 34.0625 -3.0896 2.9635
3 16 34.0625 -3.0896 2.9635 30 8 1.875 34.0625 8 2.9635
3 16 25.9375 -6.5801 2.9635 25.9375 8 2.9635 30 -5.0236 1.875
3 16 30 -5.0236 1.875 25.9375 8 2.9635 30 8 1.875
3 16 22.9635 -7.7032 5.9375 22.9635 8 5.9375 25.9375 -6.5801 2.9635
3 16 25.9375 -6.5801 2.9635 22.9635 8 5.9375 25.9375 8 2.9635
3 16 21.8733 -8.1149 10 21.875 8 10 22.9635 -7.7032 5.9375
3 16 22.9635 -7.7032 5.9375 21.875 8 10 22.9635 8 5.9375
3 16 46.25 2.75 -6.25 46.25 8 -6.25 44.6953 2.75 -6.25
3 16 46.25 8 -6.25 13.75 8 -6.25 44.6953 2.75 -6.25
3 16 44.6953 2.75 -6.25 13.75 8 -6.25 37.0365 -1.6738 -6.25
3 16 37.0365 -1.6738 -6.25 13.75 8 -6.25 30 -5.0236 -6.25
3 16 30 -5.0236 -6.25 13.75 8 -6.25 21.8717 -8.1155 -6.25
3 16 21.8717 -8.1155 -6.25 13.75 8 -6.25 13.75 -10.4319 -6.25
3 16 50 8 -10 10 8 -10 46.25 8 -6.25
3 16 46.25 8 -6.25 10 8 -10 13.75 8 -6.25
3 16 50 8 -10 46.25 8 -6.25 50 8 10
3 16 50 8 10 46.25 8 -6.25 47.931 8 10
3 16 46.25 8 10 47.931 8 10 46.25 8 -6.25
3 16 46.25 2.75 -6.25 46.25 5.375 10 46.25 8 -6.25
3 16 46.25 8 -6.25 46.25 5.375 10 46.25 8 10
3 16 46.25 2.75 10 46.25 5.375 10 46.25 2.75 -6.25
3 16 44.6953 2.75 -6.25 45.4727 2.75 10 46.25 2.75 -6.25
3 16 46.25 2.75 -6.25 45.4727 2.75 10 46.25 2.75 10
3 16 44.6953 2.75 10 45.4727 2.75 10 44.6953 2.75 -6.25
3 16 37.0365 -1.6738 -6.25 40.8659 0.5381 10 44.6953 2.75 -6.25
3 16 44.6953 2.75 -6.25 40.8659 0.5381 10 44.6953 2.75 10
3 16 37.0365 -1.6738 10 40.8659 0.5381 10 37.0365 -1.6738 -6.25
3 16 30 -5.0236 -6.25 33.5103 -3.3525 10 37.0365 -1.6738 -6.25
3 16 37.0365 -1.6738 -6.25 33.5103 -3.3525 10 37.0365 -1.6738 10
3 16 30 -5.0236 10 33.5103 -3.3525 10 30 -5.0236 -6.25
3 16 21.8717 -8.1155 -6.25 25.9172 -6.5767 10 30 -5.0236 -6.25
3 16 30 -5.0236 -6.25 25.9172 -6.5767 10 30 -5.0236 10
3 16 21.8733 -8.1149 10 25.9172 -6.5767 10 21.8717 -8.1155 -6.25
3 16 17.8204 -9.271 10 21.8733 -8.1149 10 21.8717 -8.1155 -6.25
3 16 13.75 -10.4319 10 17.8204 -9.271 10 13.75 -10.4319 -6.25
3 16 13.75 -10.4319 -6.25 17.8204 -9.271 10 21.8717 -8.1155 -6.25
3 16 13.75 -10.4319 -6.25 13.75 -1.2159 10 13.75 -10.4319 10
3 16 13.75 8 10 13.75 -1.2159 10 13.75 8 -6.25
3 16 13.75 8 -6.25 13.75 -1.2159 10 13.75 -10.4319 -6.25
3 16 10 8 -10 12.069 8 10 13.75 8 -6.25
3 16 13.75 8 -6.25 12.069 8 10 13.75 8 10
3 16 10 8 10 12.069 8 10 10 8 -10
3 16 35.4127 -2.4469 13.125 35.4127 8 13.125 36.25 -2.0482 10
3 16 35.4127 8 13.125 36.25 8 10 36.25 -2.0482 10
3 16 33.125 -3.5359 15.4127 33.125 8 15.4127 35.4127 -2.4469 13.125
3 16 33.125 8 15.4127 35.4127 8 13.125 35.4127 -2.4469 13.125
3 16 30 -5.0236 16.25 30 8 16.25 33.125 -3.5359 15.4127
3 16 30 8 16.25 33.125 8 15.4127 33.125 -3.5359 15.4127
3 16 30 -5.0236 16.25 29.7726 -5.1319 16.1891 30 8 16.25
3 16 29.7726 -5.1319 16.1891 26.875 8 15.4127 30 8 16.25
3 16 26.875 -6.2261 15.4127 26.875 8 15.4127 29.7726 -5.1319 16.1891
3 16 24.5873 -7.09 13.125 24.5873 8 13.125 26.875 -6.2261 15.4127
3 16 24.5873 8 13.125 26.875 8 15.4127 26.875 -6.2261 15.4127
3 16 23.75 -7.4062 10 23.75 8 10 24.5873 -7.09 13.125
3 16 23.75 8 10 24.5873 8 13.125 24.5873 -7.09 13.125
3 16 38.125 8 10 36.25 8 10 37.0365 8 14.0625
3 16 36.25 8 10 35.4127 8 13.125 37.0365 8 14.0625
3 16 37.0365 8 14.0625 35.4127 8 13.125 34.0625 8 17.0365
3 16 35.4127 8 13.125 33.125 8 15.4127 34.0625 8 17.0365
3 16 34.0625 8 17.0365 33.125 8 15.4127 30 8 18.125
3 16 33.125 8 15.4127 30 8 16.25 30 8 18.125
3 16 30 8 18.125 30 8 16.25 25.9375 8 17.0365
3 16 30 8 16.25 26.875 8 15.4127 25.9375 8 17.0365
3 16 25.9375 8 17.0365 26.875 8 15.4127 22.9635 8 14.0625
3 16 26.875 8 15.4127 24.5873 8 13.125 22.9635 8 14.0625
3 16 22.9635 8 14.0625 24.5873 8 13.125 21.875 8 10
3 16 24.5873 8 13.125 23.75 8 10 21.875 8 10
3 16 37.0365 -1.6738 14.0625 38.125 -1.0781 10 37.0365 8 14.0625
3 16 38.125 -1.0781 10 38.125 8 10 37.0365 8 14.0625
3 16 34.0625 -3.0896 17.0365 37.0365 -1.6738 14.0625 34.0625 8 17.0365
3 16 37.0365 -1.6738 14.0625 37.0365 8 14.0625 34.0625 8 17.0365
3 16 30 -5.0236 18.125 34.0625 -3.0896 17.0365 30 8 18.125
3 16 34.0625 -3.0896 17.0365 34.0625 8 17.0365 30 8 18.125
3 16 25.9375 -6.5801 17.0365 30 -5.0236 18.125 25.9375 8 17.0365
3 16 30 -5.0236 18.125 30 8 18.125 25.9375 8 17.0365
3 16 22.9635 -7.7032 14.0625 25.9375 -6.5801 17.0365 22.9635 8 14.0625
3 16 25.9375 -6.5801 17.0365 25.9375 8 17.0365 22.9635 8 14.0625
3 16 21.8733 -8.1149 10 22.9635 -7.7032 14.0625 21.875 8 10
3 16 22.9635 -7.7032 14.0625 22.9635 8 14.0625 21.875 8 10
3 16 46.25 2.75 26.25 44.6953 2.75 26.25 46.25 8 26.25
3 16 46.25 8 26.25 44.6953 2.75 26.25 13.75 8 26.25
3 16 44.6953 2.75 26.25 37.0365 -1.6738 26.25 13.75 8 26.25
3 16 37.0365 -1.6738 26.25 30 -5.0236 26.25 13.75 8 26.25
3 16 30 -5.0236 26.25 21.8717 -8.1155 26.25 13.75 8 26.25
3 16 21.8717 -8.1155 26.25 13.75 -10.4319 26.25 13.75 8 26.25
3 16 50 8 30 46.25 8 26.25 10 8 30
3 16 46.25 8 26.25 13.75 8 26.25 10 8 30
3 16 50 8 30 50 8 10 46.25 8 26.25
3 16 46.25 8 26.25 50 8 10 47.931 8 10
3 16 46.25 8 10 46.25 8 26.25 47.931 8 10
3 16 46.25 8 10 46.25 5.375 10 46.25 8 26.25
3 16 46.25 8 26.25 46.25 5.375 10 46.25 2.75 26.25
3 16 46.25 2.75 10 46.25 2.75 26.25 46.25 5.375 10
3 16 46.25 2.75 10 45.4727 2.75 10 46.25 2.75 26.25
3 16 46.25 2.75 26.25 45.4727 2.75 10 44.6953 2.75 26.25
3 16 44.6953 2.75 10 44.6953 2.75 26.25 45.4727 2.75 10
3 16 44.6953 2.75 10 40.8659 0.5381 10 44.6953 2.75 26.25
3 16 44.6953 2.75 26.25 40.8659 0.5381 10 37.0365 -1.6738 26.25
3 16 37.0365 -1.6738 10 37.0365 -1.6738 26.25 40.8659 0.5381 10
3 16 37.0365 -1.6738 10 33.5103 -3.3525 10 37.0365 -1.6738 26.25
3 16 37.0365 -1.6738 26.25 33.5103 -3.3525 10 30 -5.0236 26.25
3 16 30 -5.0236 10 30 -5.0236 26.25 33.5103 -3.3525 10
3 16 30 -5.0236 10 25.9172 -6.5767 10 30 -5.0236 26.25
3 16 30 -5.0236 26.25 25.9172 -6.5767 10 21.8717 -8.1155 26.25
3 16 21.8733 -8.1149 10 21.8717 -8.1155 26.25 25.9172 -6.5767 10
3 16 17.8204 -9.271 10 21.8717 -8.1155 26.25 21.8733 -8.1149 10
3 16 13.75 -10.4319 10 13.75 -10.4319 26.25 17.8204 -9.271 10
3 16 17.8204 -9.271 10 13.75 -10.4319 26.25 21.8717 -8.1155 26.25
3 16 13.75 -10.4319 26.25 13.75 -10.4319 10 13.75 -1.2159 10
3 16 13.75 -10.4319 26.25 13.75 -1.2159 10 13.75 8 26.25
3 16 13.75 8 26.25 13.75 -1.2159 10 13.75 8 10
3 16 10 8 30 13.75 8 26.25 12.069 8 10
3 16 12.069 8 10 13.75 8 26.25 13.75 8 10
3 16 10 8 10 10 8 30 12.069 8 10
2 24 10 0 30 10 8 30
2 24 10 0 30 10 0 26.25
2 24 -10 -16 30 -0.8783 -15.6001 30
2 24 -10 -16 30 -10 0 30
2 24 -10 0 30 10 0 30
2 24 -0.8783 -15.6001 30 8.1735 -14.4035 30
2 24 8.1735 -14.4035 30 17.0858 -12.4194 30
2 24 17.0858 -12.4194 30 25.7903 -9.663 30
2 24 10 0 30 10 8 30
2 24 25.7903 -9.663 30 34.2202 -6.1554 30
2 24 34.2202 -6.1554 30 42.3108 -1.9236 30
2 24 10 8 30 50 8 30
2 24 50 8 30 50 3 30
2 24 42.3108 -1.9236 30 50 3 30
2 24 -10 -16 30 -10 0 30
2 24 -10 0 30 -10 0 10
2 24 -10 -16 30 -10 -16 10
2 24 -0.8783 -15.6001 30 -10 -16 30
2 24 -10 -16 30 -10 -16 10
2 24 -0.8783 -15.6001 30 8.1735 -14.4035 30
2 24 8.1735 -14.4035 30 17.0858 -12.4194 30
2 24 17.0858 -12.4194 30 25.7903 -9.663 30
2 24 25.7903 -9.663 30 34.2202 -6.1554 30
2 24 34.2202 -6.1554 30 42.3108 -1.9236 30
2 24 42.3108 -1.9236 30 50 3 30
2 24 50 3 30 50 3 10
2 24 50 3 10 50 3 30
2 24 50 3 30 50 8 30
2 24 50 8 30 50 8 10
2 24 10 8 30 10 8 10
2 24 10 0 26.25 10 -11.2598 26.25
2 24 10 -11.2598 26.25 10 -11.2598 10
2 24 10 0 -10 10 0 -6.25
2 24 10 0 -10 10 8 -10
2 24 -10 -16 -10 -10 0 -10
2 24 -10 -16 -10 -0.8783 -15.6001 -10
2 24 -10 0 -10 10 0 -10
2 24 -0.8783 -15.6001 -10 8.1735 -14.4035 -10
2 24 8.1735 -14.4035 -10 17.0858 -12.4194 -10
2 24 17.0858 -12.4194 -10 25.7903 -9.663 -10
2 24 10 0 -10 10 8 -10
2 24 25.7903 -9.663 -10 34.2202 -6.1554 -10
2 24 34.2202 -6.1554 -10 42.3108 -1.9236 -10
2 24 50 8 -10 50 3 -10
2 24 10 8 -10 50 8 -10
2 24 42.3108 -1.9236 -10 50 3 -10
2 24 -10 -16 -10 -10 0 -10
2 24 -10 0 10 -10 0 -10
2 24 -10 -16 10 -10 -16 -10
2 24 -0.8783 -15.6001 -10 -10 -16 -10
2 24 -10 -16 10 -10 -16 -10
2 24 -0.8783 -15.6001 -10 8.1735 -14.4035 -10
2 24 8.1735 -14.4035 -10 17.0858 -12.4194 -10
2 24 17.0858 -12.4194 -10 25.7903 -9.663 -10
2 24 25.7903 -9.663 -10 34.2202 -6.1554 -10
2 24 34.2202 -6.1554 -10 42.3108 -1.9236 -10
2 24 42.3108 -1.9236 -10 50 3 -10
2 24 50 3 10 50 3 -10
2 24 50 8 -10 50 3 -10
2 24 50 3 10 50 3 -10
2 24 50 8 10 50 8 -10
2 24 10 8 10 10 8 -10
2 24 10 -11.2598 10 10 -11.2598 -6.25
2 24 10 0 -6.25 10 -11.2598 -6.25
2 24 1.875 -12.5483 26.25 -6.25 -13.1807 26.25
2 24 -6.25 -13.1807 26.25 -6.25 -13.1807 10
2 24 10 -11.2598 10 10 -11.2598 26.25
2 24 1.875 -12.5483 26.25 10 -11.2598 26.25
2 24 10 -11.2598 26.25 1.875 -12.5483 26.25
2 24 10 -11.2598 26.25 10 0 26.25
2 24 10 0 26.25 -6.25 0 26.25
2 24 -6.25 0 26.25 -6.25 -13.1807 26.25
2 24 1.875 -12.5483 26.25 -6.25 -13.1807 26.25
2 24 -6.25 0 10 -6.25 0 26.25
2 24 -6.25 0 26.25 -6.25 -13.1807 26.25
2 24 -6.25 -13.1807 26.25 -6.25 -13.1807 10
2 24 -6.25 0 10 -6.25 0 26.25
2 24 -10 0 30 -10 0 10
2 24 -10 0 30 10 0 30
2 24 -6.25 0 26.25 10 0 26.25
2 24 10 0 30 10 0 26.25
2 24 3.75 0.01 10 3.2476 0.01 11.875
2 24 3.2476 0.01 11.875 1.875 0.01 13.2476
2 24 1.875 0.01 13.2476 0 0.01 13.75
2 24 0 0.01 13.75 -1.875 0.01 13.2476
2 24 -1.875 0.01 13.2476 -3.2476 0.01 11.875
2 24 -3.2476 0.01 11.875 -3.75 0.01 10
2 24 3.2476 -12.3357 11.875 3.75 -12.2557 10
2 24 3.2476 0.01 11.875 3.75 0.01 10
2 24 3.2476 -12.3357 11.875 1.875 -12.5513 13.2476
2 24 3.2476 0.01 11.875 1.875 0.01 13.2476
2 24 1.875 -12.5513 13.2476 0 -12.6965 13.75
2 24 1.875 0.01 13.2476 0 0.01 13.75
2 24 0 -12.6965 13.75 -1.875 -12.8418 13.2476
2 24 0 0.01 13.75 -1.875 0.01 13.2476
2 24 -1.875 -12.8418 13.2476 -3.2476 -12.9481 11.875
2 24 -1.875 0.01 13.2476 -3.2476 0.01 11.875
2 24 -3.2476 -12.9481 11.875 -3.75 -12.987 10
2 24 -3.2476 0.01 11.875 -3.75 0.01 10
2 24 6.025 -11.9768 18.3159 6.025 -11.9768 21.6841
2 24 6.025 -11.9768 18.3159 6.025 0.01 18.3159
2 24 6.025 0.01 18.3159 6.025 0.01 21.6841
2 24 6.025 -11.9768 21.6841 6.025 0.01 21.6841
2 24 6.025 -11.9768 21.6841 10 -11.2598 21.6841
2 24 6.025 -11.9768 21.6841 6.025 0.01 21.6841
2 24 6.025 0.01 21.6841 10 0.01 21.6841
2 24 10 -11.2598 21.6841 10 0.01 21.6841
2 24 6.025 -11.9768 18.3159 6.025 0.01 18.3159
2 24 6.025 -11.9768 18.3159 10 -11.2598 18.3159
2 24 10 -11.2598 18.3159 10 0.01 18.3159
2 24 6.025 0.01 18.3159 10 0.01 18.3159
2 24 6.025 0.01 18.3159 6.025 0.01 21.6841
2 24 6.025 0.01 18.3159 10 0.01 18.3159
2 24 10 0.01 18.3159 10 0.01 21.6841
2 24 6.025 0.01 21.6841 10 0.01 21.6841
2 24 6.025 -11.9768 11.6841 10 -11.2598 11.6841
2 24 6.025 -11.9768 11.6841 6.025 0.01 11.6841
2 24 6.025 0.01 11.6841 10 0.01 11.6841
2 24 10 -11.2598 11.6841 10 0.01 11.6841
2 24 10 0.01 10 10 0.01 11.6841
2 24 10 0.01 11.6841 6.025 0.01 11.6841
2 24 6.025 0.01 11.6841 6.025 0.01 10
2 24 6.025 -11.9768 11.6841 6.025 0.01 11.6841
2 24 6.025 0.01 11.6841 6.025 0.01 10
2 24 6.025 -11.9768 11.6841 6.025 -11.9768 10
2 24 -6.25 -13.1807 -6.25 1.875 -12.5483 -6.25
2 24 -6.25 -13.1807 10 -6.25 -13.1807 -6.25
2 24 1.875 -12.5483 -6.25 10 -11.2598 -6.25
2 24 10 -11.2598 10 10 -11.2598 -6.25
2 24 10 -11.2598 -6.25 10 0 -6.25
2 24 10 -11.2598 -6.25 1.875 -12.5483 -6.25
2 24 10 0 -6.25 -6.25 0 -6.25
2 24 -6.25 0 -6.25 -6.25 -13.1807 -6.25
2 24 1.875 -12.5483 -6.25 -6.25 -13.1807 -6.25
2 24 -6.25 0 10 -6.25 0 -6.25
2 24 -6.25 0 -6.25 -6.25 -13.1807 -6.25
2 24 -6.25 -13.1807 10 -6.25 -13.1807 -6.25
2 24 -6.25 0 10 -6.25 0 -6.25
2 24 -10 0 10 -10 0 -10
2 24 -10 0 -10 10 0 -10
2 24 -6.25 0 -6.25 10 0 -6.25
2 24 10 0 -10 10 0 -6.25
2 24 3.75 0.01 10 3.2476 0.01 8.125
2 24 3.2476 0.01 8.125 1.875 0.01 6.7524
2 24 1.875 0.01 6.7524 0 0.01 6.25
2 24 0 0.01 6.25 -1.875 0.01 6.7524
2 24 -1.875 0.01 6.7524 -3.2476 0.01 8.125
2 24 -3.75 0.01 10 -3.2476 0.01 8.125
2 24 3.75 -12.2557 10 3.2476 -12.3357 8.125
2 24 3.75 0.01 10 3.2476 0.01 8.125
2 24 3.2476 -12.3357 8.125 1.875 -12.5513 6.7524
2 24 3.2476 0.01 8.125 1.875 0.01 6.7524
2 24 1.875 -12.5513 6.7524 0 -12.6965 6.25
2 24 1.875 0.01 6.7524 0 0.01 6.25
2 24 0 -12.6965 6.25 -1.875 -12.8418 6.7524
2 24 0 0.01 6.25 -1.875 0.01 6.7524
2 24 -1.875 -12.8418 6.7524 -3.2476 -12.9481 8.125
2 24 -1.875 0.01 6.7524 -3.2476 0.01 8.125
2 24 -3.75 -12.987 10 -3.2476 -12.9481 8.125
2 24 -3.75 0.01 10 -3.2476 0.01 8.125
2 24 6.025 -11.9768 1.6841 6.025 0.01 1.6841
2 24 6.025 -11.9768 1.6841 6.025 -11.9768 -1.6841
2 24 6.025 0.01 1.6841 6.025 0.01 -1.6841
2 24 6.025 -11.9768 -1.6841 6.025 0.01 -1.6841
2 24 6.025 -11.9768 -1.6841 6.025 0.01 -1.6841
2 24 6.025 -11.9768 -1.6841 10 -11.2598 -1.6841
2 24 6.025 0.01 -1.6841 10 0.01 -1.6841
2 24 10 -11.2598 -1.6841 10 0.01 -1.6841
2 24 6.025 -11.9768 1.6841 10 -11.2598 1.6841
2 24 6.025 -11.9768 1.6841 6.025 0.01 1.6841
2 24 10 -11.2598 1.6841 10 0.01 1.6841
2 24 6.025 0.01 1.6841 10 0.01 1.6841
2 24 6.025 0.01 1.6841 10 0.01 1.6841
2 24 6.025 0.01 1.6841 6.025 0.01 -1.6841
2 24 10 0.01 1.6841 10 0.01 -1.6841
2 24 6.025 0.01 -1.6841 10 0.01 -1.6841
2 24 6.025 -11.9768 8.3159 6.025 0.01 8.3159
2 24 6.025 -11.9768 8.3159 10 -11.2598 8.3159
2 24 6.025 0.01 8.3159 10 0.01 8.3159
2 24 10 -11.2598 8.3159 10 0.01 8.3159
2 24 6.025 0.01 8.3159 10 0.01 8.3159
2 24 10 0.01 10 10 0.01 8.3159
2 24 6.025 0.01 10 6.025 0.01 8.3159
2 24 6.025 -11.9768 8.3159 6.025 0.01 8.3159
2 24 6.025 0.01 10 6.025 0.01 8.3159
2 24 6.025 -11.9768 10 6.025 -11.9768 8.3159
2 24 35.4127 -2.4469 6.875 36.25 -2.0482 10
2 24 35.4127 8 6.875 36.25 8 10
2 24 35.4127 -2.4469 6.875 33.125 -3.5359 4.5873
2 24 35.4127 8 6.875 33.125 8 4.5873
2 24 33.125 -3.5359 4.5873 30 -5.0236 3.75
2 24 33.125 8 4.5873 30 8 3.75
2 24 30 -5.0236 3.75 29.7726 -5.1319 3.8109
2 24 30 8 3.75 26.875 8 4.5873
2 24 29.7726 -5.1319 3.8109 26.875 -6.2261 4.5873
2 24 26.875 -6.2261 4.5873 24.5873 -7.09 6.875
2 24 26.875 8 4.5873 24.5873 8 6.875
2 24 24.5873 -7.09 6.875 23.75 -7.4062 10
2 24 24.5873 8 6.875 23.75 8 10
2 24 38.125 8 10 37.0365 8 5.9375
2 24 36.25 8 10 35.4127 8 6.875
2 24 37.0365 8 5.9375 34.0625 8 2.9635
2 24 35.4127 8 6.875 33.125 8 4.5873
2 24 34.0625 8 2.9635 30 8 1.875
2 24 33.125 8 4.5873 30 8 3.75
2 24 30 8 1.875 25.9375 8 2.9635
2 24 30 8 3.75 26.875 8 4.5873
2 24 25.9375 8 2.9635 22.9635 8 5.9375
2 24 26.875 8 4.5873 24.5873 8 6.875
2 24 22.9635 8 5.9375 21.875 8 10
2 24 24.5873 8 6.875 23.75 8 10
2 24 37.0365 -1.6738 5.9375 38.125 -1.0781 10
2 24 37.0365 8 5.9375 38.125 8 10
2 24 37.0365 -1.6738 5.9375 34.0625 -3.0896 2.9635
2 24 37.0365 8 5.9375 34.0625 8 2.9635
2 24 34.0625 -3.0896 2.9635 30 -5.0236 1.875
2 24 34.0625 8 2.9635 30 8 1.875
2 24 30 -5.0236 1.875 25.9375 -6.5801 2.9635
2 24 30 8 1.875 25.9375 8 2.9635
2 24 25.9375 -6.5801 2.9635 22.9635 -7.7032 5.9375
2 24 25.9375 8 2.9635 22.9635 8 5.9375
2 24 22.9635 -7.7032 5.9375 21.8733 -8.1149 10
2 24 22.9635 8 5.9375 21.875 8 10
2 24 46.25 2.75 -6.25 46.25 8 -6.25
2 24 46.25 2.75 -6.25 44.6953 2.75 -6.25
2 24 46.25 8 -6.25 13.75 8 -6.25
2 24 44.6953 2.75 -6.25 37.0365 -1.6738 -6.25
2 24 37.0365 -1.6738 -6.25 30 -5.0236 -6.25
2 24 30 -5.0236 -6.25 21.8717 -8.1155 -6.25
2 24 13.75 8 -6.25 13.75 -10.4319 -6.25
2 24 21.8717 -8.1155 -6.25 13.75 -10.4319 -6.25
2 24 50 8 -10 10 8 -10
2 24 46.25 8 -6.25 13.75 8 -6.25
2 24 50 8 -10 50 8 10
2 24 46.25 8 -6.25 46.25 8 10
2 24 46.25 2.75 -6.25 46.25 8 -6.25
2 24 46.25 8 -6.25 46.25 8 10
2 24 46.25 2.75 -6.25 46.25 2.75 10
2 24 44.6953 2.75 -6.25 46.25 2.75 -6.25
2 24 46.25 2.75 -6.25 46.25 2.75 10
2 24 44.6953 2.75 -6.25 44.6953 2.75 10
2 24 37.0365 -1.6738 -6.25 44.6953 2.75 -6.25
2 24 44.6953 2.75 -6.25 44.6953 2.75 10
2 24 37.0365 -1.6738 -6.25 30 -5.0236 -6.25
2 24 30 -5.0236 -6.25 21.8717 -8.1155 -6.25
2 24 13.75 -10.4319 10 13.75 -10.4319 -6.25
2 24 21.8717 -8.1155 -6.25 13.75 -10.4319 -6.25
2 24 13.75 -10.4319 -6.25 13.75 -10.4319 10
2 24 13.75 8 10 13.75 8 -6.25
2 24 13.75 -10.4319 -6.25 13.75 8 -6.25
2 24 13.75 8 -6.25 13.75 8 10
2 24 10 8 -10 10 8 10
2 24 36.25 -2.0482 10 35.4127 -2.4469 13.125
2 24 36.25 8 10 35.4127 8 13.125
2 24 35.4127 -2.4469 13.125 33.125 -3.5359 15.4127
2 24 35.4127 8 13.125 33.125 8 15.4127
2 24 33.125 -3.5359 15.4127 30 -5.0236 16.25
2 24 33.125 8 15.4127 30 8 16.25
2 24 30 -5.0236 16.25 29.7726 -5.1319 16.1891
2 24 30 8 16.25 26.875 8 15.4127
2 24 29.7726 -5.1319 16.1891 26.875 -6.2261 15.4127
2 24 26.875 -6.2261 15.4127 24.5873 -7.09 13.125
2 24 26.875 8 15.4127 24.5873 8 13.125
2 24 23.75 -7.4062 10 24.5873 -7.09 13.125
2 24 23.75 8 10 24.5873 8 13.125
2 24 38.125 8 10 37.0365 8 14.0625
2 24 36.25 8 10 35.4127 8 13.125
2 24 37.0365 8 14.0625 34.0625 8 17.0365
2 24 35.4127 8 13.125 33.125 8 15.4127
2 24 34.0625 8 17.0365 30 8 18.125
2 24 33.125 8 15.4127 30 8 16.25
2 24 30 8 18.125 25.9375 8 17.0365
2 24 30 8 16.25 26.875 8 15.4127
2 24 25.9375 8 17.0365 22.9635 8 14.0625
2 24 26.875 8 15.4127 24.5873 8 13.125
2 24 21.875 8 10 22.9635 8 14.0625
2 24 23.75 8 10 24.5873 8 13.125
2 24 38.125 -1.0781 10 37.0365 -1.6738 14.0625
2 24 38.125 8 10 37.0365 8 14.0625
2 24 37.0365 -1.6738 14.0625 34.0625 -3.0896 17.0365
2 24 37.0365 8 14.0625 34.0625 8 17.0365
2 24 34.0625 -3.0896 17.0365 30 -5.0236 18.125
2 24 34.0625 8 17.0365 30 8 18.125
2 24 30 -5.0236 18.125 25.9375 -6.5801 17.0365
2 24 30 8 18.125 25.9375 8 17.0365
2 24 25.9375 -6.5801 17.0365 22.9635 -7.7032 14.0625
2 24 25.9375 8 17.0365 22.9635 8 14.0625
2 24 21.8733 -8.1149 10 22.9635 -7.7032 14.0625
2 24 21.875 8 10 22.9635 8 14.0625
2 24 46.25 2.75 26.25 44.6953 2.75 26.25
2 24 46.25 2.75 26.25 46.25 8 26.25
2 24 46.25 8 26.25 13.75 8 26.25
2 24 44.6953 2.75 26.25 37.0365 -1.6738 26.25
2 24 37.0365 -1.6738 26.25 30 -5.0236 26.25
2 24 30 -5.0236 26.25 21.8717 -8.1155 26.25
2 24 13.75 8 26.25 13.75 -10.4319 26.25
2 24 21.8717 -8.1155 26.25 13.75 -10.4319 26.25
2 24 50 8 30 10 8 30
2 24 46.25 8 26.25 13.75 8 26.25
2 24 50 8 10 50 8 30
2 24 46.25 8 10 46.25 8 26.25
2 24 46.25 8 10 46.25 8 26.25
2 24 46.25 8 26.25 46.25 2.75 26.25
2 24 46.25 2.75 10 46.25 2.75 26.25
2 24 46.25 2.75 10 46.25 2.75 26.25
2 24 46.25 2.75 26.25 44.6953 2.75 26.25
2 24 44.6953 2.75 10 44.6953 2.75 26.25
2 24 44.6953 2.75 10 44.6953 2.75 26.25
2 24 44.6953 2.75 26.25 37.0365 -1.6738 26.25
2 24 37.0365 -1.6738 26.25 30 -5.0236 26.25
2 24 30 -5.0236 26.25 21.8717 -8.1155 26.25
2 24 13.75 -10.4319 10 13.75 -10.4319 26.25
2 24 21.8717 -8.1155 26.25 13.75 -10.4319 26.25
2 24 13.75 -10.4319 10 13.75 -10.4319 26.25
2 24 13.75 -10.4319 26.25 13.75 8 26.25
2 24 13.75 8 10 13.75 8 26.25
2 24 13.75 8 10 13.75 8 26.25
2 24 10 8 10 10 8 30
2 24 -0.8761 -15.625 30 -9.9989 -16.025 30
2 24 -9.9989 -16.025 30 -9.9989 -16.025 10
2 24 -0.8761 -15.625 30 8.1778 -14.4281 30
2 24 8.1778 -14.4281 30 17.0923 -12.4435 30
2 24 17.0923 -12.4435 30 25.7989 -9.6865 30
2 24 25.7989 -9.6865 30 34.2308 -6.178 30
2 24 34.2308 -6.178 30 42.3233 -1.9452 30
2 24 42.3233 -1.9452 30 50.0135 2.9789 30
2 24 50.0135 2.9789 30 50.0135 2.9789 10
2 24 -0.8761 -15.625 -10 -9.9989 -16.025 -10
2 24 -9.9989 -16.025 10 -9.9989 -16.025 -10
2 24 -0.8761 -15.625 -10 8.1778 -14.4281 -10
2 24 8.1778 -14.4281 -10 17.0923 -12.4435 -10
2 24 17.0923 -12.4435 -10 25.7989 -9.6865 -10
2 24 25.7989 -9.6865 -10 34.2308 -6.178 -10
2 24 34.2308 -6.178 -10 42.3233 -1.9452 -10
2 24 42.3233 -1.9452 -10 50.0135 2.9789 -10
2 24 50.0135 2.9789 10 50.0135 2.9789 -10
0 STEP
