0 Untitled Model
0 Name: Untitled Model
0 Author: 
0 BFC CERTIFY CCW
3 16 13.4776 -4.7301 -0.0023 12.9493 -4.7656 -3.4924 12.0719 -3.15 -0.0021 0.9989 0.1832 0.9155 0.1832 0.9989 0.1094
3 16 12.0719 -3.15 -0.0021 12.9493 -4.7656 -3.4924 11.63 -3.1936 -3.135 0.9989 0.1094 0.9155 0.1832 0.9155 0.1094
3 16 13.5105 -21.8612 -0.0023 12.2345 -23.5486 -0.0021 12.986 -21.8307 -3.5008 0.9989 0.813 0.9989 0.8883 0.9155 0.813
3 16 12.986 -21.8307 -3.5008 12.2345 -23.5486 -0.0021 11.7892 -23.5097 -3.1776 0.9155 0.813 0.9989 0.8883 0.9155 0.8882
3 16 12.9493 -4.7656 -3.4924 11.5747 -4.7873 -6.698 11.63 -3.1936 -3.135 0.9155 0.1832 0.8324 0.1832 0.9155 0.1094
3 16 11.63 -3.1936 -3.135 11.5747 -4.7873 -6.698 10.4122 -3.2203 -6.0248 0.9155 0.1094 0.8324 0.1832 0.8324 0.1094
3 16 12.986 -21.8307 -3.5008 11.7892 -23.5097 -3.1776 11.6102 -21.8116 -6.7176 0.9155 0.813 0.9155 0.8882 0.8324 0.813
3 16 11.6102 -21.8116 -6.7176 11.7892 -23.5097 -3.1776 10.5592 -23.483 -6.1081 0.8324 0.813 0.9155 0.8882 0.8324 0.8882
3 16 11.5747 -4.7873 -6.698 9.4457 -4.7956 -9.449 10.4122 -3.2203 -6.0248 0.8324 0.1832 0.7499 0.1832 0.8324 0.1094
3 16 10.4122 -3.2203 -6.0248 9.4457 -4.7956 -9.449 8.5017 -3.23 -8.5046 0.8324 0.1094 0.7499 0.1832 0.7499 0.1094
3 16 11.6102 -21.8116 -6.7176 10.5592 -23.483 -6.1081 9.4749 -21.8046 -9.4782 0.8324 0.813 0.8324 0.8882 0.7499 0.813
3 16 9.4749 -21.8046 -9.4782 10.5592 -23.483 -6.1081 8.6182 -23.4798 -8.6196 0.7499 0.813 0.8324 0.8882 0.7499 0.8882
3 16 8.5017 -3.23 -8.5046 9.4457 -4.7956 -9.449 6.0211 -3.2206 -10.4144 0.7499 0.1094 0.7499 0.1832 0.6664 0.1094
3 16 6.0211 -3.2206 -10.4144 9.4457 -4.7956 -9.449 6.6938 -4.7875 -11.5769 0.6664 0.1094 0.7499 0.1832 0.6664 0.1832
3 16 6.7134 -21.8116 -11.6124 9.4749 -21.8046 -9.4782 6.104 -23.4856 -10.5583 0.6664 0.813 0.7499 0.813 0.6664 0.8882
3 16 6.104 -23.4856 -10.5583 9.4749 -21.8046 -9.4782 8.6182 -23.4798 -8.6196 0.6664 0.8882 0.7499 0.813 0.7499 0.8882
3 16 6.0211 -3.2206 -10.4144 6.6938 -4.7875 -11.5769 3.1309 -3.1938 -11.6309 0.6664 0.1094 0.6664 0.1832 0.5864 0.1094
3 16 3.1309 -3.1938 -11.6309 6.6938 -4.7875 -11.5769 3.4879 -4.7658 -12.9502 0.5864 0.1094 0.6664 0.1832 0.5864 0.1832
3 16 3.4962 -21.8306 -12.9868 6.7134 -21.8116 -11.6124 3.1734 -23.5096 -11.7902 0.5864 0.813 0.6664 0.813 0.5864 0.8883
3 16 3.1734 -23.5096 -11.7902 6.7134 -21.8116 -11.6124 6.104 -23.4856 -10.5583 0.5864 0.8883 0.6664 0.813 0.6664 0.8882
3 16 3.1309 -3.1938 -11.6309 3.4879 -4.7658 -12.9502 -0.0021 -3.15 -12.0719 0.5864 0.1094 0.5864 0.1832 0.4999 0.1094
3 16 -0.0021 -3.15 -12.0719 3.4879 -4.7658 -12.9502 -0.0023 -4.7301 -13.4776 0.4999 0.1094 0.5864 0.1832 0.4999 0.1832
3 16 -0.0023 -21.8612 -13.5106 3.4962 -21.8306 -12.9868 -0.0021 -23.5486 -12.2345 0.4999 0.813 0.5864 0.813 0.4999 0.8883
3 16 -0.0021 -23.5486 -12.2345 3.4962 -21.8306 -12.9868 3.1734 -23.5096 -11.7902 0.4999 0.8883 0.5864 0.813 0.5864 0.8883
3 16 -0.0023 -4.7301 -13.4776 -3.4924 -4.7656 -12.9493 -0.0021 -3.15 -12.0719 0.4999 0.1832 0.4134 0.1832 0.4999 0.1094
3 16 -0.0021 -3.15 -12.0719 -3.4924 -4.7656 -12.9493 -3.135 -3.1936 -11.63 0.4999 0.1094 0.4134 0.1832 0.4134 0.1094
3 16 -0.0023 -21.8612 -13.5106 -0.0021 -23.5486 -12.2345 -3.5007 -21.8308 -12.986 0.4999 0.813 0.4999 0.8883 0.4134 0.813
3 16 -3.5007 -21.8308 -12.986 -0.0021 -23.5486 -12.2345 -3.1776 -23.5097 -11.7892 0.4134 0.813 0.4999 0.8883 0.4134 0.8883
3 16 -3.4924 -4.7656 -12.9493 -6.6981 -4.7874 -11.5747 -3.135 -3.1936 -11.63 0.4134 0.1832 0.333 0.1832 0.4134 0.1094
3 16 -3.135 -3.1936 -11.63 -6.6981 -4.7874 -11.5747 -6.0248 -3.2205 -10.4123 0.4134 0.1094 0.333 0.1832 0.333 0.1094
3 16 -3.5007 -21.8308 -12.986 -3.1776 -23.5097 -11.7892 -6.7177 -21.8116 -11.6102 0.4134 0.813 0.4134 0.8883 0.333 0.813
3 16 -6.7177 -21.8116 -11.6102 -3.1776 -23.5097 -11.7892 -6.1081 -23.483 -10.5592 0.333 0.813 0.4134 0.8883 0.333 0.8883
3 16 -6.6981 -4.7874 -11.5747 -9.449 -4.7956 -9.4457 -6.0248 -3.2205 -10.4123 0.333 0.1832 0.2509 0.1832 0.333 0.1094
3 16 -6.0248 -3.2205 -10.4123 -9.449 -4.7956 -9.4457 -8.5048 -3.2301 -8.5017 0.333 0.1094 0.2509 0.1832 0.2509 0.1094
3 16 -6.7177 -21.8116 -11.6102 -6.1081 -23.483 -10.5592 -9.4782 -21.8046 -9.4749 0.333 0.813 0.333 0.8883 0.2509 0.813
3 16 -9.4782 -21.8046 -9.4749 -6.1081 -23.483 -10.5592 -8.6196 -23.4798 -8.6182 0.2509 0.813 0.333 0.8883 0.2509 0.8883
3 16 -8.5048 -3.2301 -8.5017 -9.449 -4.7956 -9.4457 -10.4144 -3.2206 -6.0211 0.2509 0.1094 0.2509 0.1832 0.1683 0.1094
3 16 -10.4144 -3.2206 -6.0211 -9.449 -4.7956 -9.4457 -11.5769 -4.7875 -6.6938 0.1683 0.1094 0.2509 0.1832 0.1683 0.1832
3 16 -10.4144 -3.2206 -6.0211 -11.5769 -4.7875 -6.6938 -11.6309 -3.1938 -3.1309 0.1683 0.1094 0.1683 0.1832 0.0851 0.1094
3 16 -11.6309 -3.1938 -3.1309 -11.5769 -4.7875 -6.6938 -12.9502 -4.7658 -3.4879 0.0851 0.1094 0.1683 0.1832 0.0851 0.1832
3 16 -12.9868 -21.8306 -3.4962 -11.6124 -21.8116 -6.7134 -11.7902 -23.5096 -3.1734 0.0851 0.813 0.1683 0.813 0.0851 0.8883
3 16 -11.7902 -23.5096 -3.1734 -11.6124 -21.8116 -6.7134 -10.5583 -23.4856 -6.104 0.0851 0.8883 0.1683 0.813 0.1683 0.8883
3 16 -11.6309 -3.1938 -3.1309 -12.9502 -4.7658 -3.4879 -12.0719 -3.15 0.0021 0.0851 0.1094 0.0851 0.1832 0.0022 0.1094
3 16 -12.0719 -3.15 0.0021 -12.9502 -4.7658 -3.4879 -13.4776 -4.7301 0.0023 0.0022 0.1094 0.0851 0.1832 0.0022 0.1832
3 16 -13.5106 -21.8612 0.0023 -12.9868 -21.8306 -3.4962 -12.2345 -23.5486 0.0021 0.0022 0.8131 0.0851 0.813 0.0022 0.8884
3 16 -12.2345 -23.5486 0.0021 -12.9868 -21.8306 -3.4962 -11.7902 -23.5096 -3.1734 0.0022 0.8884 0.0851 0.813 0.0851 0.8883
3 16 14.2737 -19.7927 -0.0025 13.5105 -21.8612 -0.0023 13.6938 -19.7849 -3.6929 0.9989 0.7449 0.9989 0.813 0.9155 0.7449
3 16 13.6938 -19.7849 -3.6929 13.5105 -21.8612 -0.0023 12.986 -21.8307 -3.5008 0.9155 0.7449 0.9989 0.813 0.9155 0.813
3 16 13.6938 -19.7849 -3.6929 12.986 -21.8307 -3.5008 12.2295 -19.7804 -7.0755 0.9155 0.7449 0.9155 0.813 0.8324 0.7449
3 16 12.2295 -19.7804 -7.0755 12.986 -21.8307 -3.5008 11.6102 -21.8116 -6.7176 0.8324 0.7449 0.9155 0.813 0.8324 0.813
3 16 12.2295 -19.7804 -7.0755 11.6102 -21.8116 -6.7176 9.9761 -19.7783 -9.9796 0.8324 0.7449 0.8324 0.813 0.7499 0.7449
3 16 9.9761 -19.7783 -9.9796 11.6102 -21.8116 -6.7176 9.4749 -21.8046 -9.4782 0.7499 0.7449 0.8324 0.813 0.7499 0.813
3 16 7.071 -19.7804 -12.2318 9.9761 -19.7783 -9.9796 6.7134 -21.8116 -11.6124 0.6664 0.7449 0.7499 0.7449 0.6664 0.813
3 16 6.7134 -21.8116 -11.6124 9.9761 -19.7783 -9.9796 9.4749 -21.8046 -9.4782 0.6664 0.813 0.7499 0.7449 0.7499 0.813
3 16 3.688 -19.7849 -13.6946 7.071 -19.7804 -12.2318 3.4962 -21.8306 -12.9868 0.5864 0.7449 0.6664 0.7449 0.5864 0.813
3 16 3.4962 -21.8306 -12.9868 7.071 -19.7804 -12.2318 6.7134 -21.8116 -11.6124 0.5864 0.813 0.6664 0.7449 0.6664 0.813
3 16 -0.0025 -19.7927 -14.2737 3.688 -19.7849 -13.6946 -0.0023 -21.8612 -13.5106 0.4999 0.7449 0.5864 0.7449 0.4999 0.813
3 16 -0.0023 -21.8612 -13.5106 3.688 -19.7849 -13.6946 3.4962 -21.8306 -12.9868 0.4999 0.813 0.5864 0.7449 0.5864 0.813
3 16 -0.0025 -19.7927 -14.2737 -0.0023 -21.8612 -13.5106 -3.6928 -19.7849 -13.6938 0.4999 0.7449 0.4999 0.813 0.4134 0.7449
3 16 -3.6928 -19.7849 -13.6938 -0.0023 -21.8612 -13.5106 -3.5007 -21.8308 -12.986 0.4134 0.7449 0.4999 0.813 0.4134 0.813
3 16 -3.6928 -19.7849 -13.6938 -3.5007 -21.8308 -12.986 -7.0714 -19.7804 -12.2316 0.4134 0.7449 0.4134 0.813 0.333 0.7449
3 16 -7.0714 -19.7804 -12.2316 -3.5007 -21.8308 -12.986 -6.7177 -21.8116 -11.6102 0.333 0.7449 0.4134 0.813 0.333 0.813
3 16 -7.0714 -19.7804 -12.2316 -6.7177 -21.8116 -11.6102 -9.9795 -19.7783 -9.9762 0.333 0.7449 0.333 0.813 0.2509 0.7449
3 16 -9.9795 -19.7783 -9.9762 -6.7177 -21.8116 -11.6102 -9.4782 -21.8046 -9.4749 0.2509 0.7449 0.333 0.813 0.2509 0.813
3 16 -12.2318 -19.7804 -7.071 -9.9795 -19.7783 -9.9762 -11.6124 -21.8116 -6.7134 0.1683 0.7449 0.2509 0.7449 0.1683 0.813
3 16 -11.6124 -21.8116 -6.7134 -9.9795 -19.7783 -9.9762 -9.4782 -21.8046 -9.4749 0.1683 0.813 0.2509 0.7449 0.2509 0.813
3 16 -13.6946 -19.7849 -3.688 -12.2318 -19.7804 -7.071 -12.9868 -21.8306 -3.4962 0.0851 0.7449 0.1683 0.7449 0.0851 0.813
3 16 -12.9868 -21.8306 -3.4962 -12.2318 -19.7804 -7.071 -11.6124 -21.8116 -6.7134 0.0851 0.813 0.1683 0.7449 0.1683 0.813
3 16 -14.2737 -19.7927 0.0025 -13.6946 -19.7849 -3.688 -13.5106 -21.8612 0.0023 0.0022 0.7449 0.0851 0.7449 0.0022 0.8131
3 16 -13.5106 -21.8612 0.0023 -13.6946 -19.7849 -3.688 -12.9868 -21.8306 -3.4962 0.0022 0.8131 0.0851 0.7449 0.0851 0.813
3 16 14.2737 -6.828 -0.0024 13.6937 -6.8357 -3.693 13.4776 -4.7301 -0.0023 0.9989 0.2514 0.9155 0.2514 0.9989 0.1832
3 16 13.4776 -4.7301 -0.0023 13.6937 -6.8357 -3.693 12.9493 -4.7656 -3.4924 0.9989 0.1832 0.9155 0.2514 0.9155 0.1832
3 16 13.6937 -6.8357 -3.693 14.2737 -6.828 -0.0024 13.6938 -19.7849 -3.6929 0.9155 0.2514 0.9989 0.2514 0.9155 0.7449
3 16 13.6938 -19.7849 -3.6929 14.2737 -6.828 -0.0024 14.2737 -19.7927 -0.0025 0.9155 0.7449 0.9989 0.2514 0.9989 0.7449
3 16 13.6937 -6.8357 -3.693 12.2295 -6.8401 -7.0755 12.9493 -4.7656 -3.4924 0.9155 0.2514 0.8324 0.2514 0.9155 0.1832
3 16 12.9493 -4.7656 -3.4924 12.2295 -6.8401 -7.0755 11.5747 -4.7873 -6.698 0.9155 0.1832 0.8324 0.2514 0.8324 0.1832
3 16 12.2295 -6.8401 -7.0755 13.6937 -6.8357 -3.693 12.2295 -19.7804 -7.0755 0.8324 0.2514 0.9155 0.2514 0.8324 0.7449
3 16 12.2295 -19.7804 -7.0755 13.6937 -6.8357 -3.693 13.6938 -19.7849 -3.6929 0.8324 0.7449 0.9155 0.2514 0.9155 0.7449
3 16 12.2295 -6.8401 -7.0755 9.976 -6.8422 -9.9796 11.5747 -4.7873 -6.698 0.8324 0.2514 0.7499 0.2514 0.8324 0.1832
3 16 11.5747 -4.7873 -6.698 9.976 -6.8422 -9.9796 9.4457 -4.7956 -9.449 0.8324 0.1832 0.7499 0.2514 0.7499 0.1832
3 16 9.976 -6.8422 -9.9796 12.2295 -6.8401 -7.0755 9.9761 -19.7783 -9.9796 0.7499 0.2514 0.8324 0.2514 0.7499 0.7449
3 16 9.9761 -19.7783 -9.9796 12.2295 -6.8401 -7.0755 12.2295 -19.7804 -7.0755 0.7499 0.7449 0.8324 0.2514 0.8324 0.7449
3 16 7.071 -6.8401 -12.2318 6.6938 -4.7875 -11.5769 9.976 -6.8422 -9.9796 0.6664 0.2514 0.6664 0.1832 0.7499 0.2514
3 16 9.976 -6.8422 -9.9796 6.6938 -4.7875 -11.5769 9.4457 -4.7956 -9.449 0.7499 0.2514 0.6664 0.1832 0.7499 0.1832
3 16 7.071 -6.8401 -12.2318 9.976 -6.8422 -9.9796 7.071 -19.7804 -12.2318 0.6664 0.2514 0.7499 0.2514 0.6664 0.7449
3 16 7.071 -19.7804 -12.2318 9.976 -6.8422 -9.9796 9.9761 -19.7783 -9.9796 0.6664 0.7449 0.7499 0.2514 0.7499 0.7449
3 16 3.6881 -6.8357 -13.6946 3.4879 -4.7658 -12.9502 7.071 -6.8401 -12.2318 0.5864 0.2514 0.5864 0.1832 0.6664 0.2514
3 16 7.071 -6.8401 -12.2318 3.4879 -4.7658 -12.9502 6.6938 -4.7875 -11.5769 0.6664 0.2514 0.5864 0.1832 0.6664 0.1832
3 16 3.6881 -6.8357 -13.6946 7.071 -6.8401 -12.2318 3.688 -19.7849 -13.6946 0.5864 0.2514 0.6664 0.2514 0.5864 0.7449
3 16 3.688 -19.7849 -13.6946 7.071 -6.8401 -12.2318 7.071 -19.7804 -12.2318 0.5864 0.7449 0.6664 0.2514 0.6664 0.7449
3 16 -0.0024 -6.828 -14.2737 -0.0023 -4.7301 -13.4776 3.6881 -6.8357 -13.6946 0.4999 0.2514 0.4999 0.1832 0.5864 0.2514
3 16 3.6881 -6.8357 -13.6946 -0.0023 -4.7301 -13.4776 3.4879 -4.7658 -12.9502 0.5864 0.2514 0.4999 0.1832 0.5864 0.1832
3 16 -0.0024 -6.828 -14.2737 3.6881 -6.8357 -13.6946 -0.0025 -19.7927 -14.2737 0.4999 0.2514 0.5864 0.2514 0.4999 0.7449
3 16 -0.0025 -19.7927 -14.2737 3.6881 -6.8357 -13.6946 3.688 -19.7849 -13.6946 0.4999 0.7449 0.5864 0.2514 0.5864 0.7449
3 16 -0.0024 -6.828 -14.2737 -3.6929 -6.8357 -13.6938 -0.0023 -4.7301 -13.4776 0.4999 0.2514 0.4134 0.2514 0.4999 0.1832
3 16 -0.0023 -4.7301 -13.4776 -3.6929 -6.8357 -13.6938 -3.4924 -4.7656 -12.9493 0.4999 0.1832 0.4134 0.2514 0.4134 0.1832
3 16 -3.6929 -6.8357 -13.6938 -0.0024 -6.828 -14.2737 -3.6928 -19.7849 -13.6938 0.4134 0.2514 0.4999 0.2514 0.4134 0.7449
3 16 -3.6928 -19.7849 -13.6938 -0.0024 -6.828 -14.2737 -0.0025 -19.7927 -14.2737 0.4134 0.7449 0.4999 0.2514 0.4999 0.7449
3 16 -3.6929 -6.8357 -13.6938 -7.0714 -6.8401 -12.2316 -3.4924 -4.7656 -12.9493 0.4134 0.2514 0.333 0.2514 0.4134 0.1832
3 16 -3.4924 -4.7656 -12.9493 -7.0714 -6.8401 -12.2316 -6.6981 -4.7874 -11.5747 0.4134 0.1832 0.333 0.2514 0.333 0.1832
3 16 -7.0714 -6.8401 -12.2316 -3.6929 -6.8357 -13.6938 -7.0714 -19.7804 -12.2316 0.333 0.2514 0.4134 0.2514 0.333 0.7449
3 16 -7.0714 -19.7804 -12.2316 -3.6929 -6.8357 -13.6938 -3.6928 -19.7849 -13.6938 0.333 0.7449 0.4134 0.2514 0.4134 0.7449
3 16 -7.0714 -6.8401 -12.2316 -9.9794 -6.8422 -9.9762 -6.6981 -4.7874 -11.5747 0.333 0.2514 0.2509 0.2514 0.333 0.1832
3 16 -6.6981 -4.7874 -11.5747 -9.9794 -6.8422 -9.9762 -9.449 -4.7956 -9.4457 0.333 0.1832 0.2509 0.2514 0.2509 0.1832
3 16 -9.9794 -6.8422 -9.9762 -7.0714 -6.8401 -12.2316 -9.9795 -19.7783 -9.9762 0.2509 0.2514 0.333 0.2514 0.2509 0.7449
3 16 -9.9795 -19.7783 -9.9762 -7.0714 -6.8401 -12.2316 -7.0714 -19.7804 -12.2316 0.2509 0.7449 0.333 0.2514 0.333 0.7449
3 16 -12.2318 -6.8401 -7.071 -11.5769 -4.7875 -6.6938 -9.9794 -6.8422 -9.9762 0.1683 0.2514 0.1683 0.1832 0.2509 0.2514
3 16 -9.9794 -6.8422 -9.9762 -11.5769 -4.7875 -6.6938 -9.449 -4.7956 -9.4457 0.2509 0.2514 0.1683 0.1832 0.2509 0.1832
3 16 -12.2318 -6.8401 -7.071 -9.9794 -6.8422 -9.9762 -12.2318 -19.7804 -7.071 0.1683 0.2514 0.2509 0.2514 0.1683 0.7449
3 16 -12.2318 -19.7804 -7.071 -9.9794 -6.8422 -9.9762 -9.9795 -19.7783 -9.9762 0.1683 0.7449 0.2509 0.2514 0.2509 0.7449
3 16 -13.6946 -6.8357 -3.6881 -12.9502 -4.7658 -3.4879 -12.2318 -6.8401 -7.071 0.0851 0.2514 0.0851 0.1832 0.1683 0.2514
3 16 -12.2318 -6.8401 -7.071 -12.9502 -4.7658 -3.4879 -11.5769 -4.7875 -6.6938 0.1683 0.2514 0.0851 0.1832 0.1683 0.1832
3 16 -13.6946 -6.8357 -3.6881 -12.2318 -6.8401 -7.071 -13.6946 -19.7849 -3.688 0.0851 0.2514 0.1683 0.2514 0.0851 0.7449
3 16 -13.6946 -19.7849 -3.688 -12.2318 -6.8401 -7.071 -12.2318 -19.7804 -7.071 0.0851 0.7449 0.1683 0.2514 0.1683 0.7449
3 16 -14.2737 -6.828 0.0024 -13.4776 -4.7301 0.0023 -13.6946 -6.8357 -3.6881 0.0022 0.2514 0.0022 0.1832 0.0851 0.2514
3 16 -13.6946 -6.8357 -3.6881 -13.4776 -4.7301 0.0023 -12.9502 -4.7658 -3.4879 0.0851 0.2514 0.0022 0.1832 0.0851 0.1832
3 16 -14.2737 -6.828 0.0024 -13.6946 -6.8357 -3.6881 -14.2737 -19.7927 0.0025 0.0022 0.2514 0.0851 0.2514 0.0022 0.7449
3 16 -14.2737 -19.7927 0.0025 -13.6946 -6.8357 -3.6881 -13.6946 -19.7849 -3.688 0.0022 0.7449 0.0851 0.2514 0.0851 0.7449
3 16 -11.6124 -21.8116 -6.7134 -9.4782 -21.8046 -9.4749 -10.5583 -23.4856 -6.104 0.1683 0.813 0.2509 0.813 0.1683 0.8883
3 16 -10.5583 -23.4856 -6.104 -9.4782 -21.8046 -9.4749 -8.6196 -23.4798 -8.6182 0.1683 0.8883 0.2509 0.813 0.2509 0.8883
0 STEP
