0 Untitled Model
0 Name: Untitled Model
0 Author: 
0 BFC CERTIFY CCW
3 16 30 -48 0 30 -48 10 -10 -48 0
3 16 -10 -48 0 30 -48 10 -10 -48 10
3 16 30 0 0 30 0 10 30 -48 0
3 16 30 -48 0 30 0 10 30 -48 10
3 16 -10 0 10 -10 -48 10 30 0 10
3 16 -10 -48 10 30 -48 10 30 0 10
3 16 -10 0 0 -10 -48 0 -10 0 10
3 16 -10 0 10 -10 -48 0 -10 -48 10
3 16 30 -48 0 -10 -48 0 30 -48 -10
3 16 30 -48 -10 -10 -48 0 -10 -48 -10
3 16 30 0 0 30 -48 0 30 0 -10
3 16 30 0 -10 30 -48 0 30 -48 -10
3 16 -10 0 -10 30 0 -10 -10 -48 -10
3 16 -10 -48 -10 30 0 -10 30 -48 -10
3 16 -10 0 0 -10 0 -10 -10 -48 0
3 16 -10 -48 0 -10 0 -10 -10 -48 -10
3 16 15.0375 -45.25 -3.9625 15.0375 0 -3.9625 12.75 -45.25 -6.25
3 16 15.0375 0 -3.9625 12.75 0 -6.25 12.75 -45.25 -6.25
3 16 7.25 -45.25 -6.25 7.25 0 -6.25 4.9625 -45.25 -3.9625
3 16 7.25 0 -6.25 4.9625 0 -3.9625 4.9625 -45.25 -3.9625
3 16 4.9625 -45.25 -3.9625 4.9625 0 -3.9625 2.675 -45.25 -6.25
3 16 4.9625 0 -3.9625 2.675 0 -6.25 2.675 -45.25 -6.25
3 16 17.325 -45.25 -6.25 17.325 0 -6.25 15.0375 -45.25 -3.9625
3 16 17.325 0 -6.25 15.0375 0 -3.9625 15.0375 -45.25 -3.9625
3 16 17.325 0 -6.25 12.75 0 -6.25 15.0375 0 -3.9625
3 16 4.9625 0 -3.9625 7.25 0 -6.25 2.675 0 -6.25
3 16 26.25 -45.25 0 26.25 -45.25 -6.25 17.325 -45.25 -6.25
3 16 26.25 0 -6.25 26.25 -45.25 -6.25 26.25 0 0
3 16 26.25 0 0 26.25 -45.25 -6.25 26.25 -45.25 0
3 16 -6.25 -45.25 0 -6.25 -45.25 -6.25 -6.25 0 0
3 16 -6.25 0 0 -6.25 -45.25 -6.25 -6.25 0 -6.25
3 16 30 0 -10 26.25 0 -6.25 30 0 0
3 16 30 0 0 26.25 0 -6.25 26.25 0 0
3 16 -6.25 0 0 -6.25 0 -6.25 -10 0 0
3 16 -10 0 0 -6.25 0 -6.25 -10 0 -10
3 16 -10 0 -10 2.675 0 -6.25 7.25 0 -6.25
3 16 15.0375 -45.25 3.9625 12.75 -45.25 6.25 15.0375 0 3.9625
3 16 15.0375 0 3.9625 12.75 -45.25 6.25 12.75 0 6.25
3 16 7.25 -45.25 6.25 4.9625 -45.25 3.9625 7.25 0 6.25
3 16 7.25 0 6.25 4.9625 -45.25 3.9625 4.9625 0 3.9625
3 16 4.9625 -45.25 3.9625 2.675 -45.25 6.25 4.9625 0 3.9625
3 16 4.9625 0 3.9625 2.675 -45.25 6.25 2.675 0 6.25
3 16 17.325 -45.25 6.25 15.0375 -45.25 3.9625 17.325 0 6.25
3 16 17.325 0 6.25 15.0375 -45.25 3.9625 15.0375 0 3.9625
3 16 17.325 0 6.25 15.0375 0 3.9625 12.75 0 6.25
3 16 4.9625 0 3.9625 2.675 0 6.25 7.25 0 6.25
3 16 -6.25 -45.25 6.25 2.675 -45.25 6.25 -6.25 -45.25 0
3 16 26.25 0 6.25 26.25 0 0 26.25 -45.25 6.25
3 16 26.25 -45.25 6.25 26.25 0 0 26.25 -45.25 0
3 16 -6.25 -45.25 0 -6.25 0 0 -6.25 -45.25 6.25
3 16 -6.25 -45.25 6.25 -6.25 0 0 -6.25 0 6.25
3 16 30 0 10 30 0 0 26.25 0 6.25
3 16 26.25 0 6.25 30 0 0 26.25 0 0
3 16 -6.25 0 0 -10 0 0 -6.25 0 6.25
3 16 -6.25 0 6.25 -10 0 0 -10 0 10
3 16 12.75 0 6.25 30 0 10 17.325 0 6.25
3 16 -10 0 -10 -6.25 0 -6.25 2.675 0 -6.25
3 16 -6.25 0 -6.25 -6.25 -45.25 -6.25 2.675 0 -6.25
3 16 2.675 0 -6.25 -6.25 -45.25 -6.25 2.675 -45.25 -6.25
3 16 -6.25 -45.25 0 2.675 -45.25 -6.25 -6.25 -45.25 -6.25
3 16 17.325 0 -6.25 17.325 -45.25 -6.25 26.25 0 -6.25
3 16 26.25 0 -6.25 17.325 -45.25 -6.25 26.25 -45.25 -6.25
3 16 30 0 -10 17.325 0 -6.25 26.25 0 -6.25
3 16 10 -45.25 0 12.75 -45.25 -6.25 7.25 -45.25 -6.25
3 16 7.25 0 -6.25 7.25 -45.25 -6.25 12.75 0 -6.25
3 16 12.75 0 -6.25 7.25 -45.25 -6.25 12.75 -45.25 -6.25
3 16 -10 0 -10 7.25 0 -6.25 30 0 -10
3 16 7.25 0 -6.25 12.75 0 -6.25 30 0 -10
3 16 30 0 -10 12.75 0 -6.25 17.325 0 -6.25
3 16 10 -45.25 0 7.25 -45.25 -6.25 4.9625 -45.25 -3.9625
3 16 26.25 -45.25 0 17.325 -45.25 -6.25 15.0375 -45.25 -3.9625
3 16 -6.25 0 6.25 2.675 0 6.25 -6.25 -45.25 6.25
3 16 -6.25 -45.25 6.25 2.675 0 6.25 2.675 -45.25 6.25
3 16 -10 0 10 2.675 0 6.25 -6.25 0 6.25
3 16 -10 0 10 7.25 0 6.25 2.675 0 6.25
3 16 7.25 -45.25 6.25 7.25 0 6.25 12.75 -45.25 6.25
3 16 12.75 -45.25 6.25 7.25 0 6.25 12.75 0 6.25
3 16 -10 0 10 30 0 10 7.25 0 6.25
3 16 30 0 10 12.75 0 6.25 7.25 0 6.25
3 16 17.325 0 6.25 30 0 10 26.25 0 6.25
3 16 17.325 -45.25 6.25 17.325 0 6.25 26.25 -45.25 6.25
3 16 26.25 -45.25 6.25 17.325 0 6.25 26.25 0 6.25
3 16 10 -45.25 0 7.25 -45.25 6.25 12.75 -45.25 6.25
3 16 26.25 -45.25 0 17.325 -45.25 6.25 26.25 -45.25 6.25
3 16 15.0375 -45.25 3.9625 17.325 -45.25 6.25 26.25 -45.25 0
3 16 10 -45.25 0 4.9625 -45.25 3.9625 7.25 -45.25 6.25
3 16 10 -45.25 0 4.9625 -45.25 -3.9625 -6.25 -45.25 0
3 16 4.9625 -45.25 3.9625 10 -45.25 0 -6.25 -45.25 0
3 16 10 -45.25 0 15.0375 -45.25 -3.9625 12.75 -45.25 -6.25
3 16 10 -45.25 0 12.75 -45.25 6.25 15.0375 -45.25 3.9625
3 16 -6.25 -45.25 0 4.9625 -45.25 -3.9625 2.675 -45.25 -6.25
3 16 4.9625 -45.25 3.9625 -6.25 -45.25 0 2.675 -45.25 6.25
3 16 26.25 -45.25 0 15.0375 -45.25 -3.9625 10 -45.25 0
3 16 15.0375 -45.25 3.9625 26.25 -45.25 0 10 -45.25 0
3 16 20 -52.45 0 25.4144 -52.45 3.126 23.126 -52.45 5.4144
3 16 23.126 -52.45 5.4144 20 -52.45 6.252 20 -52.45 0
3 16 20 -52.45 6.252 16.874 -52.45 5.4144 20 -52.45 0
3 16 16.874 -52.45 5.4144 14.5856 -52.45 3.126 20 -52.45 0
3 16 14.5856 -52.45 3.126 13.748 -52.45 0 20 -52.45 0
3 16 13.748 -52.45 0 14.5856 -52.45 -3.126 20 -52.45 0
3 16 14.5856 -52.45 -3.126 16.874 -52.45 -5.4144 20 -52.45 0
3 16 16.874 -52.45 -5.4144 20 -52.45 -6.252 20 -52.45 0
3 16 20 -52.45 -6.252 23.126 -52.45 -5.4144 20 -52.45 0
3 16 23.126 -52.45 -5.4144 25.4144 -52.45 -3.126 20 -52.45 0
3 16 25.4144 -52.45 -3.126 26.252 -52.45 0 20 -52.45 0
3 16 26.252 -52.45 0 25.4144 -52.45 3.126 20 -52.45 0
3 16 25.4144 -48 3.126 23.126 -48 5.4144 25.4144 -52.45 3.126
3 16 25.4144 -52.45 3.126 23.126 -48 5.4144 23.126 -52.45 5.4144
3 16 23.126 -48 5.4144 20 -48 6.252 23.126 -52.45 5.4144
3 16 23.126 -52.45 5.4144 20 -48 6.252 20 -52.45 6.252
3 16 20 -48 6.252 16.874 -48 5.4144 20 -52.45 6.252
3 16 20 -52.45 6.252 16.874 -48 5.4144 16.874 -52.45 5.4144
3 16 16.874 -48 5.4144 14.5856 -48 3.126 16.874 -52.45 5.4144
3 16 16.874 -52.45 5.4144 14.5856 -48 3.126 14.5856 -52.45 3.126
3 16 14.5856 -48 3.126 13.748 -48 0 14.5856 -52.45 3.126
3 16 14.5856 -52.45 3.126 13.748 -48 0 13.748 -52.45 0
3 16 13.748 -48 0 14.5856 -48 -3.126 13.748 -52.45 0
3 16 13.748 -52.45 0 14.5856 -48 -3.126 14.5856 -52.45 -3.126
3 16 14.5856 -48 -3.126 16.874 -48 -5.4144 14.5856 -52.45 -3.126
3 16 14.5856 -52.45 -3.126 16.874 -48 -5.4144 16.874 -52.45 -5.4144
3 16 16.874 -48 -5.4144 20 -48 -6.252 16.874 -52.45 -5.4144
3 16 16.874 -52.45 -5.4144 20 -48 -6.252 20 -52.45 -6.252
3 16 20 -48 -6.252 23.126 -48 -5.4144 20 -52.45 -6.252
3 16 20 -52.45 -6.252 23.126 -48 -5.4144 23.126 -52.45 -5.4144
3 16 23.126 -48 -5.4144 25.4144 -48 -3.126 23.126 -52.45 -5.4144
3 16 23.126 -52.45 -5.4144 25.4144 -48 -3.126 25.4144 -52.45 -3.126
3 16 25.4144 -48 -3.126 26.252 -48 0 25.4144 -52.45 -3.126
3 16 25.4144 -52.45 -3.126 26.252 -48 0 26.252 -52.45 0
3 16 26.252 -48 0 25.4144 -48 3.126 26.252 -52.45 0
3 16 26.252 -52.45 0 25.4144 -48 3.126 25.4144 -52.45 3.126
3 16 0 -52.45 0 5.4144 -52.45 3.126 3.126 -52.45 5.4144
3 16 3.126 -52.45 5.4144 0 -52.45 6.252 0 -52.45 0
3 16 0 -52.45 6.252 -3.126 -52.45 5.4144 0 -52.45 0
3 16 -3.126 -52.45 5.4144 -5.4144 -52.45 3.126 0 -52.45 0
3 16 -5.4144 -52.45 3.126 -6.252 -52.45 0 0 -52.45 0
3 16 -6.252 -52.45 0 -5.4144 -52.45 -3.126 0 -52.45 0
3 16 -5.4144 -52.45 -3.126 -3.126 -52.45 -5.4144 0 -52.45 0
3 16 -3.126 -52.45 -5.4144 0 -52.45 -6.252 0 -52.45 0
3 16 0 -52.45 -6.252 3.126 -52.45 -5.4144 0 -52.45 0
3 16 3.126 -52.45 -5.4144 5.4144 -52.45 -3.126 0 -52.45 0
3 16 5.4144 -52.45 -3.126 6.252 -52.45 0 0 -52.45 0
3 16 6.252 -52.45 0 5.4144 -52.45 3.126 0 -52.45 0
3 16 5.4144 -48 3.126 3.126 -48 5.4144 5.4144 -52.45 3.126
3 16 5.4144 -52.45 3.126 3.126 -48 5.4144 3.126 -52.45 5.4144
3 16 3.126 -48 5.4144 0 -48 6.252 3.126 -52.45 5.4144
3 16 3.126 -52.45 5.4144 0 -48 6.252 0 -52.45 6.252
3 16 0 -48 6.252 -3.126 -48 5.4144 0 -52.45 6.252
3 16 0 -52.45 6.252 -3.126 -48 5.4144 -3.126 -52.45 5.4144
3 16 -3.126 -48 5.4144 -5.4144 -48 3.126 -3.126 -52.45 5.4144
3 16 -3.126 -52.45 5.4144 -5.4144 -48 3.126 -5.4144 -52.45 3.126
3 16 -5.4144 -48 3.126 -6.252 -48 0 -5.4144 -52.45 3.126
3 16 -5.4144 -52.45 3.126 -6.252 -48 0 -6.252 -52.45 0
3 16 -6.252 -48 0 -5.4144 -48 -3.126 -6.252 -52.45 0
3 16 -6.252 -52.45 0 -5.4144 -48 -3.126 -5.4144 -52.45 -3.126
3 16 -5.4144 -48 -3.126 -3.126 -48 -5.4144 -5.4144 -52.45 -3.126
3 16 -5.4144 -52.45 -3.126 -3.126 -48 -5.4144 -3.126 -52.45 -5.4144
3 16 -3.126 -48 -5.4144 0 -48 -6.252 -3.126 -52.45 -5.4144
3 16 -3.126 -52.45 -5.4144 0 -48 -6.252 0 -52.45 -6.252
3 16 0 -48 -6.252 3.126 -48 -5.4144 0 -52.45 -6.252
3 16 0 -52.45 -6.252 3.126 -48 -5.4144 3.126 -52.45 -5.4144
3 16 3.126 -48 -5.4144 5.4144 -48 -3.126 3.126 -52.45 -5.4144
3 16 3.126 -52.45 -5.4144 5.4144 -48 -3.126 5.4144 -52.45 -3.126
3 16 5.4144 -48 -3.126 6.252 -48 0 5.4144 -52.45 -3.126
3 16 5.4144 -52.45 -3.126 6.252 -48 0 6.252 -52.45 0
3 16 6.252 -48 0 5.4144 -48 3.126 6.252 -52.45 0
3 16 6.252 -52.45 0 5.4144 -48 3.126 5.4144 -52.45 3.126
2 24 30 -48 0 30 -48 10
2 24 30 -48 10 -10 -48 10
2 24 -10 -48 0 -10 -48 10
2 24 30 0 0 30 0 10
2 24 30 0 10 30 -48 10
2 24 30 -48 0 30 -48 10
2 24 -10 0 10 -10 -48 10
2 24 -10 0 10 30 0 10
2 24 30 0 10 30 -48 10
2 24 -10 -48 10 30 -48 10
2 24 -10 0 0 -10 0 10
2 24 -10 -48 0 -10 -48 10
2 24 -10 0 10 -10 -48 10
2 24 30 -48 0 30 -48 -10
2 24 -10 -48 0 -10 -48 -10
2 24 30 -48 -10 -10 -48 -10
2 24 30 0 0 30 0 -10
2 24 30 -48 0 30 -48 -10
2 24 30 0 -10 30 -48 -10
2 24 -10 0 -10 30 0 -10
2 24 -10 0 -10 -10 -48 -10
2 24 30 0 -10 30 -48 -10
2 24 -10 -48 -10 30 -48 -10
2 24 -10 0 0 -10 0 -10
2 24 -10 0 -10 -10 -48 -10
2 24 -10 -48 0 -10 -48 -10
2 24 15.0375 -45.25 -3.9625 15.0375 0 -3.9625
2 24 15.0375 -45.25 -3.9625 12.75 -45.25 -6.25
2 24 12.75 -45.25 -6.25 12.75 0 -6.25
2 24 15.0375 0 -3.9625 12.75 0 -6.25
2 24 7.25 -45.25 -6.25 7.25 0 -6.25
2 24 7.25 -45.25 -6.25 4.9625 -45.25 -3.9625
2 24 4.9625 -45.25 -3.9625 4.9625 0 -3.9625
2 24 7.25 0 -6.25 4.9625 0 -3.9625
2 24 4.9625 -45.25 -3.9625 4.9625 0 -3.9625
2 24 4.9625 -45.25 -3.9625 2.675 -45.25 -6.25
2 24 2.675 -45.25 -6.25 2.675 0 -6.25
2 24 4.9625 0 -3.9625 2.675 0 -6.25
2 24 17.325 -45.25 -6.25 17.325 0 -6.25
2 24 17.325 -45.25 -6.25 15.0375 -45.25 -3.9625
2 24 15.0375 -45.25 -3.9625 15.0375 0 -3.9625
2 24 17.325 0 -6.25 15.0375 0 -3.9625
2 24 12.75 0 -6.25 15.0375 0 -3.9625
2 24 17.325 0 -6.25 15.0375 0 -3.9625
2 24 4.9625 0 -3.9625 7.25 0 -6.25
2 24 4.9625 0 -3.9625 2.675 0 -6.25
2 24 26.25 -45.25 -6.25 17.325 -45.25 -6.25
2 24 26.25 -45.25 0 26.25 -45.25 -6.25
2 24 26.25 0 -6.25 26.25 -45.25 -6.25
2 24 26.25 0 -6.25 26.25 0 0
2 24 26.25 -45.25 -6.25 26.25 -45.25 0
2 24 -6.25 -45.25 0 -6.25 -45.25 -6.25
2 24 -6.25 -45.25 -6.25 -6.25 0 -6.25
2 24 -6.25 0 0 -6.25 0 -6.25
2 24 30 0 -10 30 0 0
2 24 26.25 0 -6.25 26.25 0 0
2 24 -6.25 0 0 -6.25 0 -6.25
2 24 -10 0 0 -10 0 -10
2 24 15.0375 -45.25 3.9625 12.75 -45.25 6.25
2 24 15.0375 -45.25 3.9625 15.0375 0 3.9625
2 24 12.75 -45.25 6.25 12.75 0 6.25
2 24 15.0375 0 3.9625 12.75 0 6.25
2 24 7.25 -45.25 6.25 4.9625 -45.25 3.9625
2 24 7.25 -45.25 6.25 7.25 0 6.25
2 24 4.9625 -45.25 3.9625 4.9625 0 3.9625
2 24 7.25 0 6.25 4.9625 0 3.9625
2 24 4.9625 -45.25 3.9625 2.675 -45.25 6.25
2 24 4.9625 -45.25 3.9625 4.9625 0 3.9625
2 24 2.675 -45.25 6.25 2.675 0 6.25
2 24 4.9625 0 3.9625 2.675 0 6.25
2 24 17.325 -45.25 6.25 15.0375 -45.25 3.9625
2 24 17.325 -45.25 6.25 17.325 0 6.25
2 24 15.0375 -45.25 3.9625 15.0375 0 3.9625
2 24 17.325 0 6.25 15.0375 0 3.9625
2 24 15.0375 0 3.9625 12.75 0 6.25
2 24 17.325 0 6.25 15.0375 0 3.9625
2 24 4.9625 0 3.9625 2.675 0 6.25
2 24 4.9625 0 3.9625 7.25 0 6.25
2 24 -6.25 -45.25 6.25 2.675 -45.25 6.25
2 24 -6.25 -45.25 6.25 -6.25 -45.25 0
2 24 26.25 0 0 26.25 0 6.25
2 24 26.25 0 6.25 26.25 -45.25 6.25
2 24 26.25 -45.25 0 26.25 -45.25 6.25
2 24 -6.25 -45.25 0 -6.25 -45.25 6.25
2 24 -6.25 0 0 -6.25 0 6.25
2 24 -6.25 -45.25 6.25 -6.25 0 6.25
2 24 30 0 0 30 0 10
2 24 26.25 0 0 26.25 0 6.25
2 24 -6.25 0 0 -6.25 0 6.25
2 24 -10 0 0 -10 0 10
2 24 2.675 0 -6.25 -6.25 0 -6.25
2 24 -6.25 0 -6.25 -6.25 -45.25 -6.25
2 24 -6.25 0 -6.25 2.675 0 -6.25
2 24 -6.25 -45.25 -6.25 2.675 -45.25 -6.25
2 24 2.675 0 -6.25 2.675 -45.25 -6.25
2 24 2.675 -45.25 -6.25 -6.25 -45.25 -6.25
2 24 -6.25 -45.25 0 -6.25 -45.25 -6.25
2 24 17.325 0 -6.25 17.325 -45.25 -6.25
2 24 17.325 0 -6.25 26.25 0 -6.25
2 24 17.325 -45.25 -6.25 26.25 -45.25 -6.25
2 24 26.25 0 -6.25 26.25 -45.25 -6.25
2 24 17.325 0 -6.25 26.25 0 -6.25
2 24 12.75 -45.25 -6.25 7.25 -45.25 -6.25
2 24 7.25 0 -6.25 7.25 -45.25 -6.25
2 24 7.25 0 -6.25 12.75 0 -6.25
2 24 7.25 -45.25 -6.25 12.75 -45.25 -6.25
2 24 12.75 0 -6.25 12.75 -45.25 -6.25
2 24 30 0 -10 -10 0 -10
2 24 12.75 0 -6.25 7.25 0 -6.25
2 24 7.25 -45.25 -6.25 4.9625 -45.25 -3.9625
2 24 17.325 -45.25 -6.25 15.0375 -45.25 -3.9625
2 24 -6.25 0 6.25 2.675 0 6.25
2 24 -6.25 0 6.25 -6.25 -45.25 6.25
2 24 2.675 0 6.25 2.675 -45.25 6.25
2 24 -6.25 -45.25 6.25 2.675 -45.25 6.25
2 24 2.675 0 6.25 -6.25 0 6.25
2 24 7.25 -45.25 6.25 7.25 0 6.25
2 24 7.25 -45.25 6.25 12.75 -45.25 6.25
2 24 7.25 0 6.25 12.75 0 6.25
2 24 12.75 -45.25 6.25 12.75 0 6.25
2 24 30 0 10 -10 0 10
2 24 12.75 0 6.25 7.25 0 6.25
2 24 17.325 0 6.25 26.25 0 6.25
2 24 17.325 -45.25 6.25 17.325 0 6.25
2 24 17.325 -45.25 6.25 26.25 -45.25 6.25
2 24 17.325 0 6.25 26.25 0 6.25
2 24 26.25 -45.25 6.25 26.25 0 6.25
2 24 7.25 -45.25 6.25 12.75 -45.25 6.25
2 24 17.325 -45.25 6.25 26.25 -45.25 6.25
2 24 26.25 -45.25 0 26.25 -45.25 6.25
2 24 17.325 -45.25 6.25 15.0375 -45.25 3.9625
2 24 7.25 -45.25 6.25 4.9625 -45.25 3.9625
2 24 12.75 -45.25 -6.25 15.0375 -45.25 -3.9625
2 24 12.75 -45.25 6.25 15.0375 -45.25 3.9625
2 24 2.675 -45.25 -6.25 4.9625 -45.25 -3.9625
2 24 2.675 -45.25 6.25 4.9625 -45.25 3.9625
2 24 25.4144 -52.45 3.126 23.126 -52.45 5.4144
2 24 23.126 -52.45 5.4144 20 -52.45 6.252
2 24 20 -52.45 6.252 16.874 -52.45 5.4144
2 24 16.874 -52.45 5.4144 14.5856 -52.45 3.126
2 24 14.5856 -52.45 3.126 13.748 -52.45 0
2 24 13.748 -52.45 0 14.5856 -52.45 -3.126
2 24 14.5856 -52.45 -3.126 16.874 -52.45 -5.4144
2 24 16.874 -52.45 -5.4144 20 -52.45 -6.252
2 24 20 -52.45 -6.252 23.126 -52.45 -5.4144
2 24 23.126 -52.45 -5.4144 25.4144 -52.45 -3.126
2 24 25.4144 -52.45 -3.126 26.252 -52.45 0
2 24 25.4144 -52.45 3.126 26.252 -52.45 0
2 24 25.4144 -48 3.126 23.126 -48 5.4144
2 24 25.4144 -52.45 3.126 23.126 -52.45 5.4144
2 24 23.126 -48 5.4144 20 -48 6.252
2 24 23.126 -52.45 5.4144 20 -52.45 6.252
2 24 20 -48 6.252 16.874 -48 5.4144
2 24 20 -52.45 6.252 16.874 -52.45 5.4144
2 24 16.874 -48 5.4144 14.5856 -48 3.126
2 24 16.874 -52.45 5.4144 14.5856 -52.45 3.126
2 24 14.5856 -48 3.126 13.748 -48 0
2 24 14.5856 -52.45 3.126 13.748 -52.45 0
2 24 13.748 -48 0 14.5856 -48 -3.126
2 24 13.748 -52.45 0 14.5856 -52.45 -3.126
2 24 14.5856 -48 -3.126 16.874 -48 -5.4144
2 24 14.5856 -52.45 -3.126 16.874 -52.45 -5.4144
2 24 16.874 -48 -5.4144 20 -48 -6.252
2 24 16.874 -52.45 -5.4144 20 -52.45 -6.252
2 24 20 -48 -6.252 23.126 -48 -5.4144
2 24 20 -52.45 -6.252 23.126 -52.45 -5.4144
2 24 23.126 -48 -5.4144 25.4144 -48 -3.126
2 24 23.126 -52.45 -5.4144 25.4144 -52.45 -3.126
2 24 25.4144 -48 -3.126 26.252 -48 0
2 24 25.4144 -52.45 -3.126 26.252 -52.45 0
2 24 25.4144 -48 3.126 26.252 -48 0
2 24 25.4144 -52.45 3.126 26.252 -52.45 0
2 24 5.4144 -52.45 3.126 3.126 -52.45 5.4144
2 24 3.126 -52.45 5.4144 0 -52.45 6.252
2 24 0 -52.45 6.252 -3.126 -52.45 5.4144
2 24 -3.126 -52.45 5.4144 -5.4144 -52.45 3.126
2 24 -5.4144 -52.45 3.126 -6.252 -52.45 0
2 24 -6.252 -52.45 0 -5.4144 -52.45 -3.126
2 24 -5.4144 -52.45 -3.126 -3.126 -52.45 -5.4144
2 24 -3.126 -52.45 -5.4144 0 -52.45 -6.252
2 24 0 -52.45 -6.252 3.126 -52.45 -5.4144
2 24 3.126 -52.45 -5.4144 5.4144 -52.45 -3.126
2 24 5.4144 -52.45 -3.126 6.252 -52.45 0
2 24 5.4144 -52.45 3.126 6.252 -52.45 0
2 24 5.4144 -48 3.126 3.126 -48 5.4144
2 24 5.4144 -52.45 3.126 3.126 -52.45 5.4144
2 24 3.126 -48 5.4144 0 -48 6.252
2 24 3.126 -52.45 5.4144 0 -52.45 6.252
2 24 0 -48 6.252 -3.126 -48 5.4144
2 24 0 -52.45 6.252 -3.126 -52.45 5.4144
2 24 -3.126 -48 5.4144 -5.4144 -48 3.126
2 24 -3.126 -52.45 5.4144 -5.4144 -52.45 3.126
2 24 -5.4144 -48 3.126 -6.252 -48 0
2 24 -5.4144 -52.45 3.126 -6.252 -52.45 0
2 24 -6.252 -48 0 -5.4144 -48 -3.126
2 24 -6.252 -52.45 0 -5.4144 -52.45 -3.126
2 24 -5.4144 -48 -3.126 -3.126 -48 -5.4144
2 24 -5.4144 -52.45 -3.126 -3.126 -52.45 -5.4144
2 24 -3.126 -48 -5.4144 0 -48 -6.252
2 24 -3.126 -52.45 -5.4144 0 -52.45 -6.252
2 24 0 -48 -6.252 3.126 -48 -5.4144
2 24 0 -52.45 -6.252 3.126 -52.45 -5.4144
2 24 3.126 -48 -5.4144 5.4144 -48 -3.126
2 24 3.126 -52.45 -5.4144 5.4144 -52.45 -3.126
2 24 5.4144 -48 -3.126 6.252 -48 0
2 24 5.4144 -52.45 -3.126 6.252 -52.45 0
2 24 5.4144 -48 3.126 6.252 -48 0
2 24 5.4144 -52.45 3.126 6.252 -52.45 0
2 24 -10 0 -10.025 30 0 -10.025
2 24 -10 0 -10.025 -10 -48 -10.025
2 24 30 0 -10.025 30 -48 -10.025
2 24 -10 -48 -10.025 30 -48 -10.025
0 STEP
