0 Untitled Model
0 Name: Untitled Model
0 Author: 
0 BFC CERTIFY CCW
3 16 46.9131 -11.6193 17.4322 40.0001 -5.2918 24.14 49.9958 -10.8716 18.2127
3 16 49.9958 -10.8716 18.2127 40.0001 -5.2918 24.14 66.25 -5.2508 24.1012
3 16 30 -5.25 -6.25 40.0001 -5.3155 -4.1621 66.25 -5.25 -6.25
3 16 66.25 -5.25 -6.25 40.0001 -5.3155 -4.1621 66.2501 -5.2885 -4.1367
3 16 66.25 -5.2508 24.1012 40.0001 -5.2918 24.14 66.25 -5.25 26.25
3 16 66.25 -5.25 26.25 40.0001 -5.2918 24.14 40 -5.25 26.25
3 16 66.25 -5.25 26.25 66.25 0 26.25 66.25 -5.2508 24.1012
3 16 66.25 0 10 66.25 -5.2508 24.1012 66.25 0 26.25
3 16 66.25 -17.7 10.0318 66.2498 -17.6388 11.011 66.25 0 10
3 16 66.2498 -17.6388 11.011 66.25 -5.2508 24.1012 66.25 0 10
3 16 58.0595 -17.6474 11.0275 66.2498 -17.6388 11.011 58.1252 -17.7 10.0048
3 16 58.1252 -17.7 10.0048 66.2498 -17.6388 11.011 66.25 -17.7 10.0318
3 16 66.25 -17.7 10.0318 66.25 0 10 66.2499 -17.6506 8.9777
3 16 66.2501 -5.2885 -4.1367 66.2499 -17.6506 8.9777 66.25 0 10
3 16 58.0595 -17.6474 11.0275 57.4502 -15.7329 13.0524 66.2498 -17.6388 11.011
3 16 66.2498 -17.6388 11.011 57.4502 -15.7329 13.0524 66.25 -5.2508 24.1012
3 16 58.0269 -17.6605 8.9713 66.2499 -17.6506 8.9777 57.4463 -15.7578 6.9516
3 16 57.4463 -15.7578 6.9516 66.2499 -17.6506 8.9777 66.2501 -5.2885 -4.1367
3 16 66.25 -17.7 10.0318 66.2499 -17.6506 8.9777 58.1252 -17.7 10.0048
3 16 58.1252 -17.7 10.0048 66.2499 -17.6506 8.9777 58.0269 -17.6605 8.9713
3 16 56.2432 -17.6129 10 49.7947 -17.6129 10 56.1551 -17.6079 11.0805
3 16 56.1551 -17.6079 11.0805 49.7947 -17.6129 10 49.7948 -17.6139 11.0777
3 16 49.7946 -17.6099 8.9256 49.7947 -17.6129 10 56.1579 -17.6244 8.9203
3 16 56.1579 -17.6244 8.9203 49.7947 -17.6129 10 56.2432 -17.6129 10
3 16 54.4195 -14.4788 5.5916 49.7946 -17.6099 8.9256 55.6601 -16.2896 7.507
3 16 56.1551 -17.6079 11.0805 49.7948 -17.6139 11.0777 55.65 -16.2184 12.5602
3 16 49.7948 -17.6139 11.0777 43.8421 -17.6194 11.075 44.3477 -16.2311 12.5529
3 16 49.7948 -17.6139 11.0777 49.7947 -17.6129 10 43.8421 -17.6194 11.075
3 16 43.8421 -17.6194 11.075 49.7947 -17.6129 10 43.75 -17.6129 10
3 16 43.75 -17.6129 10 49.7947 -17.6129 10 43.845 -17.5963 8.9305
3 16 43.845 -17.5963 8.9305 49.7947 -17.6129 10 49.7946 -17.6099 8.9256
3 16 47.6293 -13.2323 4.2648 49.7946 -17.6099 8.9256 50 -12.7216 3.7433
3 16 49.7946 -17.6099 8.9256 56.1579 -17.6244 8.9203 55.6601 -16.2896 7.507
3 16 43.845 -17.5963 8.9305 49.7946 -17.6099 8.9256 44.3498 -16.233 7.4837
3 16 45.5806 -14.4797 14.4169 49.7948 -17.6139 11.0777 44.3477 -16.2311 12.5529
3 16 47.6287 -13.234 15.7421 49.7948 -17.6139 11.0777 45.5806 -14.4797 14.4169
3 16 50 -12.7491 16.2572 49.7948 -17.6139 11.0777 47.6287 -13.234 15.7421
3 16 52.3713 -13.2365 15.7369 49.7948 -17.6139 11.0777 50 -12.7491 16.2572
3 16 55.65 -16.2184 12.5602 49.7948 -17.6139 11.0777 54.4194 -14.4895 14.4017
3 16 54.4194 -14.4895 14.4017 49.7948 -17.6139 11.0777 52.3713 -13.2365 15.7369
3 16 52.3708 -13.2262 4.2705 49.7946 -17.6099 8.9256 54.4195 -14.4788 5.5916
3 16 50 -12.7216 3.7433 49.7946 -17.6099 8.9256 52.3708 -13.2262 4.2705
3 16 45.5805 -14.4834 5.5872 49.7946 -17.6099 8.9256 47.6293 -13.2323 4.2648
3 16 44.3498 -16.233 7.4837 49.7946 -17.6099 8.9256 45.5805 -14.4834 5.5872
3 16 47.6287 0 15.7248 45.5806 0 14.4194 46.9131 0 17.4406
3 16 46.9131 0 17.4406 45.5806 0 14.4194 44.2517 0 15.742
3 16 49.9955 0 18.1252 50 0 16.25 46.9131 0 17.4406
3 16 46.9131 0 17.4406 50 0 16.25 47.6287 0 15.7248
3 16 52.3713 0 15.7248 50 0 16.25 53.0786 0 17.444
3 16 53.0786 0 17.444 50 0 16.25 49.9955 0 18.1252
3 16 55.742 0 15.7483 54.4194 0 14.4194 53.0786 0 17.444
3 16 53.0786 0 17.444 54.4194 0 14.4194 52.3713 0 15.7248
3 16 55.7249 0 7.6287 56.25 0 10 57.4454 0 6.9237
3 16 57.4454 0 6.9237 56.25 0 10 58.1252 0 10.0048
3 16 55.7484 0 4.2581 54.4194 0 5.5806 57.4454 0 6.9237
3 16 57.4454 0 6.9237 54.4194 0 5.5806 55.7249 0 7.6287
3 16 47.6292 0 4.2748 50 0 3.75 46.9131 0 2.5594
3 16 46.9131 0 2.5594 50 0 3.75 50.0046 0 1.8748
3 16 44.2752 0 12.3713 43.75 0 10 42.5559 0 13.0785
3 16 42.5559 0 13.0785 43.75 0 10 41.8748 0 9.9954
3 16 50.0046 0 1.8748 50 0 3.75 53.0869 0 2.5594
3 16 53.0869 0 2.5594 50 0 3.75 52.3708 0 4.2748
3 16 52.3708 0 4.2748 54.4194 0 5.5806 53.0869 0 2.5594
3 16 53.0869 0 2.5594 54.4194 0 5.5806 55.7484 0 4.2581
3 16 58.1252 0 10.0048 56.25 0 10 57.4407 0.0001 13.0867
3 16 57.4407 0.0001 13.0867 56.25 0 10 55.7249 0 12.3713
3 16 55.7249 0 12.3713 54.4194 0 14.4194 57.4407 0.0001 13.0867
3 16 57.4407 0.0001 13.0867 54.4194 0 14.4194 55.742 0 15.7483
3 16 44.2517 0 15.742 45.5806 0 14.4194 42.5559 0 13.0785
3 16 42.5559 0 13.0785 45.5806 0 14.4194 44.2752 0 12.3713
3 16 41.8748 0 9.9954 43.75 0 10 42.5594 0 6.9131
3 16 42.5594 0 6.9131 43.75 0 10 44.2752 0 7.6287
3 16 44.2752 0 7.6287 45.5806 0 5.5806 42.5594 0 6.9131
3 16 42.5594 0 6.9131 45.5806 0 5.5806 44.2516 0 4.2581
3 16 44.2516 0 4.2581 45.5806 0 5.5806 46.9131 0 2.5594
3 16 46.9131 0 2.5594 45.5806 0 5.5806 47.6292 0 4.2748
3 16 57.4463 -15.7578 6.9516 66.2501 -5.2885 -4.1367 55.7482 -13.2839 4.3237
3 16 53.0869 -11.6286 2.5621 66.2501 -5.2885 -4.1367 50.0047 -10.9278 1.8123
3 16 53.0786 -11.5878 17.4462 66.25 -5.2508 24.1012 55.7418 -13.2516 15.6797
3 16 49.9958 -10.8716 18.2127 66.25 -5.2508 24.1012 53.0786 -11.5878 17.4462
3 16 55.7418 -13.2516 15.6797 66.25 -5.2508 24.1012 57.4502 -15.7329 13.0524
3 16 55.7482 -13.2839 4.3237 66.2501 -5.2885 -4.1367 53.0869 -11.6286 2.5621
3 16 46.9131 0 17.4406 44.2517 0 15.742 46.9131 -11.6193 17.4322
3 16 46.9131 -11.6193 17.4322 44.2517 0 15.742 44.2515 -13.2688 15.6975
3 16 49.9955 0 18.1252 46.9131 0 17.4406 49.9958 -10.8716 18.2127
3 16 49.9958 -10.8716 18.2127 46.9131 0 17.4406 46.9131 -11.6193 17.4322
3 16 49.9955 0 18.1252 49.9958 -10.8716 18.2127 53.0786 0 17.444
3 16 53.0786 0 17.444 49.9958 -10.8716 18.2127 53.0786 -11.5878 17.4462
3 16 53.0786 0 17.444 53.0786 -11.5878 17.4462 55.742 0 15.7483
3 16 55.742 0 15.7483 53.0786 -11.5878 17.4462 55.7418 -13.2516 15.6797
3 16 55.742 0 15.7483 55.7418 -13.2516 15.6797 57.4407 0.0001 13.0867
3 16 57.4407 0.0001 13.0867 55.7418 -13.2516 15.6797 57.4502 -15.7329 13.0524
3 16 57.4407 0.0001 13.0867 57.4502 -15.7329 13.0524 58.1252 0 10.0048
3 16 58.1252 0 10.0048 57.4502 -15.7329 13.0524 58.0595 -17.6474 11.0275
3 16 58.1252 0 10.0048 58.0595 -17.6474 11.0275 58.1252 -17.7 10.0048
3 16 58.1252 0 10.0048 58.1252 -17.7 10.0048 58.0269 -17.6605 8.9713
3 16 57.4454 0 6.9237 58.1252 0 10.0048 57.4463 -15.7578 6.9516
3 16 57.4463 -15.7578 6.9516 58.1252 0 10.0048 58.0269 -17.6605 8.9713
3 16 55.7484 0 4.2581 57.4454 0 6.9237 55.7482 -13.2839 4.3237
3 16 55.7482 -13.2839 4.3237 57.4454 0 6.9237 57.4463 -15.7578 6.9516
3 16 53.0869 0 2.5594 55.7484 0 4.2581 53.0869 -11.6286 2.5621
3 16 53.0869 -11.6286 2.5621 55.7484 0 4.2581 55.7482 -13.2839 4.3237
3 16 50.0046 0 1.8748 53.0869 0 2.5594 50.0047 -10.9278 1.8123
3 16 50.0047 -10.9278 1.8123 53.0869 0 2.5594 53.0869 -11.6286 2.5621
3 16 50.0046 0 1.8748 50.0047 -10.9278 1.8123 46.9131 0 2.5594
3 16 46.9131 0 2.5594 50.0047 -10.9278 1.8123 46.9131 -11.6491 2.5427
3 16 46.9131 0 2.5594 46.9131 -11.6491 2.5427 44.2516 0 4.2581
3 16 44.2516 0 4.2581 46.9131 -11.6491 2.5427 44.2517 -13.3045 4.3043
3 16 44.2516 0 4.2581 44.2517 -13.3045 4.3043 42.5594 0 6.9131
3 16 42.5594 0 6.9131 44.2517 -13.3045 4.3043 42.5584 -15.7554 6.9184
3 16 42.5594 0 6.9131 42.5584 -15.7554 6.9184 41.8748 0 9.9954
3 16 41.8748 0 9.9954 42.5584 -15.7554 6.9184 41.9733 -17.675 8.9537
3 16 41.8748 0 9.9954 41.9733 -17.675 8.9537 41.8748 -17.7 9.9954
3 16 41.8748 0 9.9954 41.8748 -17.7 9.9954 41.9852 -17.664 11.0602
3 16 42.5559 0 13.0785 41.8748 0 9.9954 42.5575 -15.7429 13.0884
3 16 42.5575 -15.7429 13.0884 41.8748 0 9.9954 41.9852 -17.664 11.0602
3 16 44.2517 0 15.742 42.5559 0 13.0785 44.2515 -13.2688 15.6975
3 16 44.2515 -13.2688 15.6975 42.5559 0 13.0785 42.5575 -15.7429 13.0884
3 16 42.5584 -15.7554 6.9184 40 -15.7689 6.9275 41.9733 -17.675 8.9537
3 16 41.9733 -17.675 8.9537 40 -15.7689 6.9275 40 -17.6777 8.9525
3 16 41.9733 -17.675 8.9537 40 -17.6777 8.9525 41.8748 -17.7 9.9954
3 16 41.8748 -17.7 9.9954 40 -17.6777 8.9525 40 -17.7 9.9965
3 16 40 -17.7 9.9965 39.9999 -17.6734 11.0565 41.8748 -17.7 9.9954
3 16 41.8748 -17.7 9.9954 39.9999 -17.6734 11.0565 41.9852 -17.664 11.0602
3 16 39.9999 -17.6734 11.0565 40 -15.7584 13.0801 41.9852 -17.664 11.0602
3 16 41.9852 -17.664 11.0602 40 -15.7584 13.0801 42.5575 -15.7429 13.0884
3 16 42.5575 -15.7429 13.0884 40 -15.7584 13.0801 44.2515 -13.2688 15.6975
3 16 44.2515 -13.2688 15.6975 40 -15.7584 13.0801 40.0001 -5.2918 24.14
3 16 44.2515 -13.2688 15.6975 40.0001 -5.2918 24.14 46.9131 -11.6193 17.4322
3 16 36.2432 -17.6129 10 30 -17.6129 10 36.1551 -17.6157 11.0878
3 16 36.1551 -17.6157 11.0878 30 -17.6129 10 30 -17.6095 11.0736
3 16 30 -17.604 8.931 30 -17.6129 10 36.1579 -17.6228 8.9218
3 16 36.1579 -17.6228 8.9218 30 -17.6129 10 36.2432 -17.6129 10
3 16 34.4195 -14.4834 5.5872 30 -17.604 8.931 35.6601 -16.2908 7.5059
3 16 36.1551 -17.6157 11.0878 30 -17.6095 11.0736 35.65 -16.2251 12.5665
3 16 30 -17.604 8.931 36.1579 -17.6228 8.9218 35.6601 -16.2908 7.5059
3 16 32.3713 -13.2366 15.737 30 -17.6095 11.0736 30 -12.7446 16.2529
3 16 35.65 -16.2251 12.5665 30 -17.6095 11.0736 34.4195 -14.4937 14.4056
3 16 34.4195 -14.4937 14.4056 30 -17.6095 11.0736 32.3713 -13.2366 15.737
3 16 32.3707 -13.2323 4.2648 30 -17.604 8.931 34.4195 -14.4834 5.5872
3 16 30 -17.604 8.931 32.3707 -13.2323 4.2648 30 -12.7271 3.7381
3 16 32.3713 0 15.7248 30 0 16.25 33.0786 0 17.444
3 16 33.0786 0 17.444 30 0 16.25 30 0 18.1252
3 16 35.742 0 15.7483 34.4194 0 14.4194 33.0786 0 17.444
3 16 33.0786 0 17.444 34.4194 0 14.4194 32.3713 0 15.7248
3 16 35.7249 0 7.6287 36.25 0 10 37.4454 0 6.9237
3 16 37.4454 0 6.9237 36.25 0 10 38.1252 0 10.0048
3 16 35.7484 0 4.2581 34.4194 0 5.5806 37.4454 0 6.9237
3 16 37.4454 0 6.9237 34.4194 0 5.5806 35.7249 0 7.6287
3 16 32.3708 0 4.2748 33.0869 0 2.5594 30 0 3.75
3 16 30 0 3.75 33.0869 0 2.5594 30 0 1.8748
3 16 32.3708 0 4.2748 34.4194 0 5.5806 33.0869 0 2.5594
3 16 33.0869 0 2.5594 34.4194 0 5.5806 35.7484 0 4.2581
3 16 38.1252 0 10.0048 36.25 0 10 37.4407 0.0001 13.0867
3 16 37.4407 0.0001 13.0867 36.25 0 10 35.7249 0 12.3713
3 16 35.7249 0 12.3713 34.4194 0 14.4194 37.4407 0.0001 13.0867
3 16 37.4407 0.0001 13.0867 34.4194 0 14.4194 35.742 0 15.7483
3 16 40 -15.7689 6.9275 42.5584 -15.7554 6.9184 40.0001 -5.3155 -4.1621
3 16 44.2517 -13.3045 4.3043 40.0001 -5.3155 -4.1621 42.5584 -15.7554 6.9184
3 16 33.0869 -11.6491 2.5427 40.0001 -5.3155 -4.1621 30 -10.9483 1.793
3 16 30 -10.9483 1.793 40.0001 -5.3155 -4.1621 19.9999 -5.3155 -4.1621
3 16 30 -5.25 -6.25 19.9999 -5.3155 -4.1621 40.0001 -5.3155 -4.1621
3 16 40 -5.25 26.25 20 -5.25 26.25 30 0 26.25
3 16 20 -5.25 26.25 40 -5.25 26.25 19.9999 -5.2918 24.14
3 16 19.9999 -5.2918 24.14 40 -5.25 26.25 40.0001 -5.2918 24.14
3 16 19.9999 -5.2918 24.14 40.0001 -5.2918 24.14 30 -10.9028 18.2422
3 16 30 -10.9028 18.2422 40.0001 -5.2918 24.14 33.0787 -11.619 17.4758
3 16 40.0001 -5.2918 24.14 35.7419 -13.2828 15.7093 33.0787 -11.619 17.4758
3 16 40.0001 -5.2918 24.14 40 -15.7584 13.0801 35.7419 -13.2828 15.7093
3 16 35.7419 -13.2828 15.7093 40 -15.7584 13.0801 37.4503 -15.7642 13.082
3 16 37.4503 -15.7642 13.082 40 -15.7584 13.0801 38.0596 -17.6786 11.0571
3 16 38.0596 -17.6786 11.0571 40 -15.7584 13.0801 39.9999 -17.6734 11.0565
3 16 40 -17.7 9.9965 38.1252 -17.7 10.0048 39.9999 -17.6734 11.0565
3 16 39.9999 -17.6734 11.0565 38.1252 -17.7 10.0048 38.0596 -17.6786 11.0571
3 16 40 -17.7 9.9965 40 -17.6777 8.9525 38.1252 -17.7 10.0048
3 16 38.1252 -17.7 10.0048 40 -17.6777 8.9525 38.027 -17.6811 8.952
3 16 40 -17.6777 8.9525 40 -15.7689 6.9275 38.027 -17.6811 8.952
3 16 38.027 -17.6811 8.952 40 -15.7689 6.9275 37.4463 -15.7783 6.9322
3 16 37.4463 -15.7783 6.9322 40 -15.7689 6.9275 35.7483 -13.3045 4.3043
3 16 35.7483 -13.3045 4.3043 40 -15.7689 6.9275 40.0001 -5.3155 -4.1621
3 16 35.7483 -13.3045 4.3043 40.0001 -5.3155 -4.1621 33.0869 -11.6491 2.5427
3 16 46.9131 -11.6491 2.5427 40.0001 -5.3155 -4.1621 44.2517 -13.3045 4.3043
3 16 30 0 18.1252 30 -10.9028 18.2422 33.0786 0 17.444
3 16 33.0786 0 17.444 30 -10.9028 18.2422 33.0787 -11.619 17.4758
3 16 33.0786 0 17.444 33.0787 -11.619 17.4758 35.742 0 15.7483
3 16 35.742 0 15.7483 33.0787 -11.619 17.4758 35.7419 -13.2828 15.7093
3 16 35.742 0 15.7483 35.7419 -13.2828 15.7093 37.4407 0.0001 13.0867
3 16 37.4407 0.0001 13.0867 35.7419 -13.2828 15.7093 37.4503 -15.7642 13.082
3 16 37.4407 0.0001 13.0867 37.4503 -15.7642 13.082 38.1252 0 10.0048
3 16 38.1252 0 10.0048 37.4503 -15.7642 13.082 38.0596 -17.6786 11.0571
3 16 38.1252 0 10.0048 38.0596 -17.6786 11.0571 38.1252 -17.7 10.0048
3 16 38.1252 0 10.0048 38.1252 -17.7 10.0048 38.027 -17.6811 8.952
3 16 37.4454 0 6.9237 38.1252 0 10.0048 37.4463 -15.7783 6.9322
3 16 37.4463 -15.7783 6.9322 38.1252 0 10.0048 38.027 -17.6811 8.952
3 16 35.7484 0 4.2581 37.4454 0 6.9237 35.7483 -13.3045 4.3043
3 16 35.7483 -13.3045 4.3043 37.4454 0 6.9237 37.4463 -15.7783 6.9322
3 16 33.0869 0 2.5594 35.7484 0 4.2581 33.0869 -11.6491 2.5427
3 16 33.0869 -11.6491 2.5427 35.7484 0 4.2581 35.7483 -13.3045 4.3043
3 16 30 0 1.8748 33.0869 0 2.5594 30 -10.9483 1.793
3 16 30 -10.9483 1.793 33.0869 0 2.5594 33.0869 -11.6491 2.5427
3 16 45.5806 -14.4797 14.4169 45.5806 0 14.4194 47.6287 -13.234 15.7421
3 16 47.6287 -13.234 15.7421 45.5806 0 14.4194 47.6287 0 15.7248
3 16 47.6287 -13.234 15.7421 47.6287 0 15.7248 50 -12.7491 16.2572
3 16 50 -12.7491 16.2572 47.6287 0 15.7248 50 0 16.25
3 16 52.3713 -13.2365 15.7369 50 -12.7491 16.2572 52.3713 0 15.7248
3 16 52.3713 0 15.7248 50 -12.7491 16.2572 50 0 16.25
3 16 54.4194 -14.4895 14.4017 52.3713 -13.2365 15.7369 54.4194 0 14.4194
3 16 54.4194 0 14.4194 52.3713 -13.2365 15.7369 52.3713 0 15.7248
3 16 55.65 -16.2184 12.5602 54.4194 -14.4895 14.4017 55.7249 0 12.3713
3 16 55.7249 0 12.3713 54.4194 -14.4895 14.4017 54.4194 0 14.4194
3 16 56.1551 -17.6079 11.0805 55.65 -16.2184 12.5602 56.25 0 10
3 16 56.25 0 10 55.65 -16.2184 12.5602 55.7249 0 12.3713
3 16 56.2432 -17.6129 10 56.1551 -17.6079 11.0805 56.25 0 10
3 16 56.1579 -17.6244 8.9203 56.2432 -17.6129 10 56.25 0 10
3 16 56.1579 -17.6244 8.9203 56.25 0 10 55.6601 -16.2896 7.507
3 16 55.6601 -16.2896 7.507 56.25 0 10 55.7249 0 7.6287
3 16 55.6601 -16.2896 7.507 55.7249 0 7.6287 54.4195 -14.4788 5.5916
3 16 54.4195 -14.4788 5.5916 55.7249 0 7.6287 54.4194 0 5.5806
3 16 54.4195 -14.4788 5.5916 54.4194 0 5.5806 52.3708 -13.2262 4.2705
3 16 52.3708 -13.2262 4.2705 54.4194 0 5.5806 52.3708 0 4.2748
3 16 52.3708 -13.2262 4.2705 52.3708 0 4.2748 50 -12.7216 3.7433
3 16 50 -12.7216 3.7433 52.3708 0 4.2748 50 0 3.75
3 16 47.6293 -13.2323 4.2648 50 -12.7216 3.7433 47.6292 0 4.2748
3 16 47.6292 0 4.2748 50 -12.7216 3.7433 50 0 3.75
3 16 45.5805 -14.4834 5.5872 47.6293 -13.2323 4.2648 45.5806 0 5.5806
3 16 45.5806 0 5.5806 47.6293 -13.2323 4.2648 47.6292 0 4.2748
3 16 44.3498 -16.233 7.4837 45.5805 -14.4834 5.5872 44.2752 0 7.6287
3 16 44.2752 0 7.6287 45.5805 -14.4834 5.5872 45.5806 0 5.5806
3 16 43.845 -17.5963 8.9305 44.3498 -16.233 7.4837 43.75 0 10
3 16 43.75 0 10 44.3498 -16.233 7.4837 44.2752 0 7.6287
3 16 43.75 -17.6129 10 43.845 -17.5963 8.9305 43.75 0 10
3 16 43.8421 -17.6194 11.075 43.75 -17.6129 10 43.75 0 10
3 16 43.8421 -17.6194 11.075 43.75 0 10 44.3477 -16.2311 12.5529
3 16 44.3477 -16.2311 12.5529 43.75 0 10 44.2752 0 12.3713
3 16 45.5806 0 14.4194 45.5806 -14.4797 14.4169 44.2752 0 12.3713
3 16 44.2752 0 12.3713 45.5806 -14.4797 14.4169 44.3477 -16.2311 12.5529
3 16 30 0 3.75 30 -12.7271 3.7381 32.3708 0 4.2748
3 16 32.3708 0 4.2748 30 -12.7271 3.7381 32.3707 -13.2323 4.2648
3 16 32.3708 0 4.2748 32.3707 -13.2323 4.2648 34.4194 0 5.5806
3 16 34.4194 0 5.5806 32.3707 -13.2323 4.2648 34.4195 -14.4834 5.5872
3 16 34.4194 0 5.5806 34.4195 -14.4834 5.5872 35.7249 0 7.6287
3 16 35.7249 0 7.6287 34.4195 -14.4834 5.5872 35.6601 -16.2908 7.5059
3 16 35.7249 0 7.6287 35.6601 -16.2908 7.5059 36.25 0 10
3 16 36.25 0 10 35.6601 -16.2908 7.5059 36.1579 -17.6228 8.9218
3 16 36.25 0 10 36.1579 -17.6228 8.9218 36.2432 -17.6129 10
3 16 36.25 0 10 36.2432 -17.6129 10 36.1551 -17.6157 11.0878
3 16 35.7249 0 12.3713 36.25 0 10 35.65 -16.2251 12.5665
3 16 35.65 -16.2251 12.5665 36.25 0 10 36.1551 -17.6157 11.0878
3 16 34.4194 0 14.4194 35.7249 0 12.3713 34.4195 -14.4937 14.4056
3 16 34.4195 -14.4937 14.4056 35.7249 0 12.3713 35.65 -16.2251 12.5665
3 16 32.3713 0 15.7248 34.4194 0 14.4194 32.3713 -13.2366 15.737
3 16 32.3713 -13.2366 15.737 34.4194 0 14.4194 34.4195 -14.4937 14.4056
3 16 30 0 16.25 32.3713 0 15.7248 30 -12.7446 16.2529
3 16 30 -12.7446 16.2529 32.3713 0 15.7248 32.3713 -13.2366 15.737
3 16 66.2501 -5.2885 -4.1367 40.0001 -5.3155 -4.1621 50.0047 -10.9278 1.8123
3 16 50.0047 -10.9278 1.8123 40.0001 -5.3155 -4.1621 46.9131 -11.6491 2.5427
3 16 66.25 -5.25 26.25 40 -5.25 26.25 66.25 0 26.25
3 16 66.25 0 26.25 40 -5.25 26.25 30 0 26.25
3 16 66.25 -5.25 -6.25 66.2501 -5.2885 -4.1367 66.25 0 -6.25
3 16 66.2501 -5.2885 -4.1367 66.25 0 10 66.25 0 -6.25
3 16 30 -5.25 -6.25 66.25 -5.25 -6.25 30 0 -6.25
3 16 30 0 -6.25 66.25 -5.25 -6.25 66.25 0 -6.25
3 16 30 0 -6.25 66.25 0 -6.25 30 0 -10
3 16 30 0 -10 66.25 0 -6.25 70 0 -10
3 16 70 0 30 70 0 10 66.25 0 26.25
3 16 66.25 0 26.25 70 0 10 66.25 0 10
3 16 30 0 26.25 30 0 30 66.25 0 26.25
3 16 66.25 0 26.25 30 0 30 70 0 30
3 16 30 -4.8 -10 30 0 -10 70 -4.8 -10
3 16 70 -4.8 -10 30 0 -10 70 0 -10
3 16 70 -22.95 10 70 -22.766 9.0705 70 0 10
3 16 70 -22.766 10.9293 70 -22.95 10 70 0 10
3 16 70 -22.2576 8.273 30 -22.2576 8.273 70 -4.8 -10
3 16 70 -4.8 -10 30 -22.2576 8.273 30 -4.8 -10
3 16 30 -22.766 9.0707 30 -22.2576 8.273 70 -22.766 9.0705
3 16 70 -22.766 9.0705 30 -22.2576 8.273 70 -22.2576 8.273
3 16 30 -22.95 10 30 -22.766 9.0707 70 -22.95 10
3 16 70 -22.95 10 30 -22.766 9.0707 70 -22.766 9.0705
3 16 30 -22.766 10.9293 30 -22.95 10 70 -22.766 10.9293
3 16 70 -22.766 10.9293 30 -22.95 10 70 -22.95 10
3 16 30 -22.2576 11.727 30 -22.766 10.9293 70 -22.2576 11.727
3 16 70 -22.2576 11.727 30 -22.766 10.9293 70 -22.766 10.9293
3 16 30 -22.2576 11.727 70 -22.2576 11.727 30 -4.8 30
3 16 30 -4.8 30 70 -22.2576 11.727 70 -4.8 30
3 16 30 0 30 30 -4.8 30 70 0 30
3 16 70 0 30 30 -4.8 30 70 -4.8 30
3 16 70 -22.2576 8.273 70 -4.8 -10 70 0 10
3 16 70 0 10 70 -4.8 -10 70 0 -10
3 16 70 -22.2576 11.727 70 0 10 70 -4.8 30
3 16 70 -4.8 30 70 0 10 70 0 30
3 16 70 0 10 70 -22.2576 11.727 70 -22.766 10.9293
3 16 70 -22.2576 8.273 70 0 10 70 -22.766 9.0705
3 16 -6.25 -17.7 10.0318 -6.25 0 10 -6.2498 -17.6388 11.011
3 16 -6.25 0 10 -6.25 -5.2508 24.1012 -6.2498 -17.6388 11.011
3 16 30 -22.2576 11.727 30 -4.8 30 -10 -22.2576 11.727
3 16 -10 -22.2576 11.727 30 -4.8 30 -10 -4.8 30
3 16 -10 -22.766 10.9293 -10 -22.95 10 30 -22.766 10.9293
3 16 30 -22.766 10.9293 -10 -22.95 10 30 -22.95 10
3 16 -10 0 -9.9693 -10 -4.8 -10 -10 0 10
3 16 -10 0 10 -10 -4.8 -10 -10 -22.2576 8.273
3 16 -10 -4.8 -10 -10 0 -9.9693 30 -4.8 -10
3 16 30 -4.8 -10 -10 0 -9.9693 30 0 -10
3 16 -10 0 10 -10 -22.95 10 -10 -22.766 10.9293
3 16 -10 0 30 -10 -4.8 30 30 0 30
3 16 30 0 30 -10 -4.8 30 30 -4.8 30
3 16 -10 0 10 -10 -22.766 9.0705 -10 -22.95 10
3 16 -10 -22.2576 11.727 -10 -4.8 30 -10 0 10
3 16 -10 0 10 -10 -4.8 30 -10 0 30
3 16 -10 -4.8 -10 30 -4.8 -10 -10 -22.2576 8.273
3 16 -10 -22.2576 8.273 30 -4.8 -10 30 -22.2576 8.273
3 16 -10 -22.766 9.0705 -10 -22.2576 8.273 30 -22.766 9.0707
3 16 30 -22.766 9.0707 -10 -22.2576 8.273 30 -22.2576 8.273
3 16 -10 -22.2576 11.727 -10 -22.766 10.9293 30 -22.2576 11.727
3 16 30 -22.2576 11.727 -10 -22.766 10.9293 30 -22.766 10.9293
3 16 -10 -22.95 10 -10 -22.766 9.0705 30 -22.95 10
3 16 30 -22.95 10 -10 -22.766 9.0705 30 -22.766 9.0707
3 16 -10 0 30 30 0 30 -6.25 0 26.25
3 16 -6.25 0 26.25 30 0 30 30 0 26.25
3 16 30 0 -6.25 -6.25 0 -6.25 30 -5.25 -6.25
3 16 30 -5.25 -6.25 -6.25 0 -6.25 -6.25 -5.25 -6.25
3 16 -10 0 -9.9693 -10 0 10 -6.25 0 -6.25
3 16 -6.25 0 -6.25 -10 0 10 -6.25 0 10
3 16 30 -5.25 -6.25 -6.25 -5.25 -6.25 19.9999 -5.3155 -4.1621
3 16 19.9999 -5.3155 -4.1621 -6.25 -5.25 -6.25 -6.2501 -5.2885 -4.1367
3 16 30 0 26.25 20 -5.25 26.25 -6.25 0 26.25
3 16 -6.25 0 26.25 20 -5.25 26.25 -6.25 -5.25 26.25
3 16 -6.25 -5.25 26.25 -6.25 -5.2508 24.1012 -6.25 0 26.25
3 16 -6.25 0 10 -6.25 0 26.25 -6.25 -5.2508 24.1012
3 16 -6.25 -5.25 26.25 20 -5.25 26.25 -6.25 -5.2508 24.1012
3 16 -6.25 -5.2508 24.1012 20 -5.25 26.25 19.9999 -5.2918 24.14
3 16 -6.25 -5.25 -6.25 -6.25 0 -6.25 -6.2501 -5.2885 -4.1367
3 16 -6.25 0 -6.25 -6.25 0 10 -6.2501 -5.2885 -4.1367
3 16 -6.25 -17.7 10.0318 -6.2499 -17.6506 8.9777 -6.25 0 10
3 16 -6.25 0 10 -6.2499 -17.6506 8.9777 -6.2501 -5.2885 -4.1367
3 16 12.3713 -13.234 15.7421 14.4194 -14.4797 14.4169 10.2052 -17.6139 11.0777
3 16 7.6287 -13.2365 15.7369 10 -12.7491 16.2572 10.2052 -17.6139 11.0777
3 16 10 -12.7491 16.2572 12.3713 -13.234 15.7421 10.2052 -17.6139 11.0777
3 16 5.5805 -14.4937 14.4056 7.6287 -13.2365 15.7369 10.2052 -17.6139 11.0777
3 16 3.7568 -17.6129 10 10.2053 -17.6129 10 3.8421 -17.6244 8.9203
3 16 3.8421 -17.6244 8.9203 10.2053 -17.6129 10 10.2054 -17.6099 8.9256
3 16 3.7568 -17.6129 10 3.8449 -17.6079 11.0805 10.2053 -17.6129 10
3 16 10.2053 -17.6129 10 3.8449 -17.6079 11.0805 10.2052 -17.6139 11.0777
3 16 5.5805 -14.4788 5.5916 4.3399 -16.2896 7.507 10.2054 -17.6099 8.9256
3 16 7.6292 -13.2262 4.2705 5.5805 -14.4788 5.5916 10.2054 -17.6099 8.9256
3 16 12.3713 -13.2072 4.2657 10 -12.7216 3.7433 10.2054 -17.6099 8.9256
3 16 10 -12.7216 3.7433 7.6292 -13.2262 4.2705 10.2054 -17.6099 8.9256
3 16 14.4193 -14.4746 5.6158 12.3713 -13.2072 4.2657 10.2054 -17.6099 8.9256
3 16 15.6502 -16.233 7.4837 14.4193 -14.4746 5.6158 10.2054 -17.6099 8.9256
3 16 16.25 -17.6129 10 10.2053 -17.6129 10 16.1579 -17.6194 11.075
3 16 16.1579 -17.6194 11.075 10.2053 -17.6129 10 10.2052 -17.6139 11.0777
3 16 16.25 -17.6129 10 16.155 -17.5963 8.9305 10.2053 -17.6129 10
3 16 10.2053 -17.6129 10 16.155 -17.5963 8.9305 10.2054 -17.6099 8.9256
3 16 14.4194 -14.4797 14.4169 15.6523 -16.2311 12.5529 10.2052 -17.6139 11.0777
3 16 4.3399 -16.2896 7.507 3.8421 -17.6244 8.9203 10.2054 -17.6099 8.9256
3 16 3.8449 -17.6079 11.0805 4.35 -16.2251 12.5665 10.2052 -17.6139 11.0777
3 16 15.6523 -16.2311 12.5529 16.1579 -17.6194 11.075 10.2052 -17.6139 11.0777
3 16 16.155 -17.5963 8.9305 15.6502 -16.233 7.4837 10.2054 -17.6099 8.9256
3 16 15.7483 0 15.742 17.4441 0 13.0785 14.4194 0 14.4194
3 16 14.4194 0 14.4194 17.4441 0 13.0785 15.7248 0 12.3713
3 16 1.8748 0 10.0048 2.5593 0.0001 13.0867 3.75 0 10
3 16 3.75 0 10 2.5593 0.0001 13.0867 4.2752 0 12.3713
3 16 18.1252 0 9.9954 17.4406 0 6.9131 16.25 0 10
3 16 16.25 0 10 17.4406 0 6.9131 15.7248 0 7.6287
3 16 14.4194 0 14.4194 15.7248 0 12.3713 14.4194 -14.4797 14.4169
3 16 14.4194 -14.4797 14.4169 15.7248 0 12.3713 15.6523 -16.2311 12.5529
3 16 12.3713 0 15.7248 14.4194 0 14.4194 12.3713 -13.234 15.7421
3 16 12.3713 -13.234 15.7421 14.4194 0 14.4194 14.4194 -14.4797 14.4169
3 16 10 0 16.25 12.3713 0 15.7248 10 -12.7491 16.2572
3 16 10 -12.7491 16.2572 12.3713 0 15.7248 12.3713 -13.234 15.7421
3 16 10 0 16.25 10 -12.7491 16.2572 7.6287 0 15.7248
3 16 7.6287 0 15.7248 10 -12.7491 16.2572 7.6287 -13.2365 15.7369
3 16 7.6287 0 15.7248 7.6287 -13.2365 15.7369 5.5806 0 14.4194
3 16 5.5806 0 14.4194 7.6287 -13.2365 15.7369 5.5805 -14.4937 14.4056
3 16 5.5806 0 14.4194 5.5805 -14.4937 14.4056 4.2752 0 12.3713
3 16 4.2752 0 12.3713 5.5805 -14.4937 14.4056 4.35 -16.2251 12.5665
3 16 4.2752 0 12.3713 4.35 -16.2251 12.5665 3.75 0 10
3 16 3.75 0 10 4.35 -16.2251 12.5665 3.8449 -17.6079 11.0805
3 16 3.75 0 10 3.7568 -17.6129 10 3.8421 -17.6244 8.9203
3 16 4.2752 0 7.6287 3.75 0 10 4.3399 -16.2896 7.507
3 16 4.3399 -16.2896 7.507 3.75 0 10 3.8421 -17.6244 8.9203
3 16 5.5806 0 5.5806 4.2752 0 7.6287 5.5805 -14.4788 5.5916
3 16 5.5805 -14.4788 5.5916 4.2752 0 7.6287 4.3399 -16.2896 7.507
3 16 7.6292 0 4.2748 5.5806 0 5.5806 7.6292 -13.2262 4.2705
3 16 7.6292 -13.2262 4.2705 5.5806 0 5.5806 5.5805 -14.4788 5.5916
3 16 10 0 3.75 7.6292 0 4.2748 10 -12.7216 3.7433
3 16 10 -12.7216 3.7433 7.6292 0 4.2748 7.6292 -13.2262 4.2705
3 16 10 0 3.75 10 -12.7216 3.7433 12.3713 0 4.2752
3 16 12.3713 0 4.2752 10 -12.7216 3.7433 12.3713 -13.2072 4.2657
3 16 12.3713 0 4.2752 12.3713 -13.2072 4.2657 14.4194 0 5.5806
3 16 14.4194 0 5.5806 12.3713 -13.2072 4.2657 14.4193 -14.4746 5.6158
3 16 14.4194 0 5.5806 14.4193 -14.4746 5.6158 15.7248 0 7.6287
3 16 15.7248 0 7.6287 14.4193 -14.4746 5.6158 15.6502 -16.233 7.4837
3 16 15.7483 0 15.742 14.4194 0 14.4194 13.0869 0 17.4406
3 16 13.0869 0 17.4406 14.4194 0 14.4194 12.3713 0 15.7248
3 16 10.0045 0 18.1252 13.0869 0 17.4406 10 0 16.25
3 16 10 0 16.25 13.0869 0 17.4406 12.3713 0 15.7248
3 16 10.0045 0 18.1252 10 0 16.25 6.9214 0 17.444
3 16 6.9214 0 17.444 10 0 16.25 7.6287 0 15.7248
3 16 4.258 0 15.7483 6.9214 0 17.444 5.5806 0 14.4194
3 16 5.5806 0 14.4194 6.9214 0 17.444 7.6287 0 15.7248
3 16 4.258 0 15.7483 5.5806 0 14.4194 2.5593 0.0001 13.0867
3 16 2.5593 0.0001 13.0867 5.5806 0 14.4194 4.2752 0 12.3713
3 16 4.2516 0 4.2581 2.5546 0 6.9237 5.5806 0 5.5806
3 16 5.5806 0 5.5806 2.5546 0 6.9237 4.2752 0 7.6287
3 16 4.2516 0 4.2581 5.5806 0 5.5806 6.9131 0 2.5594
3 16 6.9131 0 2.5594 5.5806 0 5.5806 7.6292 0 4.2748
3 16 9.9954 0 1.8748 6.9131 0 2.5594 10 0 3.75
3 16 10 0 3.75 6.9131 0 2.5594 7.6292 0 4.2748
3 16 9.9954 0 1.8748 10 0 3.75 13.0827 0 2.5577
3 16 13.0827 0 2.5577 10 0 3.75 12.3713 0 4.2752
3 16 15.7421 0 4.2516 13.0827 0 2.5577 14.4194 0 5.5806
3 16 14.4194 0 5.5806 13.0827 0 2.5577 12.3713 0 4.2752
3 16 16.25 0 10 16.25 -17.6129 10 16.1579 -17.6194 11.075
3 16 15.7248 0 12.3713 16.25 0 10 15.6523 -16.2311 12.5529
3 16 15.6523 -16.2311 12.5529 16.25 0 10 16.1579 -17.6194 11.075
3 16 15.7248 0 7.6287 15.6502 -16.233 7.4837 16.25 0 10
3 16 16.25 0 10 15.6502 -16.233 7.4837 16.155 -17.5963 8.9305
3 16 15.7421 0 4.2516 14.4194 0 5.5806 17.4406 0 6.9131
3 16 17.4406 0 6.9131 14.4194 0 5.5806 15.7248 0 7.6287
3 16 1.8748 0 10.0048 3.75 0 10 2.5546 0 6.9237
3 16 2.5546 0 6.9237 3.75 0 10 4.2752 0 7.6287
3 16 3.75 0 10 3.8449 -17.6079 11.0805 3.7568 -17.6129 10
3 16 18.1252 0 9.9954 16.25 0 10 17.4441 0 13.0785
3 16 17.4441 0 13.0785 16.25 0 10 15.7248 0 12.3713
3 16 16.25 0 10 16.155 -17.5963 8.9305 16.25 -17.6129 10
3 16 15.7485 -13.2688 15.6975 15.7483 0 15.742 13.0869 -11.6193 17.4322
3 16 13.0869 -11.6193 17.4322 15.7483 0 15.742 13.0869 0 17.4406
3 16 15.7485 -13.2688 15.6975 13.0869 -11.6193 17.4322 19.9999 -5.2918 24.14
3 16 13.0869 -11.6193 17.4322 13.0869 0 17.4406 10.0043 -10.8716 18.2127
3 16 10.0043 -10.8716 18.2127 13.0869 0 17.4406 10.0045 0 18.1252
3 16 2.5537 -15.7578 6.9516 -6.2501 -5.2885 -4.1367 -6.2499 -17.6506 8.9777
3 16 4.2518 -13.2839 4.3237 6.9131 -11.6286 2.5621 -6.2501 -5.2885 -4.1367
3 16 4.2518 -13.2839 4.3237 4.2516 0 4.2581 6.9131 -11.6286 2.5621
3 16 6.9131 -11.6286 2.5621 4.2516 0 4.2581 6.9131 0 2.5594
3 16 6.9131 -11.6286 2.5621 9.9953 -10.9278 1.8123 -6.2501 -5.2885 -4.1367
3 16 6.9131 -11.6286 2.5621 6.9131 0 2.5594 9.9953 -10.9278 1.8123
3 16 9.9953 -10.9278 1.8123 6.9131 0 2.5594 9.9954 0 1.8748
3 16 17.4416 -15.7554 6.9184 15.7422 -13.2822 4.2982 17.4406 0 6.9131
3 16 17.4406 0 6.9131 15.7422 -13.2822 4.2982 15.7421 0 4.2516
3 16 18.0267 -17.675 8.9537 17.4416 -15.7554 6.9184 18.1252 0 9.9954
3 16 18.1252 0 9.9954 17.4416 -15.7554 6.9184 17.4406 0 6.9131
3 16 1.9405 -17.6474 11.0275 2.5497 -15.7642 13.082 1.8748 0 10.0048
3 16 1.8748 0 10.0048 2.5497 -15.7642 13.082 2.5593 0.0001 13.0867
3 16 10.0043 -10.8716 18.2127 6.9214 -11.5878 17.4462 -6.25 -5.2508 24.1012
3 16 6.9214 -11.5878 17.4462 10.0043 -10.8716 18.2127 6.9214 0 17.444
3 16 6.9214 0 17.444 10.0043 -10.8716 18.2127 10.0045 0 18.1252
3 16 6.9214 -11.5878 17.4462 4.2582 -13.2828 15.7093 -6.25 -5.2508 24.1012
3 16 4.2582 -13.2828 15.7093 6.9214 -11.5878 17.4462 4.258 0 15.7483
3 16 4.258 0 15.7483 6.9214 -11.5878 17.4462 6.9214 0 17.444
3 16 2.5537 -15.7578 6.9516 4.2518 -13.2839 4.3237 -6.2501 -5.2885 -4.1367
3 16 2.5537 -15.7578 6.9516 2.5546 0 6.9237 4.2518 -13.2839 4.3237
3 16 4.2518 -13.2839 4.3237 2.5546 0 6.9237 4.2516 0 4.2581
3 16 13.0827 -11.6332 2.5544 9.9953 -10.9278 1.8123 13.0827 0 2.5577
3 16 13.0827 0 2.5577 9.9953 -10.9278 1.8123 9.9954 0 1.8748
3 16 13.0827 -11.6332 2.5544 15.7422 -13.2822 4.2982 19.9999 -5.3155 -4.1621
3 16 15.7422 -13.2822 4.2982 13.0827 -11.6332 2.5544 15.7421 0 4.2516
3 16 15.7421 0 4.2516 13.0827 -11.6332 2.5544 13.0827 0 2.5577
3 16 17.4426 -15.7429 13.0884 15.7485 -13.2688 15.6975 20 -15.7591 13.0793
3 16 20 -15.7591 13.0793 15.7485 -13.2688 15.6975 19.9999 -5.2918 24.14
3 16 15.7483 0 15.742 15.7485 -13.2688 15.6975 17.4441 0 13.0785
3 16 17.4441 0 13.0785 15.7485 -13.2688 15.6975 17.4426 -15.7429 13.0884
3 16 18.0148 -17.664 11.0602 20.0001 -17.6734 11.0565 18.1252 -17.7 9.9954
3 16 18.1252 -17.7 9.9954 20.0001 -17.6734 11.0565 20 -17.7 9.9965
3 16 18.0148 -17.664 11.0602 18.1252 -17.7 9.9954 18.1252 0 9.9954
3 16 18.1252 -17.7 9.9954 18.0267 -17.675 8.9537 18.1252 0 9.9954
3 16 18.0267 -17.675 8.9537 18.1252 -17.7 9.9954 20 -17.6777 8.9525
3 16 20 -17.6777 8.9525 18.1252 -17.7 9.9954 20 -17.7 9.9965
3 16 17.4426 -15.7429 13.0884 20 -15.7591 13.0793 18.0148 -17.664 11.0602
3 16 18.0148 -17.664 11.0602 20 -15.7591 13.0793 20.0001 -17.6734 11.0565
3 16 18.0148 -17.664 11.0602 18.1252 0 9.9954 17.4426 -15.7429 13.0884
3 16 17.4426 -15.7429 13.0884 18.1252 0 9.9954 17.4441 0 13.0785
3 16 2.5497 -15.7642 13.082 -6.2498 -17.6388 11.011 4.2582 -13.2828 15.7093
3 16 4.2582 -13.2828 15.7093 -6.2498 -17.6388 11.011 -6.25 -5.2508 24.1012
3 16 2.5497 -15.7642 13.082 4.2582 -13.2828 15.7093 2.5593 0.0001 13.0867
3 16 2.5593 0.0001 13.0867 4.2582 -13.2828 15.7093 4.258 0 15.7483
3 16 1.9731 -17.6605 8.9713 -6.2499 -17.6506 8.9777 1.8748 -17.7 10.0048
3 16 1.8748 -17.7 10.0048 -6.2499 -17.6506 8.9777 -6.25 -17.7 10.0318
3 16 1.9731 -17.6605 8.9713 1.8748 -17.7 10.0048 1.8748 0 10.0048
3 16 1.8748 -17.7 10.0048 1.9405 -17.6474 11.0275 1.8748 0 10.0048
3 16 1.9405 -17.6474 11.0275 1.8748 -17.7 10.0048 -6.2498 -17.6388 11.011
3 16 -6.2498 -17.6388 11.011 1.8748 -17.7 10.0048 -6.25 -17.7 10.0318
3 16 -6.2499 -17.6506 8.9777 1.9731 -17.6605 8.9713 2.5537 -15.7578 6.9516
3 16 1.9731 -17.6605 8.9713 1.8748 0 10.0048 2.5537 -15.7578 6.9516
3 16 2.5537 -15.7578 6.9516 1.8748 0 10.0048 2.5546 0 6.9237
3 16 -6.2501 -5.2885 -4.1367 9.9953 -10.9278 1.8123 19.9999 -5.3155 -4.1621
3 16 19.9999 -5.3155 -4.1621 9.9953 -10.9278 1.8123 13.0827 -11.6332 2.5544
3 16 2.5497 -15.7642 13.082 1.9405 -17.6474 11.0275 -6.2498 -17.6388 11.011
3 16 17.4416 -15.7554 6.9184 18.0267 -17.675 8.9537 20 -15.7689 6.9275
3 16 20 -15.7689 6.9275 18.0267 -17.675 8.9537 20 -17.6777 8.9525
3 16 4.35 -16.2251 12.5665 5.5805 -14.4937 14.4056 10.2052 -17.6139 11.0777
3 16 27.6287 -13.2366 15.737 30 -12.7446 16.2529 30 -17.6095 11.0736
3 16 25.5805 -14.4937 14.4056 27.6287 -13.2366 15.737 30 -17.6095 11.0736
3 16 24.35 -16.2251 12.5665 25.5805 -14.4937 14.4056 30 -17.6095 11.0736
3 16 23.7568 -17.6129 10 30 -17.6129 10 23.8421 -17.6228 8.9218
3 16 23.8421 -17.6228 8.9218 30 -17.6129 10 30 -17.604 8.931
3 16 23.7568 -17.6129 10 23.845 -17.6157 11.0878 30 -17.6129 10
3 16 30 -17.6129 10 23.845 -17.6157 11.0878 30 -17.6095 11.0736
3 16 25.5805 -14.4834 5.5872 24.3399 -16.2908 7.5059 30 -17.604 8.931
3 16 27.6293 -13.2323 4.2648 25.5805 -14.4834 5.5872 30 -17.604 8.931
3 16 30 -17.604 8.931 30 -12.7271 3.7381 27.6293 -13.2323 4.2648
3 16 24.3399 -16.2908 7.5059 23.8421 -17.6228 8.9218 30 -17.604 8.931
3 16 23.845 -17.6157 11.0878 24.35 -16.2251 12.5665 30 -17.6095 11.0736
3 16 21.8748 0 10.0048 22.5593 0.0001 13.0867 23.75 0 10
3 16 23.75 0 10 22.5593 0.0001 13.0867 24.2752 0 12.3713
3 16 30 0 16.25 30 -12.7446 16.2529 27.6287 0 15.7248
3 16 27.6287 0 15.7248 30 -12.7446 16.2529 27.6287 -13.2366 15.737
3 16 25.5805 -14.4937 14.4056 25.5806 0 14.4194 27.6287 -13.2366 15.737
3 16 27.6287 -13.2366 15.737 25.5806 0 14.4194 27.6287 0 15.7248
3 16 23.8421 -17.6228 8.9218 24.3399 -16.2908 7.5059 23.75 0 10
3 16 23.75 0 10 24.3399 -16.2908 7.5059 24.2752 0 7.6287
3 16 24.3399 -16.2908 7.5059 25.5805 -14.4834 5.5872 24.2752 0 7.6287
3 16 24.2752 0 7.6287 25.5805 -14.4834 5.5872 25.5806 0 5.5806
3 16 27.6293 -13.2323 4.2648 30 -12.7271 3.7381 27.6292 0 4.2748
3 16 27.6292 0 4.2748 30 -12.7271 3.7381 30 0 3.75
3 16 25.5805 -14.4834 5.5872 27.6293 -13.2323 4.2648 25.5806 0 5.5806
3 16 25.5806 0 5.5806 27.6293 -13.2323 4.2648 27.6292 0 4.2748
3 16 23.845 -17.6157 11.0878 23.75 0 10 24.35 -16.2251 12.5665
3 16 24.35 -16.2251 12.5665 23.75 0 10 24.2752 0 12.3713
3 16 24.35 -16.2251 12.5665 24.2752 0 12.3713 25.5805 -14.4937 14.4056
3 16 25.5805 -14.4937 14.4056 24.2752 0 12.3713 25.5806 0 14.4194
3 16 23.7568 -17.6129 10 23.8421 -17.6228 8.9218 23.75 0 10
3 16 23.845 -17.6157 11.0878 23.7568 -17.6129 10 23.75 0 10
3 16 30 0 18.1252 30 0 16.25 26.9214 0 17.444
3 16 26.9214 0 17.444 30 0 16.25 27.6287 0 15.7248
3 16 24.258 0 15.7483 26.9214 0 17.444 25.5806 0 14.4194
3 16 25.5806 0 14.4194 26.9214 0 17.444 27.6287 0 15.7248
3 16 24.258 0 15.7483 25.5806 0 14.4194 22.5593 0.0001 13.0867
3 16 22.5593 0.0001 13.0867 25.5806 0 14.4194 24.2752 0 12.3713
3 16 24.2517 0 4.2581 22.5546 0 6.9237 25.5806 0 5.5806
3 16 25.5806 0 5.5806 22.5546 0 6.9237 24.2752 0 7.6287
3 16 24.2517 0 4.2581 25.5806 0 5.5806 26.9131 0 2.5594
3 16 26.9131 0 2.5594 25.5806 0 5.5806 27.6292 0 4.2748
3 16 30 0 1.8748 26.9131 0 2.5594 30 0 3.75
3 16 30 0 3.75 26.9131 0 2.5594 27.6292 0 4.2748
3 16 21.8748 0 10.0048 23.75 0 10 22.5546 0 6.9237
3 16 22.5546 0 6.9237 23.75 0 10 24.2752 0 7.6287
3 16 22.5497 -15.7642 13.082 20 -15.7591 13.0793 24.2582 -13.2828 15.7093
3 16 24.2582 -13.2828 15.7093 20 -15.7591 13.0793 19.9999 -5.2918 24.14
3 16 22.5497 -15.7642 13.082 24.2582 -13.2828 15.7093 22.5593 0.0001 13.0867
3 16 22.5593 0.0001 13.0867 24.2582 -13.2828 15.7093 24.258 0 15.7483
3 16 24.2517 -13.3045 4.3043 26.9131 -11.6491 2.5427 19.9999 -5.3155 -4.1621
3 16 24.2517 -13.3045 4.3043 24.2517 0 4.2581 26.9131 -11.6491 2.5427
3 16 26.9131 -11.6491 2.5427 24.2517 0 4.2581 26.9131 0 2.5594
3 16 26.9131 -11.6491 2.5427 30 -10.9483 1.793 19.9999 -5.3155 -4.1621
3 16 30 0 1.8748 30 -10.9483 1.793 26.9131 0 2.5594
3 16 26.9131 0 2.5594 30 -10.9483 1.793 26.9131 -11.6491 2.5427
3 16 21.9404 -17.6786 11.0571 22.5497 -15.7642 13.082 21.8748 0 10.0048
3 16 21.8748 0 10.0048 22.5497 -15.7642 13.082 22.5593 0.0001 13.0867
3 16 26.9213 -11.619 17.4758 30 -10.9028 18.2422 26.9214 0 17.444
3 16 26.9214 0 17.444 30 -10.9028 18.2422 30 0 18.1252
3 16 19.9999 -5.2918 24.14 26.9213 -11.619 17.4758 24.2582 -13.2828 15.7093
3 16 24.2582 -13.2828 15.7093 26.9213 -11.619 17.4758 24.258 0 15.7483
3 16 24.258 0 15.7483 26.9213 -11.619 17.4758 26.9214 0 17.444
3 16 22.5537 -15.7783 6.9322 22.5546 0 6.9237 24.2517 -13.3045 4.3043
3 16 24.2517 -13.3045 4.3043 22.5546 0 6.9237 24.2517 0 4.2581
3 16 21.973 -17.6811 8.952 20 -17.6777 8.9525 21.8748 -17.7 10.0048
3 16 21.8748 -17.7 10.0048 20 -17.6777 8.9525 20 -17.7 9.9965
3 16 21.973 -17.6811 8.952 21.8748 -17.7 10.0048 21.8748 0 10.0048
3 16 21.8748 -17.7 10.0048 21.9404 -17.6786 11.0571 21.8748 0 10.0048
3 16 21.9404 -17.6786 11.0571 21.8748 -17.7 10.0048 20.0001 -17.6734 11.0565
3 16 20.0001 -17.6734 11.0565 21.8748 -17.7 10.0048 20 -17.7 9.9965
3 16 20 -17.6777 8.9525 21.973 -17.6811 8.952 20 -15.7689 6.9275
3 16 20 -15.7689 6.9275 21.973 -17.6811 8.952 22.5537 -15.7783 6.9322
3 16 21.973 -17.6811 8.952 21.8748 0 10.0048 22.5537 -15.7783 6.9322
3 16 22.5537 -15.7783 6.9322 21.8748 0 10.0048 22.5546 0 6.9237
3 16 22.5497 -15.7642 13.082 21.9404 -17.6786 11.0571 20 -15.7591 13.0793
3 16 20 -15.7591 13.0793 21.9404 -17.6786 11.0571 20.0001 -17.6734 11.0565
3 16 17.4416 -15.7554 6.9184 20 -15.7689 6.9275 15.7422 -13.2822 4.2982
3 16 15.7422 -13.2822 4.2982 20 -15.7689 6.9275 19.9999 -5.3155 -4.1621
3 16 22.5537 -15.7783 6.9322 24.2517 -13.3045 4.3043 20 -15.7689 6.9275
3 16 20 -15.7689 6.9275 24.2517 -13.3045 4.3043 19.9999 -5.3155 -4.1621
3 16 13.0869 -11.6193 17.4322 10.0043 -10.8716 18.2127 19.9999 -5.2918 24.14
3 16 19.9999 -5.2918 24.14 10.0043 -10.8716 18.2127 -6.25 -5.2508 24.1012
3 16 19.9999 -5.2918 24.14 30 -10.9028 18.2422 26.9213 -11.619 17.4758
3 16 -10 -22.2576 11.727 -10 0 10 -10 -22.766 10.9293
3 16 -10 0 10 -10 -22.2576 8.273 -10 -22.766 9.0705
3 16 70 0 -10 66.25 0 -6.25 70 0 10
3 16 70 0 10 66.25 0 -6.25 66.25 0 10
3 16 -10 0 -9.9693 -6.25 0 -6.25 30 0 -10
3 16 30 0 -10 -6.25 0 -6.25 30 0 -6.25
3 16 -10 0 30 -6.25 0 26.25 -10 0 10
3 16 -10 0 10 -6.25 0 26.25 -6.25 0 10
2 24 46.9131 -11.6193 17.4322 49.9958 -10.8716 18.2127
2 24 40.0001 -5.2918 24.14 66.25 -5.2508 24.1012
2 24 30 -5.25 -6.25 66.25 -5.25 -6.25
2 24 40.0001 -5.3155 -4.1621 66.2501 -5.2885 -4.1367
2 24 66.25 -5.25 -6.25 66.2501 -5.2885 -4.1367
2 24 66.25 -5.2508 24.1012 40.0001 -5.2918 24.14
2 24 66.25 -5.2508 24.1012 66.25 -5.25 26.25
2 24 66.25 -5.25 26.25 40 -5.25 26.25
2 24 66.25 -5.25 26.25 66.25 0 26.25
2 24 66.25 -5.25 26.25 66.25 -5.2508 24.1012
2 24 66.25 0 26.25 66.25 0 10
2 24 66.25 -17.7 10.0318 66.2498 -17.6388 11.011
2 24 66.25 -5.2508 24.1012 66.2498 -17.6388 11.011
2 24 58.0595 -17.6474 11.0275 66.2498 -17.6388 11.011
2 24 58.0595 -17.6474 11.0275 58.1252 -17.7 10.0048
2 24 66.2498 -17.6388 11.011 66.25 -17.7 10.0318
2 24 66.25 -17.7 10.0318 66.2499 -17.6506 8.9777
2 24 66.2499 -17.6506 8.9777 66.2501 -5.2885 -4.1367
2 24 58.0595 -17.6474 11.0275 57.4502 -15.7329 13.0524
2 24 58.0595 -17.6474 11.0275 66.2498 -17.6388 11.011
2 24 66.25 -5.2508 24.1012 66.2498 -17.6388 11.011
2 24 58.0269 -17.6605 8.9713 66.2499 -17.6506 8.9777
2 24 58.0269 -17.6605 8.9713 57.4463 -15.7578 6.9516
2 24 66.2499 -17.6506 8.9777 66.2501 -5.2885 -4.1367
2 24 66.25 -17.7 10.0318 66.2499 -17.6506 8.9777
2 24 66.2499 -17.6506 8.9777 58.0269 -17.6605 8.9713
2 24 58.1252 -17.7 10.0048 58.0269 -17.6605 8.9713
2 24 56.2432 -17.6129 10 56.1551 -17.6079 11.0805
2 24 56.1551 -17.6079 11.0805 49.7948 -17.6139 11.0777
2 24 49.7946 -17.6099 8.9256 56.1579 -17.6244 8.9203
2 24 56.2432 -17.6129 10 56.1579 -17.6244 8.9203
2 24 54.4195 -14.4788 5.5916 55.6601 -16.2896 7.507
2 24 56.1551 -17.6079 11.0805 49.7948 -17.6139 11.0777
2 24 56.1551 -17.6079 11.0805 55.65 -16.2184 12.5602
2 24 43.8421 -17.6194 11.075 44.3477 -16.2311 12.5529
2 24 49.7948 -17.6139 11.0777 43.8421 -17.6194 11.075
2 24 49.7948 -17.6139 11.0777 43.8421 -17.6194 11.075
2 24 43.8421 -17.6194 11.075 43.75 -17.6129 10
2 24 43.75 -17.6129 10 43.845 -17.5963 8.9305
2 24 49.7946 -17.6099 8.9256 43.845 -17.5963 8.9305
2 24 47.6293 -13.2323 4.2648 50 -12.7216 3.7433
2 24 55.6601 -16.2896 7.507 56.1579 -17.6244 8.9203
2 24 49.7946 -17.6099 8.9256 56.1579 -17.6244 8.9203
2 24 49.7946 -17.6099 8.9256 43.845 -17.5963 8.9305
2 24 43.845 -17.5963 8.9305 44.3498 -16.233 7.4837
2 24 44.3477 -16.2311 12.5529 45.5806 -14.4797 14.4169
2 24 45.5806 -14.4797 14.4169 47.6287 -13.234 15.7421
2 24 47.6287 -13.234 15.7421 50 -12.7491 16.2572
2 24 50 -12.7491 16.2572 52.3713 -13.2365 15.7369
2 24 55.65 -16.2184 12.5602 54.4194 -14.4895 14.4017
2 24 52.3713 -13.2365 15.7369 54.4194 -14.4895 14.4017
2 24 54.4195 -14.4788 5.5916 52.3708 -13.2262 4.2705
2 24 50 -12.7216 3.7433 52.3708 -13.2262 4.2705
2 24 47.6293 -13.2323 4.2648 45.5805 -14.4834 5.5872
2 24 44.3498 -16.233 7.4837 45.5805 -14.4834 5.5872
2 24 47.6287 0 15.7248 45.5806 0 14.4194
2 24 46.9131 0 17.4406 44.2517 0 15.742
2 24 46.9131 0 17.4406 49.9955 0 18.1252
2 24 47.6287 0 15.7248 50 0 16.25
2 24 50 0 16.25 52.3713 0 15.7248
2 24 49.9955 0 18.1252 53.0786 0 17.444
2 24 53.0786 0 17.444 55.742 0 15.7483
2 24 52.3713 0 15.7248 54.4194 0 14.4194
2 24 55.7249 0 7.6287 56.25 0 10
2 24 57.4454 0 6.9237 58.1252 0 10.0048
2 24 57.4454 0 6.9237 55.7484 0 4.2581
2 24 55.7249 0 7.6287 54.4194 0 5.5806
2 24 47.6292 0 4.2748 50 0 3.75
2 24 46.9131 0 2.5594 50.0046 0 1.8748
2 24 44.2752 0 12.3713 43.75 0 10
2 24 42.5559 0 13.0785 41.8748 0 9.9954
2 24 50.0046 0 1.8748 53.0869 0 2.5594
2 24 50 0 3.75 52.3708 0 4.2748
2 24 54.4194 0 5.5806 52.3708 0 4.2748
2 24 55.7484 0 4.2581 53.0869 0 2.5594
2 24 58.1252 0 10.0048 57.4407 0.0001 13.0867
2 24 56.25 0 10 55.7249 0 12.3713
2 24 54.4194 0 14.4194 55.7249 0 12.3713
2 24 55.742 0 15.7483 57.4407 0.0001 13.0867
2 24 44.2517 0 15.742 42.5559 0 13.0785
2 24 45.5806 0 14.4194 44.2752 0 12.3713
2 24 41.8748 0 9.9954 42.5594 0 6.9131
2 24 43.75 0 10 44.2752 0 7.6287
2 24 44.2752 0 7.6287 45.5806 0 5.5806
2 24 42.5594 0 6.9131 44.2516 0 4.2581
2 24 46.9131 0 2.5594 44.2516 0 4.2581
2 24 47.6292 0 4.2748 45.5806 0 5.5806
2 24 57.4463 -15.7578 6.9516 55.7482 -13.2839 4.3237
2 24 53.0869 -11.6286 2.5621 50.0047 -10.9278 1.8123
2 24 53.0786 -11.5878 17.4462 55.7418 -13.2516 15.6797
2 24 49.9958 -10.8716 18.2127 53.0786 -11.5878 17.4462
2 24 57.4502 -15.7329 13.0524 55.7418 -13.2516 15.6797
2 24 55.7482 -13.2839 4.3237 53.0869 -11.6286 2.5621
2 24 46.9131 0 17.4406 44.2517 0 15.742
2 24 46.9131 -11.6193 17.4322 44.2515 -13.2688 15.6975
2 24 46.9131 0 17.4406 49.9955 0 18.1252
2 24 46.9131 -11.6193 17.4322 49.9958 -10.8716 18.2127
2 24 49.9955 0 18.1252 53.0786 0 17.444
2 24 49.9958 -10.8716 18.2127 53.0786 -11.5878 17.4462
2 24 53.0786 0 17.444 55.742 0 15.7483
2 24 53.0786 -11.5878 17.4462 55.7418 -13.2516 15.6797
2 24 55.742 0 15.7483 57.4407 0.0001 13.0867
2 24 55.7418 -13.2516 15.6797 57.4502 -15.7329 13.0524
2 24 57.4407 0.0001 13.0867 58.1252 0 10.0048
2 24 57.4502 -15.7329 13.0524 58.0595 -17.6474 11.0275
2 24 58.0595 -17.6474 11.0275 58.1252 -17.7 10.0048
2 24 58.1252 -17.7 10.0048 58.0269 -17.6605 8.9713
2 24 58.1252 0 10.0048 57.4454 0 6.9237
2 24 58.0269 -17.6605 8.9713 57.4463 -15.7578 6.9516
2 24 57.4454 0 6.9237 55.7484 0 4.2581
2 24 57.4463 -15.7578 6.9516 55.7482 -13.2839 4.3237
2 24 55.7484 0 4.2581 53.0869 0 2.5594
2 24 55.7482 -13.2839 4.3237 53.0869 -11.6286 2.5621
2 24 53.0869 0 2.5594 50.0046 0 1.8748
2 24 53.0869 -11.6286 2.5621 50.0047 -10.9278 1.8123
2 24 50.0046 0 1.8748 46.9131 0 2.5594
2 24 50.0047 -10.9278 1.8123 46.9131 -11.6491 2.5427
2 24 46.9131 0 2.5594 44.2516 0 4.2581
2 24 46.9131 -11.6491 2.5427 44.2517 -13.3045 4.3043
2 24 44.2516 0 4.2581 42.5594 0 6.9131
2 24 44.2517 -13.3045 4.3043 42.5584 -15.7554 6.9184
2 24 42.5594 0 6.9131 41.8748 0 9.9954
2 24 42.5584 -15.7554 6.9184 41.9733 -17.675 8.9537
2 24 41.9733 -17.675 8.9537 41.8748 -17.7 9.9954
2 24 41.8748 -17.7 9.9954 41.9852 -17.664 11.0602
2 24 41.8748 0 9.9954 42.5559 0 13.0785
2 24 41.9852 -17.664 11.0602 42.5575 -15.7429 13.0884
2 24 44.2517 0 15.742 42.5559 0 13.0785
2 24 44.2515 -13.2688 15.6975 42.5575 -15.7429 13.0884
2 24 42.5584 -15.7554 6.9184 41.9733 -17.675 8.9537
2 24 41.9733 -17.675 8.9537 40 -17.6777 8.9525
2 24 41.9733 -17.675 8.9537 40 -17.6777 8.9525
2 24 41.9733 -17.675 8.9537 41.8748 -17.7 9.9954
2 24 39.9999 -17.6734 11.0565 41.9852 -17.664 11.0602
2 24 41.8748 -17.7 9.9954 41.9852 -17.664 11.0602
2 24 39.9999 -17.6734 11.0565 41.9852 -17.664 11.0602
2 24 41.9852 -17.664 11.0602 42.5575 -15.7429 13.0884
2 24 42.5575 -15.7429 13.0884 44.2515 -13.2688 15.6975
2 24 46.9131 -11.6193 17.4322 44.2515 -13.2688 15.6975
2 24 36.2432 -17.6129 10 36.1551 -17.6157 11.0878
2 24 36.1551 -17.6157 11.0878 30 -17.6095 11.0736
2 24 30 -17.604 8.931 36.1579 -17.6228 8.9218
2 24 36.2432 -17.6129 10 36.1579 -17.6228 8.9218
2 24 34.4195 -14.4834 5.5872 35.6601 -16.2908 7.5059
2 24 36.1551 -17.6157 11.0878 30 -17.6095 11.0736
2 24 36.1551 -17.6157 11.0878 35.65 -16.2251 12.5665
2 24 35.6601 -16.2908 7.5059 36.1579 -17.6228 8.9218
2 24 30 -17.604 8.931 36.1579 -17.6228 8.9218
2 24 32.3713 -13.2366 15.737 30 -12.7446 16.2529
2 24 35.65 -16.2251 12.5665 34.4195 -14.4937 14.4056
2 24 32.3713 -13.2366 15.737 34.4195 -14.4937 14.4056
2 24 34.4195 -14.4834 5.5872 32.3707 -13.2323 4.2648
2 24 32.3707 -13.2323 4.2648 30 -12.7271 3.7381
2 24 32.3713 0 15.7248 30 0 16.25
2 24 33.0786 0 17.444 30 0 18.1252
2 24 33.0786 0 17.444 35.742 0 15.7483
2 24 32.3713 0 15.7248 34.4194 0 14.4194
2 24 35.7249 0 7.6287 36.25 0 10
2 24 37.4454 0 6.9237 38.1252 0 10.0048
2 24 37.4454 0 6.9237 35.7484 0 4.2581
2 24 35.7249 0 7.6287 34.4194 0 5.5806
2 24 32.3708 0 4.2748 30 0 3.75
2 24 33.0869 0 2.5594 30 0 1.8748
2 24 34.4194 0 5.5806 32.3708 0 4.2748
2 24 35.7484 0 4.2581 33.0869 0 2.5594
2 24 38.1252 0 10.0048 37.4407 0.0001 13.0867
2 24 36.25 0 10 35.7249 0 12.3713
2 24 34.4194 0 14.4194 35.7249 0 12.3713
2 24 35.742 0 15.7483 37.4407 0.0001 13.0867
2 24 42.5584 -15.7554 6.9184 44.2517 -13.3045 4.3043
2 24 33.0869 -11.6491 2.5427 30 -10.9483 1.793
2 24 40.0001 -5.3155 -4.1621 19.9999 -5.3155 -4.1621
2 24 40.0001 -5.3155 -4.1621 19.9999 -5.3155 -4.1621
2 24 40 -5.25 26.25 20 -5.25 26.25
2 24 40 -5.25 26.25 20 -5.25 26.25
2 24 40.0001 -5.2918 24.14 19.9999 -5.2918 24.14
2 24 40.0001 -5.2918 24.14 19.9999 -5.2918 24.14
2 24 30 -10.9028 18.2422 33.0787 -11.619 17.4758
2 24 33.0787 -11.619 17.4758 35.7419 -13.2828 15.7093
2 24 35.7419 -13.2828 15.7093 37.4503 -15.7642 13.082
2 24 37.4503 -15.7642 13.082 38.0596 -17.6786 11.0571
2 24 39.9999 -17.6734 11.0565 38.0596 -17.6786 11.0571
2 24 38.1252 -17.7 10.0048 38.0596 -17.6786 11.0571
2 24 39.9999 -17.6734 11.0565 38.0596 -17.6786 11.0571
2 24 40 -17.6777 8.9525 38.027 -17.6811 8.952
2 24 38.1252 -17.7 10.0048 38.027 -17.6811 8.952
2 24 40 -17.6777 8.9525 38.027 -17.6811 8.952
2 24 38.027 -17.6811 8.952 37.4463 -15.7783 6.9322
2 24 37.4463 -15.7783 6.9322 35.7483 -13.3045 4.3043
2 24 33.0869 -11.6491 2.5427 35.7483 -13.3045 4.3043
2 24 44.2517 -13.3045 4.3043 46.9131 -11.6491 2.5427
2 24 30 0 18.1252 33.0786 0 17.444
2 24 30 -10.9028 18.2422 33.0787 -11.619 17.4758
2 24 33.0786 0 17.444 35.742 0 15.7483
2 24 33.0787 -11.619 17.4758 35.7419 -13.2828 15.7093
2 24 35.742 0 15.7483 37.4407 0.0001 13.0867
2 24 35.7419 -13.2828 15.7093 37.4503 -15.7642 13.082
2 24 37.4407 0.0001 13.0867 38.1252 0 10.0048
2 24 37.4503 -15.7642 13.082 38.0596 -17.6786 11.0571
2 24 38.0596 -17.6786 11.0571 38.1252 -17.7 10.0048
2 24 38.1252 -17.7 10.0048 38.027 -17.6811 8.952
2 24 38.1252 0 10.0048 37.4454 0 6.9237
2 24 38.027 -17.6811 8.952 37.4463 -15.7783 6.9322
2 24 37.4454 0 6.9237 35.7484 0 4.2581
2 24 37.4463 -15.7783 6.9322 35.7483 -13.3045 4.3043
2 24 35.7484 0 4.2581 33.0869 0 2.5594
2 24 35.7483 -13.3045 4.3043 33.0869 -11.6491 2.5427
2 24 33.0869 0 2.5594 30 0 1.8748
2 24 33.0869 -11.6491 2.5427 30 -10.9483 1.793
2 24 45.5806 -14.4797 14.4169 47.6287 -13.234 15.7421
2 24 45.5806 0 14.4194 47.6287 0 15.7248
2 24 47.6287 -13.234 15.7421 50 -12.7491 16.2572
2 24 47.6287 0 15.7248 50 0 16.25
2 24 50 -12.7491 16.2572 52.3713 -13.2365 15.7369
2 24 50 0 16.25 52.3713 0 15.7248
2 24 52.3713 -13.2365 15.7369 54.4194 -14.4895 14.4017
2 24 52.3713 0 15.7248 54.4194 0 14.4194
2 24 54.4194 -14.4895 14.4017 55.65 -16.2184 12.5602
2 24 54.4194 0 14.4194 55.7249 0 12.3713
2 24 55.65 -16.2184 12.5602 56.1551 -17.6079 11.0805
2 24 55.7249 0 12.3713 56.25 0 10
2 24 56.1551 -17.6079 11.0805 56.2432 -17.6129 10
2 24 56.2432 -17.6129 10 56.1579 -17.6244 8.9203
2 24 56.1579 -17.6244 8.9203 55.6601 -16.2896 7.507
2 24 56.25 0 10 55.7249 0 7.6287
2 24 55.6601 -16.2896 7.507 54.4195 -14.4788 5.5916
2 24 55.7249 0 7.6287 54.4194 0 5.5806
2 24 54.4195 -14.4788 5.5916 52.3708 -13.2262 4.2705
2 24 54.4194 0 5.5806 52.3708 0 4.2748
2 24 52.3708 -13.2262 4.2705 50 -12.7216 3.7433
2 24 52.3708 0 4.2748 50 0 3.75
2 24 50 -12.7216 3.7433 47.6293 -13.2323 4.2648
2 24 50 0 3.75 47.6292 0 4.2748
2 24 47.6293 -13.2323 4.2648 45.5805 -14.4834 5.5872
2 24 47.6292 0 4.2748 45.5806 0 5.5806
2 24 45.5805 -14.4834 5.5872 44.3498 -16.233 7.4837
2 24 45.5806 0 5.5806 44.2752 0 7.6287
2 24 44.3498 -16.233 7.4837 43.845 -17.5963 8.9305
2 24 44.2752 0 7.6287 43.75 0 10
2 24 43.845 -17.5963 8.9305 43.75 -17.6129 10
2 24 43.75 -17.6129 10 43.8421 -17.6194 11.075
2 24 43.8421 -17.6194 11.075 44.3477 -16.2311 12.5529
2 24 43.75 0 10 44.2752 0 12.3713
2 24 45.5806 0 14.4194 44.2752 0 12.3713
2 24 45.5806 -14.4797 14.4169 44.3477 -16.2311 12.5529
2 24 30 0 3.75 32.3708 0 4.2748
2 24 30 -12.7271 3.7381 32.3707 -13.2323 4.2648
2 24 32.3708 0 4.2748 34.4194 0 5.5806
2 24 32.3707 -13.2323 4.2648 34.4195 -14.4834 5.5872
2 24 34.4194 0 5.5806 35.7249 0 7.6287
2 24 34.4195 -14.4834 5.5872 35.6601 -16.2908 7.5059
2 24 35.7249 0 7.6287 36.25 0 10
2 24 35.6601 -16.2908 7.5059 36.1579 -17.6228 8.9218
2 24 36.1579 -17.6228 8.9218 36.2432 -17.6129 10
2 24 36.2432 -17.6129 10 36.1551 -17.6157 11.0878
2 24 36.25 0 10 35.7249 0 12.3713
2 24 36.1551 -17.6157 11.0878 35.65 -16.2251 12.5665
2 24 35.7249 0 12.3713 34.4194 0 14.4194
2 24 35.65 -16.2251 12.5665 34.4195 -14.4937 14.4056
2 24 34.4194 0 14.4194 32.3713 0 15.7248
2 24 34.4195 -14.4937 14.4056 32.3713 -13.2366 15.737
2 24 32.3713 0 15.7248 30 0 16.25
2 24 32.3713 -13.2366 15.737 30 -12.7446 16.2529
2 24 66.2501 -5.2885 -4.1367 40.0001 -5.3155 -4.1621
2 24 50.0047 -10.9278 1.8123 46.9131 -11.6491 2.5427
2 24 40 -5.25 26.25 66.25 -5.25 26.25
2 24 66.25 -5.25 26.25 66.25 0 26.25
2 24 30 0 26.25 66.25 0 26.25
2 24 66.2501 -5.2885 -4.1367 66.25 -5.25 -6.25
2 24 66.25 -5.25 -6.25 66.25 0 -6.25
2 24 66.25 0 10 66.25 0 -6.25
2 24 30 -5.25 -6.25 66.25 -5.25 -6.25
2 24 66.25 -5.25 -6.25 66.25 0 -6.25
2 24 30 0 -6.25 66.25 0 -6.25
2 24 30 0 -6.25 66.25 0 -6.25
2 24 30 0 -10 70 0 -10
2 24 70 0 30 70 0 10
2 24 66.25 0 26.25 66.25 0 10
2 24 66.25 0 26.25 30 0 26.25
2 24 70 0 30 30 0 30
2 24 30 -4.8 -10 70 -4.8 -10
2 24 30 0 -10 70 0 -10
2 24 70 -4.8 -10 70 0 -10
2 24 70 -22.95 10 70 -22.766 9.0705
2 24 70 -22.95 10 70 -22.766 10.9293
2 24 70 -22.2576 8.273 70 -4.8 -10
2 24 70 -4.8 -10 30 -4.8 -10
2 24 70 -22.2576 8.273 70 -22.766 9.0705
2 24 70 -22.766 9.0705 70 -22.95 10
2 24 70 -22.95 10 70 -22.766 10.9293
2 24 70 -22.766 10.9293 70 -22.2576 11.727
2 24 70 -22.2576 11.727 70 -4.8 30
2 24 30 -4.8 30 70 -4.8 30
2 24 30 0 30 70 0 30
2 24 30 -4.8 30 70 -4.8 30
2 24 70 0 30 70 -4.8 30
2 24 70 -22.2576 8.273 70 -4.8 -10
2 24 70 -4.8 -10 70 0 -10
2 24 70 0 10 70 0 -10
2 24 70 -22.2576 11.727 70 -4.8 30
2 24 70 0 10 70 0 30
2 24 70 -4.8 30 70 0 30
2 24 70 -22.766 10.9293 70 -22.2576 11.727
2 24 70 -22.766 9.0705 70 -22.2576 8.273
2 24 -6.25 -17.7 10.0318 -6.2498 -17.6388 11.011
2 24 -6.2498 -17.6388 11.011 -6.25 -5.2508 24.1012
2 24 30 -4.8 30 -10 -4.8 30
2 24 -10 -22.2576 11.727 -10 -4.8 30
2 24 -10 -22.766 10.9293 -10 -22.95 10
2 24 -10 0 -9.9693 -10 -4.8 -10
2 24 -10 0 -9.9693 -10 0 10
2 24 -10 -4.8 -10 -10 -22.2576 8.273
2 24 -10 -4.8 -10 -10 0 -9.9693
2 24 30 -4.8 -10 -10 -4.8 -10
2 24 30 0 -10 -10 0 -9.9693
2 24 -10 -22.95 10 -10 -22.766 10.9293
2 24 -10 0 30 -10 -4.8 30
2 24 30 0 30 -10 0 30
2 24 30 -4.8 30 -10 -4.8 30
2 24 -10 -22.95 10 -10 -22.766 9.0705
2 24 -10 -22.2576 11.727 -10 -4.8 30
2 24 -10 -4.8 30 -10 0 30
2 24 -10 0 10 -10 0 30
2 24 30 -4.8 -10 -10 -4.8 -10
2 24 -10 -4.8 -10 -10 -22.2576 8.273
2 24 -10 -22.2576 8.273 -10 -22.766 9.0705
2 24 -10 -22.2576 11.727 -10 -22.766 10.9293
2 24 -10 -22.95 10 -10 -22.766 9.0705
2 24 30 0 30 -10 0 30
2 24 30 0 26.25 -6.25 0 26.25
2 24 30 0 -6.25 -6.25 0 -6.25
2 24 -6.25 0 -6.25 -6.25 -5.25 -6.25
2 24 30 -5.25 -6.25 -6.25 -5.25 -6.25
2 24 -10 0 -9.9693 -10 0 10
2 24 -6.25 0 -6.25 -6.25 0 10
2 24 30 -5.25 -6.25 -6.25 -5.25 -6.25
2 24 -6.25 -5.25 -6.25 -6.2501 -5.2885 -4.1367
2 24 19.9999 -5.3155 -4.1621 -6.2501 -5.2885 -4.1367
2 24 30 0 26.25 -6.25 0 26.25
2 24 20 -5.25 26.25 -6.25 -5.25 26.25
2 24 -6.25 0 26.25 -6.25 -5.25 26.25
2 24 -6.25 -5.2508 24.1012 -6.25 -5.25 26.25
2 24 -6.25 -5.25 26.25 -6.25 0 26.25
2 24 -6.25 0 10 -6.25 0 26.25
2 24 20 -5.25 26.25 -6.25 -5.25 26.25
2 24 -6.25 -5.25 26.25 -6.25 -5.2508 24.1012
2 24 19.9999 -5.2918 24.14 -6.25 -5.2508 24.1012
2 24 -6.25 -5.25 -6.25 -6.25 0 -6.25
2 24 -6.25 -5.25 -6.25 -6.2501 -5.2885 -4.1367
2 24 -6.25 0 10 -6.25 0 -6.25
2 24 -6.25 -17.7 10.0318 -6.2499 -17.6506 8.9777
2 24 -6.2501 -5.2885 -4.1367 -6.2499 -17.6506 8.9777
2 24 12.3713 -13.234 15.7421 14.4194 -14.4797 14.4169
2 24 7.6287 -13.2365 15.7369 10 -12.7491 16.2572
2 24 12.3713 -13.234 15.7421 10 -12.7491 16.2572
2 24 7.6287 -13.2365 15.7369 5.5805 -14.4937 14.4056
2 24 3.7568 -17.6129 10 3.8421 -17.6244 8.9203
2 24 3.8421 -17.6244 8.9203 10.2054 -17.6099 8.9256
2 24 3.7568 -17.6129 10 3.8449 -17.6079 11.0805
2 24 3.8449 -17.6079 11.0805 10.2052 -17.6139 11.0777
2 24 5.5805 -14.4788 5.5916 4.3399 -16.2896 7.507
2 24 5.5805 -14.4788 5.5916 7.6292 -13.2262 4.2705
2 24 12.3713 -13.2072 4.2657 10 -12.7216 3.7433
2 24 7.6292 -13.2262 4.2705 10 -12.7216 3.7433
2 24 12.3713 -13.2072 4.2657 14.4193 -14.4746 5.6158
2 24 14.4193 -14.4746 5.6158 15.6502 -16.233 7.4837
2 24 16.25 -17.6129 10 16.1579 -17.6194 11.075
2 24 10.2052 -17.6139 11.0777 16.1579 -17.6194 11.075
2 24 16.25 -17.6129 10 16.155 -17.5963 8.9305
2 24 10.2054 -17.6099 8.9256 16.155 -17.5963 8.9305
2 24 14.4194 -14.4797 14.4169 15.6523 -16.2311 12.5529
2 24 10.2054 -17.6099 8.9256 3.8421 -17.6244 8.9203
2 24 4.3399 -16.2896 7.507 3.8421 -17.6244 8.9203
2 24 3.8449 -17.6079 11.0805 4.35 -16.2251 12.5665
2 24 10.2052 -17.6139 11.0777 3.8449 -17.6079 11.0805
2 24 10.2052 -17.6139 11.0777 16.1579 -17.6194 11.075
2 24 15.6523 -16.2311 12.5529 16.1579 -17.6194 11.075
2 24 15.6502 -16.233 7.4837 16.155 -17.5963 8.9305
2 24 10.2054 -17.6099 8.9256 16.155 -17.5963 8.9305
2 24 15.7483 0 15.742 17.4441 0 13.0785
2 24 14.4194 0 14.4194 15.7248 0 12.3713
2 24 1.8748 0 10.0048 2.5593 0.0001 13.0867
2 24 3.75 0 10 4.2752 0 12.3713
2 24 18.1252 0 9.9954 17.4406 0 6.9131
2 24 16.25 0 10 15.7248 0 7.6287
2 24 14.4194 0 14.4194 15.7248 0 12.3713
2 24 14.4194 -14.4797 14.4169 15.6523 -16.2311 12.5529
2 24 14.4194 0 14.4194 12.3713 0 15.7248
2 24 14.4194 -14.4797 14.4169 12.3713 -13.234 15.7421
2 24 12.3713 0 15.7248 10 0 16.25
2 24 12.3713 -13.234 15.7421 10 -12.7491 16.2572
2 24 10 0 16.25 7.6287 0 15.7248
2 24 10 -12.7491 16.2572 7.6287 -13.2365 15.7369
2 24 7.6287 0 15.7248 5.5806 0 14.4194
2 24 7.6287 -13.2365 15.7369 5.5805 -14.4937 14.4056
2 24 5.5806 0 14.4194 4.2752 0 12.3713
2 24 5.5805 -14.4937 14.4056 4.35 -16.2251 12.5665
2 24 4.2752 0 12.3713 3.75 0 10
2 24 4.35 -16.2251 12.5665 3.8449 -17.6079 11.0805
2 24 3.7568 -17.6129 10 3.8421 -17.6244 8.9203
2 24 3.75 0 10 4.2752 0 7.6287
2 24 3.8421 -17.6244 8.9203 4.3399 -16.2896 7.507
2 24 4.2752 0 7.6287 5.5806 0 5.5806
2 24 4.3399 -16.2896 7.507 5.5805 -14.4788 5.5916
2 24 5.5806 0 5.5806 7.6292 0 4.2748
2 24 5.5805 -14.4788 5.5916 7.6292 -13.2262 4.2705
2 24 7.6292 0 4.2748 10 0 3.75
2 24 7.6292 -13.2262 4.2705 10 -12.7216 3.7433
2 24 10 0 3.75 12.3713 0 4.2752
2 24 10 -12.7216 3.7433 12.3713 -13.2072 4.2657
2 24 12.3713 0 4.2752 14.4194 0 5.5806
2 24 12.3713 -13.2072 4.2657 14.4193 -14.4746 5.6158
2 24 14.4194 0 5.5806 15.7248 0 7.6287
2 24 14.4193 -14.4746 5.6158 15.6502 -16.233 7.4837
2 24 15.7483 0 15.742 13.0869 0 17.4406
2 24 14.4194 0 14.4194 12.3713 0 15.7248
2 24 13.0869 0 17.4406 10.0045 0 18.1252
2 24 12.3713 0 15.7248 10 0 16.25
2 24 10.0045 0 18.1252 6.9214 0 17.444
2 24 10 0 16.25 7.6287 0 15.7248
2 24 6.9214 0 17.444 4.258 0 15.7483
2 24 7.6287 0 15.7248 5.5806 0 14.4194
2 24 2.5593 0.0001 13.0867 4.258 0 15.7483
2 24 4.2752 0 12.3713 5.5806 0 14.4194
2 24 4.2516 0 4.2581 2.5546 0 6.9237
2 24 5.5806 0 5.5806 4.2752 0 7.6287
2 24 4.2516 0 4.2581 6.9131 0 2.5594
2 24 5.5806 0 5.5806 7.6292 0 4.2748
2 24 6.9131 0 2.5594 9.9954 0 1.8748
2 24 7.6292 0 4.2748 10 0 3.75
2 24 9.9954 0 1.8748 13.0827 0 2.5577
2 24 10 0 3.75 12.3713 0 4.2752
2 24 13.0827 0 2.5577 15.7421 0 4.2516
2 24 12.3713 0 4.2752 14.4194 0 5.5806
2 24 16.25 -17.6129 10 16.1579 -17.6194 11.075
2 24 15.7248 0 12.3713 16.25 0 10
2 24 15.6523 -16.2311 12.5529 16.1579 -17.6194 11.075
2 24 15.7248 0 7.6287 16.25 0 10
2 24 15.6502 -16.233 7.4837 16.155 -17.5963 8.9305
2 24 17.4406 0 6.9131 15.7421 0 4.2516
2 24 15.7248 0 7.6287 14.4194 0 5.5806
2 24 1.8748 0 10.0048 2.5546 0 6.9237
2 24 3.75 0 10 4.2752 0 7.6287
2 24 3.8449 -17.6079 11.0805 3.7568 -17.6129 10
2 24 17.4441 0 13.0785 18.1252 0 9.9954
2 24 15.7248 0 12.3713 16.25 0 10
2 24 16.25 -17.6129 10 16.155 -17.5963 8.9305
2 24 15.7485 -13.2688 15.6975 13.0869 -11.6193 17.4322
2 24 15.7483 0 15.742 13.0869 0 17.4406
2 24 15.7485 -13.2688 15.6975 13.0869 -11.6193 17.4322
2 24 13.0869 -11.6193 17.4322 10.0043 -10.8716 18.2127
2 24 13.0869 0 17.4406 10.0045 0 18.1252
2 24 -6.2501 -5.2885 -4.1367 -6.2499 -17.6506 8.9777
2 24 4.2518 -13.2839 4.3237 6.9131 -11.6286 2.5621
2 24 4.2518 -13.2839 4.3237 6.9131 -11.6286 2.5621
2 24 4.2516 0 4.2581 6.9131 0 2.5594
2 24 6.9131 -11.6286 2.5621 9.9953 -10.9278 1.8123
2 24 6.9131 -11.6286 2.5621 9.9953 -10.9278 1.8123
2 24 6.9131 0 2.5594 9.9954 0 1.8748
2 24 17.4416 -15.7554 6.9184 15.7422 -13.2822 4.2982
2 24 17.4406 0 6.9131 15.7421 0 4.2516
2 24 17.4416 -15.7554 6.9184 18.0267 -17.675 8.9537
2 24 17.4406 0 6.9131 18.1252 0 9.9954
2 24 1.9405 -17.6474 11.0275 2.5497 -15.7642 13.082
2 24 1.8748 0 10.0048 2.5593 0.0001 13.0867
2 24 10.0043 -10.8716 18.2127 6.9214 -11.5878 17.4462
2 24 10.0043 -10.8716 18.2127 6.9214 -11.5878 17.4462
2 24 10.0045 0 18.1252 6.9214 0 17.444
2 24 6.9214 -11.5878 17.4462 4.2582 -13.2828 15.7093
2 24 6.9214 -11.5878 17.4462 4.2582 -13.2828 15.7093
2 24 6.9214 0 17.444 4.258 0 15.7483
2 24 2.5537 -15.7578 6.9516 4.2518 -13.2839 4.3237
2 24 4.2518 -13.2839 4.3237 2.5537 -15.7578 6.9516
2 24 4.2516 0 4.2581 2.5546 0 6.9237
2 24 9.9953 -10.9278 1.8123 13.0827 -11.6332 2.5544
2 24 9.9954 0 1.8748 13.0827 0 2.5577
2 24 13.0827 -11.6332 2.5544 15.7422 -13.2822 4.2982
2 24 15.7422 -13.2822 4.2982 13.0827 -11.6332 2.5544
2 24 15.7421 0 4.2516 13.0827 0 2.5577
2 24 15.7485 -13.2688 15.6975 17.4426 -15.7429 13.0884
2 24 15.7483 0 15.742 17.4441 0 13.0785
2 24 15.7485 -13.2688 15.6975 17.4426 -15.7429 13.0884
2 24 18.0148 -17.664 11.0602 20.0001 -17.6734 11.0565
2 24 18.0148 -17.664 11.0602 18.1252 -17.7 9.9954
2 24 18.0148 -17.664 11.0602 18.1252 -17.7 9.9954
2 24 18.0267 -17.675 8.9537 18.1252 -17.7 9.9954
2 24 18.1252 -17.7 9.9954 18.0267 -17.675 8.9537
2 24 18.0267 -17.675 8.9537 20 -17.6777 8.9525
2 24 17.4426 -15.7429 13.0884 18.0148 -17.664 11.0602
2 24 18.0148 -17.664 11.0602 20.0001 -17.6734 11.0565
2 24 17.4426 -15.7429 13.0884 18.0148 -17.664 11.0602
2 24 18.1252 0 9.9954 17.4441 0 13.0785
2 24 4.2582 -13.2828 15.7093 2.5497 -15.7642 13.082
2 24 -6.25 -5.2508 24.1012 -6.2498 -17.6388 11.011
2 24 2.5497 -15.7642 13.082 4.2582 -13.2828 15.7093
2 24 2.5593 0.0001 13.0867 4.258 0 15.7483
2 24 1.9731 -17.6605 8.9713 -6.2499 -17.6506 8.9777
2 24 1.9731 -17.6605 8.9713 1.8748 -17.7 10.0048
2 24 -6.2499 -17.6506 8.9777 -6.25 -17.7 10.0318
2 24 1.9731 -17.6605 8.9713 1.8748 -17.7 10.0048
2 24 1.9405 -17.6474 11.0275 1.8748 -17.7 10.0048
2 24 1.8748 -17.7 10.0048 1.9405 -17.6474 11.0275
2 24 1.9405 -17.6474 11.0275 -6.2498 -17.6388 11.011
2 24 -6.25 -17.7 10.0318 -6.2498 -17.6388 11.011
2 24 2.5537 -15.7578 6.9516 1.9731 -17.6605 8.9713
2 24 -6.2499 -17.6506 8.9777 1.9731 -17.6605 8.9713
2 24 2.5537 -15.7578 6.9516 1.9731 -17.6605 8.9713
2 24 1.8748 0 10.0048 2.5546 0 6.9237
2 24 19.9999 -5.3155 -4.1621 -6.2501 -5.2885 -4.1367
2 24 9.9953 -10.9278 1.8123 13.0827 -11.6332 2.5544
2 24 -6.2498 -17.6388 11.011 1.9405 -17.6474 11.0275
2 24 2.5497 -15.7642 13.082 1.9405 -17.6474 11.0275
2 24 17.4416 -15.7554 6.9184 18.0267 -17.675 8.9537
2 24 18.0267 -17.675 8.9537 20 -17.6777 8.9525
2 24 5.5805 -14.4937 14.4056 4.35 -16.2251 12.5665
2 24 30 -12.7446 16.2529 27.6287 -13.2366 15.737
2 24 27.6287 -13.2366 15.737 25.5805 -14.4937 14.4056
2 24 25.5805 -14.4937 14.4056 24.35 -16.2251 12.5665
2 24 23.7568 -17.6129 10 23.8421 -17.6228 8.9218
2 24 30 -17.604 8.931 23.8421 -17.6228 8.9218
2 24 23.7568 -17.6129 10 23.845 -17.6157 11.0878
2 24 30 -17.6095 11.0736 23.845 -17.6157 11.0878
2 24 25.5805 -14.4834 5.5872 24.3399 -16.2908 7.5059
2 24 25.5805 -14.4834 5.5872 27.6293 -13.2323 4.2648
2 24 30 -12.7271 3.7381 27.6293 -13.2323 4.2648
2 24 30 -17.604 8.931 23.8421 -17.6228 8.9218
2 24 24.3399 -16.2908 7.5059 23.8421 -17.6228 8.9218
2 24 24.35 -16.2251 12.5665 23.845 -17.6157 11.0878
2 24 30 -17.6095 11.0736 23.845 -17.6157 11.0878
2 24 21.8748 0 10.0048 22.5593 0.0001 13.0867
2 24 23.75 0 10 24.2752 0 12.3713
2 24 30 0 16.25 27.6287 0 15.7248
2 24 30 -12.7446 16.2529 27.6287 -13.2366 15.737
2 24 27.6287 -13.2366 15.737 25.5805 -14.4937 14.4056
2 24 27.6287 0 15.7248 25.5806 0 14.4194
2 24 23.8421 -17.6228 8.9218 24.3399 -16.2908 7.5059
2 24 23.75 0 10 24.2752 0 7.6287
2 24 24.3399 -16.2908 7.5059 25.5805 -14.4834 5.5872
2 24 24.2752 0 7.6287 25.5806 0 5.5806
2 24 30 -12.7271 3.7381 27.6293 -13.2323 4.2648
2 24 30 0 3.75 27.6292 0 4.2748
2 24 25.5805 -14.4834 5.5872 27.6293 -13.2323 4.2648
2 24 25.5806 0 5.5806 27.6292 0 4.2748
2 24 23.845 -17.6157 11.0878 24.35 -16.2251 12.5665
2 24 23.75 0 10 24.2752 0 12.3713
2 24 25.5805 -14.4937 14.4056 24.35 -16.2251 12.5665
2 24 25.5806 0 14.4194 24.2752 0 12.3713
2 24 23.8421 -17.6228 8.9218 23.7568 -17.6129 10
2 24 23.845 -17.6157 11.0878 23.7568 -17.6129 10
2 24 30 0 18.1252 26.9214 0 17.444
2 24 30 0 16.25 27.6287 0 15.7248
2 24 26.9214 0 17.444 24.258 0 15.7483
2 24 27.6287 0 15.7248 25.5806 0 14.4194
2 24 22.5593 0.0001 13.0867 24.258 0 15.7483
2 24 24.2752 0 12.3713 25.5806 0 14.4194
2 24 24.2517 0 4.2581 22.5546 0 6.9237
2 24 25.5806 0 5.5806 24.2752 0 7.6287
2 24 24.2517 0 4.2581 26.9131 0 2.5594
2 24 25.5806 0 5.5806 27.6292 0 4.2748
2 24 30 0 1.8748 26.9131 0 2.5594
2 24 30 0 3.75 27.6292 0 4.2748
2 24 21.8748 0 10.0048 22.5546 0 6.9237
2 24 23.75 0 10 24.2752 0 7.6287
2 24 22.5497 -15.7642 13.082 24.2582 -13.2828 15.7093
2 24 22.5497 -15.7642 13.082 24.2582 -13.2828 15.7093
2 24 22.5593 0.0001 13.0867 24.258 0 15.7483
2 24 24.2517 -13.3045 4.3043 26.9131 -11.6491 2.5427
2 24 24.2517 -13.3045 4.3043 26.9131 -11.6491 2.5427
2 24 24.2517 0 4.2581 26.9131 0 2.5594
2 24 30 -10.9483 1.793 26.9131 -11.6491 2.5427
2 24 30 0 1.8748 26.9131 0 2.5594
2 24 30 -10.9483 1.793 26.9131 -11.6491 2.5427
2 24 22.5497 -15.7642 13.082 21.9404 -17.6786 11.0571
2 24 22.5593 0.0001 13.0867 21.8748 0 10.0048
2 24 30 -10.9028 18.2422 26.9213 -11.619 17.4758
2 24 30 0 18.1252 26.9214 0 17.444
2 24 24.2582 -13.2828 15.7093 26.9213 -11.619 17.4758
2 24 24.2582 -13.2828 15.7093 26.9213 -11.619 17.4758
2 24 24.258 0 15.7483 26.9214 0 17.444
2 24 24.2517 -13.3045 4.3043 22.5537 -15.7783 6.9322
2 24 24.2517 0 4.2581 22.5546 0 6.9237
2 24 20 -17.6777 8.9525 21.973 -17.6811 8.952
2 24 21.973 -17.6811 8.952 21.8748 -17.7 10.0048
2 24 21.973 -17.6811 8.952 21.8748 -17.7 10.0048
2 24 21.9404 -17.6786 11.0571 21.8748 -17.7 10.0048
2 24 21.8748 -17.7 10.0048 21.9404 -17.6786 11.0571
2 24 20.0001 -17.6734 11.0565 21.9404 -17.6786 11.0571
2 24 20 -17.6777 8.9525 21.973 -17.6811 8.952
2 24 21.973 -17.6811 8.952 22.5537 -15.7783 6.9322
2 24 22.5537 -15.7783 6.9322 21.973 -17.6811 8.952
2 24 21.8748 0 10.0048 22.5546 0 6.9237
2 24 22.5497 -15.7642 13.082 21.9404 -17.6786 11.0571
2 24 20.0001 -17.6734 11.0565 21.9404 -17.6786 11.0571
2 24 15.7422 -13.2822 4.2982 17.4416 -15.7554 6.9184
2 24 24.2517 -13.3045 4.3043 22.5537 -15.7783 6.9322
2 24 13.0869 -11.6193 17.4322 10.0043 -10.8716 18.2127
2 24 19.9999 -5.2918 24.14 -6.25 -5.2508 24.1012
2 24 30 -10.9028 18.2422 26.9213 -11.619 17.4758
2 24 -10 -22.766 10.9293 -10 -22.2576 11.727
2 24 -10 -22.2576 8.273 -10 -22.766 9.0705
2 24 70 0 -10 70 0 10
2 24 66.25 0 -6.25 66.25 0 10
2 24 30 0 -10 -10 0 -9.9693
2 24 30 0 -6.25 -6.25 0 -6.25
2 24 -10 0 30 -10 0 10
2 24 -6.25 0 26.25 -6.25 0 10
2 24 70 -22.2758 8.2559 30 -22.2758 8.2559
2 24 70 -22.2758 8.2559 70 -4.8181 -10.0173
2 24 70 -4.8181 -10.0173 30 -4.8181 -10.0173
2 24 30 -4.8181 -10.0173 -10 -4.8181 -10.0173
2 24 -10 -4.8181 -10.0173 -10 -22.2758 8.2559
2 24 30 -22.2758 8.2559 -10 -22.2758 8.2559
2 24 30 -22.2758 11.7441 70 -22.2758 11.7441
2 24 70 -22.2758 11.7441 70 -4.8181 30.0173
2 24 30 -4.8181 30.0173 70 -4.8181 30.0173
2 24 30 -22.2758 11.7441 -10 -22.2758 11.7441
2 24 30 -4.8181 30.0173 -10 -4.8181 30.0173
2 24 -10 -22.2758 11.7441 -10 -4.8181 30.0173
0 STEP
