0 Untitled Model
0 Name: Untitled Model
0 Author: 
0 BFC CERTIFY CCW
3 16 102.401 -140.3817 -3.7979 102.401 -140.2962 -3.4908 101.4626 -140.3817 -4.1866
3 16 101.4626 -140.3817 -4.1866 102.401 -140.2962 -3.4908 100.7756 -140.009 -3.4996
3 16 102.401 -140.3817 -3.7979 103.3394 -140.3817 -4.1866 102.401 -140.2962 -3.4908
3 16 102.401 -140.2962 -3.4908 103.3394 -140.3817 -4.1866 104.0264 -140.009 -3.4996
3 16 103.3394 -140.3817 -4.1866 103.7281 -140.3817 -5.125 104.0264 -140.009 -3.4996
3 16 104.0264 -140.009 -3.4996 103.7281 -140.3817 -5.125 104.6997 -140.009 -5.125
3 16 103.7281 -140.3817 -5.125 103.3394 -140.3817 -6.0634 104.6997 -140.009 -5.125
3 16 104.6997 -140.009 -5.125 103.3394 -140.3817 -6.0634 104.0264 -140.009 -6.7504
3 16 102.401 -140.3817 -6.4522 102.401 -140.2962 -6.7593 103.3394 -140.3817 -6.0634
3 16 103.3394 -140.3817 -6.0634 102.401 -140.2962 -6.7593 104.0264 -140.009 -6.7504
3 16 102.401 -140.3817 -6.4522 101.4626 -140.3817 -6.0634 102.401 -140.2962 -6.7593
3 16 102.401 -140.2962 -6.7593 101.4626 -140.3817 -6.0634 100.7756 -140.009 -6.7504
3 16 101.4626 -140.3817 -6.0634 101.0739 -140.3817 -5.125 100.7756 -140.009 -6.7504
3 16 100.7756 -140.009 -6.7504 101.0739 -140.3817 -5.125 100.1023 -140.009 -5.125
3 16 101.0739 -140.3817 -5.125 101.4626 -140.3817 -4.1866 100.1023 -140.009 -5.125
3 16 100.1023 -140.009 -5.125 101.4626 -140.3817 -4.1866 100.7756 -140.009 -3.4996
3 16 102.401 -140.2962 -3.4908 102.401 -139.7872 -3.2481 100.7756 -140.009 -3.4996
3 16 100.7756 -140.009 -3.4996 102.401 -139.7872 -3.2481 100.5241 -139.5 -3.2481
3 16 102.401 -140.2962 -3.4908 104.0264 -140.009 -3.4996 102.401 -139.7872 -3.2481
3 16 102.401 -139.7872 -3.2481 104.0264 -140.009 -3.4996 104.2779 -139.5 -3.2481
3 16 104.0264 -140.009 -3.4996 104.6997 -140.009 -5.125 104.2779 -139.5 -3.2481
3 16 104.2779 -139.5 -3.2481 104.6997 -140.009 -5.125 105.0553 -139.5 -5.125
3 16 104.6997 -140.009 -5.125 104.0264 -140.009 -6.7504 105.0553 -139.5 -5.125
3 16 105.0553 -139.5 -5.125 104.0264 -140.009 -6.7504 104.2779 -139.5 -7.0019
3 16 102.401 -140.2962 -6.7593 102.401 -139.7872 -7.0019 104.0264 -140.009 -6.7504
3 16 104.0264 -140.009 -6.7504 102.401 -139.7872 -7.0019 104.2779 -139.5 -7.0019
3 16 102.401 -140.2962 -6.7593 100.7756 -140.009 -6.7504 102.401 -139.7872 -7.0019
3 16 102.401 -139.7872 -7.0019 100.7756 -140.009 -6.7504 100.5241 -139.5 -7.0019
3 16 100.7756 -140.009 -6.7504 100.1023 -140.009 -5.125 100.5241 -139.5 -7.0019
3 16 100.5241 -139.5 -7.0019 100.1023 -140.009 -5.125 99.7467 -139.5 -5.125
3 16 100.1023 -140.009 -5.125 100.7756 -140.009 -3.4996 99.7467 -139.5 -5.125
3 16 99.7467 -139.5 -5.125 100.7756 -140.009 -3.4996 100.5241 -139.5 -3.2481
3 16 102.401 -140.3817 -3.7979 101.4626 -140.3817 -4.1866 102.401 -140.5181 -5.125
3 16 103.3394 -140.3817 -4.1866 102.401 -140.3817 -3.7979 102.401 -140.5181 -5.125
3 16 103.7281 -140.3817 -5.125 103.3394 -140.3817 -4.1866 102.401 -140.5181 -5.125
3 16 103.3394 -140.3817 -6.0634 103.7281 -140.3817 -5.125 102.401 -140.5181 -5.125
3 16 102.401 -140.3817 -6.4522 103.3394 -140.3817 -6.0634 102.401 -140.5181 -5.125
3 16 101.4626 -140.3817 -6.0634 102.401 -140.3817 -6.4522 102.401 -140.5181 -5.125
3 16 101.0739 -140.3817 -5.125 101.4626 -140.3817 -6.0634 102.401 -140.5181 -5.125
3 16 101.4626 -140.3817 -4.1866 101.0739 -140.3817 -5.125 102.401 -140.5181 -5.125
3 16 106 -133.7323 -3.25 106 -139.5 -3.25 106 -133.7323 -5.125
3 16 106 -133.7323 -5.125 106 -139.5 -3.25 106 -139.5 -5.125
3 16 102.401 -139.7872 -3.2481 104.2779 -139.5 -3.2481 102.401 -133.7323 -3.25
3 16 102.401 -133.7323 -7 104.2779 -139.5 -7.0019 102.401 -139.7872 -7.0019
3 16 102.401 -139.7872 -7.0019 100.5241 -139.5 -7.0019 102.401 -133.7323 -7
3 16 102.401 -133.7323 -3.25 100.5241 -139.5 -3.2481 102.401 -139.7872 -3.2481
3 16 106 -139.5 -3.25 106 -133.7323 -3.25 104.2779 -139.5 -3.2481
3 16 104.2779 -139.5 -3.2481 106 -133.7323 -3.25 102.401 -133.7323 -3.25
3 16 106 -139.5 -7 104.2779 -139.5 -7.0019 106 -133.7323 -7
3 16 106 -133.7323 -7 104.2779 -139.5 -7.0019 102.401 -133.7323 -7
3 16 106 -139.5 -5.125 106 -139.5 -7 106 -133.7323 -5.125
3 16 106 -133.7323 -5.125 106 -139.5 -7 106 -133.7323 -7
3 16 106 -139.5 -5.125 105.0553 -139.5 -5.125 106 -139.5 -7
3 16 106 -139.5 -7 105.0553 -139.5 -5.125 104.2779 -139.5 -7.0019
3 16 104.2779 -139.5 -3.2481 105.0553 -139.5 -5.125 106 -139.5 -3.25
3 16 106 -139.5 -3.25 105.0553 -139.5 -5.125 106 -139.5 -5.125
3 16 50 -139.5 -5.125 50 -139.5 -7 99.7467 -139.5 -5.125
3 16 99.7467 -139.5 -5.125 50 -139.5 -7 100.5241 -139.5 -7.0019
3 16 100.5241 -139.5 -3.2481 50 -139.5 -3.25 99.7467 -139.5 -5.125
3 16 99.7467 -139.5 -5.125 50 -139.5 -3.25 50 -139.5 -5.125
3 16 102.401 -133.7323 -3.25 50 -133.7323 -3.25 100.5241 -139.5 -3.2481
3 16 100.5241 -139.5 -3.2481 50 -133.7323 -3.25 50 -139.5 -3.25
3 16 50 -139.5 -7 50 -133.7323 -7 100.5241 -139.5 -7.0019
3 16 100.5241 -139.5 -7.0019 50 -133.7323 -7 102.401 -133.7323 -7
3 16 50 -73.75 -7 102.401 -73.75 -7 50 -133.7323 -7
3 16 50 -133.7323 -7 102.401 -73.75 -7 102.401 -133.7323 -7
3 16 102.401 -133.7323 -3.25 102.401 -73.75 -3.25 50 -133.7323 -3.25
3 16 50 -133.7323 -3.25 102.401 -73.75 -3.25 50 -73.75 -3.25
3 16 106 -133.7323 -3.25 106 -73.75 -3.25 102.401 -133.7323 -3.25
3 16 102.401 -133.7323 -3.25 106 -73.75 -3.25 102.401 -73.75 -3.25
3 16 106 -133.7323 -5.125 106 -73.75 -5.125 106 -133.7323 -3.25
3 16 106 -133.7323 -3.25 106 -73.75 -5.125 106 -73.75 -3.25
3 16 106 -133.7323 -7 106 -73.75 -7 106 -133.7323 -5.125
3 16 106 -133.7323 -5.125 106 -73.75 -7 106 -73.75 -5.125
3 16 102.401 -133.7323 -7 102.401 -73.75 -7 106 -133.7323 -7
3 16 106 -133.7323 -7 102.401 -73.75 -7 106 -73.75 -7
3 16 100.7756 -7.491 -3.4996 102.401 -7.2038 -3.4908 101.4626 -7.1183 -4.1866
3 16 101.4626 -7.1183 -4.1866 102.401 -7.2038 -3.4908 102.401 -7.1183 -3.7979
3 16 102.401 -7.1183 -3.7979 102.401 -7.2038 -3.4908 103.3394 -7.1183 -4.1866
3 16 103.3394 -7.1183 -4.1866 102.401 -7.2038 -3.4908 104.0264 -7.491 -3.4996
3 16 103.3394 -7.1183 -4.1866 104.0264 -7.491 -3.4996 103.7281 -7.1183 -5.125
3 16 103.7281 -7.1183 -5.125 104.0264 -7.491 -3.4996 104.6997 -7.491 -5.125
3 16 103.7281 -7.1183 -5.125 104.6997 -7.491 -5.125 103.3394 -7.1183 -6.0634
3 16 103.3394 -7.1183 -6.0634 104.6997 -7.491 -5.125 104.0264 -7.491 -6.7504
3 16 104.0264 -7.491 -6.7504 102.401 -7.2038 -6.7593 103.3394 -7.1183 -6.0634
3 16 103.3394 -7.1183 -6.0634 102.401 -7.2038 -6.7593 102.401 -7.1183 -6.4522
3 16 102.401 -7.1183 -6.4522 102.401 -7.2038 -6.7593 101.4626 -7.1183 -6.0634
3 16 101.4626 -7.1183 -6.0634 102.401 -7.2038 -6.7593 100.7756 -7.491 -6.7504
3 16 101.4626 -7.1183 -6.0634 100.7756 -7.491 -6.7504 101.0739 -7.1183 -5.125
3 16 101.0739 -7.1183 -5.125 100.7756 -7.491 -6.7504 100.1023 -7.491 -5.125
3 16 101.0739 -7.1183 -5.125 100.1023 -7.491 -5.125 101.4626 -7.1183 -4.1866
3 16 101.4626 -7.1183 -4.1866 100.1023 -7.491 -5.125 100.7756 -7.491 -3.4996
3 16 100.5241 -8.0001 -3.2481 102.401 -7.7129 -3.2481 100.7756 -7.491 -3.4996
3 16 100.7756 -7.491 -3.4996 102.401 -7.7129 -3.2481 102.401 -7.2038 -3.4908
3 16 102.401 -7.2038 -3.4908 102.401 -7.7129 -3.2481 104.0264 -7.491 -3.4996
3 16 104.0264 -7.491 -3.4996 102.401 -7.7129 -3.2481 104.2779 -8.0001 -3.2481
3 16 104.0264 -7.491 -3.4996 104.2779 -8.0001 -3.2481 104.6997 -7.491 -5.125
3 16 104.6997 -7.491 -5.125 104.2779 -8.0001 -3.2481 105.0553 -8.0001 -5.125
3 16 104.6997 -7.491 -5.125 105.0553 -8.0001 -5.125 104.0264 -7.491 -6.7504
3 16 104.0264 -7.491 -6.7504 105.0553 -8.0001 -5.125 104.2779 -8.0001 -7.0019
3 16 104.2779 -8.0001 -7.0019 102.401 -7.7129 -7.0019 104.0264 -7.491 -6.7504
3 16 104.0264 -7.491 -6.7504 102.401 -7.7129 -7.0019 102.401 -7.2038 -6.7593
3 16 102.401 -7.2038 -6.7593 102.401 -7.7129 -7.0019 100.7756 -7.491 -6.7504
3 16 100.7756 -7.491 -6.7504 102.401 -7.7129 -7.0019 100.5241 -8.0001 -7.0019
3 16 100.7756 -7.491 -6.7504 100.5241 -8.0001 -7.0019 100.1023 -7.491 -5.125
3 16 100.1023 -7.491 -5.125 100.5241 -8.0001 -7.0019 99.7467 -8.0001 -5.125
3 16 100.1023 -7.491 -5.125 99.7467 -8.0001 -5.125 100.7756 -7.491 -3.4996
3 16 100.7756 -7.491 -3.4996 99.7467 -8.0001 -5.125 100.5241 -8.0001 -3.2481
3 16 102.401 -7.1183 -3.7979 102.401 -6.9819 -5.125 101.4626 -7.1183 -4.1866
3 16 103.3394 -7.1183 -4.1866 102.401 -6.9819 -5.125 102.401 -7.1183 -3.7979
3 16 103.7281 -7.1183 -5.125 102.401 -6.9819 -5.125 103.3394 -7.1183 -4.1866
3 16 103.3394 -7.1183 -6.0634 102.401 -6.9819 -5.125 103.7281 -7.1183 -5.125
3 16 102.401 -7.1183 -6.4522 102.401 -6.9819 -5.125 103.3394 -7.1183 -6.0634
3 16 101.4626 -7.1183 -6.0634 102.401 -6.9819 -5.125 102.401 -7.1183 -6.4522
3 16 101.0739 -7.1183 -5.125 102.401 -6.9819 -5.125 101.4626 -7.1183 -6.0634
3 16 101.4626 -7.1183 -4.1866 102.401 -6.9819 -5.125 101.0739 -7.1183 -5.125
3 16 106 -13.7677 -3.25 106 -13.7677 -5.125 106 -8.0001 -3.25
3 16 106 -8.0001 -3.25 106 -13.7677 -5.125 106 -8.0001 -5.125
3 16 102.401 -7.7129 -3.2481 102.401 -13.7677 -3.25 104.2779 -8.0001 -3.2481
3 16 102.401 -13.7677 -7 102.401 -7.7129 -7.0019 104.2779 -8.0001 -7.0019
3 16 102.401 -7.7129 -7.0019 102.401 -13.7677 -7 100.5241 -8.0001 -7.0019
3 16 102.401 -13.7677 -3.25 102.401 -7.7129 -3.2481 100.5241 -8.0001 -3.2481
3 16 106 -8.0001 -3.25 104.2779 -8.0001 -3.2481 106 -13.7677 -3.25
3 16 106 -13.7677 -3.25 104.2779 -8.0001 -3.2481 102.401 -13.7677 -3.25
3 16 102.401 -13.7677 -7 104.2779 -8.0001 -7.0019 106 -13.7677 -7
3 16 106 -13.7677 -7 104.2779 -8.0001 -7.0019 106 -8.0001 -7
3 16 106 -8.0001 -5.125 106 -13.7677 -5.125 106 -8.0001 -7
3 16 106 -8.0001 -7 106 -13.7677 -5.125 106 -13.7677 -7
3 16 104.2779 -8.0001 -7.0019 105.0553 -8.0001 -5.125 106 -8.0001 -7
3 16 106 -8.0001 -7 105.0553 -8.0001 -5.125 106 -8.0001 -5.125
3 16 106 -8.0001 -5.125 105.0553 -8.0001 -5.125 106 -8.0001 -3.25
3 16 106 -8.0001 -3.25 105.0553 -8.0001 -5.125 104.2779 -8.0001 -3.2481
3 16 100.5241 -8.0001 -7.0019 50 -8.0001 -7 99.7467 -8.0001 -5.125
3 16 99.7467 -8.0001 -5.125 50 -8.0001 -7 50 -8.0001 -5.125
3 16 100.5241 -8.0001 -3.2481 99.7467 -8.0001 -5.125 50 -8.0001 -3.25
3 16 50 -8.0001 -3.25 99.7467 -8.0001 -5.125 50 -8.0001 -5.125
3 16 102.401 -13.7677 -3.25 100.5241 -8.0001 -3.2481 50 -13.7677 -3.25
3 16 50 -13.7677 -3.25 100.5241 -8.0001 -3.2481 50 -8.0001 -3.25
3 16 102.401 -13.7677 -7 50 -13.7677 -7 100.5241 -8.0001 -7.0019
3 16 100.5241 -8.0001 -7.0019 50 -13.7677 -7 50 -8.0001 -7
3 16 -0.7756 -140.009 -3.4996 -2.401 -140.2962 -3.4908 -1.4626 -140.3817 -4.1866
3 16 -1.4626 -140.3817 -4.1866 -2.401 -140.2962 -3.4908 -2.401 -140.3817 -3.7979
3 16 -2.401 -140.3817 -3.7979 -2.401 -140.2962 -3.4908 -3.3394 -140.3817 -4.1866
3 16 -3.3394 -140.3817 -4.1866 -2.401 -140.2962 -3.4908 -4.0264 -140.009 -3.4996
3 16 -3.3394 -140.3817 -4.1866 -4.0264 -140.009 -3.4996 -3.7281 -140.3817 -5.125
3 16 -3.7281 -140.3817 -5.125 -4.0264 -140.009 -3.4996 -4.6997 -140.009 -5.125
3 16 -3.7281 -140.3817 -5.125 -4.6997 -140.009 -5.125 -3.3394 -140.3817 -6.0634
3 16 -3.3394 -140.3817 -6.0634 -4.6997 -140.009 -5.125 -4.0264 -140.009 -6.7504
3 16 -4.0264 -140.009 -6.7504 -2.401 -140.2962 -6.7593 -3.3394 -140.3817 -6.0634
3 16 -3.3394 -140.3817 -6.0634 -2.401 -140.2962 -6.7593 -2.401 -140.3817 -6.4522
3 16 -2.401 -140.3817 -6.4522 -2.401 -140.2962 -6.7593 -1.4626 -140.3817 -6.0634
3 16 -1.4626 -140.3817 -6.0634 -2.401 -140.2962 -6.7593 -0.7756 -140.009 -6.7504
3 16 -1.4626 -140.3817 -6.0634 -0.7756 -140.009 -6.7504 -1.0738 -140.3817 -5.125
3 16 -1.0738 -140.3817 -5.125 -0.7756 -140.009 -6.7504 -0.1023 -140.009 -5.125
3 16 -1.0738 -140.3817 -5.125 -0.1023 -140.009 -5.125 -1.4626 -140.3817 -4.1866
3 16 -1.4626 -140.3817 -4.1866 -0.1023 -140.009 -5.125 -0.7756 -140.009 -3.4996
3 16 -0.5241 -139.5 -3.2481 -2.401 -139.7872 -3.2481 -0.7756 -140.009 -3.4996
3 16 -0.7756 -140.009 -3.4996 -2.401 -139.7872 -3.2481 -2.401 -140.2962 -3.4908
3 16 -2.401 -140.2962 -3.4908 -2.401 -139.7872 -3.2481 -4.0264 -140.009 -3.4996
3 16 -4.0264 -140.009 -3.4996 -2.401 -139.7872 -3.2481 -4.2779 -139.5 -3.2481
3 16 -4.0264 -140.009 -3.4996 -4.2779 -139.5 -3.2481 -4.6997 -140.009 -5.125
3 16 -4.6997 -140.009 -5.125 -4.2779 -139.5 -3.2481 -5.0553 -139.5 -5.125
3 16 -4.6997 -140.009 -5.125 -5.0553 -139.5 -5.125 -4.0264 -140.009 -6.7504
3 16 -4.0264 -140.009 -6.7504 -5.0553 -139.5 -5.125 -4.2779 -139.5 -7.0019
3 16 -4.2779 -139.5 -7.0019 -2.401 -139.7872 -7.0019 -4.0264 -140.009 -6.7504
3 16 -4.0264 -140.009 -6.7504 -2.401 -139.7872 -7.0019 -2.401 -140.2962 -6.7593
3 16 -2.401 -140.2962 -6.7593 -2.401 -139.7872 -7.0019 -0.7756 -140.009 -6.7504
3 16 -0.7756 -140.009 -6.7504 -2.401 -139.7872 -7.0019 -0.5241 -139.5 -7.0019
3 16 -0.7756 -140.009 -6.7504 -0.5241 -139.5 -7.0019 -0.1023 -140.009 -5.125
3 16 -0.1023 -140.009 -5.125 -0.5241 -139.5 -7.0019 0.2533 -139.5 -5.125
3 16 -0.1023 -140.009 -5.125 0.2533 -139.5 -5.125 -0.7756 -140.009 -3.4996
3 16 -0.7756 -140.009 -3.4996 0.2533 -139.5 -5.125 -0.5241 -139.5 -3.2481
3 16 -2.401 -140.3817 -3.7979 -2.401 -140.5181 -5.125 -1.4626 -140.3817 -4.1866
3 16 -3.3394 -140.3817 -4.1866 -2.401 -140.5181 -5.125 -2.401 -140.3817 -3.7979
3 16 -3.7281 -140.3817 -5.125 -2.401 -140.5181 -5.125 -3.3394 -140.3817 -4.1866
3 16 -3.3394 -140.3817 -6.0634 -2.401 -140.5181 -5.125 -3.7281 -140.3817 -5.125
3 16 -2.401 -140.3817 -6.4522 -2.401 -140.5181 -5.125 -3.3394 -140.3817 -6.0634
3 16 -1.4626 -140.3817 -6.0634 -2.401 -140.5181 -5.125 -2.401 -140.3817 -6.4522
3 16 -1.0738 -140.3817 -5.125 -2.401 -140.5181 -5.125 -1.4626 -140.3817 -6.0634
3 16 -1.4626 -140.3817 -4.1866 -2.401 -140.5181 -5.125 -1.0738 -140.3817 -5.125
3 16 -6 -133.7323 -3.25 -6 -133.7323 -5.125 -6 -139.5 -3.25
3 16 -6 -139.5 -3.25 -6 -133.7323 -5.125 -6 -139.5 -5.125
3 16 -2.401 -139.7872 -3.2481 -2.401 -133.7323 -3.25 -4.2779 -139.5 -3.2481
3 16 -2.401 -133.7323 -7 -2.401 -139.7872 -7.0019 -4.2779 -139.5 -7.0019
3 16 -2.401 -139.7872 -7.0019 -2.401 -133.7323 -7 -0.5241 -139.5 -7.0019
3 16 -2.401 -133.7323 -3.25 -2.401 -139.7872 -3.2481 -0.5241 -139.5 -3.2481
3 16 -6 -139.5 -3.25 -4.2779 -139.5 -3.2481 -6 -133.7323 -3.25
3 16 -6 -133.7323 -3.25 -4.2779 -139.5 -3.2481 -2.401 -133.7323 -3.25
3 16 -2.401 -133.7323 -7 -4.2779 -139.5 -7.0019 -6 -133.7323 -7
3 16 -6 -133.7323 -7 -4.2779 -139.5 -7.0019 -6 -139.5 -7
3 16 -6 -139.5 -5.125 -6 -133.7323 -5.125 -6 -139.5 -7
3 16 -6 -139.5 -7 -6 -133.7323 -5.125 -6 -133.7323 -7
3 16 -4.2779 -139.5 -7.0019 -5.0553 -139.5 -5.125 -6 -139.5 -7
3 16 -6 -139.5 -7 -5.0553 -139.5 -5.125 -6 -139.5 -5.125
3 16 -6 -139.5 -5.125 -5.0553 -139.5 -5.125 -6 -139.5 -3.25
3 16 -6 -139.5 -3.25 -5.0553 -139.5 -5.125 -4.2779 -139.5 -3.2481
3 16 -0.5241 -139.5 -7.0019 50 -139.5 -7 0.2533 -139.5 -5.125
3 16 0.2533 -139.5 -5.125 50 -139.5 -7 50 -139.5 -5.125
3 16 -0.5241 -139.5 -3.2481 0.2533 -139.5 -5.125 50 -139.5 -3.25
3 16 50 -139.5 -3.25 0.2533 -139.5 -5.125 50 -139.5 -5.125
3 16 -2.401 -133.7323 -3.25 -0.5241 -139.5 -3.2481 50 -133.7323 -3.25
3 16 50 -133.7323 -3.25 -0.5241 -139.5 -3.2481 50 -139.5 -3.25
3 16 -2.401 -133.7323 -7 50 -133.7323 -7 -0.5241 -139.5 -7.0019
3 16 -0.5241 -139.5 -7.0019 50 -133.7323 -7 50 -139.5 -7
3 16 -2.401 -73.75 -7 50 -73.75 -7 -2.401 -133.7323 -7
3 16 -2.401 -133.7323 -7 50 -73.75 -7 50 -133.7323 -7
3 16 -2.401 -133.7323 -3.25 50 -133.7323 -3.25 -2.401 -73.75 -3.25
3 16 -2.401 -73.75 -3.25 50 -133.7323 -3.25 50 -73.75 -3.25
3 16 -6 -133.7323 -3.25 -2.401 -133.7323 -3.25 -6 -73.75 -3.25
3 16 -6 -73.75 -3.25 -2.401 -133.7323 -3.25 -2.401 -73.75 -3.25
3 16 -6 -133.7323 -5.125 -6 -133.7323 -3.25 -6 -73.75 -5.125
3 16 -6 -73.75 -5.125 -6 -133.7323 -3.25 -6 -73.75 -3.25
3 16 -6 -133.7323 -7 -6 -133.7323 -5.125 -6 -73.75 -7
3 16 -6 -73.75 -7 -6 -133.7323 -5.125 -6 -73.75 -5.125
3 16 -2.401 -133.7323 -7 -6 -133.7323 -7 -2.401 -73.75 -7
3 16 -2.401 -73.75 -7 -6 -133.7323 -7 -6 -73.75 -7
3 16 -2.401 -7.1183 -3.7979 -2.401 -7.2038 -3.4908 -1.4626 -7.1183 -4.1866
3 16 -1.4626 -7.1183 -4.1866 -2.401 -7.2038 -3.4908 -0.7756 -7.491 -3.4996
3 16 -2.401 -7.1183 -3.7979 -3.3394 -7.1183 -4.1866 -2.401 -7.2038 -3.4908
3 16 -2.401 -7.2038 -3.4908 -3.3394 -7.1183 -4.1866 -4.0264 -7.491 -3.4996
3 16 -3.3394 -7.1183 -4.1866 -3.7281 -7.1183 -5.125 -4.0264 -7.491 -3.4996
3 16 -4.0264 -7.491 -3.4996 -3.7281 -7.1183 -5.125 -4.6997 -7.491 -5.125
3 16 -3.7281 -7.1183 -5.125 -3.3394 -7.1183 -6.0634 -4.6997 -7.491 -5.125
3 16 -4.6997 -7.491 -5.125 -3.3394 -7.1183 -6.0634 -4.0264 -7.491 -6.7504
3 16 -2.401 -7.1183 -6.4522 -2.401 -7.2038 -6.7593 -3.3394 -7.1183 -6.0634
3 16 -3.3394 -7.1183 -6.0634 -2.401 -7.2038 -6.7593 -4.0264 -7.491 -6.7504
3 16 -2.401 -7.1183 -6.4522 -1.4626 -7.1183 -6.0634 -2.401 -7.2038 -6.7593
3 16 -2.401 -7.2038 -6.7593 -1.4626 -7.1183 -6.0634 -0.7756 -7.491 -6.7504
3 16 -1.4626 -7.1183 -6.0634 -1.0738 -7.1183 -5.125 -0.7756 -7.491 -6.7504
3 16 -0.7756 -7.491 -6.7504 -1.0738 -7.1183 -5.125 -0.1023 -7.491 -5.125
3 16 -1.0738 -7.1183 -5.125 -1.4626 -7.1183 -4.1866 -0.1023 -7.491 -5.125
3 16 -0.1023 -7.491 -5.125 -1.4626 -7.1183 -4.1866 -0.7756 -7.491 -3.4996
3 16 -2.401 -7.2038 -3.4908 -2.401 -7.7129 -3.2481 -0.7756 -7.491 -3.4996
3 16 -0.7756 -7.491 -3.4996 -2.401 -7.7129 -3.2481 -0.5241 -8.0001 -3.2481
3 16 -2.401 -7.2038 -3.4908 -4.0264 -7.491 -3.4996 -2.401 -7.7129 -3.2481
3 16 -2.401 -7.7129 -3.2481 -4.0264 -7.491 -3.4996 -4.2779 -8.0001 -3.2481
3 16 -4.0264 -7.491 -3.4996 -4.6997 -7.491 -5.125 -4.2779 -8.0001 -3.2481
3 16 -4.2779 -8.0001 -3.2481 -4.6997 -7.491 -5.125 -5.0553 -8.0001 -5.125
3 16 -4.6997 -7.491 -5.125 -4.0264 -7.491 -6.7504 -5.0553 -8.0001 -5.125
3 16 -5.0553 -8.0001 -5.125 -4.0264 -7.491 -6.7504 -4.2779 -8.0001 -7.0019
3 16 -2.401 -7.2038 -6.7593 -2.401 -7.7129 -7.0019 -4.0264 -7.491 -6.7504
3 16 -4.0264 -7.491 -6.7504 -2.401 -7.7129 -7.0019 -4.2779 -8.0001 -7.0019
3 16 -2.401 -7.2038 -6.7593 -0.7756 -7.491 -6.7504 -2.401 -7.7129 -7.0019
3 16 -2.401 -7.7129 -7.0019 -0.7756 -7.491 -6.7504 -0.5241 -8.0001 -7.0019
3 16 -0.7756 -7.491 -6.7504 -0.1023 -7.491 -5.125 -0.5241 -8.0001 -7.0019
3 16 -0.5241 -8.0001 -7.0019 -0.1023 -7.491 -5.125 0.2533 -8.0001 -5.125
3 16 -0.1023 -7.491 -5.125 -0.7756 -7.491 -3.4996 0.2533 -8.0001 -5.125
3 16 0.2533 -8.0001 -5.125 -0.7756 -7.491 -3.4996 -0.5241 -8.0001 -3.2481
3 16 -2.401 -7.1183 -3.7979 -1.4626 -7.1183 -4.1866 -2.401 -6.9819 -5.125
3 16 -3.3394 -7.1183 -4.1866 -2.401 -7.1183 -3.7979 -2.401 -6.9819 -5.125
3 16 -3.7281 -7.1183 -5.125 -3.3394 -7.1183 -4.1866 -2.401 -6.9819 -5.125
3 16 -3.3394 -7.1183 -6.0634 -3.7281 -7.1183 -5.125 -2.401 -6.9819 -5.125
3 16 -2.401 -7.1183 -6.4522 -3.3394 -7.1183 -6.0634 -2.401 -6.9819 -5.125
3 16 -1.4626 -7.1183 -6.0634 -2.401 -7.1183 -6.4522 -2.401 -6.9819 -5.125
3 16 -1.0738 -7.1183 -5.125 -1.4626 -7.1183 -6.0634 -2.401 -6.9819 -5.125
3 16 -1.4626 -7.1183 -4.1866 -1.0738 -7.1183 -5.125 -2.401 -6.9819 -5.125
3 16 -6 -13.7677 -3.25 -6 -8.0001 -3.25 -6 -13.7677 -5.125
3 16 -6 -13.7677 -5.125 -6 -8.0001 -3.25 -6 -8.0001 -5.125
3 16 -2.401 -7.7129 -3.2481 -4.2779 -8.0001 -3.2481 -2.401 -13.7677 -3.25
3 16 -2.401 -13.7677 -7 -4.2779 -8.0001 -7.0019 -2.401 -7.7129 -7.0019
3 16 -2.401 -7.7129 -7.0019 -0.5241 -8.0001 -7.0019 -2.401 -13.7677 -7
3 16 -2.401 -13.7677 -3.25 -0.5241 -8.0001 -3.2481 -2.401 -7.7129 -3.2481
3 16 -6 -8.0001 -3.25 -6 -13.7677 -3.25 -4.2779 -8.0001 -3.2481
3 16 -4.2779 -8.0001 -3.2481 -6 -13.7677 -3.25 -2.401 -13.7677 -3.25
3 16 -6 -8.0001 -7 -4.2779 -8.0001 -7.0019 -6 -13.7677 -7
3 16 -6 -13.7677 -7 -4.2779 -8.0001 -7.0019 -2.401 -13.7677 -7
3 16 -6 -8.0001 -5.125 -6 -8.0001 -7 -6 -13.7677 -5.125
3 16 -6 -13.7677 -5.125 -6 -8.0001 -7 -6 -13.7677 -7
3 16 -6 -8.0001 -5.125 -5.0553 -8.0001 -5.125 -6 -8.0001 -7
3 16 -6 -8.0001 -7 -5.0553 -8.0001 -5.125 -4.2779 -8.0001 -7.0019
3 16 -4.2779 -8.0001 -3.2481 -5.0553 -8.0001 -5.125 -6 -8.0001 -3.25
3 16 -6 -8.0001 -3.25 -5.0553 -8.0001 -5.125 -6 -8.0001 -5.125
3 16 50 -8.0001 -5.125 50 -8.0001 -7 0.2533 -8.0001 -5.125
3 16 0.2533 -8.0001 -5.125 50 -8.0001 -7 -0.5241 -8.0001 -7.0019
3 16 -0.5241 -8.0001 -3.2481 50 -8.0001 -3.25 0.2533 -8.0001 -5.125
3 16 0.2533 -8.0001 -5.125 50 -8.0001 -3.25 50 -8.0001 -5.125
3 16 -2.401 -13.7677 -3.25 50 -13.7677 -3.25 -0.5241 -8.0001 -3.2481
3 16 -0.5241 -8.0001 -3.2481 50 -13.7677 -3.25 50 -8.0001 -3.25
3 16 50 -8.0001 -7 50 -13.7677 -7 -0.5241 -8.0001 -7.0019
3 16 -0.5241 -8.0001 -7.0019 50 -13.7677 -7 -2.401 -13.7677 -7
3 16 50 -13.7677 -7 102.401 -13.7677 -7 50 -73.75 -7
3 16 50 -73.75 -7 102.401 -13.7677 -7 102.401 -73.75 -7
3 16 106 -73.75 -7 102.401 -73.75 -7 106 -13.7677 -7
3 16 106 -13.7677 -7 102.401 -73.75 -7 102.401 -13.7677 -7
3 16 106 -73.75 -5.125 106 -73.75 -7 106 -13.7677 -5.125
3 16 106 -13.7677 -5.125 106 -73.75 -7 106 -13.7677 -7
3 16 106 -73.75 -3.25 106 -73.75 -5.125 106 -13.7677 -3.25
3 16 106 -13.7677 -3.25 106 -73.75 -5.125 106 -13.7677 -5.125
3 16 102.401 -73.75 -3.25 106 -73.75 -3.25 102.401 -13.7677 -3.25
3 16 102.401 -13.7677 -3.25 106 -73.75 -3.25 106 -13.7677 -3.25
3 16 50 -73.75 -3.25 102.401 -73.75 -3.25 50 -13.7677 -3.25
3 16 50 -13.7677 -3.25 102.401 -73.75 -3.25 102.401 -13.7677 -3.25
3 16 -2.401 -73.75 -3.25 50 -73.75 -3.25 -2.401 -13.7677 -3.25
3 16 -2.401 -13.7677 -3.25 50 -73.75 -3.25 50 -13.7677 -3.25
3 16 -6 -73.75 -3.25 -2.401 -73.75 -3.25 -6 -13.7677 -3.25
3 16 -6 -13.7677 -3.25 -2.401 -73.75 -3.25 -2.401 -13.7677 -3.25
3 16 -6 -73.75 -5.125 -6 -73.75 -3.25 -6 -13.7677 -5.125
3 16 -6 -13.7677 -5.125 -6 -73.75 -3.25 -6 -13.7677 -3.25
3 16 -6 -73.75 -7 -6 -73.75 -5.125 -6 -13.7677 -7
3 16 -6 -13.7677 -7 -6 -73.75 -5.125 -6 -13.7677 -5.125
3 16 -2.401 -73.75 -7 -6 -73.75 -7 -2.401 -13.7677 -7
3 16 -2.401 -13.7677 -7 -6 -73.75 -7 -6 -13.7677 -7
3 16 50 -13.7677 -7 50 -73.75 -7 -2.401 -13.7677 -7
3 16 -2.401 -13.7677 -7 50 -73.75 -7 -2.401 -73.75 -7
2 24 102.401 -139.7872 -3.2481 100.5241 -139.5 -3.2481
2 24 100.7756 -140.009 -3.4996 100.5241 -139.5 -3.2481
2 24 104.0264 -140.009 -3.4996 104.2779 -139.5 -3.2481
2 24 102.401 -139.7872 -3.2481 104.2779 -139.5 -3.2481
2 24 104.2779 -139.5 -3.2481 105.0553 -139.5 -5.125
2 24 104.0264 -140.009 -6.7504 104.2779 -139.5 -7.0019
2 24 105.0553 -139.5 -5.125 104.2779 -139.5 -7.0019
2 24 104.2779 -139.5 -7.0019 102.401 -139.7872 -7.0019
2 24 100.7756 -140.009 -6.7504 100.5241 -139.5 -7.0019
2 24 102.401 -139.7872 -7.0019 100.5241 -139.5 -7.0019
2 24 100.5241 -139.5 -7.0019 99.7467 -139.5 -5.125
2 24 100.5241 -139.5 -3.2481 99.7467 -139.5 -5.125
2 24 106 -133.7323 -3.25 106 -139.5 -3.25
2 24 106 -139.5 -3.25 106 -139.5 -5.125
2 24 102.401 -139.7872 -3.2481 104.2779 -139.5 -3.2481
2 24 104.2779 -139.5 -7.0019 102.401 -139.7872 -7.0019
2 24 102.401 -139.7872 -7.0019 100.5241 -139.5 -7.0019
2 24 102.401 -139.7872 -3.2481 100.5241 -139.5 -3.2481
2 24 106 -139.5 -3.25 106 -133.7323 -3.25
2 24 104.2779 -139.5 -3.2481 106 -139.5 -3.25
2 24 104.2779 -139.5 -7.0019 106 -139.5 -7
2 24 106 -139.5 -7 106 -133.7323 -7
2 24 106 -139.5 -5.125 106 -139.5 -7
2 24 106 -139.5 -7 106 -133.7323 -7
2 24 106 -139.5 -5.125 106 -139.5 -7
2 24 105.0553 -139.5 -5.125 104.2779 -139.5 -7.0019
2 24 106 -139.5 -7 104.2779 -139.5 -7.0019
2 24 105.0553 -139.5 -5.125 104.2779 -139.5 -3.2481
2 24 104.2779 -139.5 -3.2481 106 -139.5 -3.25
2 24 106 -139.5 -5.125 106 -139.5 -3.25
2 24 50 -139.5 -7 100.5241 -139.5 -7.0019
2 24 99.7467 -139.5 -5.125 100.5241 -139.5 -7.0019
2 24 100.5241 -139.5 -3.2481 50 -139.5 -3.25
2 24 99.7467 -139.5 -5.125 100.5241 -139.5 -3.2481
2 24 100.5241 -139.5 -3.2481 50 -139.5 -3.25
2 24 100.5241 -139.5 -7.0019 50 -139.5 -7
2 24 106 -133.7323 -3.25 106 -73.75 -3.25
2 24 106 -133.7323 -3.25 106 -73.75 -3.25
2 24 106 -133.7323 -7 106 -73.75 -7
2 24 106 -133.7323 -7 106 -73.75 -7
2 24 100.5241 -8.0001 -3.2481 102.401 -7.7129 -3.2481
2 24 100.7756 -7.491 -3.4996 100.5241 -8.0001 -3.2481
2 24 102.401 -7.7129 -3.2481 104.2779 -8.0001 -3.2481
2 24 104.0264 -7.491 -3.4996 104.2779 -8.0001 -3.2481
2 24 104.2779 -8.0001 -3.2481 105.0553 -8.0001 -5.125
2 24 105.0553 -8.0001 -5.125 104.2779 -8.0001 -7.0019
2 24 104.0264 -7.491 -6.7504 104.2779 -8.0001 -7.0019
2 24 104.2779 -8.0001 -7.0019 102.401 -7.7129 -7.0019
2 24 102.401 -7.7129 -7.0019 100.5241 -8.0001 -7.0019
2 24 100.7756 -7.491 -6.7504 100.5241 -8.0001 -7.0019
2 24 100.5241 -8.0001 -7.0019 99.7467 -8.0001 -5.125
2 24 100.5241 -8.0001 -3.2481 99.7467 -8.0001 -5.125
2 24 106 -13.7677 -3.25 106 -8.0001 -3.25
2 24 106 -8.0001 -3.25 106 -8.0001 -5.125
2 24 102.401 -7.7129 -3.2481 104.2779 -8.0001 -3.2481
2 24 102.401 -7.7129 -7.0019 104.2779 -8.0001 -7.0019
2 24 102.401 -7.7129 -7.0019 100.5241 -8.0001 -7.0019
2 24 102.401 -7.7129 -3.2481 100.5241 -8.0001 -3.2481
2 24 104.2779 -8.0001 -3.2481 106 -8.0001 -3.25
2 24 106 -8.0001 -3.25 106 -13.7677 -3.25
2 24 104.2779 -8.0001 -7.0019 106 -8.0001 -7
2 24 106 -13.7677 -7 106 -8.0001 -7
2 24 106 -8.0001 -5.125 106 -8.0001 -7
2 24 106 -8.0001 -7 106 -13.7677 -7
2 24 104.2779 -8.0001 -7.0019 105.0553 -8.0001 -5.125
2 24 104.2779 -8.0001 -7.0019 106 -8.0001 -7
2 24 106 -8.0001 -7 106 -8.0001 -5.125
2 24 106 -8.0001 -5.125 106 -8.0001 -3.25
2 24 105.0553 -8.0001 -5.125 104.2779 -8.0001 -3.2481
2 24 106 -8.0001 -3.25 104.2779 -8.0001 -3.2481
2 24 100.5241 -8.0001 -7.0019 50 -8.0001 -7
2 24 100.5241 -8.0001 -7.0019 99.7467 -8.0001 -5.125
2 24 99.7467 -8.0001 -5.125 100.5241 -8.0001 -3.2481
2 24 100.5241 -8.0001 -3.2481 50 -8.0001 -3.25
2 24 100.5241 -8.0001 -3.2481 50 -8.0001 -3.25
2 24 100.5241 -8.0001 -7.0019 50 -8.0001 -7
2 24 -0.5241 -139.5 -3.2481 -2.401 -139.7872 -3.2481
2 24 -0.7756 -140.009 -3.4996 -0.5241 -139.5 -3.2481
2 24 -2.401 -139.7872 -3.2481 -4.2779 -139.5 -3.2481
2 24 -4.0264 -140.009 -3.4996 -4.2779 -139.5 -3.2481
2 24 -4.2779 -139.5 -3.2481 -5.0553 -139.5 -5.125
2 24 -5.0553 -139.5 -5.125 -4.2779 -139.5 -7.0019
2 24 -4.0264 -140.009 -6.7504 -4.2779 -139.5 -7.0019
2 24 -4.2779 -139.5 -7.0019 -2.401 -139.7872 -7.0019
2 24 -2.401 -139.7872 -7.0019 -0.5241 -139.5 -7.0019
2 24 -0.7756 -140.009 -6.7504 -0.5241 -139.5 -7.0019
2 24 -0.5241 -139.5 -7.0019 0.2533 -139.5 -5.125
2 24 -0.5241 -139.5 -3.2481 0.2533 -139.5 -5.125
2 24 -6 -133.7323 -3.25 -6 -139.5 -3.25
2 24 -6 -139.5 -3.25 -6 -139.5 -5.125
2 24 -2.401 -139.7872 -3.2481 -4.2779 -139.5 -3.2481
2 24 -2.401 -139.7872 -7.0019 -4.2779 -139.5 -7.0019
2 24 -2.401 -139.7872 -7.0019 -0.5241 -139.5 -7.0019
2 24 -2.401 -139.7872 -3.2481 -0.5241 -139.5 -3.2481
2 24 -4.2779 -139.5 -3.2481 -6 -139.5 -3.25
2 24 -6 -139.5 -3.25 -6 -133.7323 -3.25
2 24 -4.2779 -139.5 -7.0019 -6 -139.5 -7
2 24 -6 -133.7323 -7 -6 -139.5 -7
2 24 -6 -139.5 -5.125 -6 -139.5 -7
2 24 -6 -139.5 -7 -6 -133.7323 -7
2 24 -4.2779 -139.5 -7.0019 -5.0553 -139.5 -5.125
2 24 -4.2779 -139.5 -7.0019 -6 -139.5 -7
2 24 -6 -139.5 -7 -6 -139.5 -5.125
2 24 -6 -139.5 -5.125 -6 -139.5 -3.25
2 24 -5.0553 -139.5 -5.125 -4.2779 -139.5 -3.2481
2 24 -6 -139.5 -3.25 -4.2779 -139.5 -3.2481
2 24 50 -139.5 -7 -0.5241 -139.5 -7.0019
2 24 -0.5241 -139.5 -7.0019 0.2533 -139.5 -5.125
2 24 0.2533 -139.5 -5.125 -0.5241 -139.5 -3.2481
2 24 50 -139.5 -3.25 -0.5241 -139.5 -3.2481
2 24 50 -139.5 -3.25 -0.5241 -139.5 -3.2481
2 24 50 -139.5 -7 -0.5241 -139.5 -7.0019
2 24 -6 -133.7323 -3.25 -6 -73.75 -3.25
2 24 -6 -133.7323 -3.25 -6 -73.75 -3.25
2 24 -6 -133.7323 -7 -6 -73.75 -7
2 24 -6 -133.7323 -7 -6 -73.75 -7
2 24 -2.401 -7.7129 -3.2481 -0.5241 -8.0001 -3.2481
2 24 -0.7756 -7.491 -3.4996 -0.5241 -8.0001 -3.2481
2 24 -4.0264 -7.491 -3.4996 -4.2779 -8.0001 -3.2481
2 24 -2.401 -7.7129 -3.2481 -4.2779 -8.0001 -3.2481
2 24 -4.2779 -8.0001 -3.2481 -5.0553 -8.0001 -5.125
2 24 -4.0264 -7.491 -6.7504 -4.2779 -8.0001 -7.0019
2 24 -5.0553 -8.0001 -5.125 -4.2779 -8.0001 -7.0019
2 24 -4.2779 -8.0001 -7.0019 -2.401 -7.7129 -7.0019
2 24 -0.7756 -7.491 -6.7504 -0.5241 -8.0001 -7.0019
2 24 -2.401 -7.7129 -7.0019 -0.5241 -8.0001 -7.0019
2 24 -0.5241 -8.0001 -7.0019 0.2533 -8.0001 -5.125
2 24 -0.5241 -8.0001 -3.2481 0.2533 -8.0001 -5.125
2 24 -6 -13.7677 -3.25 -6 -8.0001 -3.25
2 24 -6 -8.0001 -3.25 -6 -8.0001 -5.125
2 24 -2.401 -7.7129 -3.2481 -4.2779 -8.0001 -3.2481
2 24 -4.2779 -8.0001 -7.0019 -2.401 -7.7129 -7.0019
2 24 -2.401 -7.7129 -7.0019 -0.5241 -8.0001 -7.0019
2 24 -2.401 -7.7129 -3.2481 -0.5241 -8.0001 -3.2481
2 24 -6 -8.0001 -3.25 -6 -13.7677 -3.25
2 24 -4.2779 -8.0001 -3.2481 -6 -8.0001 -3.25
2 24 -4.2779 -8.0001 -7.0019 -6 -8.0001 -7
2 24 -6 -8.0001 -7 -6 -13.7677 -7
2 24 -6 -8.0001 -5.125 -6 -8.0001 -7
2 24 -6 -8.0001 -7 -6 -13.7677 -7
2 24 -6 -8.0001 -5.125 -6 -8.0001 -7
2 24 -5.0553 -8.0001 -5.125 -4.2779 -8.0001 -7.0019
2 24 -6 -8.0001 -7 -4.2779 -8.0001 -7.0019
2 24 -5.0553 -8.0001 -5.125 -4.2779 -8.0001 -3.2481
2 24 -4.2779 -8.0001 -3.2481 -6 -8.0001 -3.25
2 24 -6 -8.0001 -5.125 -6 -8.0001 -3.25
2 24 50 -8.0001 -7 -0.5241 -8.0001 -7.0019
2 24 0.2533 -8.0001 -5.125 -0.5241 -8.0001 -7.0019
2 24 50 -8.0001 -3.25 -0.5241 -8.0001 -3.2481
2 24 0.2533 -8.0001 -5.125 -0.5241 -8.0001 -3.2481
2 24 50 -8.0001 -3.25 -0.5241 -8.0001 -3.2481
2 24 50 -8.0001 -7 -0.5241 -8.0001 -7.0019
2 24 106 -73.75 -7 106 -13.7677 -7
2 24 106 -73.75 -7 106 -13.7677 -7
2 24 106 -73.75 -3.25 106 -13.7677 -3.25
2 24 106 -73.75 -3.25 106 -13.7677 -3.25
2 24 -6 -73.75 -3.25 -6 -13.7677 -3.25
2 24 -6 -73.75 -3.25 -6 -13.7677 -3.25
2 24 -6 -73.75 -7 -6 -13.7677 -7
2 24 -6 -73.75 -7 -6 -13.7677 -7
2 24 102.401 -139.7928 -3.2238 100.518 -139.517 -3.2309
2 24 100.7651 -140.0281 -3.4873 100.518 -139.517 -3.2309
2 24 104.0366 -140.0278 -3.4866 104.2838 -139.517 -3.2307
2 24 102.401 -139.7928 -3.2238 104.2838 -139.517 -3.2307
2 24 104.2838 -139.517 -3.2307 105.0669 -139.5222 -5.1247
2 24 104.0369 -140.0281 -6.7627 104.2865 -139.5164 -7.0186
2 24 105.0669 -139.5222 -5.1247 104.2865 -139.5164 -7.0186
2 24 104.2865 -139.5164 -7.0186 102.401 -139.7928 -7.0262
2 24 100.7655 -140.0278 -6.7634 100.5158 -139.5164 -7.0188
2 24 102.401 -139.7928 -7.0262 100.5158 -139.5164 -7.0188
2 24 100.5158 -139.5164 -7.0188 99.7352 -139.5222 -5.1253
2 24 100.518 -139.517 -3.2309 99.7352 -139.5222 -5.1253
2 24 106.0177 -133.7323 -3.2323 106.0145 -139.5144 -3.2356
2 24 106.0145 -139.5144 -3.2356 106.0177 -139.5177 -5.125
2 24 102.401 -139.7928 -3.2238 104.2838 -139.517 -3.2307
2 24 104.2865 -139.5164 -7.0186 102.401 -139.7928 -7.0262
2 24 102.401 -139.7928 -7.0262 100.5158 -139.5164 -7.0188
2 24 102.401 -139.7928 -3.2238 100.518 -139.517 -3.2309
2 24 106.0145 -139.5144 -3.2356 106.0177 -133.7323 -3.2323
2 24 104.2838 -139.517 -3.2307 106.0145 -139.5144 -3.2356
2 24 104.2865 -139.5164 -7.0186 106.0145 -139.5144 -7.0144
2 24 106.0145 -139.5144 -7.0144 106.0177 -133.7323 -7.0177
2 24 106.0177 -139.5177 -5.125 106.0145 -139.5144 -7.0144
2 24 106.0145 -139.5144 -7.0144 106.0177 -133.7323 -7.0177
2 24 106.0177 -139.5177 -5.125 106.0145 -139.5144 -7.0144
2 24 105.0669 -139.5222 -5.1247 104.2865 -139.5164 -7.0186
2 24 106.0145 -139.5144 -7.0144 104.2865 -139.5164 -7.0186
2 24 105.0669 -139.5222 -5.1247 104.2838 -139.517 -3.2307
2 24 104.2838 -139.517 -3.2307 106.0145 -139.5144 -3.2356
2 24 106.0177 -139.5177 -5.125 106.0145 -139.5144 -3.2356
2 24 50 -139.5177 -7.0177 100.5158 -139.5164 -7.0188
2 24 99.7352 -139.5222 -5.1253 100.5158 -139.5164 -7.0188
2 24 100.518 -139.517 -3.2309 50 -139.5177 -3.2323
2 24 99.7352 -139.5222 -5.1253 100.518 -139.517 -3.2309
2 24 100.518 -139.517 -3.2309 50 -139.5177 -3.2323
2 24 100.5158 -139.5164 -7.0188 50 -139.5177 -7.0177
2 24 106.0177 -133.7323 -3.2323 106.0177 -73.75 -3.2323
2 24 106.0177 -133.7323 -3.2323 106.0177 -73.75 -3.2323
2 24 106.0177 -133.7323 -7.0177 106.0177 -73.75 -7.0177
2 24 106.0177 -133.7323 -7.0177 106.0177 -73.75 -7.0177
2 24 100.518 -7.983 -3.2309 102.401 -7.7073 -3.2238
2 24 100.7651 -7.4719 -3.4873 100.518 -7.983 -3.2309
2 24 102.401 -7.7073 -3.2238 104.2838 -7.9831 -3.2307
2 24 104.0366 -7.4722 -3.4866 104.2838 -7.9831 -3.2307
2 24 104.2838 -7.9831 -3.2307 105.0669 -7.9779 -5.1247
2 24 105.0669 -7.9779 -5.1247 104.2865 -7.9836 -7.0186
2 24 104.0369 -7.4719 -6.7627 104.2865 -7.9836 -7.0186
2 24 104.2865 -7.9836 -7.0186 102.401 -7.7073 -7.0262
2 24 102.401 -7.7073 -7.0262 100.5158 -7.9837 -7.0188
2 24 100.7655 -7.4722 -6.7634 100.5158 -7.9837 -7.0188
2 24 100.5158 -7.9837 -7.0188 99.7352 -7.9779 -5.1253
2 24 100.518 -7.983 -3.2309 99.7352 -7.9779 -5.1253
2 24 106.0177 -13.7677 -3.2323 106.0145 -7.9856 -3.2356
2 24 106.0145 -7.9856 -3.2356 106.0177 -7.9824 -5.125
2 24 102.401 -7.7073 -3.2238 104.2838 -7.9831 -3.2307
2 24 102.401 -7.7073 -7.0262 104.2865 -7.9836 -7.0186
2 24 102.401 -7.7073 -7.0262 100.5158 -7.9837 -7.0188
2 24 102.401 -7.7073 -3.2238 100.518 -7.983 -3.2309
2 24 104.2838 -7.9831 -3.2307 106.0145 -7.9856 -3.2356
2 24 106.0145 -7.9856 -3.2356 106.0177 -13.7677 -3.2323
2 24 104.2865 -7.9836 -7.0186 106.0145 -7.9856 -7.0144
2 24 106.0177 -13.7677 -7.0177 106.0145 -7.9856 -7.0144
2 24 106.0177 -7.9824 -5.125 106.0145 -7.9856 -7.0144
2 24 106.0145 -7.9856 -7.0144 106.0177 -13.7677 -7.0177
2 24 104.2865 -7.9836 -7.0186 105.0669 -7.9779 -5.1247
2 24 104.2865 -7.9836 -7.0186 106.0145 -7.9856 -7.0144
2 24 106.0145 -7.9856 -7.0144 106.0177 -7.9824 -5.125
2 24 106.0177 -7.9824 -5.125 106.0145 -7.9856 -3.2356
2 24 105.0669 -7.9779 -5.1247 104.2838 -7.9831 -3.2307
2 24 106.0145 -7.9856 -3.2356 104.2838 -7.9831 -3.2307
2 24 100.5158 -7.9837 -7.0188 50 -7.9824 -7.0177
2 24 100.5158 -7.9837 -7.0188 99.7352 -7.9779 -5.1253
2 24 99.7352 -7.9779 -5.1253 100.518 -7.983 -3.2309
2 24 100.518 -7.983 -3.2309 50 -7.9824 -3.2323
2 24 100.518 -7.983 -3.2309 50 -7.9824 -3.2323
2 24 100.5158 -7.9837 -7.0188 50 -7.9824 -7.0177
2 24 -0.518 -139.517 -3.2309 -2.401 -139.7928 -3.2238
2 24 -0.7651 -140.0281 -3.4873 -0.518 -139.517 -3.2309
2 24 -2.401 -139.7928 -3.2238 -4.2838 -139.517 -3.2307
2 24 -4.0365 -140.0278 -3.4866 -4.2838 -139.517 -3.2307
2 24 -4.2838 -139.517 -3.2307 -5.0668 -139.5222 -5.1247
2 24 -5.0668 -139.5222 -5.1247 -4.2865 -139.5164 -7.0186
2 24 -4.0369 -140.0281 -6.7627 -4.2865 -139.5164 -7.0186
2 24 -4.2865 -139.5164 -7.0186 -2.401 -139.7928 -7.0262
2 24 -2.401 -139.7928 -7.0262 -0.5158 -139.5164 -7.0188
2 24 -0.7654 -140.0278 -6.7634 -0.5158 -139.5164 -7.0188
2 24 -0.5158 -139.5164 -7.0188 0.2649 -139.5222 -5.1253
2 24 -0.518 -139.517 -3.2309 0.2649 -139.5222 -5.1253
2 24 -6.0177 -133.7323 -3.2323 -6.0144 -139.5144 -3.2356
2 24 -6.0144 -139.5144 -3.2356 -6.0177 -139.5177 -5.125
2 24 -2.401 -139.7928 -3.2238 -4.2838 -139.517 -3.2307
2 24 -2.401 -139.7928 -7.0262 -4.2865 -139.5164 -7.0186
2 24 -2.401 -139.7928 -7.0262 -0.5158 -139.5164 -7.0188
2 24 -2.401 -139.7928 -3.2238 -0.518 -139.517 -3.2309
2 24 -4.2838 -139.517 -3.2307 -6.0144 -139.5144 -3.2356
2 24 -6.0144 -139.5144 -3.2356 -6.0177 -133.7323 -3.2323
2 24 -4.2865 -139.5164 -7.0186 -6.0144 -139.5144 -7.0144
2 24 -6.0177 -133.7323 -7.0177 -6.0144 -139.5144 -7.0144
2 24 -6.0177 -139.5177 -5.125 -6.0144 -139.5144 -7.0144
2 24 -6.0144 -139.5144 -7.0144 -6.0177 -133.7323 -7.0177
2 24 -4.2865 -139.5164 -7.0186 -5.0668 -139.5222 -5.1247
2 24 -4.2865 -139.5164 -7.0186 -6.0144 -139.5144 -7.0144
2 24 -6.0144 -139.5144 -7.0144 -6.0177 -139.5177 -5.125
2 24 -6.0177 -139.5177 -5.125 -6.0144 -139.5144 -3.2356
2 24 -5.0668 -139.5222 -5.1247 -4.2838 -139.517 -3.2307
2 24 -6.0144 -139.5144 -3.2356 -4.2838 -139.517 -3.2307
2 24 50 -139.5177 -7.0177 -0.5158 -139.5164 -7.0188
2 24 -0.5158 -139.5164 -7.0188 0.2649 -139.5222 -5.1253
2 24 0.2649 -139.5222 -5.1253 -0.518 -139.517 -3.2309
2 24 50 -139.5177 -3.2323 -0.518 -139.517 -3.2309
2 24 50 -139.5177 -3.2323 -0.518 -139.517 -3.2309
2 24 50 -139.5177 -7.0177 -0.5158 -139.5164 -7.0188
2 24 -6.0177 -133.7323 -3.2323 -6.0177 -73.75 -3.2323
2 24 -6.0177 -133.7323 -3.2323 -6.0177 -73.75 -3.2323
2 24 -6.0177 -133.7323 -7.0177 -6.0177 -73.75 -7.0177
2 24 -6.0177 -133.7323 -7.0177 -6.0177 -73.75 -7.0177
2 24 -2.401 -7.7073 -3.2238 -0.518 -7.983 -3.2309
2 24 -0.7651 -7.4719 -3.4873 -0.518 -7.983 -3.2309
2 24 -4.0365 -7.4722 -3.4866 -4.2838 -7.9831 -3.2307
2 24 -2.401 -7.7073 -3.2238 -4.2838 -7.9831 -3.2307
2 24 -4.2838 -7.9831 -3.2307 -5.0668 -7.9779 -5.1247
2 24 -4.0369 -7.4719 -6.7627 -4.2865 -7.9836 -7.0186
2 24 -5.0668 -7.9779 -5.1247 -4.2865 -7.9836 -7.0186
2 24 -4.2865 -7.9836 -7.0186 -2.401 -7.7073 -7.0262
2 24 -0.7654 -7.4722 -6.7634 -0.5158 -7.9837 -7.0188
2 24 -2.401 -7.7073 -7.0262 -0.5158 -7.9837 -7.0188
2 24 -0.5158 -7.9837 -7.0188 0.2649 -7.9779 -5.1253
2 24 -0.518 -7.983 -3.2309 0.2649 -7.9779 -5.1253
2 24 -6.0177 -13.7677 -3.2323 -6.0144 -7.9856 -3.2356
2 24 -6.0144 -7.9856 -3.2356 -6.0177 -7.9824 -5.125
2 24 -2.401 -7.7073 -3.2238 -4.2838 -7.9831 -3.2307
2 24 -4.2865 -7.9836 -7.0186 -2.401 -7.7073 -7.0262
2 24 -2.401 -7.7073 -7.0262 -0.5158 -7.9837 -7.0188
2 24 -2.401 -7.7073 -3.2238 -0.518 -7.983 -3.2309
2 24 -6.0144 -7.9856 -3.2356 -6.0177 -13.7677 -3.2323
2 24 -4.2838 -7.9831 -3.2307 -6.0144 -7.9856 -3.2356
2 24 -4.2865 -7.9836 -7.0186 -6.0144 -7.9856 -7.0144
2 24 -6.0144 -7.9856 -7.0144 -6.0177 -13.7677 -7.0177
2 24 -6.0177 -7.9824 -5.125 -6.0144 -7.9856 -7.0144
2 24 -6.0144 -7.9856 -7.0144 -6.0177 -13.7677 -7.0177
2 24 -6.0177 -7.9824 -5.125 -6.0144 -7.9856 -7.0144
2 24 -5.0668 -7.9779 -5.1247 -4.2865 -7.9836 -7.0186
2 24 -6.0144 -7.9856 -7.0144 -4.2865 -7.9836 -7.0186
2 24 -5.0668 -7.9779 -5.1247 -4.2838 -7.9831 -3.2307
2 24 -4.2838 -7.9831 -3.2307 -6.0144 -7.9856 -3.2356
2 24 -6.0177 -7.9824 -5.125 -6.0144 -7.9856 -3.2356
2 24 50 -7.9824 -7.0177 -0.5158 -7.9837 -7.0188
2 24 0.2649 -7.9779 -5.1253 -0.5158 -7.9837 -7.0188
2 24 50 -7.9824 -3.2323 -0.518 -7.983 -3.2309
2 24 0.2649 -7.9779 -5.1253 -0.518 -7.983 -3.2309
2 24 50 -7.9824 -3.2323 -0.518 -7.983 -3.2309
2 24 50 -7.9824 -7.0177 -0.5158 -7.9837 -7.0188
2 24 106.0177 -73.75 -7.0177 106.0177 -13.7677 -7.0177
2 24 106.0177 -73.75 -7.0177 106.0177 -13.7677 -7.0177
2 24 106.0177 -73.75 -3.2323 106.0177 -13.7677 -3.2323
2 24 106.0177 -73.75 -3.2323 106.0177 -13.7677 -3.2323
2 24 -6.0177 -73.75 -3.2323 -6.0177 -13.7677 -3.2323
2 24 -6.0177 -73.75 -3.2323 -6.0177 -13.7677 -3.2323
2 24 -6.0177 -73.75 -7.0177 -6.0177 -13.7677 -7.0177
2 24 -6.0177 -73.75 -7.0177 -6.0177 -13.7677 -7.0177
0 STEP
