0 Untitled Model
0 Name: Untitled Model
0 Author: 
0 BFC CERTIFY CCW
3 16 22.6508 -15.4277 60.1657 22.5303 -8 70.0001 11.7756 -15.9549 60.0712
3 16 22.6508 -15.4277 60.1657 33.4861 -14.5175 59.4543 31.8407 -8 70.0001
3 16 33.4861 -14.5175 59.4543 41.1788 -8 70.0001 31.8407 -8 70.0001
3 16 44.2116 -13.1951 57.8856 54.7456 -11.4429 55.4199 50.5599 -8 70.0001
3 16 54.7456 -11.4429 55.4199 60 -8 70.0001 50.5599 -8 70.0001
3 16 70 -8 50.0001 60 -8 70.0001 65.0023 -9.255 52.0351
3 16 -10 -16 60.0001 11.7756 -15.9549 60.0712 13.2331 -8 70.0001
3 16 60 0 70.0001 50.5599 -8 70.0001 60 -8 70.0001
3 16 13.2331 -8 70.0001 22.5303 -8 70.0001 -10 0 70.0001
3 16 -10 -8 70.0001 13.2331 -8 70.0001 -10 0 70.0001
3 16 -10 -9 50.0001 -10 -8 70.0001 -10 0 70.0001
3 16 -10 0 70.0001 -10 0 50.0001 -10 -9 50.0001
3 16 60 0 70.0001 61.875 -5.25 66.2501 61.875 0 66.2501
3 16 70 -8 50.0001 66.7951 -5.25 56.4099 61.875 -5.25 66.2501
3 16 70 0 50.0001 66.7951 0 56.4099 66.7951 -5.25 56.4099
3 16 70 -8 50.0001 70 0 50.0001 66.7951 -5.25 56.4099
3 16 60 -8 70.0001 70 -8 50.0001 61.875 -5.25 66.2501
3 16 60 0 70.0001 60 -8 70.0001 61.875 -5.25 66.2501
3 16 60 0 70.0001 41.1788 -8 70.0001 50.5599 -8 70.0001
3 16 60 0 70.0001 31.8407 -8 70.0001 41.1788 -8 70.0001
3 16 -10 0 70.0001 22.5303 -8 70.0001 31.8407 -8 70.0001
3 16 60 0 70.0001 -10 0 70.0001 31.8407 -8 70.0001
3 16 -10 -9 50.0001 -10 -16 60.0001 -10 -8 70.0001
3 16 -10 -16 60.0001 13.2331 -8 70.0001 -10 -8 70.0001
3 16 22.5303 -8 70.0001 13.2331 -8 70.0001 11.7756 -15.9549 60.0712
3 16 22.6508 -15.4277 60.1657 31.8407 -8 70.0001 22.5303 -8 70.0001
3 16 33.4861 -14.5175 59.4543 44.2116 -13.1951 57.8856 41.1788 -8 70.0001
3 16 44.2116 -13.1951 57.8856 50.5599 -8 70.0001 41.1788 -8 70.0001
3 16 54.7456 -11.4429 55.4199 65.0023 -9.255 52.0351 60 -8 70.0001
3 16 -10 -16 60.0001 -10 -9 50.0001 -10 -16 30.0001
3 16 -10 -16 30.0001 -10 -9 50.0001 -10 -9 30.0001
3 16 11.7756 -15.9549 60.0712 -10 -16 60.0001 11.7756 -15.9549 30.0001
3 16 11.7756 -15.9549 30.0001 -10 -16 60.0001 -10 -16 30.0001
3 16 22.6508 -15.4277 60.1657 11.7756 -15.9549 60.0712 22.6508 -15.4277 30.0001
3 16 22.6508 -15.4277 30.0001 11.7756 -15.9549 60.0712 11.7756 -15.9549 30.0001
3 16 33.4861 -14.5175 30.0001 33.4861 -14.5175 59.4543 22.6508 -15.4277 30.0001
3 16 22.6508 -15.4277 30.0001 33.4861 -14.5175 59.4543 22.6508 -15.4277 60.1657
3 16 44.2116 -13.1951 30.0001 44.2116 -13.1951 57.8856 33.4861 -14.5175 30.0001
3 16 33.4861 -14.5175 30.0001 44.2116 -13.1951 57.8856 33.4861 -14.5175 59.4543
3 16 54.7456 -11.4429 30.0001 54.7456 -11.4429 55.4199 44.2116 -13.1951 30.0001
3 16 44.2116 -13.1951 30.0001 54.7456 -11.4429 55.4199 44.2116 -13.1951 57.8856
3 16 65.0023 -9.255 30.0001 65.0023 -9.255 52.0351 54.7456 -11.4429 30.0001
3 16 54.7456 -11.4429 30.0001 65.0023 -9.255 52.0351 54.7456 -11.4429 55.4199
3 16 70 -8 30.0001 70 -8 50.0001 65.0023 -9.255 30.0001
3 16 65.0023 -9.255 30.0001 70 -8 50.0001 65.0023 -9.255 52.0351
3 16 70 0 30.0001 70 0 50.0001 70 -8 30.0001
3 16 70 -8 30.0001 70 0 50.0001 70 -8 50.0001
3 16 22.6508 -15.4277 -0.1655 11.7756 -15.9549 -0.071 22.5303 -8 -9.9999
3 16 22.6508 -15.4277 -0.1655 31.8407 -8 -9.9999 33.4861 -14.5175 0.5459
3 16 33.4861 -14.5175 0.5459 31.8407 -8 -9.9999 41.1788 -8 -9.9999
3 16 44.2116 -13.1951 2.1146 50.5599 -8 -9.9999 54.7456 -11.4429 4.5803
3 16 54.7456 -11.4429 4.5803 50.5599 -8 -9.9999 60 -8 -9.9999
3 16 70 -8 10.0001 65.0023 -9.255 7.9651 60 -8 -9.9999
3 16 -10 -16 0.0001 13.2331 -8 -9.9999 11.7756 -15.9549 -0.071
3 16 60 0 -9.9999 60 -8 -9.9999 50.5599 -8 -9.9999
3 16 13.2331 -8 -9.9999 -10 0 -9.9999 22.5303 -8 -9.9999
3 16 -10 -8 -9.9999 -10 0 -9.9999 13.2331 -8 -9.9999
3 16 -10 -9 10.0001 -10 0 -9.9999 -10 -8 -9.9999
3 16 -10 0 -9.9999 -10 -9 10.0001 -10 0 10.0001
3 16 60 0 -9.9999 61.875 0 -6.2499 61.875 -5.25 -6.2499
3 16 70 -8 10.0001 61.875 -5.25 -6.2499 66.7951 -5.25 3.5903
3 16 70 0 10.0001 66.7951 -5.25 3.5903 66.7951 0 3.5903
3 16 70 -8 10.0001 66.7951 -5.25 3.5903 70 0 10.0001
3 16 60 -8 -9.9999 61.875 -5.25 -6.2499 70 -8 10.0001
3 16 60 0 -9.9999 61.875 -5.25 -6.2499 60 -8 -9.9999
3 16 60 0 -9.9999 50.5599 -8 -9.9999 41.1788 -8 -9.9999
3 16 60 0 -9.9999 41.1788 -8 -9.9999 31.8407 -8 -9.9999
3 16 -10 0 -9.9999 31.8407 -8 -9.9999 22.5303 -8 -9.9999
3 16 60 0 -9.9999 31.8407 -8 -9.9999 -10 0 -9.9999
3 16 -10 -9 10.0001 -10 -8 -9.9999 -10 -16 0.0001
3 16 -10 -16 0.0001 -10 -8 -9.9999 13.2331 -8 -9.9999
3 16 22.5303 -8 -9.9999 11.7756 -15.9549 -0.071 13.2331 -8 -9.9999
3 16 22.6508 -15.4277 -0.1655 22.5303 -8 -9.9999 31.8407 -8 -9.9999
3 16 33.4861 -14.5175 0.5459 41.1788 -8 -9.9999 44.2116 -13.1951 2.1146
3 16 44.2116 -13.1951 2.1146 41.1788 -8 -9.9999 50.5599 -8 -9.9999
3 16 54.7456 -11.4429 4.5803 60 -8 -9.9999 65.0023 -9.255 7.9651
3 16 -10 -16 0.0001 -10 -16 30.0001 -10 -9 10.0001
3 16 -10 -9 10.0001 -10 -16 30.0001 -10 -9 30.0001
3 16 -10 -16 30.0001 -10 -16 0.0001 11.7756 -15.9549 30.0001
3 16 11.7756 -15.9549 30.0001 -10 -16 0.0001 11.7756 -15.9549 -0.071
3 16 11.7756 -15.9549 30.0001 11.7756 -15.9549 -0.071 22.6508 -15.4277 30.0001
3 16 22.6508 -15.4277 30.0001 11.7756 -15.9549 -0.071 22.6508 -15.4277 -0.1655
3 16 33.4861 -14.5175 30.0001 22.6508 -15.4277 30.0001 33.4861 -14.5175 0.5459
3 16 33.4861 -14.5175 0.5459 22.6508 -15.4277 30.0001 22.6508 -15.4277 -0.1655
3 16 44.2116 -13.1951 30.0001 33.4861 -14.5175 30.0001 44.2116 -13.1951 2.1146
3 16 44.2116 -13.1951 2.1146 33.4861 -14.5175 30.0001 33.4861 -14.5175 0.5459
3 16 54.7456 -11.4429 30.0001 44.2116 -13.1951 30.0001 54.7456 -11.4429 4.5803
3 16 54.7456 -11.4429 4.5803 44.2116 -13.1951 30.0001 44.2116 -13.1951 2.1146
3 16 65.0023 -9.255 30.0001 54.7456 -11.4429 30.0001 65.0023 -9.255 7.9651
3 16 65.0023 -9.255 7.9651 54.7456 -11.4429 30.0001 54.7456 -11.4429 4.5803
3 16 70 -8 30.0001 65.0023 -9.255 30.0001 70 -8 10.0001
3 16 70 -8 10.0001 65.0023 -9.255 30.0001 65.0023 -9.255 7.9651
3 16 70 0 30.0001 70 -8 30.0001 70 0 10.0001
3 16 70 0 10.0001 70 -8 30.0001 70 -8 10.0001
3 16 0 -13.25 33.9382 1.9691 -13.25 33.4106 0 -8 33.9382
3 16 0 -8 33.9382 1.9691 -13.25 33.4106 1.9691 -8 33.4106
3 16 -1.9691 -13.25 33.4106 0 -13.25 33.9382 -1.9691 -8 33.4106
3 16 -1.9691 -8 33.4106 0 -13.25 33.9382 0 -8 33.9382
3 16 -3.4106 -13.25 31.9691 -1.9691 -13.25 33.4106 -3.4106 -8 31.9691
3 16 -3.4106 -8 31.9691 -1.9691 -13.25 33.4106 -1.9691 -8 33.4106
3 16 -3.9382 -13.25 30 -3.4106 -13.25 31.9691 -3.9382 -8 30
3 16 -3.9382 -8 30 -3.4106 -13.25 31.9691 -3.4106 -8 31.9691
3 16 -3.4106 -13.25 28.0309 -3.9382 -13.25 30 -3.4106 -8 28.0309
3 16 -3.4106 -8 28.0309 -3.9382 -13.25 30 -3.9382 -8 30
3 16 -1.9691 -13.25 26.5894 -3.4106 -13.25 28.0309 -1.9691 -8 26.5894
3 16 -1.9691 -8 26.5894 -3.4106 -13.25 28.0309 -3.4106 -8 28.0309
3 16 0 -13.25 26.0618 -1.9691 -13.25 26.5894 0 -8 26.0618
3 16 0 -8 26.0618 -1.9691 -13.25 26.5894 -1.9691 -8 26.5894
3 16 1.9691 -13.25 26.5894 0 -13.25 26.0618 1.9691 -8 26.5894
3 16 1.9691 -8 26.5894 0 -13.25 26.0618 0 -8 26.0618
3 16 3.4106 -13.25 28.0309 1.9691 -13.25 26.5894 3.4106 -8 28.0309
3 16 3.4106 -8 28.0309 1.9691 -13.25 26.5894 1.9691 -8 26.5894
3 16 3.9382 -13.25 30 3.4106 -13.25 28.0309 3.9382 -8 30
3 16 3.9382 -8 30 3.4106 -13.25 28.0309 3.4106 -8 28.0309
3 16 3.4106 -13.25 31.9691 3.9382 -13.25 30 3.4106 -8 31.9691
3 16 3.4106 -8 31.9691 3.9382 -13.25 30 3.9382 -8 30
3 16 3.4106 -8 31.9691 1.9691 -8 33.4106 3.4106 -13.25 31.9691
3 16 3.4106 -13.25 31.9691 1.9691 -8 33.4106 1.9691 -13.25 33.4106
3 16 1.9691 -8 33.4106 0 -8 30 0 -8 33.9382
3 16 0 -8 30 1.9691 -8 33.4106 3.4106 -8 31.9691
3 16 0 -8 30 3.4106 -8 31.9691 3.9382 -8 30
3 16 0 -8 30 3.9382 -8 30 3.4106 -8 28.0309
3 16 0 -8 30 3.4106 -8 28.0309 1.9691 -8 26.5894
3 16 0 -8 30 1.9691 -8 26.5894 0 -8 26.0618
3 16 0 -8 30 0 -8 26.0618 -1.9691 -8 26.5894
3 16 0 -8 30 -1.9691 -8 26.5894 -3.4106 -8 28.0309
3 16 0 -8 30 -3.4106 -8 28.0309 -3.9382 -8 30
3 16 0 -8 30 -3.9382 -8 30 -3.4106 -8 31.9691
3 16 0 -8 30 -3.4106 -8 31.9691 -1.9691 -8 33.4106
3 16 0 -8 30 -1.9691 -8 33.4106 0 -8 33.9382
3 16 46.25 -8 41.25 51.25 -8 38.75 46.25 -8 38.75
3 16 51.25 -8 41.25 51.25 -8 38.75 46.25 -8 41.25
3 16 46.25 -8 38.75 51.25 -8 38.75 46.25 -9.8798 38.75
3 16 46.25 -9.8798 38.75 51.25 -8 38.75 51.25 -8.9339 38.75
3 16 46.25 -9.8798 38.75 46.25 -9.8752 41.25 46.25 -8 38.75
3 16 46.25 -8 38.75 46.25 -9.8752 41.25 46.25 -8 41.25
3 16 46.25 -9.8752 41.25 51.25 -8.9339 41.25 46.25 -8 41.25
3 16 46.25 -8 41.25 51.25 -8.9339 41.25 51.25 -8 41.25
3 16 61.25 0 46.25 61.25 0 51.25 61.25 -6.5126 46.25
3 16 61.25 -6.5126 46.25 61.25 0 51.25 61.25 -6.5126 51.25
3 16 58.75 -7.1455 46.25 58.75 -7.1455 51.25 58.75 0 46.25
3 16 58.75 0 46.25 58.75 -7.1455 51.25 58.75 0 51.25
3 16 58.75 0 46.25 61.25 0 46.25 58.75 -7.1455 46.25
3 16 58.75 -7.1455 46.25 61.25 0 46.25 61.25 -6.5126 46.25
3 16 61.25 0 51.25 58.75 0 46.25 58.75 0 51.25
3 16 61.25 0 46.25 58.75 0 46.25 61.25 0 51.25
3 16 38.75 -11.0488 46.25 38.75 -10.6842 51.25 38.75 -8 46.25
3 16 38.75 -8 46.25 38.75 -10.6842 51.25 38.75 -8 51.25
3 16 41.25 -8 46.25 41.25 -8 51.25 41.25 -10.6891 46.25
3 16 41.25 -10.6891 46.25 41.25 -8 51.25 41.25 -10.3342 51.25
3 16 38.75 -8 46.25 41.25 -8 46.25 38.75 -11.0488 46.25
3 16 38.75 -11.0488 46.25 41.25 -8 46.25 41.25 -10.6891 46.25
3 16 38.75 -8 46.25 41.25 -8 51.25 41.25 -8 46.25
3 16 38.75 -8 51.25 41.25 -8 51.25 38.75 -8 46.25
3 16 18.75 -8 46.25 21.25 -8 46.25 18.75 -13.25 46.25
3 16 18.75 -13.25 46.25 21.25 -8 46.25 21.25 -13.25 46.25
3 16 18.75 -8 46.25 18.75 -8 51.25 21.25 -8 46.25
3 16 21.25 -8 46.25 18.75 -8 51.25 21.25 -8 51.25
3 16 21.25 -13.25 51.25 21.25 -13.25 46.25 21.25 -8 51.25
3 16 21.25 -8 51.25 21.25 -13.25 46.25 21.25 -8 46.25
3 16 18.75 -13.25 46.25 18.75 -13.25 51.25 18.75 -8 46.25
3 16 18.75 -8 46.25 18.75 -13.25 51.25 18.75 -8 51.25
3 16 -1.25 -8 46.25 1.25 -8 46.25 -1.25 -13.25 46.25
3 16 -1.25 -13.25 46.25 1.25 -8 46.25 1.25 -13.25 46.25
3 16 -1.25 -8 46.25 -1.25 -8 51.25 1.25 -8 46.25
3 16 1.25 -8 46.25 -1.25 -8 51.25 1.25 -8 51.25
3 16 -1.25 -8 51.25 -1.25 -8 46.25 -1.25 -13.25 51.25
3 16 -1.25 -13.25 51.25 -1.25 -8 46.25 -1.25 -13.25 46.25
3 16 1.25 -8 46.25 1.25 -8 51.25 1.25 -13.25 46.25
3 16 1.25 -13.25 46.25 1.25 -8 51.25 1.25 -13.2481 51.25
3 16 13.75 -8 38.75 8.75 -8 38.75 8.75 -8 41.25
3 16 13.75 -13.25 38.75 13.75 -8 41.25 13.75 -13.25 41.25
3 16 8.75 -8 41.25 8.75 -13.25 41.25 13.75 -13.25 41.25
3 16 8.75 -13.25 38.75 8.75 -8 38.75 13.75 -8 38.75
3 16 8.75 -13.25 38.75 13.75 -8 38.75 13.75 -13.25 38.75
3 16 13.75 -13.25 38.75 13.75 -8 38.75 13.75 -8 41.25
3 16 13.75 -8 41.25 8.75 -8 41.25 13.75 -13.25 41.25
3 16 13.75 -8 38.75 8.75 -8 41.25 13.75 -8 41.25
3 16 37.3848 -11.2477 46.125 51.25 -8.9339 51.25 40 -10.8848 46.125
3 16 37.3848 -11.2477 46.125 26.25 -12.4346 46.125 26.25 -12.4346 51.25
3 16 51.25 -8.9339 51.25 43.0625 -10.4585 45.3044 40 -10.8848 46.125
3 16 51.25 -8.9339 51.25 45.3044 -10.0355 43.0625 43.0625 -10.4585 45.3044
3 16 45.3098 -10.8696 43.0625 46.1277 -10.8022 40 45.3098 -10.8696 36.9375
3 16 26.25 -12.4346 33.875 26.25 -12.4346 46.125 37.3445 -11.5201 33.875
3 16 26.25 -12.4346 46.125 37.3848 -11.2477 46.125 37.3472 -11.5199 46.125
3 16 26.25 -12.4346 33.875 37.3445 -11.5201 33.875 37.3821 -11.2481 33.875
3 16 43.0755 -11.0537 34.6956 43.0625 -10.4576 34.6956 40 -10.8846 33.875
3 16 45.3098 -10.8696 36.9375 45.3044 -10.0341 36.9375 43.0625 -10.4576 34.6956
3 16 46.1277 -10.8022 40 46.125 -9.9035 40 45.3044 -10.0341 36.9375
3 16 45.3098 -10.8696 43.0625 45.3044 -10.0355 43.0625 46.125 -9.9035 40
3 16 43.0755 -11.0537 45.3044 43.0625 -10.4585 45.3044 45.3044 -10.0355 43.0625
3 16 40.0233 -11.3051 46.125 40 -10.8848 46.125 43.0625 -10.4585 45.3044
3 16 40.0233 -11.3051 33.875 40 -10.8846 33.875 37.3821 -11.2481 33.875
3 16 40 -10.8848 46.125 40.0233 -11.3051 46.125 37.3472 -11.5199 46.125
3 16 53.0902 0 53.75 54.4098 0 57.2049 55.5279 0 54.9689
3 16 51.25 0 51.25 47.5 0 53.75 53.0902 0 53.75
3 16 53.0902 0 53.75 62.0656 0 51.25 53.75 0 51.25
3 16 53.0902 0 53.75 61.4754 0 53.75 62.0656 0 51.25
3 16 61.4754 0 53.75 64.559 0 52.4967 62.0656 0 51.25
3 16 66.7951 0 56.4098 64.559 0 52.4967 61.4754 0 53.75
3 16 66.7951 0 56.4098 70 0 50 64.559 0 52.4967
3 16 51.25 0 51.25 -6.25 0 51.25 47.5 0 53.75
3 16 -6.25 0 51.25 -6.25 0 50 -10 0 50
3 16 -10 0 50 -10 0 70 -6.25 0 53.75
3 16 60 0 70 -6.25 0 66.25 -10 0 70
3 16 -9 -9 50 -10 -9 50 -9 -8 50
3 16 -6.25 0 50 -6.25 -8 50 -9 -8 50
3 16 -6.25 -8 50 -6.25 0 50 -6.25 0 51.25
3 16 26.25 -12.4346 51.25 51.25 0 51.25 51.25 -8.9339 51.25
3 16 -6.25 0 51.25 26.25 -12.4346 51.25 -6.25 -13.25 51.25
3 16 26.25 -13.25 51.25 -6.25 -13.25 51.25 26.25 -12.4346 51.25
3 16 51.25 0 51.25 26.25 -12.4346 51.25 -6.25 0 51.25
3 16 66.25 -5.2519 49.1148 62.0656 -6.3062 51.25 64.5581 -5.2512 52.4962
3 16 47.5 0 53.75 -6.25 -13.25 53.75 47.5 -9.6553 53.75
3 16 -6.25 0 53.75 -6.25 -13.25 53.75 47.5 0 53.75
3 16 47.5 -9.6553 53.75 -6.25 -13.25 60 49.8341 -9.215 54.9171
3 16 54.4098 0 57.2049 49.8341 -9.215 54.9171 54.4098 -6.851 57.2049
3 16 47.5 0 53.75 49.8341 -9.215 54.9171 54.4098 0 57.2049
3 16 55.5279 -7.31 54.9689 53.0902 -8.5525 53.75 55.5279 0 54.9689
3 16 55.5279 -7.31 54.9689 55.5279 0 54.9689 54.4098 0 57.2049
3 16 61.4754 0 53.75 53.0902 0 53.75 61.4754 -5.912 53.75
3 16 61.4754 0 53.75 61.4754 -5.912 53.75 66.7951 -5.25 56.4098
3 16 64.5581 -5.2512 52.4962 64.559 0 52.4967 66.25 0 49.1148
3 16 64.5581 -5.2512 52.4962 62.0656 -6.3062 51.25 64.559 0 52.4967
3 16 53.75 -8.4112 51.25 53.75 0 51.25 62.0656 0 51.25
3 16 54.4098 -6.851 57.2049 61.4754 -5.912 53.75 55.5279 -7.31 54.9689
3 16 53.0902 -8.5525 53.75 55.5279 -7.31 54.9689 61.4754 -5.912 53.75
3 16 61.875 -5.25 66.25 61.4754 -5.912 53.75 52.2841 -5.25 66.25
3 16 49.8341 -9.215 54.9171 23.0171 -5.25 66.25 52.2841 -5.25 66.25
3 16 52.2841 -5.25 66.25 54.4098 -6.851 57.2049 49.8341 -9.215 54.9171
3 16 61.4754 -5.912 53.75 54.4098 -6.851 57.2049 52.2841 -5.25 66.25
3 16 -6.25 -13.25 60 47.5 -9.6553 53.75 -6.25 -13.25 53.75
3 16 61.4754 -5.912 53.75 61.875 -5.25 66.25 66.7951 -5.25 56.4098
3 16 -6.25 -5.25 66.25 -6.25 0 53.75 -6.25 0 66.25
3 16 -6.25 -13.25 60 -6.25 0 53.75 -6.25 -5.25 66.25
3 16 -6.25 0 66.25 61.875 0 66.25 23.0171 -5.25 66.25
3 16 61.875 -5.25 66.25 52.2841 -5.25 66.25 61.875 0 66.25
3 16 62.0656 -6.3062 51.25 62.0656 0 51.25 64.559 0 52.4967
3 16 64.5581 -5.2512 52.4962 66.25 0 49.1148 66.25 -5.2519 49.1148
3 16 62.0656 -6.3062 51.25 53.75 -8.4112 51.25 62.0656 0 51.25
3 16 70 0 50 66.25 0 49.1148 64.559 0 52.4967
3 16 49.8341 -9.215 54.9171 -6.25 -13.25 60 23.0171 -5.25 66.25
3 16 -6.25 -13.25 60 -6.25 -5.25 66.25 23.0171 -5.25 66.25
3 16 -6.25 0 66.25 23.0171 -5.25 66.25 -6.25 -5.25 66.25
3 16 61.875 0 66.25 52.2841 -5.25 66.25 23.0171 -5.25 66.25
3 16 47.5 0 53.75 47.5 -9.6553 53.75 49.8341 -9.215 54.9171
3 16 47.5 0 53.75 54.4098 0 57.2049 53.0902 0 53.75
3 16 53.0902 0 53.75 53.75 0 51.25 51.25 0 51.25
3 16 -6.25 0 51.25 -6.25 0 53.75 47.5 0 53.75
3 16 -6.25 0 51.25 -10 0 50 -6.25 0 53.75
3 16 -10 0 70 -6.25 0 66.25 -6.25 0 53.75
3 16 60 0 70 61.875 0 66.25 -6.25 0 66.25
3 16 40.0233 -11.3051 33.875 37.3472 -11.5199 46.125 40.0233 -11.3051 46.125
3 16 37.3848 -11.2477 46.125 26.25 -12.4346 51.25 51.25 -8.9339 51.25
3 16 26.25 -13.25 51.25 26.25 -12.4346 51.25 26.25 -12.4346 46.125
3 16 26.25 -13.25 51.25 26.25 -12.4346 46.125 26.25 -13.25 30
3 16 26.25 -13.25 30 26.25 -12.4346 46.125 26.25 -12.4346 33.875
3 16 43.0755 -11.0537 45.3044 45.3098 -10.8696 36.9375 43.0755 -11.0537 34.6956
3 16 43.0755 -11.0537 45.3044 45.3098 -10.8696 43.0625 45.3098 -10.8696 36.9375
3 16 40.0233 -11.3051 33.875 40.0233 -11.3051 46.125 43.0755 -11.0537 34.6956
3 16 40.0233 -11.3051 46.125 43.0755 -11.0537 45.3044 43.0755 -11.0537 34.6956
3 16 40.0233 -11.3051 33.875 37.3445 -11.5201 33.875 37.3472 -11.5199 46.125
3 16 37.3848 -11.2477 46.125 40 -10.8848 46.125 37.3472 -11.5199 46.125
3 16 40.0233 -11.3051 46.125 43.0625 -10.4585 45.3044 43.0755 -11.0537 45.3044
3 16 43.0755 -11.0537 45.3044 45.3044 -10.0355 43.0625 45.3098 -10.8696 43.0625
3 16 45.3098 -10.8696 43.0625 46.125 -9.9035 40 46.1277 -10.8022 40
3 16 46.1277 -10.8022 40 45.3044 -10.0341 36.9375 45.3098 -10.8696 36.9375
3 16 45.3098 -10.8696 36.9375 43.0625 -10.4576 34.6956 43.0755 -11.0537 34.6956
3 16 43.0755 -11.0537 34.6956 40 -10.8846 33.875 40.0233 -11.3051 33.875
3 16 40.0233 -11.3051 33.875 37.3821 -11.2481 33.875 37.3445 -11.5201 33.875
3 16 51.25 -8.9339 51.25 46.125 -9.9035 40 45.3044 -10.0355 43.0625
3 16 -10 0 50 -6.25 0 50 -9 -8 50
3 16 -6.25 -8 50 -6.25 0 51.25 -6.25 -13.25 51.25
3 16 66.7951 0 56.4098 61.4754 0 53.75 66.7951 -5.25 56.4098
3 16 53.0902 0 53.75 53.0902 -8.5525 53.75 61.4754 -5.912 53.75
3 16 53.0902 -8.5525 53.75 53.0902 0 53.75 55.5279 0 54.9689
3 16 54.4098 -6.851 57.2049 55.5279 -7.31 54.9689 54.4098 0 57.2049
3 16 26.25 -12.4346 46.125 37.3472 -11.5199 46.125 37.3445 -11.5201 33.875
3 16 -10 -9 50 -10 0 50 -9 -8 50
3 16 -6.25 -13.25 60 -6.25 -13.25 53.75 -6.25 0 53.75
3 16 63.7312 0 30 59.9812 0 30 63.2288 0 31.8749
3 16 63.2288 0 31.8749 59.9812 0 30 61.8562 0 33.2475
3 16 61.8562 0 33.2475 59.9812 0 30 59.9812 0 33.7499
3 16 59.9812 0 33.7499 59.9812 0 30 58.1062 0 33.2475
3 16 58.1062 0 33.2475 59.9812 0 30 56.7336 0 31.8749
3 16 56.7336 0 31.8749 59.9812 0 30 56.2312 0 30
3 16 63.2288 -6.0131 31.8749 63.7312 -5.8865 30 63.2288 0 31.8749
3 16 63.7312 -5.8865 30 63.7312 0 30 63.2288 0 31.8749
3 16 61.8562 -6.3592 33.2475 63.2288 -6.0131 31.8749 61.8562 0 33.2475
3 16 63.2288 -6.0131 31.8749 63.2288 0 31.8749 61.8562 0 33.2475
3 16 59.9812 -6.8338 33.7499 61.8562 -6.3592 33.2475 59.9812 0 33.7499
3 16 61.8562 -6.3592 33.2475 61.8562 0 33.2475 59.9812 0 33.7499
3 16 58.1062 -7.3085 33.2475 59.9812 -6.8338 33.7499 58.1062 0 33.2475
3 16 59.9812 -6.8338 33.7499 59.9812 0 33.7499 58.1062 0 33.2475
3 16 56.7336 -7.6559 31.8749 58.1062 -7.3085 33.2475 56.7336 0 31.8749
3 16 58.1062 -7.3085 33.2475 58.1062 0 33.2475 56.7336 0 31.8749
3 16 56.2312 -7.7831 30 56.7336 -7.6559 31.8749 56.2312 0 30
3 16 56.7336 -7.6559 31.8749 56.7336 0 31.8749 56.2312 0 30
3 16 53.2476 0 58.1366 50 0 60.0116 53.75 0 60.0116
3 16 53.75 0 60.0116 50 0 60.0116 53.2476 0 61.8866
3 16 53.2476 0 61.8866 50 0 60.0116 51.875 0 63.2592
3 16 51.875 0 63.2592 50 0 60.0116 50 0 63.7616
3 16 50 0 63.7616 50 0 60.0116 48.125 0 63.2592
3 16 48.125 0 63.2592 50 0 60.0116 46.7524 0 61.8866
3 16 46.7524 0 61.8866 50 0 60.0116 46.25 0 60.0116
3 16 46.25 0 60.0116 50 0 60.0116 46.7524 0 58.1366
3 16 46.7524 0 58.1366 50 0 60.0116 48.125 0 56.764
3 16 48.125 0 56.764 50 0 60.0116 50 0 56.2616
3 16 50 0 56.2616 50 0 60.0116 51.875 0 56.764
3 16 51.875 0 56.764 50 0 60.0116 53.2476 0 58.1366
3 16 53.2476 0 58.1366 53.75 0 60.0116 53.2476 -7.0475 58.1366
3 16 53.2476 -7.0475 58.1366 53.75 0 60.0116 53.75 -6.3543 60.0116
3 16 53.75 0 60.0116 53.2476 0 61.8866 53.75 -6.3543 60.0116
3 16 53.75 -6.3543 60.0116 53.2476 0 61.8866 53.2476 -6.0461 61.8866
3 16 51.875 -6.2054 63.2592 53.2476 -6.0461 61.8866 51.875 0 63.2592
3 16 53.2476 -6.0461 61.8866 53.2476 0 61.8866 51.875 0 63.2592
3 16 50 -6.1206 63.7616 51.6506 -6.2753 63.3193 50 0 63.7616
3 16 51.875 -6.2054 63.2592 51.875 0 63.2592 51.6506 -6.2753 63.3193
3 16 51.875 0 63.2592 50 0 63.7616 51.6506 -6.2753 63.3193
3 16 48.125 -6.2964 63.2592 50 -6.1206 63.7616 48.125 0 63.2592
3 16 50 -6.1206 63.7616 50 0 63.7616 48.125 0 63.2592
3 16 46.7524 -6.7766 61.8866 48.125 -6.2964 63.2592 46.7524 0 61.8866
3 16 48.125 -6.2964 63.2592 48.125 0 63.2592 46.7524 0 61.8866
3 16 46.25 -7.4326 60.0116 46.7524 -6.7766 61.8866 46.25 0 60.0116
3 16 46.7524 -6.7766 61.8866 46.7524 0 61.8866 46.25 0 60.0116
3 16 46.7524 -8.0886 58.1366 46.25 -7.4326 60.0116 46.7524 0 58.1366
3 16 46.25 -7.4326 60.0116 46.25 0 60.0116 46.7524 0 58.1366
3 16 48.125 -8.5688 56.764 46.7524 -8.0886 58.1366 48.125 0 56.764
3 16 46.7524 -8.0886 58.1366 46.7524 0 58.1366 48.125 0 56.764
3 16 50 -8.7446 56.2616 48.125 -8.5688 56.764 50 0 56.2616
3 16 48.125 -8.5688 56.764 48.125 0 56.764 50 0 56.2616
3 16 50 -8.7446 56.2616 50 0 56.2616 50.1325 -8.7322 56.2971
3 16 50 0 56.2616 51.875 0 56.764 50.1325 -8.7322 56.2971
3 16 50.1325 -8.7322 56.2971 51.875 0 56.764 51.875 -7.9399 56.764
3 16 51.875 0 56.764 53.2476 0 58.1366 51.875 -7.9399 56.764
3 16 51.875 -7.9399 56.764 53.2476 0 58.1366 53.2476 -7.0475 58.1366
3 16 33.2476 0 58.1366 30 0 60.0116 33.75 0 60.0116
3 16 33.75 0 60.0116 30 0 60.0116 33.2476 0 61.8866
3 16 33.2476 0 61.8866 30 0 60.0116 31.875 0 63.2592
3 16 31.875 0 63.2592 30 0 60.0116 30 0 63.7616
3 16 30 0 63.7616 30 0 60.0116 28.125 0 63.2592
3 16 28.125 0 63.2592 30 0 60.0116 26.7524 0 61.8866
3 16 26.7524 0 61.8866 30 0 60.0116 26.25 0 60.0116
3 16 26.25 0 60.0116 30 0 60.0116 26.7524 0 58.1366
3 16 26.7524 0 58.1366 30 0 60.0116 28.125 0 56.764
3 16 28.125 0 56.764 30 0 60.0116 30 0 56.2616
3 16 30 0 56.2616 30 0 60.0116 31.875 0 56.764
3 16 31.875 0 56.764 30 0 60.0116 33.2476 0 58.1366
3 16 33.2476 0 58.1366 33.75 0 60.0116 33.2476 -9.272 58.1366
3 16 33.2476 -9.272 58.1366 33.75 0 60.0116 33.75 -7.9642 60.0116
3 16 33.75 -7.9642 60.0116 33.75 0 60.0116 33.2476 -6.7891 61.8866
3 16 33.2476 -6.7891 61.8866 33.75 0 60.0116 33.2476 0 61.8866
3 16 33.2476 -6.7891 61.8866 33.2476 0 61.8866 33.1784 -6.7524 61.9558
3 16 33.2476 0 61.8866 31.875 0 63.2592 33.1784 -6.7524 61.9558
3 16 33.1784 -6.7524 61.9558 31.875 0 63.2592 31.875 -6.2964 63.2592
3 16 31.875 0 63.2592 30 0 63.7616 31.875 -6.2964 63.2592
3 16 31.875 -6.2964 63.2592 30 0 63.7616 30 -6.1206 63.7616
3 16 28.125 -6.5562 63.2592 29.3301 -6.1834 63.5821 28.125 0 63.2592
3 16 28.125 0 63.2592 29.3301 -6.1834 63.5821 30 0 63.7616
3 16 29.3301 -6.1834 63.5821 30 -6.1206 63.7616 30 0 63.7616
3 16 26.7524 -7.6461 61.8866 28.125 -6.5562 63.2592 26.7524 0 61.8866
3 16 28.125 -6.5562 63.2592 28.125 0 63.2592 26.7524 0 61.8866
3 16 26.25 -8.9539 60.0116 26.7524 -7.6461 61.8866 26.25 0 60.0116
3 16 26.7524 -7.6461 61.8866 26.7524 0 61.8866 26.25 0 60.0116
3 16 26.7524 -10.129 58.1366 26.25 -8.9539 60.0116 26.7524 0 58.1366
3 16 26.25 -8.9539 60.0116 26.25 0 60.0116 26.7524 0 58.1366
3 16 28.125 -10.8007 56.764 27.9924 -10.7864 56.8966 28.125 0 56.764
3 16 26.7524 -10.129 58.1366 26.7524 0 58.1366 27.9924 -10.7864 56.8966
3 16 27.9924 -10.7864 56.8966 26.7524 0 58.1366 28.125 0 56.764
3 16 28.125 0 56.764 30 0 56.2616 28.125 -10.8007 56.764
3 16 28.125 -10.8007 56.764 30 0 56.2616 30 -10.7315 56.2616
3 16 30 -10.7315 56.2616 30 0 56.2616 31.2635 -10.5511 56.6001
3 16 30 0 56.2616 31.875 0 56.764 31.2635 -10.5511 56.6001
3 16 31.2635 -10.5511 56.6001 31.875 0 56.764 31.875 -10.3619 56.764
3 16 31.875 0 56.764 33.2476 0 58.1366 31.875 -10.3619 56.764
3 16 31.875 -10.3619 56.764 33.2476 0 58.1366 33.2476 -9.272 58.1366
3 16 13.2476 0 58.1366 10 0 60.0116 13.75 0 60.0116
3 16 13.75 0 60.0116 10 0 60.0116 13.2476 0 61.8866
3 16 13.2476 0 61.8866 10 0 60.0116 11.875 0 63.2592
3 16 11.875 0 63.2592 10 0 60.0116 10 0 63.7616
3 16 10 0 63.7616 10 0 60.0116 8.125 0 63.2592
3 16 8.125 0 63.2592 10 0 60.0116 6.7524 0 61.8866
3 16 6.7524 0 61.8866 10 0 60.0116 6.25 0 60.0116
3 16 6.25 0 60.0116 10 0 60.0116 6.7524 0 58.1366
3 16 6.7524 0 58.1366 10 0 60.0116 8.125 0 56.764
3 16 8.125 0 56.764 10 0 60.0116 10 0 56.2616
3 16 10 0 56.2616 10 0 60.0116 11.875 0 56.764
3 16 11.875 0 56.764 10 0 60.0116 13.2476 0 58.1366
3 16 13.2476 -11.8663 58.1366 13.2476 0 58.1366 13.2728 -11.8454 58.2306
3 16 13.2476 0 58.1366 13.75 0 60.0116 13.2728 -11.8454 58.2306
3 16 13.2728 -11.8454 58.2306 13.75 0 60.0116 13.75 -10.6033 60.0116
3 16 13.75 0 60.0116 13.2476 0 61.8866 13.75 -10.6033 60.0116
3 16 13.75 -10.6033 60.0116 13.2476 0 61.8866 13.2476 -9.4281 61.8866
3 16 13.2476 0 61.8866 11.875 0 63.2592 13.2476 -9.4281 61.8866
3 16 13.2476 -9.4281 61.8866 11.875 0 63.2592 11.875 -8.7004 63.2592
3 16 11.875 -8.7004 63.2592 11.875 0 63.2592 10.6052 -8.6427 63.5994
3 16 11.875 0 63.2592 10 0 63.7616 10.6052 -8.6427 63.5994
3 16 10.6052 -8.6427 63.5994 10 0 63.7616 10 -8.4351 63.7616
3 16 8.125 -9.0782 63.2592 10 -8.4351 63.7616 8.125 0 63.2592
3 16 10 -8.4351 63.7616 10 0 63.7616 8.125 0 63.2592
3 16 6.7524 -10.2852 61.8866 7.8842 -9.3865 63.0184 6.7524 0 61.8866
3 16 8.125 -9.0782 63.2592 8.125 0 63.2592 7.8842 -9.3865 63.0184
3 16 7.8842 -9.3865 63.0184 8.125 0 63.2592 6.7524 0 61.8866
3 16 6.25 -11.5929 60.0116 6.7524 -10.2852 61.8866 6.25 0 60.0116
3 16 6.7524 -10.2852 61.8866 6.7524 0 61.8866 6.25 0 60.0116
3 16 6.7524 -12.3804 58.1366 6.6552 -12.3869 58.4994 6.7524 0 58.1366
3 16 6.6552 -12.3869 58.4994 6.25 0 60.0116 6.7524 0 58.1366
3 16 6.6552 -12.3869 58.4994 6.5643 -12.3281 58.8386 6.25 0 60.0116
3 16 6.5643 -12.3281 58.8386 6.25 -11.5929 60.0116 6.25 0 60.0116
3 16 6.7524 0 58.1366 8.125 0 56.764 6.7524 -12.3804 58.1366
3 16 6.7524 -12.3804 58.1366 8.125 0 56.764 8.125 -12.2886 56.764
3 16 8.125 0 56.764 10 0 56.2616 8.125 -12.2886 56.764
3 16 8.125 -12.2886 56.764 10 0 56.2616 10 -12.1632 56.2616
3 16 10 0 56.2616 11.875 0 56.764 10 -12.1632 56.2616
3 16 10 -12.1632 56.2616 11.875 0 56.764 11.875 -12.0378 56.764
3 16 11.875 -12.0378 56.764 11.875 0 56.764 12.8859 -11.9702 57.7749
3 16 11.875 0 56.764 13.2476 0 58.1366 12.8859 -11.9702 57.7749
3 16 12.8859 -11.9702 57.7749 13.2476 0 58.1366 13.2476 -11.8663 58.1366
3 16 66.25 0 30 66.25 0 49.1148 70 0 30
3 16 70 0 30 66.25 0 49.1148 70 0 50
3 16 66.25 -5.2519 30 66.25 -5.2519 49.1148 66.25 0 30
3 16 66.25 0 30 66.25 -5.2519 49.1148 66.25 0 49.1148
3 16 62.0656 -6.3062 51.25 66.25 -5.2519 49.1148 62.0656 -6.3062 30
3 16 62.0656 -6.3062 30 66.25 -5.2519 49.1148 66.25 -5.2519 30
3 16 53.75 -8.4112 30 53.75 -8.4112 51.25 62.0656 -6.3062 30
3 16 62.0656 -6.3062 30 53.75 -8.4112 51.25 62.0656 -6.3062 51.25
3 16 53.75 0 30 53.75 0 51.25 53.75 -8.4112 30
3 16 53.75 -8.4112 30 53.75 0 51.25 53.75 -8.4112 51.25
3 16 51.25 0 30 51.25 0 51.25 53.75 0 30
3 16 53.75 0 30 51.25 0 51.25 53.75 0 51.25
3 16 51.25 -8.9339 51.25 51.25 0 51.25 51.25 -8.9339 30
3 16 51.25 -8.9339 30 51.25 0 51.25 51.25 0 30
3 16 46.125 -9.9035 30 46.125 -9.9035 40 51.25 -8.9339 30
3 16 51.25 -8.9339 30 46.125 -9.9035 40 51.25 -8.9339 51.25
3 16 45.3044 -10.0341 30 45.3044 -10.0341 36.9375 46.125 -9.9035 30
3 16 46.125 -9.9035 30 45.3044 -10.0341 36.9375 46.125 -9.9035 40
3 16 43.0625 -10.4576 30 43.0625 -10.4576 34.6956 45.3044 -10.0341 30
3 16 45.3044 -10.0341 30 43.0625 -10.4576 34.6956 45.3044 -10.0341 36.9375
3 16 40 -10.8846 30 40 -10.8846 33.875 43.0625 -10.4576 30
3 16 43.0625 -10.4576 30 40 -10.8846 33.875 43.0625 -10.4576 34.6956
3 16 37.3821 -11.2481 30 37.3821 -11.2481 33.875 40 -10.8846 30
3 16 40 -10.8846 30 37.3821 -11.2481 33.875 40 -10.8846 33.875
3 16 26.25 -12.4346 33.875 37.3821 -11.2481 33.875 26.25 -12.4346 30
3 16 26.25 -12.4346 30 37.3821 -11.2481 33.875 37.3821 -11.2481 30
3 16 -6.25 -13.25 51.25 26.25 -13.25 51.25 -6.25 -13.25 30
3 16 -6.25 -13.25 30 26.25 -13.25 51.25 26.25 -13.25 30
3 16 -6.25 -13.25 51.25 -6.25 -13.25 30 -6.25 -8 50
3 16 -6.25 -8 50 -6.25 -13.25 30 -6.25 -8 30
3 16 -9 -8 50 -6.25 -8 50 -9 -8 30
3 16 -9 -8 30 -6.25 -8 50 -6.25 -8 30
3 16 -9 -9 50 -9 -8 50 -9 -9 30
3 16 -9 -9 30 -9 -8 50 -9 -8 30
3 16 -10 -9 50 -9 -9 50 -10 -9 30
3 16 -10 -9 30 -9 -9 50 -9 -9 30
3 16 8.75 -13.25 30 8.75 -8 30 8.75 -13.25 51.25
3 16 8.75 -13.25 51.25 8.75 -8 30 8.75 -8 51.25
3 16 6.25 -8 51.25 8.75 -8 51.25 6.25 -8 30
3 16 6.25 -8 30 8.75 -8 51.25 8.75 -8 30
3 16 6.25 -8 30 6.25 -13.25 30 6.25 -8 51.25
3 16 6.25 -8 51.25 6.25 -13.25 30 6.25 -13.25 51.25
3 16 46.25 -8 18.75 46.25 -8 21.25 51.25 -8 21.25
3 16 51.25 -8 18.75 46.25 -8 18.75 51.25 -8 21.25
3 16 46.25 -8 21.25 46.25 -9.8798 21.25 51.25 -8 21.25
3 16 46.25 -9.8798 21.25 51.25 -8.9339 21.25 51.25 -8 21.25
3 16 46.25 -9.8798 21.25 46.25 -8 21.25 46.25 -9.8752 18.75
3 16 46.25 -8 21.25 46.25 -8 18.75 46.25 -9.8752 18.75
3 16 46.25 -9.8752 18.75 46.25 -8 18.75 51.25 -8.9339 18.75
3 16 46.25 -8 18.75 51.25 -8 18.75 51.25 -8.9339 18.75
3 16 61.25 0 13.75 61.25 -6.5126 13.75 61.25 0 8.75
3 16 61.25 -6.5126 13.75 61.25 -6.5126 8.75 61.25 0 8.75
3 16 58.75 -7.1455 13.75 58.75 0 13.75 58.75 -7.1455 8.75
3 16 58.75 0 13.75 58.75 0 8.75 58.75 -7.1455 8.75
3 16 58.75 0 13.75 58.75 -7.1455 13.75 61.25 0 13.75
3 16 58.75 -7.1455 13.75 61.25 -6.5126 13.75 61.25 0 13.75
3 16 61.25 0 8.75 58.75 0 8.75 58.75 0 13.75
3 16 61.25 0 13.75 61.25 0 8.75 58.75 0 13.75
3 16 38.75 -11.0488 13.75 38.75 -8 13.75 38.75 -10.6842 8.75
3 16 38.75 -8 13.75 38.75 -8 8.75 38.75 -10.6842 8.75
3 16 41.25 -8 13.75 41.25 -10.6891 13.75 41.25 -8 8.75
3 16 41.25 -10.6891 13.75 41.25 -10.3342 8.75 41.25 -8 8.75
3 16 38.75 -8 13.75 38.75 -11.0488 13.75 41.25 -8 13.75
3 16 38.75 -11.0488 13.75 41.25 -10.6891 13.75 41.25 -8 13.75
3 16 38.75 -8 13.75 41.25 -8 13.75 41.25 -8 8.75
3 16 38.75 -8 8.75 38.75 -8 13.75 41.25 -8 8.75
3 16 18.75 -8 13.75 18.75 -13.25 13.75 21.25 -8 13.75
3 16 18.75 -13.25 13.75 21.25 -13.25 13.75 21.25 -8 13.75
3 16 18.75 -8 13.75 21.25 -8 13.75 18.75 -8 8.75
3 16 21.25 -8 13.75 21.25 -8 8.75 18.75 -8 8.75
3 16 21.25 -13.25 8.75 21.25 -8 8.75 21.25 -13.25 13.75
3 16 21.25 -8 8.75 21.25 -8 13.75 21.25 -13.25 13.75
3 16 18.75 -13.25 13.75 18.75 -8 13.75 18.75 -13.25 8.75
3 16 18.75 -8 13.75 18.75 -8 8.75 18.75 -13.25 8.75
3 16 -1.25 -8 13.75 -1.25 -13.25 13.75 1.25 -8 13.75
3 16 -1.25 -13.25 13.75 1.25 -13.25 13.75 1.25 -8 13.75
3 16 -1.25 -8 13.75 1.25 -8 13.75 -1.25 -8 8.75
3 16 1.25 -8 13.75 1.25 -8 8.75 -1.25 -8 8.75
3 16 -1.25 -8 8.75 -1.25 -13.25 8.75 -1.25 -8 13.75
3 16 -1.25 -13.25 8.75 -1.25 -13.25 13.75 -1.25 -8 13.75
3 16 1.25 -8 13.75 1.25 -13.25 13.75 1.25 -8 8.75
3 16 1.25 -13.25 13.75 1.25 -13.2481 8.75 1.25 -8 8.75
3 16 13.75 -8 21.25 8.75 -8 18.75 8.75 -8 21.25
3 16 13.75 -13.25 21.25 13.75 -13.25 18.75 13.75 -8 18.75
3 16 8.75 -8 18.75 13.75 -13.25 18.75 8.75 -13.25 18.75
3 16 8.75 -13.25 21.25 13.75 -8 21.25 8.75 -8 21.25
3 16 8.75 -13.25 21.25 13.75 -13.25 21.25 13.75 -8 21.25
3 16 13.75 -13.25 21.25 13.75 -8 18.75 13.75 -8 21.25
3 16 13.75 -8 18.75 13.75 -13.25 18.75 8.75 -8 18.75
3 16 13.75 -8 21.25 13.75 -8 18.75 8.75 -8 18.75
3 16 37.3848 -11.2477 13.875 40 -10.8848 13.875 51.25 -8.9339 8.75
3 16 37.3848 -11.2477 13.875 26.25 -12.4346 8.75 26.25 -12.4346 13.875
3 16 51.25 -8.9339 8.75 40 -10.8848 13.875 43.0625 -10.4585 14.6956
3 16 51.25 -8.9339 8.75 43.0625 -10.4585 14.6956 45.3044 -10.0355 16.9375
3 16 45.3098 -10.8696 16.9375 45.3098 -10.8696 23.0625 46.1277 -10.8022 20
3 16 26.25 -12.4346 26.125 37.3445 -11.5201 26.125 26.25 -12.4346 13.875
3 16 26.25 -12.4346 13.875 37.3472 -11.5199 13.875 37.3848 -11.2477 13.875
3 16 26.25 -12.4346 26.125 37.3821 -11.2481 26.125 37.3445 -11.5201 26.125
3 16 43.0755 -11.0537 25.3044 40 -10.8846 26.125 43.0625 -10.4576 25.3044
3 16 45.3098 -10.8696 23.0625 43.0625 -10.4576 25.3044 45.3044 -10.0341 23.0625
3 16 46.1277 -10.8022 20 45.3044 -10.0341 23.0625 46.125 -9.9035 20
3 16 45.3098 -10.8696 16.9375 46.125 -9.9035 20 45.3044 -10.0355 16.9375
3 16 43.0755 -11.0537 14.6956 45.3044 -10.0355 16.9375 43.0625 -10.4585 14.6956
3 16 40.0233 -11.3051 13.875 43.0625 -10.4585 14.6956 40 -10.8848 13.875
3 16 40.0233 -11.3051 26.125 37.3821 -11.2481 26.125 40 -10.8846 26.125
3 16 40 -10.8848 13.875 37.3472 -11.5199 13.875 40.0233 -11.3051 13.875
3 16 53.0902 0 6.25 55.5279 0 5.0311 54.4098 0 2.7951
3 16 51.25 0 8.75 53.0902 0 6.25 47.5 0 6.25
3 16 53.0902 0 6.25 53.75 0 8.75 62.0656 0 8.75
3 16 53.0902 0 6.25 62.0656 0 8.75 61.4754 0 6.25
3 16 61.4754 0 6.25 62.0656 0 8.75 64.559 0 7.5033
3 16 66.7951 0 3.5902 61.4754 0 6.25 64.559 0 7.5033
3 16 66.7951 0 3.5902 64.559 0 7.5033 70 0 10
3 16 51.25 0 8.75 47.5 0 6.25 -6.25 0 8.75
3 16 -6.25 0 8.75 -10 0 10 -6.25 0 10
3 16 -10 0 10 -6.25 0 6.25 -10 0 -10
3 16 60 0 -10 -10 0 -10 -6.25 0 -6.25
3 16 -9 -9 10 -9 -8 10 -10 -9 10
3 16 -6.25 0 10 -9 -8 10 -6.25 -8 10
3 16 -6.25 -8 10 -6.25 0 8.75 -6.25 0 10
3 16 26.25 -12.4346 8.75 51.25 -8.9339 8.75 51.25 0 8.75
3 16 -6.25 0 8.75 -6.25 -13.25 8.75 26.25 -12.4346 8.75
3 16 26.25 -13.25 8.75 26.25 -12.4346 8.75 -6.25 -13.25 8.75
3 16 51.25 0 8.75 -6.25 0 8.75 26.25 -12.4346 8.75
3 16 66.25 -5.2519 10.8853 64.5581 -5.2512 7.5038 62.0656 -6.3062 8.75
3 16 47.5 0 6.25 47.5 -9.6553 6.25 -6.25 -13.25 6.25
3 16 -6.25 0 6.25 47.5 0 6.25 -6.25 -13.25 6.25
3 16 47.5 -9.6553 6.25 49.8341 -9.215 5.0829 -6.25 -13.25 0
3 16 54.4098 0 2.7951 54.4098 -6.851 2.7951 49.8341 -9.215 5.0829
3 16 47.5 0 6.25 54.4098 0 2.7951 49.8341 -9.215 5.0829
3 16 55.5279 -7.31 5.0311 55.5279 0 5.0311 53.0902 -8.5525 6.25
3 16 55.5279 -7.31 5.0311 54.4098 0 2.7951 55.5279 0 5.0311
3 16 61.4754 0 6.25 61.4754 -5.912 6.25 53.0902 0 6.25
3 16 61.4754 0 6.25 66.7951 -5.25 3.5902 61.4754 -5.912 6.25
3 16 64.5581 -5.2512 7.5038 66.25 0 10.8853 64.559 0 7.5033
3 16 64.5581 -5.2512 7.5038 64.559 0 7.5033 62.0656 -6.3062 8.75
3 16 53.75 -8.4112 8.75 62.0656 0 8.75 53.75 0 8.75
3 16 54.4098 -6.851 2.7951 55.5279 -7.31 5.0311 61.4754 -5.912 6.25
3 16 53.0902 -8.5525 6.25 61.4754 -5.912 6.25 55.5279 -7.31 5.0311
3 16 61.875 -5.25 -6.25 52.2841 -5.25 -6.25 61.4754 -5.912 6.25
3 16 49.8341 -9.215 5.0829 52.2841 -5.25 -6.25 23.0171 -5.25 -6.25
3 16 52.2841 -5.25 -6.25 49.8341 -9.215 5.0829 54.4098 -6.851 2.7951
3 16 61.4754 -5.912 6.25 52.2841 -5.25 -6.25 54.4098 -6.851 2.7951
3 16 -6.25 -13.25 0 -6.25 -13.25 6.25 47.5 -9.6553 6.25
3 16 61.4754 -5.912 6.25 66.7951 -5.25 3.5902 61.875 -5.25 -6.25
3 16 -6.25 -5.25 -6.25 -6.25 0 -6.25 -6.25 0 6.25
3 16 -6.25 -13.25 0 -6.25 -5.25 -6.25 -6.25 0 6.25
3 16 -6.25 0 -6.25 23.0171 -5.25 -6.25 61.875 0 -6.25
3 16 61.875 -5.25 -6.25 61.875 0 -6.25 52.2841 -5.25 -6.25
3 16 62.0656 -6.3062 8.75 64.559 0 7.5033 62.0656 0 8.75
3 16 64.5581 -5.2512 7.5038 66.25 -5.2519 10.8853 66.25 0 10.8853
3 16 62.0656 -6.3062 8.75 62.0656 0 8.75 53.75 -8.4112 8.75
3 16 70 0 10 64.559 0 7.5033 66.25 0 10.8853
3 16 49.8341 -9.215 5.0829 23.0171 -5.25 -6.25 -6.25 -13.25 0
3 16 -6.25 -13.25 0 23.0171 -5.25 -6.25 -6.25 -5.25 -6.25
3 16 -6.25 0 -6.25 -6.25 -5.25 -6.25 23.0171 -5.25 -6.25
3 16 61.875 0 -6.25 23.0171 -5.25 -6.25 52.2841 -5.25 -6.25
3 16 47.5 0 6.25 49.8341 -9.215 5.0829 47.5 -9.6553 6.25
3 16 47.5 0 6.25 53.0902 0 6.25 54.4098 0 2.7951
3 16 53.0902 0 6.25 51.25 0 8.75 53.75 0 8.75
3 16 -6.25 0 8.75 47.5 0 6.25 -6.25 0 6.25
3 16 -6.25 0 8.75 -6.25 0 6.25 -10 0 10
3 16 -10 0 -10 -6.25 0 6.25 -6.25 0 -6.25
3 16 60 0 -10 -6.25 0 -6.25 61.875 0 -6.25
3 16 40.0233 -11.3051 26.125 40.0233 -11.3051 13.875 37.3472 -11.5199 13.875
3 16 37.3848 -11.2477 13.875 51.25 -8.9339 8.75 26.25 -12.4346 8.75
3 16 26.25 -13.25 8.75 26.25 -12.4346 13.875 26.25 -12.4346 8.75
3 16 43.0755 -11.0537 14.6956 43.0755 -11.0537 25.3044 45.3098 -10.8696 23.0625
3 16 43.0755 -11.0537 14.6956 45.3098 -10.8696 23.0625 45.3098 -10.8696 16.9375
3 16 40.0233 -11.3051 26.125 43.0755 -11.0537 25.3044 40.0233 -11.3051 13.875
3 16 40.0233 -11.3051 13.875 43.0755 -11.0537 25.3044 43.0755 -11.0537 14.6956
3 16 40.0233 -11.3051 26.125 37.3472 -11.5199 13.875 37.3445 -11.5201 26.125
3 16 37.3848 -11.2477 13.875 37.3472 -11.5199 13.875 40 -10.8848 13.875
3 16 40.0233 -11.3051 13.875 43.0755 -11.0537 14.6956 43.0625 -10.4585 14.6956
3 16 43.0755 -11.0537 14.6956 45.3098 -10.8696 16.9375 45.3044 -10.0355 16.9375
3 16 45.3098 -10.8696 16.9375 46.1277 -10.8022 20 46.125 -9.9035 20
3 16 46.1277 -10.8022 20 45.3098 -10.8696 23.0625 45.3044 -10.0341 23.0625
3 16 45.3098 -10.8696 23.0625 43.0755 -11.0537 25.3044 43.0625 -10.4576 25.3044
3 16 43.0755 -11.0537 25.3044 40.0233 -11.3051 26.125 40 -10.8846 26.125
3 16 40.0233 -11.3051 26.125 37.3445 -11.5201 26.125 37.3821 -11.2481 26.125
3 16 51.25 -8.9339 8.75 45.3044 -10.0355 16.9375 46.125 -9.9035 20
3 16 -10 0 10 -9 -8 10 -6.25 0 10
3 16 -6.25 -8 10 -6.25 -13.25 8.75 -6.25 0 8.75
3 16 66.7951 0 3.5902 66.7951 -5.25 3.5902 61.4754 0 6.25
3 16 53.0902 0 6.25 61.4754 -5.912 6.25 53.0902 -8.5525 6.25
3 16 53.0902 -8.5525 6.25 55.5279 0 5.0311 53.0902 0 6.25
3 16 54.4098 -6.851 2.7951 54.4098 0 2.7951 55.5279 -7.31 5.0311
3 16 26.25 -12.4346 13.875 37.3445 -11.5201 26.125 37.3472 -11.5199 13.875
3 16 -10 -9 10 -9 -8 10 -10 0 10
3 16 -6.25 -13.25 0 -6.25 0 6.25 -6.25 -13.25 6.25
3 16 63.7312 0 30 63.2288 0 28.1251 59.9812 0 30
3 16 63.2288 0 28.1251 61.8562 0 26.7525 59.9812 0 30
3 16 61.8562 0 26.7525 59.9812 0 26.2501 59.9812 0 30
3 16 59.9812 0 26.2501 58.1062 0 26.7525 59.9812 0 30
3 16 58.1062 0 26.7525 56.7336 0 28.1251 59.9812 0 30
3 16 56.7336 0 28.1251 56.2312 0 30 59.9812 0 30
3 16 63.2288 -6.0131 28.1251 63.2288 0 28.1251 63.7312 -5.8865 30
3 16 63.7312 -5.8865 30 63.2288 0 28.1251 63.7312 0 30
3 16 61.8562 -6.3592 26.7525 61.8562 0 26.7525 63.2288 -6.0131 28.1251
3 16 63.2288 -6.0131 28.1251 61.8562 0 26.7525 63.2288 0 28.1251
3 16 59.9812 -6.8338 26.2501 59.9812 0 26.2501 61.8562 -6.3592 26.7525
3 16 61.8562 -6.3592 26.7525 59.9812 0 26.2501 61.8562 0 26.7525
3 16 58.1062 -7.3085 26.7525 58.1062 0 26.7525 59.9812 -6.8338 26.2501
3 16 59.9812 -6.8338 26.2501 58.1062 0 26.7525 59.9812 0 26.2501
3 16 56.7336 -7.6559 28.1251 56.7336 0 28.1251 58.1062 -7.3085 26.7525
3 16 58.1062 -7.3085 26.7525 56.7336 0 28.1251 58.1062 0 26.7525
3 16 56.2312 -7.7831 30 56.2312 0 30 56.7336 -7.6559 28.1251
3 16 56.7336 -7.6559 28.1251 56.2312 0 30 56.7336 0 28.1251
3 16 53.2476 0 1.8634 53.75 0 -0.0116 50 0 -0.0116
3 16 53.75 0 -0.0116 53.2476 0 -1.8866 50 0 -0.0116
3 16 53.2476 0 -1.8866 51.875 0 -3.2592 50 0 -0.0116
3 16 51.875 0 -3.2592 50 0 -3.7616 50 0 -0.0116
3 16 50 0 -3.7616 48.125 0 -3.2592 50 0 -0.0116
3 16 48.125 0 -3.2592 46.7524 0 -1.8866 50 0 -0.0116
3 16 46.7524 0 -1.8866 46.25 0 -0.0116 50 0 -0.0116
3 16 46.25 0 -0.0116 46.7524 0 1.8634 50 0 -0.0116
3 16 46.7524 0 1.8634 48.125 0 3.236 50 0 -0.0116
3 16 48.125 0 3.236 50 0 3.7384 50 0 -0.0116
3 16 50 0 3.7384 51.875 0 3.236 50 0 -0.0116
3 16 51.875 0 3.236 53.2476 0 1.8634 50 0 -0.0116
3 16 53.2476 0 1.8634 53.2476 -7.0475 1.8634 53.75 0 -0.0116
3 16 53.2476 -7.0475 1.8634 53.75 -6.3543 -0.0116 53.75 0 -0.0116
3 16 53.75 0 -0.0116 53.75 -6.3543 -0.0116 53.2476 0 -1.8866
3 16 53.75 -6.3543 -0.0116 53.2476 -6.0461 -1.8866 53.2476 0 -1.8866
3 16 51.875 -6.2054 -3.2592 51.875 0 -3.2592 53.2476 -6.0461 -1.8866
3 16 53.2476 -6.0461 -1.8866 51.875 0 -3.2592 53.2476 0 -1.8866
3 16 50 -6.1206 -3.7616 50 0 -3.7616 51.6506 -6.2753 -3.3193
3 16 51.875 -6.2054 -3.2592 51.6506 -6.2753 -3.3193 51.875 0 -3.2592
3 16 51.875 0 -3.2592 51.6506 -6.2753 -3.3193 50 0 -3.7616
3 16 48.125 -6.2964 -3.2592 48.125 0 -3.2592 50 -6.1206 -3.7616
3 16 50 -6.1206 -3.7616 48.125 0 -3.2592 50 0 -3.7616
3 16 46.7524 -6.7766 -1.8866 46.7524 0 -1.8866 48.125 -6.2964 -3.2592
3 16 48.125 -6.2964 -3.2592 46.7524 0 -1.8866 48.125 0 -3.2592
3 16 46.25 -7.4326 -0.0116 46.25 0 -0.0116 46.7524 -6.7766 -1.8866
3 16 46.7524 -6.7766 -1.8866 46.25 0 -0.0116 46.7524 0 -1.8866
3 16 46.7524 -8.0886 1.8634 46.7524 0 1.8634 46.25 -7.4326 -0.0116
3 16 46.25 -7.4326 -0.0116 46.7524 0 1.8634 46.25 0 -0.0116
3 16 48.125 -8.5688 3.236 48.125 0 3.236 46.7524 -8.0886 1.8634
3 16 46.7524 -8.0886 1.8634 48.125 0 3.236 46.7524 0 1.8634
3 16 50 -8.7446 3.7384 50 0 3.7384 48.125 -8.5688 3.236
3 16 48.125 -8.5688 3.236 50 0 3.7384 48.125 0 3.236
3 16 50 -8.7446 3.7384 50.1325 -8.7322 3.7029 50 0 3.7384
3 16 50 0 3.7384 50.1325 -8.7322 3.7029 51.875 0 3.236
3 16 50.1325 -8.7322 3.7029 51.875 -7.9399 3.236 51.875 0 3.236
3 16 51.875 0 3.236 51.875 -7.9399 3.236 53.2476 0 1.8634
3 16 51.875 -7.9399 3.236 53.2476 -7.0475 1.8634 53.2476 0 1.8634
3 16 33.2476 0 1.8634 33.75 0 -0.0116 30 0 -0.0116
3 16 33.75 0 -0.0116 33.2476 0 -1.8866 30 0 -0.0116
3 16 33.2476 0 -1.8866 31.875 0 -3.2592 30 0 -0.0116
3 16 31.875 0 -3.2592 30 0 -3.7616 30 0 -0.0116
3 16 30 0 -3.7616 28.125 0 -3.2592 30 0 -0.0116
3 16 28.125 0 -3.2592 26.7524 0 -1.8866 30 0 -0.0116
3 16 26.7524 0 -1.8866 26.25 0 -0.0116 30 0 -0.0116
3 16 26.25 0 -0.0116 26.7524 0 1.8634 30 0 -0.0116
3 16 26.7524 0 1.8634 28.125 0 3.236 30 0 -0.0116
3 16 28.125 0 3.236 30 0 3.7384 30 0 -0.0116
3 16 30 0 3.7384 31.875 0 3.236 30 0 -0.0116
3 16 31.875 0 3.236 33.2476 0 1.8634 30 0 -0.0116
3 16 33.2476 0 1.8634 33.2476 -9.272 1.8634 33.75 0 -0.0116
3 16 33.2476 -9.272 1.8634 33.75 -7.9642 -0.0116 33.75 0 -0.0116
3 16 33.75 -7.9642 -0.0116 33.2476 -6.7891 -1.8866 33.75 0 -0.0116
3 16 33.2476 -6.7891 -1.8866 33.2476 0 -1.8866 33.75 0 -0.0116
3 16 33.2476 -6.7891 -1.8866 33.1784 -6.7524 -1.9558 33.2476 0 -1.8866
3 16 33.2476 0 -1.8866 33.1784 -6.7524 -1.9558 31.875 0 -3.2592
3 16 33.1784 -6.7524 -1.9558 31.875 -6.2964 -3.2592 31.875 0 -3.2592
3 16 31.875 0 -3.2592 31.875 -6.2964 -3.2592 30 0 -3.7616
3 16 31.875 -6.2964 -3.2592 30 -6.1206 -3.7616 30 0 -3.7616
3 16 28.125 -6.5562 -3.2592 28.125 0 -3.2592 29.3301 -6.1834 -3.5821
3 16 28.125 0 -3.2592 30 0 -3.7616 29.3301 -6.1834 -3.5821
3 16 29.3301 -6.1834 -3.5821 30 0 -3.7616 30 -6.1206 -3.7616
3 16 26.7524 -7.6461 -1.8866 26.7524 0 -1.8866 28.125 -6.5562 -3.2592
3 16 28.125 -6.5562 -3.2592 26.7524 0 -1.8866 28.125 0 -3.2592
3 16 26.25 -8.9539 -0.0116 26.25 0 -0.0116 26.7524 -7.6461 -1.8866
3 16 26.7524 -7.6461 -1.8866 26.25 0 -0.0116 26.7524 0 -1.8866
3 16 26.7524 -10.129 1.8634 26.7524 0 1.8634 26.25 -8.9539 -0.0116
3 16 26.25 -8.9539 -0.0116 26.7524 0 1.8634 26.25 0 -0.0116
3 16 28.125 -10.8007 3.236 28.125 0 3.236 27.9924 -10.7864 3.1034
3 16 26.7524 -10.129 1.8634 27.9924 -10.7864 3.1034 26.7524 0 1.8634
3 16 27.9924 -10.7864 3.1034 28.125 0 3.236 26.7524 0 1.8634
3 16 28.125 0 3.236 28.125 -10.8007 3.236 30 0 3.7384
3 16 28.125 -10.8007 3.236 30 -10.7315 3.7384 30 0 3.7384
3 16 30 -10.7315 3.7384 31.2635 -10.5511 3.3999 30 0 3.7384
3 16 30 0 3.7384 31.2635 -10.5511 3.3999 31.875 0 3.236
3 16 31.2635 -10.5511 3.3999 31.875 -10.3619 3.236 31.875 0 3.236
3 16 31.875 0 3.236 31.875 -10.3619 3.236 33.2476 0 1.8634
3 16 31.875 -10.3619 3.236 33.2476 -9.272 1.8634 33.2476 0 1.8634
3 16 13.2476 0 1.8634 13.75 0 -0.0116 10 0 -0.0116
3 16 13.75 0 -0.0116 13.2476 0 -1.8866 10 0 -0.0116
3 16 13.2476 0 -1.8866 11.875 0 -3.2592 10 0 -0.0116
3 16 11.875 0 -3.2592 10 0 -3.7616 10 0 -0.0116
3 16 10 0 -3.7616 8.125 0 -3.2592 10 0 -0.0116
3 16 8.125 0 -3.2592 6.7524 0 -1.8866 10 0 -0.0116
3 16 6.7524 0 -1.8866 6.25 0 -0.0116 10 0 -0.0116
3 16 6.25 0 -0.0116 6.7524 0 1.8634 10 0 -0.0116
3 16 6.7524 0 1.8634 8.125 0 3.236 10 0 -0.0116
3 16 8.125 0 3.236 10 0 3.7384 10 0 -0.0116
3 16 10 0 3.7384 11.875 0 3.236 10 0 -0.0116
3 16 11.875 0 3.236 13.2476 0 1.8634 10 0 -0.0116
3 16 13.2476 -11.8663 1.8634 13.2728 -11.8454 1.7694 13.2476 0 1.8634
3 16 13.2476 0 1.8634 13.2728 -11.8454 1.7694 13.75 0 -0.0116
3 16 13.2728 -11.8454 1.7694 13.75 -10.6033 -0.0116 13.75 0 -0.0116
3 16 13.75 0 -0.0116 13.75 -10.6033 -0.0116 13.2476 0 -1.8866
3 16 13.75 -10.6033 -0.0116 13.2476 -9.4281 -1.8866 13.2476 0 -1.8866
3 16 13.2476 0 -1.8866 13.2476 -9.4281 -1.8866 11.875 0 -3.2592
3 16 13.2476 -9.4281 -1.8866 11.875 -8.7004 -3.2592 11.875 0 -3.2592
3 16 11.875 -8.7004 -3.2592 10.6052 -8.6427 -3.5994 11.875 0 -3.2592
3 16 11.875 0 -3.2592 10.6052 -8.6427 -3.5994 10 0 -3.7616
3 16 10.6052 -8.6427 -3.5994 10 -8.4351 -3.7616 10 0 -3.7616
3 16 8.125 -9.0782 -3.2592 8.125 0 -3.2592 10 -8.4351 -3.7616
3 16 10 -8.4351 -3.7616 8.125 0 -3.2592 10 0 -3.7616
3 16 6.7524 -10.2852 -1.8866 6.7524 0 -1.8866 7.8842 -9.3865 -3.0184
3 16 8.125 -9.0782 -3.2592 7.8842 -9.3865 -3.0184 8.125 0 -3.2592
3 16 7.8842 -9.3865 -3.0184 6.7524 0 -1.8866 8.125 0 -3.2592
3 16 6.25 -11.5929 -0.0116 6.25 0 -0.0116 6.7524 -10.2852 -1.8866
3 16 6.7524 -10.2852 -1.8866 6.25 0 -0.0116 6.7524 0 -1.8866
3 16 6.7524 -12.3804 1.8634 6.7524 0 1.8634 6.6552 -12.3869 1.5006
3 16 6.6552 -12.3869 1.5006 6.7524 0 1.8634 6.25 0 -0.0116
3 16 6.6552 -12.3869 1.5006 6.25 0 -0.0116 6.5643 -12.3281 1.1614
3 16 6.5643 -12.3281 1.1614 6.25 0 -0.0116 6.25 -11.5929 -0.0116
3 16 6.7524 0 1.8634 6.7524 -12.3804 1.8634 8.125 0 3.236
3 16 6.7524 -12.3804 1.8634 8.125 -12.2886 3.236 8.125 0 3.236
3 16 8.125 0 3.236 8.125 -12.2886 3.236 10 0 3.7384
3 16 8.125 -12.2886 3.236 10 -12.1632 3.7384 10 0 3.7384
3 16 10 0 3.7384 10 -12.1632 3.7384 11.875 0 3.236
3 16 10 -12.1632 3.7384 11.875 -12.0378 3.236 11.875 0 3.236
3 16 11.875 -12.0378 3.236 12.8859 -11.9702 2.2251 11.875 0 3.236
3 16 11.875 0 3.236 12.8859 -11.9702 2.2251 13.2476 0 1.8634
3 16 12.8859 -11.9702 2.2251 13.2476 -11.8663 1.8634 13.2476 0 1.8634
3 16 66.25 0 30 70 0 30 66.25 0 10.8853
3 16 66.25 0 10.8853 70 0 30 70 0 10
3 16 66.25 -5.2519 30 66.25 0 30 66.25 -5.2519 10.8853
3 16 66.25 -5.2519 10.8853 66.25 0 30 66.25 0 10.8853
3 16 66.25 -5.2519 30 66.25 -5.2519 10.8853 62.0656 -6.3062 30
3 16 62.0656 -6.3062 30 66.25 -5.2519 10.8853 62.0656 -6.3062 8.75
3 16 53.75 -8.4112 30 62.0656 -6.3062 30 53.75 -8.4112 8.75
3 16 53.75 -8.4112 8.75 62.0656 -6.3062 30 62.0656 -6.3062 8.75
3 16 53.75 0 30 53.75 -8.4112 30 53.75 0 8.75
3 16 53.75 0 8.75 53.75 -8.4112 30 53.75 -8.4112 8.75
3 16 51.25 0 30 53.75 0 30 51.25 0 8.75
3 16 51.25 0 8.75 53.75 0 30 53.75 0 8.75
3 16 51.25 -8.9339 8.75 51.25 -8.9339 30 51.25 0 8.75
3 16 51.25 0 8.75 51.25 -8.9339 30 51.25 0 30
3 16 46.125 -9.9035 30 51.25 -8.9339 30 46.125 -9.9035 20
3 16 46.125 -9.9035 20 51.25 -8.9339 30 51.25 -8.9339 8.75
3 16 45.3044 -10.0341 30 46.125 -9.9035 30 45.3044 -10.0341 23.0625
3 16 45.3044 -10.0341 23.0625 46.125 -9.9035 30 46.125 -9.9035 20
3 16 43.0625 -10.4576 30 45.3044 -10.0341 30 43.0625 -10.4576 25.3044
3 16 43.0625 -10.4576 25.3044 45.3044 -10.0341 30 45.3044 -10.0341 23.0625
3 16 40 -10.8846 30 43.0625 -10.4576 30 40 -10.8846 26.125
3 16 40 -10.8846 26.125 43.0625 -10.4576 30 43.0625 -10.4576 25.3044
3 16 37.3821 -11.2481 30 40 -10.8846 30 37.3821 -11.2481 26.125
3 16 37.3821 -11.2481 26.125 40 -10.8846 30 40 -10.8846 26.125
3 16 26.25 -12.4346 26.125 26.25 -12.4346 30 37.3821 -11.2481 26.125
3 16 37.3821 -11.2481 26.125 26.25 -12.4346 30 37.3821 -11.2481 30
3 16 26.25 -13.25 8.75 26.25 -13.25 30 26.25 -12.4346 13.875
3 16 26.25 -12.4346 13.875 26.25 -13.25 30 26.25 -12.4346 26.125
3 16 -6.25 -13.25 8.75 -6.25 -13.25 30 26.25 -13.25 8.75
3 16 26.25 -13.25 8.75 -6.25 -13.25 30 26.25 -13.25 30
3 16 -6.25 -8 30 -6.25 -13.25 30 -6.25 -8 10
3 16 -6.25 -8 10 -6.25 -13.25 30 -6.25 -13.25 8.75
3 16 -9 -8 10 -9 -8 30 -6.25 -8 10
3 16 -6.25 -8 10 -9 -8 30 -6.25 -8 30
3 16 -9 -9 10 -9 -9 30 -9 -8 10
3 16 -9 -8 10 -9 -9 30 -9 -8 30
3 16 -10 -9 10 -10 -9 30 -9 -9 10
3 16 -9 -9 10 -10 -9 30 -9 -9 30
3 16 8.75 -13.25 30 8.75 -13.25 8.75 8.75 -8 30
3 16 8.75 -8 30 8.75 -13.25 8.75 8.75 -8 8.75
3 16 6.25 -8 8.75 6.25 -8 30 8.75 -8 8.75
3 16 8.75 -8 8.75 6.25 -8 30 8.75 -8 30
3 16 6.25 -8 30 6.25 -8 8.75 6.25 -13.25 30
3 16 6.25 -13.25 30 6.25 -8 8.75 6.25 -13.25 8.75
3 16 26.25 -13.25 30 26.25 -12.4346 33.875 26.25 -12.4346 30
3 16 26.25 -12.4346 26.125 26.25 -13.25 30 26.25 -12.4346 30
3 16 0 -20.4501 40 5.4144 -20.4501 43.126 3.126 -20.4501 45.4144
3 16 3.126 -20.4501 45.4144 0 -20.4501 46.252 0 -20.4501 40
3 16 0 -20.4501 46.252 -3.126 -20.4501 45.4144 0 -20.4501 40
3 16 -3.126 -20.4501 45.4144 -5.4144 -20.4501 43.126 0 -20.4501 40
3 16 -5.4144 -20.4501 43.126 -6.252 -20.4501 40 0 -20.4501 40
3 16 -6.252 -20.4501 40 -5.4144 -20.4501 36.874 0 -20.4501 40
3 16 -5.4144 -20.4501 36.874 -3.126 -20.4501 34.5856 0 -20.4501 40
3 16 -3.126 -20.4501 34.5856 0 -20.4501 33.748 0 -20.4501 40
3 16 0 -20.4501 33.748 3.126 -20.4501 34.5856 0 -20.4501 40
3 16 3.126 -20.4501 34.5856 5.4144 -20.4501 36.874 0 -20.4501 40
3 16 5.4144 -20.4501 36.874 6.252 -20.4501 40 0 -20.4501 40
3 16 6.252 -20.4501 40 5.4144 -20.4501 43.126 0 -20.4501 40
3 16 5.4144 -16.0001 43.126 3.126 -16.0001 45.4144 5.4144 -20.4501 43.126
3 16 5.4144 -20.4501 43.126 3.126 -16.0001 45.4144 3.126 -20.4501 45.4144
3 16 3.126 -16.0001 45.4144 0 -16.0001 46.252 3.126 -20.4501 45.4144
3 16 3.126 -20.4501 45.4144 0 -16.0001 46.252 0 -20.4501 46.252
3 16 0 -16.0001 46.252 -3.126 -16.0001 45.4144 0 -20.4501 46.252
3 16 0 -20.4501 46.252 -3.126 -16.0001 45.4144 -3.126 -20.4501 45.4144
3 16 -3.126 -16.0001 45.4144 -5.4144 -16.0001 43.126 -3.126 -20.4501 45.4144
3 16 -3.126 -20.4501 45.4144 -5.4144 -16.0001 43.126 -5.4144 -20.4501 43.126
3 16 -5.4144 -16.0001 43.126 -6.252 -16.0001 40 -5.4144 -20.4501 43.126
3 16 -5.4144 -20.4501 43.126 -6.252 -16.0001 40 -6.252 -20.4501 40
3 16 -6.252 -16.0001 40 -5.4144 -16.0001 36.874 -6.252 -20.4501 40
3 16 -6.252 -20.4501 40 -5.4144 -16.0001 36.874 -5.4144 -20.4501 36.874
3 16 -5.4144 -16.0001 36.874 -3.126 -16.0001 34.5856 -5.4144 -20.4501 36.874
3 16 -5.4144 -20.4501 36.874 -3.126 -16.0001 34.5856 -3.126 -20.4501 34.5856
3 16 -3.126 -16.0001 34.5856 0 -16.0001 33.748 -3.126 -20.4501 34.5856
3 16 -3.126 -20.4501 34.5856 0 -16.0001 33.748 0 -20.4501 33.748
3 16 0 -16.0001 33.748 3.126 -16.0001 34.5856 0 -20.4501 33.748
3 16 0 -20.4501 33.748 3.126 -16.0001 34.5856 3.126 -20.4501 34.5856
3 16 3.126 -16.0001 34.5856 5.4144 -16.0001 36.874 3.126 -20.4501 34.5856
3 16 3.126 -20.4501 34.5856 5.4144 -16.0001 36.874 5.4144 -20.4501 36.874
3 16 5.4144 -16.0001 36.874 6.252 -16.0001 40 5.4144 -20.4501 36.874
3 16 5.4144 -20.4501 36.874 6.252 -16.0001 40 6.252 -20.4501 40
3 16 6.252 -16.0001 40 5.4144 -16.0001 43.126 6.252 -20.4501 40
3 16 6.252 -20.4501 40 5.4144 -16.0001 43.126 5.4144 -20.4501 43.126
3 16 0 -20.4501 20 5.4144 -20.4501 23.126 3.126 -20.4501 25.4144
3 16 3.126 -20.4501 25.4144 0 -20.4501 26.252 0 -20.4501 20
3 16 0 -20.4501 26.252 -3.126 -20.4501 25.4144 0 -20.4501 20
3 16 -3.126 -20.4501 25.4144 -5.4144 -20.4501 23.126 0 -20.4501 20
3 16 -5.4144 -20.4501 23.126 -6.252 -20.4501 20 0 -20.4501 20
3 16 -6.252 -20.4501 20 -5.4144 -20.4501 16.874 0 -20.4501 20
3 16 -5.4144 -20.4501 16.874 -3.126 -20.4501 14.5856 0 -20.4501 20
3 16 -3.126 -20.4501 14.5856 0 -20.4501 13.748 0 -20.4501 20
3 16 0 -20.4501 13.748 3.126 -20.4501 14.5856 0 -20.4501 20
3 16 3.126 -20.4501 14.5856 5.4144 -20.4501 16.874 0 -20.4501 20
3 16 5.4144 -20.4501 16.874 6.252 -20.4501 20 0 -20.4501 20
3 16 6.252 -20.4501 20 5.4144 -20.4501 23.126 0 -20.4501 20
3 16 5.4144 -16.0001 23.126 3.126 -16.0001 25.4144 5.4144 -20.4501 23.126
3 16 5.4144 -20.4501 23.126 3.126 -16.0001 25.4144 3.126 -20.4501 25.4144
3 16 3.126 -16.0001 25.4144 0 -16.0001 26.252 3.126 -20.4501 25.4144
3 16 3.126 -20.4501 25.4144 0 -16.0001 26.252 0 -20.4501 26.252
3 16 0 -16.0001 26.252 -3.126 -16.0001 25.4144 0 -20.4501 26.252
3 16 0 -20.4501 26.252 -3.126 -16.0001 25.4144 -3.126 -20.4501 25.4144
3 16 -3.126 -16.0001 25.4144 -5.4144 -16.0001 23.126 -3.126 -20.4501 25.4144
3 16 -3.126 -20.4501 25.4144 -5.4144 -16.0001 23.126 -5.4144 -20.4501 23.126
3 16 -5.4144 -16.0001 23.126 -6.252 -16.0001 20 -5.4144 -20.4501 23.126
3 16 -5.4144 -20.4501 23.126 -6.252 -16.0001 20 -6.252 -20.4501 20
3 16 -6.252 -16.0001 20 -5.4144 -16.0001 16.874 -6.252 -20.4501 20
3 16 -6.252 -20.4501 20 -5.4144 -16.0001 16.874 -5.4144 -20.4501 16.874
3 16 -5.4144 -16.0001 16.874 -3.126 -16.0001 14.5856 -5.4144 -20.4501 16.874
3 16 -5.4144 -20.4501 16.874 -3.126 -16.0001 14.5856 -3.126 -20.4501 14.5856
3 16 -3.126 -16.0001 14.5856 0 -16.0001 13.748 -3.126 -20.4501 14.5856
3 16 -3.126 -20.4501 14.5856 0 -16.0001 13.748 0 -20.4501 13.748
3 16 0 -16.0001 13.748 3.126 -16.0001 14.5856 0 -20.4501 13.748
3 16 0 -20.4501 13.748 3.126 -16.0001 14.5856 3.126 -20.4501 14.5856
3 16 3.126 -16.0001 14.5856 5.4144 -16.0001 16.874 3.126 -20.4501 14.5856
3 16 3.126 -20.4501 14.5856 5.4144 -16.0001 16.874 5.4144 -20.4501 16.874
3 16 5.4144 -16.0001 16.874 6.252 -16.0001 20 5.4144 -20.4501 16.874
3 16 5.4144 -20.4501 16.874 6.252 -16.0001 20 6.252 -20.4501 20
3 16 6.252 -16.0001 20 5.4144 -16.0001 23.126 6.252 -20.4501 20
3 16 6.252 -20.4501 20 5.4144 -16.0001 23.126 5.4144 -20.4501 23.126
2 24 22.6508 -15.4277 60.1657 11.7756 -15.9549 60.0712
2 24 22.6508 -15.4277 60.1657 33.4861 -14.5175 59.4543
2 24 31.8407 -8 70.0001 41.1788 -8 70.0001
2 24 44.2116 -13.1951 57.8856 54.7456 -11.4429 55.4199
2 24 50.5599 -8 70.0001 60 -8 70.0001
2 24 60 -8 70.0001 70 -8 50.0001
2 24 70 -8 50.0001 65.0023 -9.255 52.0351
2 24 11.7756 -15.9549 60.0712 -10 -16 60.0001
2 24 50.5599 -8 70.0001 60 -8 70.0001
2 24 60 0 70.0001 60 -8 70.0001
2 24 13.2331 -8 70.0001 22.5303 -8 70.0001
2 24 13.2331 -8 70.0001 -10 -8 70.0001
2 24 -10 0 70.0001 -10 -8 70.0001
2 24 -10 -8 70.0001 -10 0 70.0001
2 24 -10 -9 50.0001 -10 0 50.0001
2 24 -10 0 70.0001 -10 0 50.0001
2 24 61.875 -5.25 66.2501 61.875 0 66.2501
2 24 60 0 70.0001 61.875 0 66.2501
2 24 61.875 -5.25 66.2501 66.7951 -5.25 56.4099
2 24 66.7951 -5.25 56.4099 66.7951 0 56.4099
2 24 70 0 50.0001 66.7951 0 56.4099
2 24 70 -8 50.0001 70 0 50.0001
2 24 70 -8 50.0001 60 -8 70.0001
2 24 60 0 70.0001 60 -8 70.0001
2 24 50.5599 -8 70.0001 41.1788 -8 70.0001
2 24 41.1788 -8 70.0001 31.8407 -8 70.0001
2 24 22.5303 -8 70.0001 31.8407 -8 70.0001
2 24 60 0 70.0001 -10 0 70.0001
2 24 -10 -8 70.0001 -10 -16 60.0001
2 24 13.2331 -8 70.0001 -10 -8 70.0001
2 24 -10 -16 60.0001 -10 -8 70.0001
2 24 22.5303 -8 70.0001 13.2331 -8 70.0001
2 24 22.5303 -8 70.0001 31.8407 -8 70.0001
2 24 33.4861 -14.5175 59.4543 44.2116 -13.1951 57.8856
2 24 41.1788 -8 70.0001 50.5599 -8 70.0001
2 24 54.7456 -11.4429 55.4199 65.0023 -9.255 52.0351
2 24 -10 -16 60.0001 -10 -16 30.0001
2 24 -10 -9 50.0001 -10 -9 30.0001
2 24 11.7756 -15.9549 60.0712 -10 -16 60.0001
2 24 -10 -16 60.0001 -10 -16 30.0001
2 24 11.7756 -15.9549 60.0712 22.6508 -15.4277 60.1657
2 24 22.6508 -15.4277 60.1657 33.4861 -14.5175 59.4543
2 24 33.4861 -14.5175 59.4543 44.2116 -13.1951 57.8856
2 24 44.2116 -13.1951 57.8856 54.7456 -11.4429 55.4199
2 24 54.7456 -11.4429 55.4199 65.0023 -9.255 52.0351
2 24 70 -8 30.0001 70 -8 50.0001
2 24 65.0023 -9.255 52.0351 70 -8 50.0001
2 24 70 0 30.0001 70 0 50.0001
2 24 70 0 50.0001 70 -8 50.0001
2 24 70 -8 30.0001 70 -8 50.0001
2 24 22.6508 -15.4277 -0.1655 11.7756 -15.9549 -0.071
2 24 22.6508 -15.4277 -0.1655 33.4861 -14.5175 0.5459
2 24 31.8407 -8 -9.9999 41.1788 -8 -9.9999
2 24 44.2116 -13.1951 2.1146 54.7456 -11.4429 4.5803
2 24 50.5599 -8 -9.9999 60 -8 -9.9999
2 24 70 -8 10.0001 65.0023 -9.255 7.9651
2 24 60 -8 -9.9999 70 -8 10.0001
2 24 11.7756 -15.9549 -0.071 -10 -16 0.0001
2 24 60 -8 -9.9999 50.5599 -8 -9.9999
2 24 60 0 -9.9999 60 -8 -9.9999
2 24 13.2331 -8 -9.9999 22.5303 -8 -9.9999
2 24 -10 0 -9.9999 -10 -8 -9.9999
2 24 13.2331 -8 -9.9999 -10 -8 -9.9999
2 24 -10 0 -9.9999 -10 -8 -9.9999
2 24 -10 -9 10.0001 -10 0 10.0001
2 24 -10 0 -9.9999 -10 0 10.0001
2 24 61.875 0 -6.2499 61.875 -5.25 -6.2499
2 24 60 0 -9.9999 61.875 0 -6.2499
2 24 61.875 -5.25 -6.2499 66.7951 -5.25 3.5903
2 24 66.7951 -5.25 3.5903 66.7951 0 3.5903
2 24 70 0 10.0001 66.7951 0 3.5903
2 24 70 -8 10.0001 70 0 10.0001
2 24 70 -8 10.0001 60 -8 -9.9999
2 24 60 0 -9.9999 60 -8 -9.9999
2 24 50.5599 -8 -9.9999 41.1788 -8 -9.9999
2 24 41.1788 -8 -9.9999 31.8407 -8 -9.9999
2 24 22.5303 -8 -9.9999 31.8407 -8 -9.9999
2 24 60 0 -9.9999 -10 0 -9.9999
2 24 -10 -8 -9.9999 -10 -16 0.0001
2 24 13.2331 -8 -9.9999 -10 -8 -9.9999
2 24 -10 -16 0.0001 -10 -8 -9.9999
2 24 22.5303 -8 -9.9999 13.2331 -8 -9.9999
2 24 22.5303 -8 -9.9999 31.8407 -8 -9.9999
2 24 33.4861 -14.5175 0.5459 44.2116 -13.1951 2.1146
2 24 41.1788 -8 -9.9999 50.5599 -8 -9.9999
2 24 54.7456 -11.4429 4.5803 65.0023 -9.255 7.9651
2 24 -10 -16 30.0001 -10 -16 0.0001
2 24 -10 -9 30.0001 -10 -9 10.0001
2 24 -10 -16 30.0001 -10 -16 0.0001
2 24 -10 -16 0.0001 11.7756 -15.9549 -0.071
2 24 11.7756 -15.9549 -0.071 22.6508 -15.4277 -0.1655
2 24 22.6508 -15.4277 -0.1655 33.4861 -14.5175 0.5459
2 24 33.4861 -14.5175 0.5459 44.2116 -13.1951 2.1146
2 24 44.2116 -13.1951 2.1146 54.7456 -11.4429 4.5803
2 24 54.7456 -11.4429 4.5803 65.0023 -9.255 7.9651
2 24 70 -8 30.0001 70 -8 10.0001
2 24 65.0023 -9.255 7.9651 70 -8 10.0001
2 24 70 0 30.0001 70 0 10.0001
2 24 70 -8 30.0001 70 -8 10.0001
2 24 70 0 10.0001 70 -8 10.0001
2 24 0 -13.25 33.9382 1.9691 -13.25 33.4106
2 24 0 -8 33.9382 1.9691 -8 33.4106
2 24 0 -13.25 33.9382 -1.9691 -13.25 33.4106
2 24 0 -8 33.9382 -1.9691 -8 33.4106
2 24 -1.9691 -13.25 33.4106 -3.4106 -13.25 31.9691
2 24 -1.9691 -8 33.4106 -3.4106 -8 31.9691
2 24 -3.4106 -13.25 31.9691 -3.9382 -13.25 30
2 24 -3.4106 -8 31.9691 -3.9382 -8 30
2 24 -3.9382 -13.25 30 -3.4106 -13.25 28.0309
2 24 -3.9382 -8 30 -3.4106 -8 28.0309
2 24 -3.4106 -13.25 28.0309 -1.9691 -13.25 26.5894
2 24 -3.4106 -8 28.0309 -1.9691 -8 26.5894
2 24 -1.9691 -13.25 26.5894 0 -13.25 26.0618
2 24 -1.9691 -8 26.5894 0 -8 26.0618
2 24 0 -13.25 26.0618 1.9691 -13.25 26.5894
2 24 0 -8 26.0618 1.9691 -8 26.5894
2 24 1.9691 -13.25 26.5894 3.4106 -13.25 28.0309
2 24 1.9691 -8 26.5894 3.4106 -8 28.0309
2 24 3.4106 -13.25 28.0309 3.9382 -13.25 30
2 24 3.4106 -8 28.0309 3.9382 -8 30
2 24 3.9382 -13.25 30 3.4106 -13.25 31.9691
2 24 3.9382 -8 30 3.4106 -8 31.9691
2 24 1.9691 -8 33.4106 3.4106 -8 31.9691
2 24 1.9691 -13.25 33.4106 3.4106 -13.25 31.9691
2 24 1.9691 -8 33.4106 0 -8 33.9382
2 24 1.9691 -8 33.4106 3.4106 -8 31.9691
2 24 3.4106 -8 31.9691 3.9382 -8 30
2 24 3.9382 -8 30 3.4106 -8 28.0309
2 24 3.4106 -8 28.0309 1.9691 -8 26.5894
2 24 1.9691 -8 26.5894 0 -8 26.0618
2 24 0 -8 26.0618 -1.9691 -8 26.5894
2 24 -1.9691 -8 26.5894 -3.4106 -8 28.0309
2 24 -3.4106 -8 28.0309 -3.9382 -8 30
2 24 -3.9382 -8 30 -3.4106 -8 31.9691
2 24 -3.4106 -8 31.9691 -1.9691 -8 33.4106
2 24 0 -8 33.9382 -1.9691 -8 33.4106
2 24 51.25 -8 38.75 46.25 -8 38.75
2 24 46.25 -8 41.25 46.25 -8 38.75
2 24 51.25 -8 38.75 51.25 -8 41.25
2 24 46.25 -8 41.25 51.25 -8 41.25
2 24 46.25 -8 38.75 51.25 -8 38.75
2 24 46.25 -8 38.75 46.25 -9.8798 38.75
2 24 51.25 -8 38.75 51.25 -8.9339 38.75
2 24 46.25 -9.8798 38.75 51.25 -8.9339 38.75
2 24 46.25 -9.8798 38.75 46.25 -9.8752 41.25
2 24 46.25 -9.8798 38.75 46.25 -8 38.75
2 24 46.25 -9.8752 41.25 46.25 -8 41.25
2 24 46.25 -8 38.75 46.25 -8 41.25
2 24 46.25 -9.8752 41.25 51.25 -8.9339 41.25
2 24 46.25 -9.8752 41.25 46.25 -8 41.25
2 24 51.25 -8.9339 41.25 51.25 -8 41.25
2 24 46.25 -8 41.25 51.25 -8 41.25
2 24 61.25 0 46.25 61.25 0 51.25
2 24 61.25 0 46.25 61.25 -6.5126 46.25
2 24 61.25 0 51.25 61.25 -6.5126 51.25
2 24 61.25 -6.5126 46.25 61.25 -6.5126 51.25
2 24 58.75 -7.1455 46.25 58.75 -7.1455 51.25
2 24 58.75 -7.1455 46.25 58.75 0 46.25
2 24 58.75 -7.1455 51.25 58.75 0 51.25
2 24 58.75 0 46.25 58.75 0 51.25
2 24 58.75 0 46.25 61.25 0 46.25
2 24 58.75 0 46.25 58.75 -7.1455 46.25
2 24 61.25 0 46.25 61.25 -6.5126 46.25
2 24 58.75 -7.1455 46.25 61.25 -6.5126 46.25
2 24 58.75 0 46.25 58.75 0 51.25
2 24 61.25 0 51.25 58.75 0 51.25
2 24 58.75 0 46.25 61.25 0 46.25
2 24 61.25 0 51.25 61.25 0 46.25
2 24 38.75 -11.0488 46.25 38.75 -10.6842 51.25
2 24 38.75 -11.0488 46.25 38.75 -8 46.25
2 24 38.75 -10.6842 51.25 38.75 -8 51.25
2 24 38.75 -8 46.25 38.75 -8 51.25
2 24 41.25 -8 46.25 41.25 -8 51.25
2 24 41.25 -8 46.25 41.25 -10.6891 46.25
2 24 41.25 -8 51.25 41.25 -10.3342 51.25
2 24 41.25 -10.6891 46.25 41.25 -10.3342 51.25
2 24 38.75 -8 46.25 41.25 -8 46.25
2 24 38.75 -8 46.25 38.75 -11.0488 46.25
2 24 41.25 -8 46.25 41.25 -10.6891 46.25
2 24 38.75 -11.0488 46.25 41.25 -10.6891 46.25
2 24 41.25 -8 51.25 41.25 -8 46.25
2 24 38.75 -8 46.25 41.25 -8 46.25
2 24 41.25 -8 51.25 38.75 -8 51.25
2 24 38.75 -8 46.25 38.75 -8 51.25
2 24 18.75 -8 46.25 21.25 -8 46.25
2 24 18.75 -8 46.25 18.75 -13.25 46.25
2 24 21.25 -8 46.25 21.25 -13.25 46.25
2 24 18.75 -13.25 46.25 21.25 -13.25 46.25
2 24 18.75 -8 46.25 18.75 -8 51.25
2 24 18.75 -8 46.25 21.25 -8 46.25
2 24 18.75 -8 51.25 21.25 -8 51.25
2 24 21.25 -8 46.25 21.25 -8 51.25
2 24 21.25 -13.25 51.25 21.25 -13.25 46.25
2 24 21.25 -13.25 51.25 21.25 -8 51.25
2 24 21.25 -13.25 46.25 21.25 -8 46.25
2 24 21.25 -8 51.25 21.25 -8 46.25
2 24 18.75 -13.25 46.25 18.75 -13.25 51.25
2 24 18.75 -13.25 46.25 18.75 -8 46.25
2 24 18.75 -13.25 51.25 18.75 -8 51.25
2 24 18.75 -8 46.25 18.75 -8 51.25
2 24 -1.25 -8 46.25 1.25 -8 46.25
2 24 -1.25 -8 46.25 -1.25 -13.25 46.25
2 24 1.25 -8 46.25 1.25 -13.25 46.25
2 24 -1.25 -13.25 46.25 1.25 -13.25 46.25
2 24 -1.25 -8 46.25 -1.25 -8 51.25
2 24 -1.25 -8 46.25 1.25 -8 46.25
2 24 -1.25 -8 51.25 1.25 -8 51.25
2 24 1.25 -8 46.25 1.25 -8 51.25
2 24 -1.25 -8 51.25 -1.25 -8 46.25
2 24 -1.25 -8 51.25 -1.25 -13.25 51.25
2 24 -1.25 -8 46.25 -1.25 -13.25 46.25
2 24 -1.25 -13.25 51.25 -1.25 -13.25 46.25
2 24 1.25 -8 46.25 1.25 -8 51.25
2 24 1.25 -8 46.25 1.25 -13.25 46.25
2 24 1.25 -8 51.25 1.25 -13.2481 51.25
2 24 1.25 -13.25 46.25 1.25 -13.2481 51.25
2 24 8.75 -8 38.75 8.75 -8 41.25
2 24 13.75 -8 38.75 8.75 -8 38.75
2 24 13.75 -8 41.25 13.75 -13.25 41.25
2 24 13.75 -13.25 38.75 13.75 -13.25 41.25
2 24 8.75 -13.25 41.25 13.75 -13.25 41.25
2 24 8.75 -8 41.25 8.75 -13.25 41.25
2 24 8.75 -8 38.75 13.75 -8 38.75
2 24 8.75 -13.25 38.75 8.75 -8 38.75
2 24 13.75 -8 38.75 13.75 -13.25 38.75
2 24 8.75 -13.25 38.75 13.75 -13.25 38.75
2 24 13.75 -8 41.25 13.75 -8 38.75
2 24 13.75 -13.25 38.75 13.75 -8 38.75
2 24 8.75 -8 41.25 13.75 -8 41.25
2 24 13.75 -13.25 41.25 13.75 -8 41.25
2 24 8.75 -8 41.25 13.75 -8 41.25
2 24 13.75 -8 38.75 13.75 -8 41.25
2 24 37.3848 -11.2477 46.125 40 -10.8848 46.125
2 24 26.25 -12.4346 46.125 26.25 -12.4346 51.25
2 24 37.3848 -11.2477 46.125 26.25 -12.4346 46.125
2 24 40 -10.8848 46.125 43.0625 -10.4585 45.3044
2 24 43.0625 -10.4585 45.3044 45.3044 -10.0355 43.0625
2 24 46.1277 -10.8022 40 45.3098 -10.8696 36.9375
2 24 45.3098 -10.8696 43.0625 46.1277 -10.8022 40
2 24 26.25 -12.4346 46.125 26.25 -12.4346 33.875
2 24 26.25 -12.4346 33.875 37.3445 -11.5201 33.875
2 24 26.25 -12.4346 46.125 37.3848 -11.2477 46.125
2 24 26.25 -12.4346 46.125 37.3472 -11.5199 46.125
2 24 26.25 -12.4346 33.875 37.3445 -11.5201 33.875
2 24 26.25 -12.4346 33.875 37.3821 -11.2481 33.875
2 24 43.0625 -10.4576 34.6956 40 -10.8846 33.875
2 24 43.0625 -10.4576 34.6956 45.3044 -10.0341 36.9375
2 24 45.3044 -10.0341 36.9375 46.125 -9.9035 40
2 24 46.125 -9.9035 40 45.3044 -10.0355 43.0625
2 24 45.3044 -10.0355 43.0625 43.0625 -10.4585 45.3044
2 24 43.0625 -10.4585 45.3044 40 -10.8848 46.125
2 24 37.3821 -11.2481 33.875 40 -10.8846 33.875
2 24 37.3472 -11.5199 46.125 40.0233 -11.3051 46.125
2 24 54.4098 0 57.2049 55.5279 0 54.9689
2 24 53.0902 0 53.75 55.5279 0 54.9689
2 24 62.0656 0 51.25 53.75 0 51.25
2 24 53.0902 0 53.75 61.4754 0 53.75
2 24 62.0656 0 51.25 64.559 0 52.4967
2 24 61.4754 0 53.75 66.7951 0 56.4098
2 24 66.7951 0 56.4098 70 0 50
2 24 51.25 0 51.25 -6.25 0 51.25
2 24 -6.25 0 50 -10 0 50
2 24 -6.25 0 51.25 -6.25 0 50
2 24 -10 0 50 -10 0 70
2 24 -10 0 70 60 0 70
2 24 -9 -9 50 -10 -9 50
2 24 -9 -9 50 -9 -8 50
2 24 -9 -8 50 -6.25 -8 50
2 24 -6.25 0 50 -6.25 -8 50
2 24 -6.25 0 50 -6.25 0 51.25
2 24 -6.25 -8 50 -6.25 0 50
2 24 51.25 0 51.25 51.25 -8.9339 51.25
2 24 26.25 -12.4346 51.25 51.25 -8.9339 51.25
2 24 -6.25 0 51.25 -6.25 -13.25 51.25
2 24 -6.25 -13.25 51.25 26.25 -13.25 51.25
2 24 26.25 -12.4346 51.25 26.25 -13.25 51.25
2 24 51.25 0 51.25 -6.25 0 51.25
2 24 62.0656 -6.3062 51.25 64.5581 -5.2512 52.4962
2 24 66.25 -5.2519 49.1148 64.5581 -5.2512 52.4962
2 24 -6.25 -13.25 53.75 47.5 -9.6553 53.75
2 24 47.5 0 53.75 47.5 -9.6553 53.75
2 24 -6.25 -13.25 53.75 -6.25 0 53.75
2 24 47.5 0 53.75 -6.25 0 53.75
2 24 -6.25 -13.25 60 49.8341 -9.215 54.9171
2 24 47.5 -9.6553 53.75 49.8341 -9.215 54.9171
2 24 49.8341 -9.215 54.9171 54.4098 -6.851 57.2049
2 24 54.4098 0 57.2049 54.4098 -6.851 57.2049
2 24 54.4098 0 57.2049 47.5 0 53.75
2 24 55.5279 -7.31 54.9689 53.0902 -8.5525 53.75
2 24 55.5279 -7.31 54.9689 55.5279 0 54.9689
2 24 55.5279 0 54.9689 54.4098 0 57.2049
2 24 55.5279 -7.31 54.9689 55.5279 0 54.9689
2 24 61.4754 0 53.75 53.0902 0 53.75
2 24 61.4754 0 53.75 61.4754 -5.912 53.75
2 24 61.4754 -5.912 53.75 66.7951 -5.25 56.4098
2 24 61.4754 0 53.75 61.4754 -5.912 53.75
2 24 64.559 0 52.4967 66.25 0 49.1148
2 24 64.5581 -5.2512 52.4962 64.559 0 52.4967
2 24 64.5581 -5.2512 52.4962 62.0656 -6.3062 51.25
2 24 64.5581 -5.2512 52.4962 64.559 0 52.4967
2 24 53.75 0 51.25 62.0656 0 51.25
2 24 53.75 -8.4112 51.25 53.75 0 51.25
2 24 54.4098 -6.851 57.2049 55.5279 -7.31 54.9689
2 24 55.5279 -7.31 54.9689 53.0902 -8.5525 53.75
2 24 61.4754 -5.912 53.75 53.0902 -8.5525 53.75
2 24 61.4754 -5.912 53.75 52.2841 -5.25 66.25
2 24 61.875 -5.25 66.25 52.2841 -5.25 66.25
2 24 23.0171 -5.25 66.25 52.2841 -5.25 66.25
2 24 54.4098 -6.851 57.2049 49.8341 -9.215 54.9171
2 24 61.4754 -5.912 53.75 52.2841 -5.25 66.25
2 24 47.5 -9.6553 53.75 -6.25 -13.25 53.75
2 24 -6.25 -13.25 60 -6.25 -13.25 53.75
2 24 61.875 -5.25 66.25 66.7951 -5.25 56.4098
2 24 61.4754 -5.912 53.75 66.7951 -5.25 56.4098
2 24 -6.25 0 53.75 -6.25 0 66.25
2 24 -6.25 -5.25 66.25 -6.25 0 66.25
2 24 -6.25 -5.25 66.25 -6.25 -13.25 60
2 24 -6.25 0 66.25 61.875 0 66.25
2 24 61.875 -5.25 66.25 52.2841 -5.25 66.25
2 24 61.875 0 66.25 61.875 -5.25 66.25
2 24 64.559 0 52.4967 62.0656 0 51.25
2 24 62.0656 -6.3062 51.25 62.0656 0 51.25
2 24 66.25 0 49.1148 66.25 -5.2519 49.1148
2 24 64.5581 -5.2512 52.4962 66.25 -5.2519 49.1148
2 24 53.75 -8.4112 51.25 62.0656 -6.3062 51.25
2 24 62.0656 0 51.25 62.0656 -6.3062 51.25
2 24 64.559 0 52.4967 66.25 0 49.1148
2 24 49.8341 -9.215 54.9171 -6.25 -13.25 60
2 24 23.0171 -5.25 66.25 -6.25 -5.25 66.25
2 24 -6.25 -13.25 60 -6.25 -5.25 66.25
2 24 23.0171 -5.25 66.25 -6.25 -5.25 66.25
2 24 -6.25 0 66.25 -6.25 -5.25 66.25
2 24 23.0171 -5.25 66.25 52.2841 -5.25 66.25
2 24 49.8341 -9.215 54.9171 47.5 -9.6553 53.75
2 24 47.5 0 53.75 47.5 -9.6553 53.75
2 24 54.4098 0 57.2049 47.5 0 53.75
2 24 47.5 0 53.75 -6.25 0 53.75
2 24 -6.25 0 53.75 -6.25 0 66.25
2 24 -6.25 0 66.25 61.875 0 66.25
2 24 60 0 70 61.875 0 66.25
2 24 37.3472 -11.5199 46.125 40.0233 -11.3051 46.125
2 24 51.25 -8.9339 51.25 26.25 -12.4346 51.25
2 24 26.25 -12.4346 51.25 26.25 -12.4346 46.125
2 24 26.25 -13.25 51.25 26.25 -12.4346 51.25
2 24 26.25 -13.25 51.25 26.25 -13.25 30
2 24 26.25 -12.4346 46.125 26.25 -12.4346 33.875
2 24 45.3098 -10.8696 36.9375 43.0755 -11.0537 34.6956
2 24 45.3098 -10.8696 43.0625 43.0755 -11.0537 45.3044
2 24 40.0233 -11.3051 33.875 43.0755 -11.0537 34.6956
2 24 40.0233 -11.3051 46.125 43.0755 -11.0537 45.3044
2 24 37.3445 -11.5201 33.875 40.0233 -11.3051 33.875
2 24 37.3848 -11.2477 46.125 40 -10.8848 46.125
2 24 43.0755 -11.0537 45.3044 40.0233 -11.3051 46.125
2 24 45.3098 -10.8696 43.0625 43.0755 -11.0537 45.3044
2 24 46.1277 -10.8022 40 45.3098 -10.8696 43.0625
2 24 45.3098 -10.8696 36.9375 46.1277 -10.8022 40
2 24 43.0755 -11.0537 34.6956 45.3098 -10.8696 36.9375
2 24 43.0755 -11.0537 34.6956 40.0233 -11.3051 33.875
2 24 37.3445 -11.5201 33.875 40.0233 -11.3051 33.875
2 24 45.3044 -10.0355 43.0625 46.125 -9.9035 40
2 24 -6.25 0 50 -10 0 50
2 24 -6.25 0 51.25 -6.25 -13.25 51.25
2 24 61.4754 0 53.75 66.7951 0 56.4098
2 24 66.7951 -5.25 56.4098 66.7951 0 56.4098
2 24 61.4754 -5.912 53.75 53.0902 -8.5525 53.75
2 24 53.0902 0 53.75 53.0902 -8.5525 53.75
2 24 55.5279 0 54.9689 53.0902 0 53.75
2 24 53.0902 -8.5525 53.75 53.0902 0 53.75
2 24 55.5279 -7.31 54.9689 54.4098 -6.851 57.2049
2 24 54.4098 0 57.2049 54.4098 -6.851 57.2049
2 24 26.25 -12.4346 46.125 37.3472 -11.5199 46.125
2 24 -10 -9 50 -10 0 50
2 24 -6.25 0 53.75 -6.25 -13.25 53.75
2 24 -6.25 -13.25 60 -6.25 -13.25 53.75
2 24 63.7312 0 30 63.2288 0 31.8749
2 24 63.2288 0 31.8749 61.8562 0 33.2475
2 24 61.8562 0 33.2475 59.9812 0 33.7499
2 24 59.9812 0 33.7499 58.1062 0 33.2475
2 24 58.1062 0 33.2475 56.7336 0 31.8749
2 24 56.7336 0 31.8749 56.2312 0 30
2 24 63.2288 -6.0131 31.8749 63.7312 -5.8865 30
2 24 63.2288 0 31.8749 63.7312 0 30
2 24 63.2288 -6.0131 31.8749 61.8562 -6.3592 33.2475
2 24 63.2288 0 31.8749 61.8562 0 33.2475
2 24 61.8562 -6.3592 33.2475 59.9812 -6.8338 33.7499
2 24 61.8562 0 33.2475 59.9812 0 33.7499
2 24 59.9812 -6.8338 33.7499 58.1062 -7.3085 33.2475
2 24 59.9812 0 33.7499 58.1062 0 33.2475
2 24 58.1062 -7.3085 33.2475 56.7336 -7.6559 31.8749
2 24 58.1062 0 33.2475 56.7336 0 31.8749
2 24 56.7336 -7.6559 31.8749 56.2312 -7.7831 30
2 24 56.7336 0 31.8749 56.2312 0 30
2 24 53.2476 0 58.1366 53.75 0 60.0116
2 24 53.75 0 60.0116 53.2476 0 61.8866
2 24 53.2476 0 61.8866 51.875 0 63.2592
2 24 51.875 0 63.2592 50 0 63.7616
2 24 50 0 63.7616 48.125 0 63.2592
2 24 48.125 0 63.2592 46.7524 0 61.8866
2 24 46.7524 0 61.8866 46.25 0 60.0116
2 24 46.25 0 60.0116 46.7524 0 58.1366
2 24 46.7524 0 58.1366 48.125 0 56.764
2 24 48.125 0 56.764 50 0 56.2616
2 24 50 0 56.2616 51.875 0 56.764
2 24 53.2476 0 58.1366 51.875 0 56.764
2 24 53.2476 0 58.1366 53.75 0 60.0116
2 24 53.2476 -7.0475 58.1366 53.75 -6.3543 60.0116
2 24 53.75 0 60.0116 53.2476 0 61.8866
2 24 53.75 -6.3543 60.0116 53.2476 -6.0461 61.8866
2 24 53.2476 -6.0461 61.8866 51.875 -6.2054 63.2592
2 24 53.2476 0 61.8866 51.875 0 63.2592
2 24 50 -6.1206 63.7616 51.6506 -6.2753 63.3193
2 24 51.875 -6.2054 63.2592 51.6506 -6.2753 63.3193
2 24 51.875 0 63.2592 50 0 63.7616
2 24 50 -6.1206 63.7616 48.125 -6.2964 63.2592
2 24 50 0 63.7616 48.125 0 63.2592
2 24 48.125 -6.2964 63.2592 46.7524 -6.7766 61.8866
2 24 48.125 0 63.2592 46.7524 0 61.8866
2 24 46.7524 -6.7766 61.8866 46.25 -7.4326 60.0116
2 24 46.7524 0 61.8866 46.25 0 60.0116
2 24 46.25 -7.4326 60.0116 46.7524 -8.0886 58.1366
2 24 46.25 0 60.0116 46.7524 0 58.1366
2 24 46.7524 -8.0886 58.1366 48.125 -8.5688 56.764
2 24 46.7524 0 58.1366 48.125 0 56.764
2 24 48.125 -8.5688 56.764 50 -8.7446 56.2616
2 24 48.125 0 56.764 50 0 56.2616
2 24 50 -8.7446 56.2616 50.1325 -8.7322 56.2971
2 24 50 0 56.2616 51.875 0 56.764
2 24 50.1325 -8.7322 56.2971 51.875 -7.9399 56.764
2 24 53.2476 0 58.1366 51.875 0 56.764
2 24 53.2476 -7.0475 58.1366 51.875 -7.9399 56.764
2 24 33.2476 0 58.1366 33.75 0 60.0116
2 24 33.75 0 60.0116 33.2476 0 61.8866
2 24 33.2476 0 61.8866 31.875 0 63.2592
2 24 31.875 0 63.2592 30 0 63.7616
2 24 30 0 63.7616 28.125 0 63.2592
2 24 28.125 0 63.2592 26.7524 0 61.8866
2 24 26.7524 0 61.8866 26.25 0 60.0116
2 24 26.25 0 60.0116 26.7524 0 58.1366
2 24 26.7524 0 58.1366 28.125 0 56.764
2 24 28.125 0 56.764 30 0 56.2616
2 24 30 0 56.2616 31.875 0 56.764
2 24 33.2476 0 58.1366 31.875 0 56.764
2 24 33.2476 0 58.1366 33.75 0 60.0116
2 24 33.2476 -9.272 58.1366 33.75 -7.9642 60.0116
2 24 33.75 -7.9642 60.0116 33.2476 -6.7891 61.8866
2 24 33.75 0 60.0116 33.2476 0 61.8866
2 24 33.2476 -6.7891 61.8866 33.1784 -6.7524 61.9558
2 24 33.2476 0 61.8866 31.875 0 63.2592
2 24 33.1784 -6.7524 61.9558 31.875 -6.2964 63.2592
2 24 31.875 0 63.2592 30 0 63.7616
2 24 31.875 -6.2964 63.2592 30 -6.1206 63.7616
2 24 28.125 -6.5562 63.2592 29.3301 -6.1834 63.5821
2 24 30 0 63.7616 28.125 0 63.2592
2 24 30 -6.1206 63.7616 29.3301 -6.1834 63.5821
2 24 28.125 -6.5562 63.2592 26.7524 -7.6461 61.8866
2 24 28.125 0 63.2592 26.7524 0 61.8866
2 24 26.7524 -7.6461 61.8866 26.25 -8.9539 60.0116
2 24 26.7524 0 61.8866 26.25 0 60.0116
2 24 26.25 -8.9539 60.0116 26.7524 -10.129 58.1366
2 24 26.25 0 60.0116 26.7524 0 58.1366
2 24 28.125 -10.8007 56.764 27.9924 -10.7864 56.8966
2 24 26.7524 -10.129 58.1366 27.9924 -10.7864 56.8966
2 24 26.7524 0 58.1366 28.125 0 56.764
2 24 28.125 0 56.764 30 0 56.2616
2 24 28.125 -10.8007 56.764 30 -10.7315 56.2616
2 24 30 -10.7315 56.2616 31.2635 -10.5511 56.6001
2 24 30 0 56.2616 31.875 0 56.764
2 24 31.2635 -10.5511 56.6001 31.875 -10.3619 56.764
2 24 33.2476 0 58.1366 31.875 0 56.764
2 24 33.2476 -9.272 58.1366 31.875 -10.3619 56.764
2 24 13.2476 0 58.1366 13.75 0 60.0116
2 24 13.75 0 60.0116 13.2476 0 61.8866
2 24 13.2476 0 61.8866 11.875 0 63.2592
2 24 11.875 0 63.2592 10 0 63.7616
2 24 10 0 63.7616 8.125 0 63.2592
2 24 8.125 0 63.2592 6.7524 0 61.8866
2 24 6.7524 0 61.8866 6.25 0 60.0116
2 24 6.25 0 60.0116 6.7524 0 58.1366
2 24 6.7524 0 58.1366 8.125 0 56.764
2 24 8.125 0 56.764 10 0 56.2616
2 24 10 0 56.2616 11.875 0 56.764
2 24 13.2476 0 58.1366 11.875 0 56.764
2 24 13.2476 -11.8663 58.1366 13.2728 -11.8454 58.2306
2 24 13.2476 0 58.1366 13.75 0 60.0116
2 24 13.2728 -11.8454 58.2306 13.75 -10.6033 60.0116
2 24 13.75 0 60.0116 13.2476 0 61.8866
2 24 13.75 -10.6033 60.0116 13.2476 -9.4281 61.8866
2 24 13.2476 0 61.8866 11.875 0 63.2592
2 24 13.2476 -9.4281 61.8866 11.875 -8.7004 63.2592
2 24 11.875 -8.7004 63.2592 10.6052 -8.6427 63.5994
2 24 11.875 0 63.2592 10 0 63.7616
2 24 10.6052 -8.6427 63.5994 10 -8.4351 63.7616
2 24 10 -8.4351 63.7616 8.125 -9.0782 63.2592
2 24 10 0 63.7616 8.125 0 63.2592
2 24 6.7524 -10.2852 61.8866 7.8842 -9.3865 63.0184
2 24 8.125 -9.0782 63.2592 7.8842 -9.3865 63.0184
2 24 8.125 0 63.2592 6.7524 0 61.8866
2 24 6.7524 -10.2852 61.8866 6.25 -11.5929 60.0116
2 24 6.7524 0 61.8866 6.25 0 60.0116
2 24 6.7524 -12.3804 58.1366 6.6552 -12.3869 58.4994
2 24 6.25 0 60.0116 6.7524 0 58.1366
2 24 6.6552 -12.3869 58.4994 6.5643 -12.3281 58.8386
2 24 6.25 -11.5929 60.0116 6.5643 -12.3281 58.8386
2 24 6.7524 0 58.1366 8.125 0 56.764
2 24 6.7524 -12.3804 58.1366 8.125 -12.2886 56.764
2 24 8.125 0 56.764 10 0 56.2616
2 24 8.125 -12.2886 56.764 10 -12.1632 56.2616
2 24 10 0 56.2616 11.875 0 56.764
2 24 10 -12.1632 56.2616 11.875 -12.0378 56.764
2 24 11.875 -12.0378 56.764 12.8859 -11.9702 57.7749
2 24 13.2476 0 58.1366 11.875 0 56.764
2 24 13.2476 -11.8663 58.1366 12.8859 -11.9702 57.7749
2 24 66.25 0 49.1148 66.25 0 30
2 24 70 0 50 70 0 30
2 24 66.25 -5.2519 30 66.25 -5.2519 49.1148
2 24 66.25 -5.2519 49.1148 66.25 0 49.1148
2 24 66.25 0 30 66.25 0 49.1148
2 24 66.25 -5.2519 49.1148 66.25 -5.2519 30
2 24 53.75 -8.4112 30 53.75 -8.4112 51.25
2 24 62.0656 -6.3062 51.25 53.75 -8.4112 51.25
2 24 53.75 0 30 53.75 0 51.25
2 24 53.75 0 51.25 53.75 -8.4112 51.25
2 24 53.75 -8.4112 30 53.75 -8.4112 51.25
2 24 51.25 0 51.25 51.25 0 30
2 24 53.75 0 51.25 53.75 0 30
2 24 51.25 -8.9339 51.25 51.25 0 51.25
2 24 51.25 -8.9339 51.25 51.25 -8.9339 30
2 24 51.25 0 51.25 51.25 0 30
2 24 51.25 -8.9339 51.25 51.25 -8.9339 30
2 24 46.125 -9.9035 40 45.3044 -10.0341 36.9375
2 24 45.3044 -10.0341 36.9375 43.0625 -10.4576 34.6956
2 24 43.0625 -10.4576 34.6956 40 -10.8846 33.875
2 24 40 -10.8846 33.875 37.3821 -11.2481 33.875
2 24 26.25 -12.4346 33.875 37.3821 -11.2481 33.875
2 24 26.25 -12.4346 33.875 26.25 -12.4346 30
2 24 -6.25 -13.25 51.25 26.25 -13.25 51.25
2 24 -6.25 -13.25 51.25 -6.25 -13.25 30
2 24 26.25 -13.25 51.25 26.25 -13.25 30
2 24 -6.25 -13.25 51.25 -6.25 -13.25 30
2 24 -6.25 -8 50 -6.25 -8 30
2 24 -9 -8 50 -6.25 -8 50
2 24 -9 -8 50 -9 -8 30
2 24 -6.25 -8 50 -6.25 -8 30
2 24 -9 -9 50 -9 -8 50
2 24 -9 -9 50 -9 -9 30
2 24 -9 -8 50 -9 -8 30
2 24 -10 -9 50 -9 -9 50
2 24 -10 -9 50 -10 -9 30
2 24 -9 -9 50 -9 -9 30
2 24 8.75 -13.25 30 8.75 -13.25 51.25
2 24 8.75 -8 30 8.75 -8 51.25
2 24 8.75 -13.25 51.25 8.75 -8 51.25
2 24 6.25 -8 51.25 8.75 -8 51.25
2 24 6.25 -8 51.25 6.25 -8 30
2 24 8.75 -8 51.25 8.75 -8 30
2 24 6.25 -8 30 6.25 -8 51.25
2 24 6.25 -13.25 30 6.25 -13.25 51.25
2 24 6.25 -8 51.25 6.25 -13.25 51.25
2 24 46.25 -8 21.25 51.25 -8 21.25
2 24 46.25 -8 18.75 46.25 -8 21.25
2 24 46.25 -8 18.75 51.25 -8 18.75
2 24 51.25 -8 21.25 51.25 -8 18.75
2 24 46.25 -8 21.25 46.25 -9.8798 21.25
2 24 46.25 -8 21.25 51.25 -8 21.25
2 24 51.25 -8 21.25 51.25 -8.9339 21.25
2 24 46.25 -9.8798 21.25 51.25 -8.9339 21.25
2 24 46.25 -9.8798 21.25 46.25 -8 21.25
2 24 46.25 -9.8798 21.25 46.25 -9.8752 18.75
2 24 46.25 -9.8752 18.75 46.25 -8 18.75
2 24 46.25 -8 21.25 46.25 -8 18.75
2 24 46.25 -9.8752 18.75 46.25 -8 18.75
2 24 46.25 -9.8752 18.75 51.25 -8.9339 18.75
2 24 51.25 -8.9339 18.75 51.25 -8 18.75
2 24 46.25 -8 18.75 51.25 -8 18.75
2 24 61.25 0 13.75 61.25 -6.5126 13.75
2 24 61.25 0 13.75 61.25 0 8.75
2 24 61.25 0 8.75 61.25 -6.5126 8.75
2 24 61.25 -6.5126 13.75 61.25 -6.5126 8.75
2 24 58.75 -7.1455 13.75 58.75 0 13.75
2 24 58.75 -7.1455 13.75 58.75 -7.1455 8.75
2 24 58.75 -7.1455 8.75 58.75 0 8.75
2 24 58.75 0 13.75 58.75 0 8.75
2 24 58.75 0 13.75 58.75 -7.1455 13.75
2 24 58.75 0 13.75 61.25 0 13.75
2 24 61.25 0 13.75 61.25 -6.5126 13.75
2 24 58.75 -7.1455 13.75 61.25 -6.5126 13.75
2 24 58.75 0 8.75 58.75 0 13.75
2 24 61.25 0 8.75 58.75 0 8.75
2 24 61.25 0 8.75 61.25 0 13.75
2 24 58.75 0 13.75 61.25 0 13.75
2 24 38.75 -11.0488 13.75 38.75 -8 13.75
2 24 38.75 -11.0488 13.75 38.75 -10.6842 8.75
2 24 38.75 -10.6842 8.75 38.75 -8 8.75
2 24 38.75 -8 13.75 38.75 -8 8.75
2 24 41.25 -8 13.75 41.25 -10.6891 13.75
2 24 41.25 -8 13.75 41.25 -8 8.75
2 24 41.25 -8 8.75 41.25 -10.3342 8.75
2 24 41.25 -10.6891 13.75 41.25 -10.3342 8.75
2 24 38.75 -8 13.75 38.75 -11.0488 13.75
2 24 38.75 -8 13.75 41.25 -8 13.75
2 24 41.25 -8 13.75 41.25 -10.6891 13.75
2 24 38.75 -11.0488 13.75 41.25 -10.6891 13.75
2 24 41.25 -8 13.75 41.25 -8 8.75
2 24 38.75 -8 13.75 41.25 -8 13.75
2 24 38.75 -8 13.75 38.75 -8 8.75
2 24 41.25 -8 8.75 38.75 -8 8.75
2 24 18.75 -8 13.75 18.75 -13.25 13.75
2 24 18.75 -8 13.75 21.25 -8 13.75
2 24 21.25 -8 13.75 21.25 -13.25 13.75
2 24 18.75 -13.25 13.75 21.25 -13.25 13.75
2 24 18.75 -8 13.75 21.25 -8 13.75
2 24 18.75 -8 13.75 18.75 -8 8.75
2 24 18.75 -8 8.75 21.25 -8 8.75
2 24 21.25 -8 13.75 21.25 -8 8.75
2 24 21.25 -13.25 8.75 21.25 -8 8.75
2 24 21.25 -13.25 8.75 21.25 -13.25 13.75
2 24 21.25 -13.25 13.75 21.25 -8 13.75
2 24 21.25 -8 8.75 21.25 -8 13.75
2 24 18.75 -13.25 13.75 18.75 -8 13.75
2 24 18.75 -13.25 13.75 18.75 -13.25 8.75
2 24 18.75 -13.25 8.75 18.75 -8 8.75
2 24 18.75 -8 13.75 18.75 -8 8.75
2 24 -1.25 -8 13.75 -1.25 -13.25 13.75
2 24 -1.25 -8 13.75 1.25 -8 13.75
2 24 1.25 -8 13.75 1.25 -13.25 13.75
2 24 -1.25 -13.25 13.75 1.25 -13.25 13.75
2 24 -1.25 -8 13.75 1.25 -8 13.75
2 24 -1.25 -8 13.75 -1.25 -8 8.75
2 24 -1.25 -8 8.75 1.25 -8 8.75
2 24 1.25 -8 13.75 1.25 -8 8.75
2 24 -1.25 -8 8.75 -1.25 -13.25 8.75
2 24 -1.25 -8 8.75 -1.25 -8 13.75
2 24 -1.25 -8 13.75 -1.25 -13.25 13.75
2 24 -1.25 -13.25 8.75 -1.25 -13.25 13.75
2 24 1.25 -8 13.75 1.25 -13.25 13.75
2 24 1.25 -8 13.75 1.25 -8 8.75
2 24 1.25 -8 8.75 1.25 -13.2481 8.75
2 24 1.25 -13.25 13.75 1.25 -13.2481 8.75
2 24 8.75 -8 18.75 8.75 -8 21.25
2 24 13.75 -8 21.25 8.75 -8 21.25
2 24 13.75 -13.25 18.75 13.75 -8 18.75
2 24 13.75 -13.25 21.25 13.75 -13.25 18.75
2 24 13.75 -13.25 18.75 8.75 -13.25 18.75
2 24 8.75 -8 18.75 8.75 -13.25 18.75
2 24 13.75 -8 21.25 8.75 -8 21.25
2 24 8.75 -13.25 21.25 8.75 -8 21.25
2 24 13.75 -8 21.25 13.75 -13.25 21.25
2 24 8.75 -13.25 21.25 13.75 -13.25 21.25
2 24 13.75 -8 18.75 13.75 -8 21.25
2 24 13.75 -13.25 21.25 13.75 -8 21.25
2 24 13.75 -13.25 18.75 13.75 -8 18.75
2 24 8.75 -8 18.75 13.75 -8 18.75
2 24 8.75 -8 18.75 13.75 -8 18.75
2 24 13.75 -8 21.25 13.75 -8 18.75
2 24 37.3848 -11.2477 13.875 40 -10.8848 13.875
2 24 26.25 -12.4346 8.75 26.25 -12.4346 13.875
2 24 37.3848 -11.2477 13.875 26.25 -12.4346 13.875
2 24 40 -10.8848 13.875 43.0625 -10.4585 14.6956
2 24 43.0625 -10.4585 14.6956 45.3044 -10.0355 16.9375
2 24 45.3098 -10.8696 23.0625 46.1277 -10.8022 20
2 24 45.3098 -10.8696 16.9375 46.1277 -10.8022 20
2 24 26.25 -12.4346 26.125 37.3445 -11.5201 26.125
2 24 26.25 -12.4346 13.875 26.25 -12.4346 26.125
2 24 26.25 -12.4346 13.875 37.3472 -11.5199 13.875
2 24 26.25 -12.4346 13.875 37.3848 -11.2477 13.875
2 24 26.25 -12.4346 26.125 37.3821 -11.2481 26.125
2 24 26.25 -12.4346 26.125 37.3445 -11.5201 26.125
2 24 40 -10.8846 26.125 43.0625 -10.4576 25.3044
2 24 43.0625 -10.4576 25.3044 45.3044 -10.0341 23.0625
2 24 45.3044 -10.0341 23.0625 46.125 -9.9035 20
2 24 46.125 -9.9035 20 45.3044 -10.0355 16.9375
2 24 45.3044 -10.0355 16.9375 43.0625 -10.4585 14.6956
2 24 43.0625 -10.4585 14.6956 40 -10.8848 13.875
2 24 37.3821 -11.2481 26.125 40 -10.8846 26.125
2 24 37.3472 -11.5199 13.875 40.0233 -11.3051 13.875
2 24 55.5279 0 5.0311 54.4098 0 2.7951
2 24 53.0902 0 6.25 55.5279 0 5.0311
2 24 53.75 0 8.75 62.0656 0 8.75
2 24 53.0902 0 6.25 61.4754 0 6.25
2 24 62.0656 0 8.75 64.559 0 7.5033
2 24 61.4754 0 6.25 66.7951 0 3.5902
2 24 66.7951 0 3.5902 70 0 10
2 24 51.25 0 8.75 -6.25 0 8.75
2 24 -10 0 10 -6.25 0 10
2 24 -6.25 0 8.75 -6.25 0 10
2 24 -10 0 10 -10 0 -10
2 24 -10 0 -10 60 0 -10
2 24 -9 -9 10 -9 -8 10
2 24 -9 -9 10 -10 -9 10
2 24 -9 -8 10 -6.25 -8 10
2 24 -6.25 0 10 -6.25 -8 10
2 24 -6.25 0 8.75 -6.25 0 10
2 24 -6.25 -8 10 -6.25 0 10
2 24 51.25 -8.9339 8.75 51.25 0 8.75
2 24 26.25 -12.4346 8.75 51.25 -8.9339 8.75
2 24 -6.25 0 8.75 -6.25 -13.25 8.75
2 24 26.25 -12.4346 8.75 26.25 -13.25 8.75
2 24 -6.25 -13.25 8.75 26.25 -13.25 8.75
2 24 51.25 0 8.75 -6.25 0 8.75
2 24 64.5581 -5.2512 7.5038 62.0656 -6.3062 8.75
2 24 66.25 -5.2519 10.8853 64.5581 -5.2512 7.5038
2 24 47.5 -9.6553 6.25 -6.25 -13.25 6.25
2 24 47.5 0 6.25 47.5 -9.6553 6.25
2 24 47.5 0 6.25 -6.25 0 6.25
2 24 -6.25 -13.25 6.25 -6.25 0 6.25
2 24 49.8341 -9.215 5.0829 -6.25 -13.25 0
2 24 47.5 -9.6553 6.25 49.8341 -9.215 5.0829
2 24 54.4098 -6.851 2.7951 49.8341 -9.215 5.0829
2 24 54.4098 0 2.7951 54.4098 -6.851 2.7951
2 24 54.4098 0 2.7951 47.5 0 6.25
2 24 55.5279 -7.31 5.0311 55.5279 0 5.0311
2 24 55.5279 -7.31 5.0311 53.0902 -8.5525 6.25
2 24 54.4098 0 2.7951 55.5279 0 5.0311
2 24 55.5279 -7.31 5.0311 55.5279 0 5.0311
2 24 61.4754 0 6.25 61.4754 -5.912 6.25
2 24 61.4754 0 6.25 53.0902 0 6.25
2 24 66.7951 -5.25 3.5902 61.4754 -5.912 6.25
2 24 61.4754 0 6.25 61.4754 -5.912 6.25
2 24 66.25 0 10.8853 64.559 0 7.5033
2 24 64.5581 -5.2512 7.5038 64.559 0 7.5033
2 24 64.5581 -5.2512 7.5038 64.559 0 7.5033
2 24 64.5581 -5.2512 7.5038 62.0656 -6.3062 8.75
2 24 62.0656 0 8.75 53.75 0 8.75
2 24 53.75 -8.4112 8.75 53.75 0 8.75
2 24 54.4098 -6.851 2.7951 55.5279 -7.31 5.0311
2 24 61.4754 -5.912 6.25 53.0902 -8.5525 6.25
2 24 55.5279 -7.31 5.0311 53.0902 -8.5525 6.25
2 24 52.2841 -5.25 -6.25 61.4754 -5.912 6.25
2 24 61.875 -5.25 -6.25 52.2841 -5.25 -6.25
2 24 52.2841 -5.25 -6.25 23.0171 -5.25 -6.25
2 24 54.4098 -6.851 2.7951 49.8341 -9.215 5.0829
2 24 61.4754 -5.912 6.25 52.2841 -5.25 -6.25
2 24 47.5 -9.6553 6.25 -6.25 -13.25 6.25
2 24 -6.25 -13.25 0 -6.25 -13.25 6.25
2 24 61.875 -5.25 -6.25 66.7951 -5.25 3.5902
2 24 61.4754 -5.912 6.25 66.7951 -5.25 3.5902
2 24 -6.25 0 -6.25 -6.25 0 6.25
2 24 -6.25 -5.25 -6.25 -6.25 0 -6.25
2 24 -6.25 -5.25 -6.25 -6.25 -13.25 0
2 24 -6.25 0 -6.25 61.875 0 -6.25
2 24 61.875 0 -6.25 61.875 -5.25 -6.25
2 24 61.875 -5.25 -6.25 52.2841 -5.25 -6.25
2 24 64.559 0 7.5033 62.0656 0 8.75
2 24 62.0656 -6.3062 8.75 62.0656 0 8.75
2 24 66.25 0 10.8853 66.25 -5.2519 10.8853
2 24 64.5581 -5.2512 7.5038 66.25 -5.2519 10.8853
2 24 62.0656 0 8.75 62.0656 -6.3062 8.75
2 24 53.75 -8.4112 8.75 62.0656 -6.3062 8.75
2 24 64.559 0 7.5033 66.25 0 10.8853
2 24 49.8341 -9.215 5.0829 -6.25 -13.25 0
2 24 23.0171 -5.25 -6.25 -6.25 -5.25 -6.25
2 24 -6.25 -13.25 0 -6.25 -5.25 -6.25
2 24 23.0171 -5.25 -6.25 -6.25 -5.25 -6.25
2 24 -6.25 0 -6.25 -6.25 -5.25 -6.25
2 24 23.0171 -5.25 -6.25 52.2841 -5.25 -6.25
2 24 49.8341 -9.215 5.0829 47.5 -9.6553 6.25
2 24 47.5 0 6.25 47.5 -9.6553 6.25
2 24 54.4098 0 2.7951 47.5 0 6.25
2 24 47.5 0 6.25 -6.25 0 6.25
2 24 -6.25 0 6.25 -6.25 0 -6.25
2 24 -6.25 0 -6.25 61.875 0 -6.25
2 24 60 0 -10 61.875 0 -6.25
2 24 40.0233 -11.3051 13.875 37.3472 -11.5199 13.875
2 24 51.25 -8.9339 8.75 26.25 -12.4346 8.75
2 24 26.25 -12.4346 13.875 26.25 -12.4346 8.75
2 24 26.25 -13.25 8.75 26.25 -12.4346 8.75
2 24 45.3098 -10.8696 23.0625 43.0755 -11.0537 25.3044
2 24 45.3098 -10.8696 16.9375 43.0755 -11.0537 14.6956
2 24 40.0233 -11.3051 26.125 43.0755 -11.0537 25.3044
2 24 40.0233 -11.3051 13.875 43.0755 -11.0537 14.6956
2 24 37.3445 -11.5201 26.125 40.0233 -11.3051 26.125
2 24 37.3848 -11.2477 13.875 40 -10.8848 13.875
2 24 43.0755 -11.0537 14.6956 40.0233 -11.3051 13.875
2 24 45.3098 -10.8696 16.9375 43.0755 -11.0537 14.6956
2 24 46.1277 -10.8022 20 45.3098 -10.8696 16.9375
2 24 45.3098 -10.8696 23.0625 46.1277 -10.8022 20
2 24 43.0755 -11.0537 25.3044 45.3098 -10.8696 23.0625
2 24 43.0755 -11.0537 25.3044 40.0233 -11.3051 26.125
2 24 37.3445 -11.5201 26.125 40.0233 -11.3051 26.125
2 24 45.3044 -10.0355 16.9375 46.125 -9.9035 20
2 24 -6.25 0 10 -10 0 10
2 24 -6.25 0 8.75 -6.25 -13.25 8.75
2 24 66.7951 -5.25 3.5902 66.7951 0 3.5902
2 24 61.4754 0 6.25 66.7951 0 3.5902
2 24 61.4754 -5.912 6.25 53.0902 -8.5525 6.25
2 24 53.0902 0 6.25 53.0902 -8.5525 6.25
2 24 55.5279 0 5.0311 53.0902 0 6.25
2 24 53.0902 -8.5525 6.25 53.0902 0 6.25
2 24 54.4098 0 2.7951 54.4098 -6.851 2.7951
2 24 55.5279 -7.31 5.0311 54.4098 -6.851 2.7951
2 24 26.25 -12.4346 13.875 37.3472 -11.5199 13.875
2 24 -10 -9 10 -10 0 10
2 24 -6.25 0 6.25 -6.25 -13.25 6.25
2 24 -6.25 -13.25 0 -6.25 -13.25 6.25
2 24 63.7312 0 30 63.2288 0 28.1251
2 24 63.2288 0 28.1251 61.8562 0 26.7525
2 24 61.8562 0 26.7525 59.9812 0 26.2501
2 24 59.9812 0 26.2501 58.1062 0 26.7525
2 24 58.1062 0 26.7525 56.7336 0 28.1251
2 24 56.2312 0 30 56.7336 0 28.1251
2 24 63.7312 -5.8865 30 63.2288 -6.0131 28.1251
2 24 63.7312 0 30 63.2288 0 28.1251
2 24 63.2288 -6.0131 28.1251 61.8562 -6.3592 26.7525
2 24 63.2288 0 28.1251 61.8562 0 26.7525
2 24 61.8562 -6.3592 26.7525 59.9812 -6.8338 26.2501
2 24 61.8562 0 26.7525 59.9812 0 26.2501
2 24 59.9812 -6.8338 26.2501 58.1062 -7.3085 26.7525
2 24 59.9812 0 26.2501 58.1062 0 26.7525
2 24 58.1062 -7.3085 26.7525 56.7336 -7.6559 28.1251
2 24 58.1062 0 26.7525 56.7336 0 28.1251
2 24 56.2312 -7.7831 30 56.7336 -7.6559 28.1251
2 24 56.2312 0 30 56.7336 0 28.1251
2 24 53.2476 0 1.8634 53.75 0 -0.0116
2 24 53.75 0 -0.0116 53.2476 0 -1.8866
2 24 53.2476 0 -1.8866 51.875 0 -3.2592
2 24 51.875 0 -3.2592 50 0 -3.7616
2 24 50 0 -3.7616 48.125 0 -3.2592
2 24 48.125 0 -3.2592 46.7524 0 -1.8866
2 24 46.7524 0 -1.8866 46.25 0 -0.0116
2 24 46.25 0 -0.0116 46.7524 0 1.8634
2 24 46.7524 0 1.8634 48.125 0 3.236
2 24 48.125 0 3.236 50 0 3.7384
2 24 50 0 3.7384 51.875 0 3.236
2 24 53.2476 0 1.8634 51.875 0 3.236
2 24 53.2476 0 1.8634 53.75 0 -0.0116
2 24 53.2476 -7.0475 1.8634 53.75 -6.3543 -0.0116
2 24 53.75 0 -0.0116 53.2476 0 -1.8866
2 24 53.75 -6.3543 -0.0116 53.2476 -6.0461 -1.8866
2 24 53.2476 -6.0461 -1.8866 51.875 -6.2054 -3.2592
2 24 53.2476 0 -1.8866 51.875 0 -3.2592
2 24 50 -6.1206 -3.7616 51.6506 -6.2753 -3.3193
2 24 51.875 -6.2054 -3.2592 51.6506 -6.2753 -3.3193
2 24 51.875 0 -3.2592 50 0 -3.7616
2 24 50 -6.1206 -3.7616 48.125 -6.2964 -3.2592
2 24 50 0 -3.7616 48.125 0 -3.2592
2 24 48.125 -6.2964 -3.2592 46.7524 -6.7766 -1.8866
2 24 48.125 0 -3.2592 46.7524 0 -1.8866
2 24 46.7524 -6.7766 -1.8866 46.25 -7.4326 -0.0116
2 24 46.7524 0 -1.8866 46.25 0 -0.0116
2 24 46.25 -7.4326 -0.0116 46.7524 -8.0886 1.8634
2 24 46.25 0 -0.0116 46.7524 0 1.8634
2 24 46.7524 -8.0886 1.8634 48.125 -8.5688 3.236
2 24 46.7524 0 1.8634 48.125 0 3.236
2 24 48.125 -8.5688 3.236 50 -8.7446 3.7384
2 24 48.125 0 3.236 50 0 3.7384
2 24 50 -8.7446 3.7384 50.1325 -8.7322 3.7029
2 24 50 0 3.7384 51.875 0 3.236
2 24 50.1325 -8.7322 3.7029 51.875 -7.9399 3.236
2 24 53.2476 0 1.8634 51.875 0 3.236
2 24 53.2476 -7.0475 1.8634 51.875 -7.9399 3.236
2 24 33.2476 0 1.8634 33.75 0 -0.0116
2 24 33.75 0 -0.0116 33.2476 0 -1.8866
2 24 33.2476 0 -1.8866 31.875 0 -3.2592
2 24 31.875 0 -3.2592 30 0 -3.7616
2 24 30 0 -3.7616 28.125 0 -3.2592
2 24 28.125 0 -3.2592 26.7524 0 -1.8866
2 24 26.7524 0 -1.8866 26.25 0 -0.0116
2 24 26.25 0 -0.0116 26.7524 0 1.8634
2 24 26.7524 0 1.8634 28.125 0 3.236
2 24 28.125 0 3.236 30 0 3.7384
2 24 30 0 3.7384 31.875 0 3.236
2 24 33.2476 0 1.8634 31.875 0 3.236
2 24 33.2476 0 1.8634 33.75 0 -0.0116
2 24 33.2476 -9.272 1.8634 33.75 -7.9642 -0.0116
2 24 33.75 -7.9642 -0.0116 33.2476 -6.7891 -1.8866
2 24 33.75 0 -0.0116 33.2476 0 -1.8866
2 24 33.2476 -6.7891 -1.8866 33.1784 -6.7524 -1.9558
2 24 33.2476 0 -1.8866 31.875 0 -3.2592
2 24 33.1784 -6.7524 -1.9558 31.875 -6.2964 -3.2592
2 24 31.875 0 -3.2592 30 0 -3.7616
2 24 31.875 -6.2964 -3.2592 30 -6.1206 -3.7616
2 24 28.125 -6.5562 -3.2592 29.3301 -6.1834 -3.5821
2 24 30 0 -3.7616 28.125 0 -3.2592
2 24 30 -6.1206 -3.7616 29.3301 -6.1834 -3.5821
2 24 28.125 -6.5562 -3.2592 26.7524 -7.6461 -1.8866
2 24 28.125 0 -3.2592 26.7524 0 -1.8866
2 24 26.7524 -7.6461 -1.8866 26.25 -8.9539 -0.0116
2 24 26.7524 0 -1.8866 26.25 0 -0.0116
2 24 26.25 -8.9539 -0.0116 26.7524 -10.129 1.8634
2 24 26.25 0 -0.0116 26.7524 0 1.8634
2 24 28.125 -10.8007 3.236 27.9924 -10.7864 3.1034
2 24 26.7524 -10.129 1.8634 27.9924 -10.7864 3.1034
2 24 26.7524 0 1.8634 28.125 0 3.236
2 24 28.125 0 3.236 30 0 3.7384
2 24 28.125 -10.8007 3.236 30 -10.7315 3.7384
2 24 30 -10.7315 3.7384 31.2635 -10.5511 3.3999
2 24 30 0 3.7384 31.875 0 3.236
2 24 31.2635 -10.5511 3.3999 31.875 -10.3619 3.236
2 24 33.2476 0 1.8634 31.875 0 3.236
2 24 33.2476 -9.272 1.8634 31.875 -10.3619 3.236
2 24 13.2476 0 1.8634 13.75 0 -0.0116
2 24 13.75 0 -0.0116 13.2476 0 -1.8866
2 24 13.2476 0 -1.8866 11.875 0 -3.2592
2 24 11.875 0 -3.2592 10 0 -3.7616
2 24 10 0 -3.7616 8.125 0 -3.2592
2 24 8.125 0 -3.2592 6.7524 0 -1.8866
2 24 6.7524 0 -1.8866 6.25 0 -0.0116
2 24 6.25 0 -0.0116 6.7524 0 1.8634
2 24 6.7524 0 1.8634 8.125 0 3.236
2 24 8.125 0 3.236 10 0 3.7384
2 24 10 0 3.7384 11.875 0 3.236
2 24 13.2476 0 1.8634 11.875 0 3.236
2 24 13.2476 -11.8663 1.8634 13.2728 -11.8454 1.7694
2 24 13.2476 0 1.8634 13.75 0 -0.0116
2 24 13.2728 -11.8454 1.7694 13.75 -10.6033 -0.0116
2 24 13.75 0 -0.0116 13.2476 0 -1.8866
2 24 13.75 -10.6033 -0.0116 13.2476 -9.4281 -1.8866
2 24 13.2476 0 -1.8866 11.875 0 -3.2592
2 24 13.2476 -9.4281 -1.8866 11.875 -8.7004 -3.2592
2 24 11.875 -8.7004 -3.2592 10.6052 -8.6427 -3.5994
2 24 11.875 0 -3.2592 10 0 -3.7616
2 24 10.6052 -8.6427 -3.5994 10 -8.4351 -3.7616
2 24 10 -8.4351 -3.7616 8.125 -9.0782 -3.2592
2 24 10 0 -3.7616 8.125 0 -3.2592
2 24 6.7524 -10.2852 -1.8866 7.8842 -9.3865 -3.0184
2 24 8.125 -9.0782 -3.2592 7.8842 -9.3865 -3.0184
2 24 8.125 0 -3.2592 6.7524 0 -1.8866
2 24 6.7524 -10.2852 -1.8866 6.25 -11.5929 -0.0116
2 24 6.7524 0 -1.8866 6.25 0 -0.0116
2 24 6.7524 -12.3804 1.8634 6.6552 -12.3869 1.5006
2 24 6.25 0 -0.0116 6.7524 0 1.8634
2 24 6.6552 -12.3869 1.5006 6.5643 -12.3281 1.1614
2 24 6.25 -11.5929 -0.0116 6.5643 -12.3281 1.1614
2 24 6.7524 0 1.8634 8.125 0 3.236
2 24 6.7524 -12.3804 1.8634 8.125 -12.2886 3.236
2 24 8.125 0 3.236 10 0 3.7384
2 24 8.125 -12.2886 3.236 10 -12.1632 3.7384
2 24 10 0 3.7384 11.875 0 3.236
2 24 10 -12.1632 3.7384 11.875 -12.0378 3.236
2 24 11.875 -12.0378 3.236 12.8859 -11.9702 2.2251
2 24 13.2476 0 1.8634 11.875 0 3.236
2 24 13.2476 -11.8663 1.8634 12.8859 -11.9702 2.2251
2 24 66.25 0 30 66.25 0 10.8853
2 24 70 0 30 70 0 10
2 24 66.25 -5.2519 30 66.25 -5.2519 10.8853
2 24 66.25 0 30 66.25 0 10.8853
2 24 66.25 -5.2519 10.8853 66.25 0 10.8853
2 24 66.25 -5.2519 30 66.25 -5.2519 10.8853
2 24 53.75 -8.4112 30 53.75 -8.4112 8.75
2 24 62.0656 -6.3062 8.75 53.75 -8.4112 8.75
2 24 53.75 0 30 53.75 0 8.75
2 24 53.75 -8.4112 30 53.75 -8.4112 8.75
2 24 53.75 0 8.75 53.75 -8.4112 8.75
2 24 51.25 0 30 51.25 0 8.75
2 24 53.75 0 30 53.75 0 8.75
2 24 51.25 -8.9339 30 51.25 -8.9339 8.75
2 24 51.25 -8.9339 8.75 51.25 0 8.75
2 24 51.25 0 30 51.25 0 8.75
2 24 51.25 -8.9339 30 51.25 -8.9339 8.75
2 24 46.125 -9.9035 20 45.3044 -10.0341 23.0625
2 24 45.3044 -10.0341 23.0625 43.0625 -10.4576 25.3044
2 24 43.0625 -10.4576 25.3044 40 -10.8846 26.125
2 24 40 -10.8846 26.125 37.3821 -11.2481 26.125
2 24 26.25 -12.4346 30 26.25 -12.4346 26.125
2 24 26.25 -12.4346 26.125 37.3821 -11.2481 26.125
2 24 26.25 -13.25 30 26.25 -13.25 8.75
2 24 26.25 -12.4346 13.875 26.25 -12.4346 26.125
2 24 -6.25 -13.25 30 -6.25 -13.25 8.75
2 24 -6.25 -13.25 8.75 26.25 -13.25 8.75
2 24 26.25 -13.25 30 26.25 -13.25 8.75
2 24 -6.25 -8 30 -6.25 -8 10
2 24 -6.25 -13.25 30 -6.25 -13.25 8.75
2 24 -9 -8 30 -9 -8 10
2 24 -9 -8 10 -6.25 -8 10
2 24 -6.25 -8 30 -6.25 -8 10
2 24 -9 -9 30 -9 -9 10
2 24 -9 -9 10 -9 -8 10
2 24 -9 -8 30 -9 -8 10
2 24 -10 -9 30 -10 -9 10
2 24 -10 -9 10 -9 -9 10
2 24 -9 -9 30 -9 -9 10
2 24 8.75 -13.25 30 8.75 -13.25 8.75
2 24 8.75 -13.25 8.75 8.75 -8 8.75
2 24 8.75 -8 30 8.75 -8 8.75
2 24 6.25 -8 30 6.25 -8 8.75
2 24 6.25 -8 8.75 8.75 -8 8.75
2 24 8.75 -8 30 8.75 -8 8.75
2 24 6.25 -8 30 6.25 -8 8.75
2 24 6.25 -8 8.75 6.25 -13.25 8.75
2 24 6.25 -13.25 30 6.25 -13.25 8.75
2 24 26.25 -12.4346 33.875 26.25 -12.4346 30
2 24 26.25 -12.4346 26.125 26.25 -12.4346 30
2 24 5.4144 -20.4501 43.126 3.126 -20.4501 45.4144
2 24 3.126 -20.4501 45.4144 0 -20.4501 46.252
2 24 0 -20.4501 46.252 -3.126 -20.4501 45.4144
2 24 -3.126 -20.4501 45.4144 -5.4144 -20.4501 43.126
2 24 -5.4144 -20.4501 43.126 -6.252 -20.4501 40
2 24 -6.252 -20.4501 40 -5.4144 -20.4501 36.874
2 24 -5.4144 -20.4501 36.874 -3.126 -20.4501 34.5856
2 24 -3.126 -20.4501 34.5856 0 -20.4501 33.748
2 24 0 -20.4501 33.748 3.126 -20.4501 34.5856
2 24 3.126 -20.4501 34.5856 5.4144 -20.4501 36.874
2 24 5.4144 -20.4501 36.874 6.252 -20.4501 40
2 24 5.4144 -20.4501 43.126 6.252 -20.4501 40
2 24 5.4144 -16.0001 43.126 3.126 -16.0001 45.4144
2 24 5.4144 -20.4501 43.126 3.126 -20.4501 45.4144
2 24 3.126 -16.0001 45.4144 0 -16.0001 46.252
2 24 3.126 -20.4501 45.4144 0 -20.4501 46.252
2 24 0 -16.0001 46.252 -3.126 -16.0001 45.4144
2 24 0 -20.4501 46.252 -3.126 -20.4501 45.4144
2 24 -3.126 -16.0001 45.4144 -5.4144 -16.0001 43.126
2 24 -3.126 -20.4501 45.4144 -5.4144 -20.4501 43.126
2 24 -5.4144 -16.0001 43.126 -6.252 -16.0001 40
2 24 -5.4144 -20.4501 43.126 -6.252 -20.4501 40
2 24 -6.252 -16.0001 40 -5.4144 -16.0001 36.874
2 24 -6.252 -20.4501 40 -5.4144 -20.4501 36.874
2 24 -5.4144 -16.0001 36.874 -3.126 -16.0001 34.5856
2 24 -5.4144 -20.4501 36.874 -3.126 -20.4501 34.5856
2 24 -3.126 -16.0001 34.5856 0 -16.0001 33.748
2 24 -3.126 -20.4501 34.5856 0 -20.4501 33.748
2 24 0 -16.0001 33.748 3.126 -16.0001 34.5856
2 24 0 -20.4501 33.748 3.126 -20.4501 34.5856
2 24 3.126 -16.0001 34.5856 5.4144 -16.0001 36.874
2 24 3.126 -20.4501 34.5856 5.4144 -20.4501 36.874
2 24 5.4144 -16.0001 36.874 6.252 -16.0001 40
2 24 5.4144 -20.4501 36.874 6.252 -20.4501 40
2 24 5.4144 -16.0001 43.126 6.252 -16.0001 40
2 24 5.4144 -20.4501 43.126 6.252 -20.4501 40
2 24 5.4144 -20.4501 23.126 3.126 -20.4501 25.4144
2 24 3.126 -20.4501 25.4144 0 -20.4501 26.252
2 24 0 -20.4501 26.252 -3.126 -20.4501 25.4144
2 24 -3.126 -20.4501 25.4144 -5.4144 -20.4501 23.126
2 24 -5.4144 -20.4501 23.126 -6.252 -20.4501 20
2 24 -6.252 -20.4501 20 -5.4144 -20.4501 16.874
2 24 -5.4144 -20.4501 16.874 -3.126 -20.4501 14.5856
2 24 -3.126 -20.4501 14.5856 0 -20.4501 13.748
2 24 0 -20.4501 13.748 3.126 -20.4501 14.5856
2 24 3.126 -20.4501 14.5856 5.4144 -20.4501 16.874
2 24 5.4144 -20.4501 16.874 6.252 -20.4501 20
2 24 5.4144 -20.4501 23.126 6.252 -20.4501 20
2 24 5.4144 -16.0001 23.126 3.126 -16.0001 25.4144
2 24 5.4144 -20.4501 23.126 3.126 -20.4501 25.4144
2 24 3.126 -16.0001 25.4144 0 -16.0001 26.252
2 24 3.126 -20.4501 25.4144 0 -20.4501 26.252
2 24 0 -16.0001 26.252 -3.126 -16.0001 25.4144
2 24 0 -20.4501 26.252 -3.126 -20.4501 25.4144
2 24 -3.126 -16.0001 25.4144 -5.4144 -16.0001 23.126
2 24 -3.126 -20.4501 25.4144 -5.4144 -20.4501 23.126
2 24 -5.4144 -16.0001 23.126 -6.252 -16.0001 20
2 24 -5.4144 -20.4501 23.126 -6.252 -20.4501 20
2 24 -6.252 -16.0001 20 -5.4144 -16.0001 16.874
2 24 -6.252 -20.4501 20 -5.4144 -20.4501 16.874
2 24 -5.4144 -16.0001 16.874 -3.126 -16.0001 14.5856
2 24 -5.4144 -20.4501 16.874 -3.126 -20.4501 14.5856
2 24 -3.126 -16.0001 14.5856 0 -16.0001 13.748
2 24 -3.126 -20.4501 14.5856 0 -20.4501 13.748
2 24 0 -16.0001 13.748 3.126 -16.0001 14.5856
2 24 0 -20.4501 13.748 3.126 -20.4501 14.5856
2 24 3.126 -16.0001 14.5856 5.4144 -16.0001 16.874
2 24 3.126 -20.4501 14.5856 5.4144 -20.4501 16.874
2 24 5.4144 -16.0001 16.874 6.252 -16.0001 20
2 24 5.4144 -20.4501 16.874 6.252 -20.4501 20
2 24 5.4144 -16.0001 23.126 6.252 -16.0001 20
2 24 5.4144 -20.4501 23.126 6.252 -20.4501 20
2 24 22.6523 -15.4515 60.1733 11.7759 -15.9785 60.0794
2 24 22.6523 -15.4515 60.1733 33.4888 -14.5415 59.4607
2 24 31.8414 -8.0209 70.0139 41.18 -8.0224 70.0112
2 24 44.2154 -13.2193 57.8902 54.7504 -11.4673 55.4224
2 24 50.5613 -8.0238 70.0076 60.0027 -8.0244 70.0049
2 24 60.0027 -8.0244 70.0049 70.0068 -8.024 50.002
2 24 70.0068 -8.024 50.002 65.0085 -9.2791 52.0369
2 24 11.7759 -15.9785 60.0794 -10 -16.0236 60.0084
2 24 13.2331 -8.0195 70.0157 -10 -8.0195 70.0157
2 24 -10 -16.0236 60.0084 -10 -8.0195 70.0157
2 24 22.5305 -8.0198 70.0153 13.2331 -8.0195 70.0157
2 24 22.5305 -8.0198 70.0153 31.8414 -8.0209 70.0139
2 24 33.4888 -14.5415 59.4607 44.2154 -13.2193 57.8902
2 24 41.18 -8.0224 70.0112 50.5613 -8.0238 70.0076
2 24 54.7504 -11.4673 55.4224 65.0085 -9.2791 52.0369
2 24 11.7759 -15.9785 60.0794 -10 -16.0236 60.0084
2 24 -10 -16.0236 60.0084 -9.9999 -16.025 30.0001
2 24 11.7759 -15.9785 60.0794 22.6523 -15.4515 60.1733
2 24 22.6523 -15.4515 60.1733 33.4888 -14.5415 59.4607
2 24 33.4888 -14.5415 59.4607 44.2154 -13.2193 57.8902
2 24 44.2154 -13.2193 57.8902 54.7504 -11.4673 55.4224
2 24 54.7504 -11.4673 55.4224 65.0085 -9.2791 52.0369
2 24 70.0061 -8.0242 30.0001 70.0068 -8.024 50.002
2 24 65.0085 -9.2791 52.0369 70.0068 -8.024 50.002
2 24 22.6523 -15.4515 -0.1731 11.7759 -15.9785 -0.0792
2 24 22.6523 -15.4515 -0.1731 33.4888 -14.5415 0.5395
2 24 31.8414 -8.0209 -10.0137 41.18 -8.0224 -10.011
2 24 44.2154 -13.2193 2.11 54.7504 -11.4673 4.5778
2 24 50.5613 -8.0238 -10.0074 60.0027 -8.0244 -10.0047
2 24 70.0068 -8.024 9.9982 65.0085 -9.2791 7.9633
2 24 60.0027 -8.0244 -10.0047 70.0068 -8.024 9.9982
2 24 11.7759 -15.9785 -0.0792 -10 -16.0236 -0.0082
2 24 13.2331 -8.0195 -10.0155 -10 -8.0195 -10.0155
2 24 -10 -16.0236 -0.0082 -10 -8.0195 -10.0155
2 24 22.5305 -8.0198 -10.0151 13.2331 -8.0195 -10.0155
2 24 22.5305 -8.0198 -10.0151 31.8414 -8.0209 -10.0137
2 24 33.4888 -14.5415 0.5395 44.2154 -13.2193 2.11
2 24 41.18 -8.0224 -10.011 50.5613 -8.0238 -10.0074
2 24 54.7504 -11.4673 4.5778 65.0085 -9.2791 7.9633
2 24 -9.9999 -16.025 30.0001 -10 -16.0236 -0.0082
2 24 -10 -16.0236 -0.0082 11.7759 -15.9785 -0.0792
2 24 11.7759 -15.9785 -0.0792 22.6523 -15.4515 -0.1731
2 24 22.6523 -15.4515 -0.1731 33.4888 -14.5415 0.5395
2 24 33.4888 -14.5415 0.5395 44.2154 -13.2193 2.11
2 24 44.2154 -13.2193 2.11 54.7504 -11.4673 4.5778
2 24 54.7504 -11.4673 4.5778 65.0085 -9.2791 7.9633
2 24 70.0061 -8.0242 30.0001 70.0068 -8.024 9.9982
2 24 65.0085 -9.2791 7.9633 70.0068 -8.024 9.9982
0 STEP
