0 Untitled Model
0 Name: Untitled Model
0 Author: 
0 BFC CERTIFY CCW
3 16 102.401 -140.4064 -3.7941 102.401 -140.3143 -3.4735 101.4575 -140.4058 -4.1823 0.0331 0.0588 0.0331 0.0588 0.0331 0.0588
3 16 101.4575 -140.4058 -4.1823 102.401 -140.3143 -3.4735 100.7651 -140.0281 -3.4873 0.0331 0.0588 0.0331 0.0588 0.0331 0.0588
3 16 102.401 -140.4064 -3.7941 103.3439 -140.4059 -4.1822 102.401 -140.3143 -3.4735 0.0331 0.0588 0.0331 0.0588 0.0331 0.0588
3 16 102.401 -140.3143 -3.4735 103.3439 -140.4059 -4.1822 104.0366 -140.0278 -3.4866 0.0331 0.0588 0.0331 0.0588 0.0331 0.0588
3 16 103.3439 -140.4059 -4.1822 103.7347 -140.4058 -5.1245 104.0366 -140.0278 -3.4866 0.0331 0.0588 0.0331 0.0588 0.0331 0.0588
3 16 104.0366 -140.0278 -3.4866 103.7347 -140.4058 -5.1245 104.7153 -140.0286 -5.1245 0.0331 0.0588 0.0331 0.0588 0.0331 0.0588
3 16 103.7347 -140.4058 -5.1245 103.3445 -140.4058 -6.0677 104.7153 -140.0286 -5.1245 0.0331 0.0588 0.0331 0.0588 0.0331 0.0588
3 16 104.7153 -140.0286 -5.1245 103.3445 -140.4058 -6.0677 104.0369 -140.0281 -6.7627 0.0331 0.0588 0.0331 0.0588 0.0331 0.0588
3 16 102.401 -140.4064 -6.4559 102.401 -140.3143 -6.7766 103.3445 -140.4058 -6.0677 0.0331 0.0588 0.0331 0.0588 0.0331 0.0588
3 16 103.3445 -140.4058 -6.0677 102.401 -140.3143 -6.7766 104.0369 -140.0281 -6.7627 0.0331 0.0588 0.0331 0.0588 0.0331 0.0588
3 16 102.401 -140.4064 -6.4559 101.4581 -140.4059 -6.0678 102.401 -140.3143 -6.7766 0.0331 0.0588 0.0331 0.0588 0.0331 0.0588
3 16 102.401 -140.3143 -6.7766 101.4581 -140.4059 -6.0678 100.7655 -140.0278 -6.7634 0.0331 0.0588 0.0331 0.0588 0.0331 0.0588
3 16 101.4581 -140.4059 -6.0678 101.0673 -140.4058 -5.1255 100.7655 -140.0278 -6.7634 0.0331 0.0588 0.0331 0.0588 0.0331 0.0588
3 16 100.7655 -140.0278 -6.7634 101.0673 -140.4058 -5.1255 100.0868 -140.0286 -5.1255 0.0331 0.0588 0.0331 0.0588 0.0331 0.0588
3 16 101.0673 -140.4058 -5.1255 101.4575 -140.4058 -4.1823 100.0868 -140.0286 -5.1255 0.0331 0.0588 0.0331 0.0588 0.0331 0.0588
3 16 100.0868 -140.0286 -5.1255 101.4575 -140.4058 -4.1823 100.7651 -140.0281 -3.4873 0.0331 0.0588 0.0331 0.0588 0.0331 0.0588
3 16 102.401 -140.3143 -3.4735 102.401 -139.7928 -3.2238 100.7651 -140.0281 -3.4873 0.0331 0.0588 0.0331 0.0588 0.0331 0.0588
3 16 100.7651 -140.0281 -3.4873 102.401 -139.7928 -3.2238 100.518 -139.517 -3.2309 0.0331 0.0588 0.0331 0.0588 0.0331 0.0588
3 16 102.401 -140.3143 -3.4735 104.0366 -140.0278 -3.4866 102.401 -139.7928 -3.2238 0.0331 0.0588 0.0331 0.0588 0.0331 0.0588
3 16 102.401 -139.7928 -3.2238 104.0366 -140.0278 -3.4866 104.2838 -139.517 -3.2307 0.0331 0.0588 0.0331 0.0588 0.0331 0.0588
3 16 104.0366 -140.0278 -3.4866 104.7153 -140.0286 -5.1245 104.2838 -139.517 -3.2307 0.0331 0.0588 0.0331 0.0588 0.0331 0.0588
3 16 104.2838 -139.517 -3.2307 104.7153 -140.0286 -5.1245 105.0669 -139.5222 -5.1247 0.0331 0.0588 0.0331 0.0588 0.0331 0.0588
3 16 104.7153 -140.0286 -5.1245 104.0369 -140.0281 -6.7627 105.0669 -139.5222 -5.1247 0.0331 0.0588 0.0331 0.0588 0.0331 0.0588
3 16 105.0669 -139.5222 -5.1247 104.0369 -140.0281 -6.7627 104.2865 -139.5164 -7.0186 0.0331 0.0588 0.0331 0.0588 0.0331 0.0588
3 16 102.401 -140.3143 -6.7766 102.401 -139.7928 -7.0262 104.0369 -140.0281 -6.7627 0.9107 1 0.9106 0.9984 0.921 0.9987
3 16 104.0369 -140.0281 -6.7627 102.401 -139.7928 -7.0262 104.2865 -139.5164 -7.0186 0.921 0.9987 0.9106 0.9984 0.925 0.9967
3 16 102.401 -140.3143 -6.7766 100.7655 -140.0278 -6.7634 102.401 -139.7928 -7.0262 0.9107 1 0.9002 0.9987 0.9106 0.9984
3 16 102.401 -139.7928 -7.0262 100.7655 -140.0278 -6.7634 100.5158 -139.5164 -7.0188 0.9106 0.9984 0.9002 0.9987 0.8948 0.9962
3 16 100.7655 -140.0278 -6.7634 100.0868 -140.0286 -5.1255 100.5158 -139.5164 -7.0188 0.0331 0.0588 0.0331 0.0588 0.0331 0.0588
3 16 100.5158 -139.5164 -7.0188 100.0868 -140.0286 -5.1255 99.7352 -139.5222 -5.1253 0.0331 0.0588 0.0331 0.0588 0.0331 0.0588
3 16 100.0868 -140.0286 -5.1255 100.7651 -140.0281 -3.4873 99.7352 -139.5222 -5.1253 0.0331 0.0588 0.0331 0.0588 0.0331 0.0588
3 16 99.7352 -139.5222 -5.1253 100.7651 -140.0281 -3.4873 100.518 -139.517 -3.2309 0.0331 0.0588 0.0331 0.0588 0.0331 0.0588
3 16 102.401 -140.4064 -3.7941 101.4575 -140.4058 -4.1823 102.401 -140.5431 -5.125 0.0331 0.0588 0.0331 0.0588 0.0331 0.0588
3 16 103.3439 -140.4059 -4.1822 102.401 -140.4064 -3.7941 102.401 -140.5431 -5.125 0.0331 0.0588 0.0331 0.0588 0.0331 0.0588
3 16 103.7347 -140.4058 -5.1245 103.3439 -140.4059 -4.1822 102.401 -140.5431 -5.125 0.0331 0.0588 0.0331 0.0588 0.0331 0.0588
3 16 103.3445 -140.4058 -6.0677 103.7347 -140.4058 -5.1245 102.401 -140.5431 -5.125 0.0331 0.0588 0.0331 0.0588 0.0331 0.0588
3 16 102.401 -140.4064 -6.4559 103.3445 -140.4058 -6.0677 102.401 -140.5431 -5.125 0.0331 0.0588 0.0331 0.0588 0.0331 0.0588
3 16 101.4581 -140.4059 -6.0678 102.401 -140.4064 -6.4559 102.401 -140.5431 -5.125 0.0331 0.0588 0.0331 0.0588 0.0331 0.0588
3 16 101.0673 -140.4058 -5.1255 101.4581 -140.4059 -6.0678 102.401 -140.5431 -5.125 0.0331 0.0588 0.0331 0.0588 0.0331 0.0588
3 16 101.4575 -140.4058 -4.1823 101.0673 -140.4058 -5.1255 102.401 -140.5431 -5.125 0.0331 0.0588 0.0331 0.0588 0.0331 0.0588
3 16 106.0177 -133.7323 -3.2323 106.0145 -139.5144 -3.2356 106.025 -133.7323 -5.125 0.0331 0.0588 0.0331 0.0588 0.0331 0.0588
3 16 106.025 -133.7323 -5.125 106.0145 -139.5144 -3.2356 106.0177 -139.5177 -5.125 0.0331 0.0588 0.0331 0.0588 0.0331 0.0588
3 16 102.401 -139.7928 -3.2238 104.2838 -139.517 -3.2307 102.401 -133.7323 -3.225 0.0331 0.0588 0.0331 0.0588 0.0331 0.0588
3 16 102.401 -133.7323 -7.025 104.2865 -139.5164 -7.0186 102.401 -139.7928 -7.0262 0.9106 0.9527 0.925 0.9967 0.9106 0.9984
3 16 102.401 -139.7928 -7.0262 100.5158 -139.5164 -7.0188 102.401 -133.7323 -7.025 0.9106 0.9984 0.8948 0.9962 0.9106 0.9527
3 16 102.401 -133.7323 -3.225 100.518 -139.517 -3.2309 102.401 -139.7928 -3.2238 0.0331 0.0588 0.0331 0.0588 0.0331 0.0588
3 16 106.0145 -139.5144 -3.2356 106.0177 -133.7323 -3.2323 104.2838 -139.517 -3.2307 0.0331 0.0588 0.0331 0.0588 0.0331 0.0588
3 16 104.2838 -139.517 -3.2307 106.0177 -133.7323 -3.2323 102.401 -133.7323 -3.225 0.0331 0.0588 0.0331 0.0588 0.0331 0.0588
3 16 106.0145 -139.5144 -7.0144 104.2865 -139.5164 -7.0186 106.0177 -133.7323 -7.0177 0.9408 0.9962 0.925 0.9967 0.9408 0.9527
3 16 106.0177 -133.7323 -7.0177 104.2865 -139.5164 -7.0186 102.401 -133.7323 -7.025 0.9408 0.9527 0.925 0.9967 0.9106 0.9527
3 16 106.0177 -139.5177 -5.125 106.0145 -139.5144 -7.0144 106.025 -133.7323 -5.125 0.0331 0.0588 0.0331 0.0588 0.0331 0.0588
3 16 106.025 -133.7323 -5.125 106.0145 -139.5144 -7.0144 106.0177 -133.7323 -7.0177 0.0331 0.0588 0.0331 0.0588 0.0331 0.0588
3 16 106.0177 -139.5177 -5.125 105.0669 -139.5222 -5.1247 106.0145 -139.5144 -7.0144 0.0331 0.0588 0.0331 0.0588 0.0331 0.0588
3 16 106.0145 -139.5144 -7.0144 105.0669 -139.5222 -5.1247 104.2865 -139.5164 -7.0186 0.0331 0.0588 0.0331 0.0588 0.0331 0.0588
3 16 104.2838 -139.517 -3.2307 105.0669 -139.5222 -5.1247 106.0145 -139.5144 -3.2356 0.0331 0.0588 0.0331 0.0588 0.0331 0.0588
3 16 106.0145 -139.5144 -3.2356 105.0669 -139.5222 -5.1247 106.0177 -139.5177 -5.125 0.0331 0.0588 0.0331 0.0588 0.0331 0.0588
3 16 50 -139.525 -5.125 50 -139.5177 -7.0177 99.7352 -139.5222 -5.1253 0.0331 0.0588 0.0331 0.0588 0.0331 0.0588
3 16 99.7352 -139.5222 -5.1253 50 -139.5177 -7.0177 100.5158 -139.5164 -7.0188 0.0331 0.0588 0.0331 0.0588 0.0331 0.0588
3 16 100.518 -139.517 -3.2309 50 -139.5177 -3.2323 99.7352 -139.5222 -5.1253 0.0331 0.0588 0.0331 0.0588 0.0331 0.0588
3 16 99.7352 -139.5222 -5.1253 50 -139.5177 -3.2323 50 -139.525 -5.125 0.0331 0.0588 0.0331 0.0588 0.0331 0.0588
3 16 102.401 -133.7323 -3.225 50 -133.7323 -3.225 100.518 -139.517 -3.2309 0.0331 0.0588 0.0331 0.0588 0.0331 0.0588
3 16 100.518 -139.517 -3.2309 50 -133.7323 -3.225 50 -139.5177 -3.2323 0.0331 0.0588 0.0331 0.0588 0.0331 0.0588
3 16 50 -139.5177 -7.0177 50 -133.7323 -7.025 100.5158 -139.5164 -7.0188 0.4704 0.9962 0.4704 0.9527 0.8948 0.9962
3 16 100.5158 -139.5164 -7.0188 50 -133.7323 -7.025 102.401 -133.7323 -7.025 0.8948 0.9962 0.4704 0.9527 0.9106 0.9527
3 16 50 -73.75 -7.025 102.401 -73.75 -7.025 50 -133.7323 -7.025 0.4704 0.5 0.9106 0.5 0.4704 0.9527
3 16 50 -133.7323 -7.025 102.401 -73.75 -7.025 102.401 -133.7323 -7.025 0.4704 0.9527 0.9106 0.5 0.9106 0.9527
3 16 102.401 -133.7323 -3.225 102.401 -73.75 -3.225 50 -133.7323 -3.225 0.0331 0.0588 0.0331 0.0588 0.0331 0.0588
3 16 50 -133.7323 -3.225 102.401 -73.75 -3.225 50 -73.75 -3.225 0.0331 0.0588 0.0331 0.0588 0.0331 0.0588
3 16 106.0177 -133.7323 -3.2323 106.0177 -73.75 -3.2323 102.401 -133.7323 -3.225 0.0331 0.0588 0.0331 0.0588 0.0331 0.0588
3 16 102.401 -133.7323 -3.225 106.0177 -73.75 -3.2323 102.401 -73.75 -3.225 0.0331 0.0588 0.0331 0.0588 0.0331 0.0588
3 16 106.025 -133.7323 -5.125 106.025 -73.75 -5.125 106.0177 -133.7323 -3.2323 0.0331 0.0588 0.0331 0.0588 0.0331 0.0588
3 16 106.0177 -133.7323 -3.2323 106.025 -73.75 -5.125 106.0177 -73.75 -3.2323 0.0331 0.0588 0.0331 0.0588 0.0331 0.0588
3 16 106.0177 -133.7323 -7.0177 106.0177 -73.75 -7.0177 106.025 -133.7323 -5.125 0.0331 0.0588 0.0331 0.0588 0.0331 0.0588
3 16 106.025 -133.7323 -5.125 106.0177 -73.75 -7.0177 106.025 -73.75 -5.125 0.0331 0.0588 0.0331 0.0588 0.0331 0.0588
3 16 102.401 -133.7323 -7.025 102.401 -73.75 -7.025 106.0177 -133.7323 -7.0177 0.9106 0.9527 0.9106 0.5 0.9408 0.9527
3 16 106.0177 -133.7323 -7.0177 102.401 -73.75 -7.025 106.0177 -73.75 -7.0177 0.9408 0.9527 0.9106 0.5 0.9408 0.5
3 16 100.7651 -7.4719 -3.4873 102.401 -7.1858 -3.4735 101.4575 -7.0942 -4.1823 0.0331 0.0588 0.0331 0.0588 0.0331 0.0588
3 16 101.4575 -7.0942 -4.1823 102.401 -7.1858 -3.4735 102.401 -7.0936 -3.7941 0.0331 0.0588 0.0331 0.0588 0.0331 0.0588
3 16 102.401 -7.0936 -3.7941 102.401 -7.1858 -3.4735 103.3439 -7.0941 -4.1822 0.0331 0.0588 0.0331 0.0588 0.0331 0.0588
3 16 103.3439 -7.0941 -4.1822 102.401 -7.1858 -3.4735 104.0366 -7.4722 -3.4866 0.0331 0.0588 0.0331 0.0588 0.0331 0.0588
3 16 103.3439 -7.0941 -4.1822 104.0366 -7.4722 -3.4866 103.7347 -7.0942 -5.1245 0.0331 0.0588 0.0331 0.0588 0.0331 0.0588
3 16 103.7347 -7.0942 -5.1245 104.0366 -7.4722 -3.4866 104.7153 -7.4714 -5.1245 0.0331 0.0588 0.0331 0.0588 0.0331 0.0588
3 16 103.7347 -7.0942 -5.1245 104.7153 -7.4714 -5.1245 103.3445 -7.0942 -6.0677 0.0331 0.0588 0.0331 0.0588 0.0331 0.0588
3 16 103.3445 -7.0942 -6.0677 104.7153 -7.4714 -5.1245 104.0369 -7.4719 -6.7627 0.0331 0.0588 0.0331 0.0588 0.0331 0.0588
3 16 104.0369 -7.4719 -6.7627 102.401 -7.1858 -6.7766 103.3445 -7.0942 -6.0677 0.0331 0.0588 0.0331 0.0588 0.0331 0.0588
3 16 103.3445 -7.0942 -6.0677 102.401 -7.1858 -6.7766 102.401 -7.0936 -6.4559 0.0331 0.0588 0.0331 0.0588 0.0331 0.0588
3 16 102.401 -7.0936 -6.4559 102.401 -7.1858 -6.7766 101.4581 -7.0941 -6.0678 0.0331 0.0588 0.0331 0.0588 0.0331 0.0588
3 16 101.4581 -7.0941 -6.0678 102.401 -7.1858 -6.7766 100.7655 -7.4722 -6.7634 0.0331 0.0588 0.0331 0.0588 0.0331 0.0588
3 16 101.4581 -7.0941 -6.0678 100.7655 -7.4722 -6.7634 101.0673 -7.0942 -5.1255 0.0331 0.0588 0.0331 0.0588 0.0331 0.0588
3 16 101.0673 -7.0942 -5.1255 100.7655 -7.4722 -6.7634 100.0868 -7.4714 -5.1255 0.0331 0.0588 0.0331 0.0588 0.0331 0.0588
3 16 101.0673 -7.0942 -5.1255 100.0868 -7.4714 -5.1255 101.4575 -7.0942 -4.1823 0.0331 0.0588 0.0331 0.0588 0.0331 0.0588
3 16 101.4575 -7.0942 -4.1823 100.0868 -7.4714 -5.1255 100.7651 -7.4719 -3.4873 0.0331 0.0588 0.0331 0.0588 0.0331 0.0588
3 16 100.518 -7.983 -3.2309 102.401 -7.7073 -3.2238 100.7651 -7.4719 -3.4873 0.0331 0.0588 0.0331 0.0588 0.0331 0.0588
3 16 100.7651 -7.4719 -3.4873 102.401 -7.7073 -3.2238 102.401 -7.1858 -3.4735 0.0331 0.0588 0.0331 0.0588 0.0331 0.0588
3 16 102.401 -7.1858 -3.4735 102.401 -7.7073 -3.2238 104.0366 -7.4722 -3.4866 0.0331 0.0588 0.0331 0.0588 0.0331 0.0588
3 16 104.0366 -7.4722 -3.4866 102.401 -7.7073 -3.2238 104.2838 -7.9831 -3.2307 0.0331 0.0588 0.0331 0.0588 0.0331 0.0588
3 16 104.0366 -7.4722 -3.4866 104.2838 -7.9831 -3.2307 104.7153 -7.4714 -5.1245 0.0331 0.0588 0.0331 0.0588 0.0331 0.0588
3 16 104.7153 -7.4714 -5.1245 104.2838 -7.9831 -3.2307 105.0669 -7.9779 -5.1247 0.0331 0.0588 0.0331 0.0588 0.0331 0.0588
3 16 104.7153 -7.4714 -5.1245 105.0669 -7.9779 -5.1247 104.0369 -7.4719 -6.7627 0.0331 0.0588 0.0331 0.0588 0.0331 0.0588
3 16 104.0369 -7.4719 -6.7627 105.0669 -7.9779 -5.1247 104.2865 -7.9836 -7.0186 0.0331 0.0588 0.0331 0.0588 0.0331 0.0588
3 16 104.2865 -7.9836 -7.0186 102.401 -7.7073 -7.0262 104.0369 -7.4719 -6.7627 0.9264 0.0038 0.9106 0.0016 0.921 0.0013
3 16 104.0369 -7.4719 -6.7627 102.401 -7.7073 -7.0262 102.401 -7.1858 -6.7766 0.921 0.0013 0.9106 0.0016 0.9105 0.0001
3 16 102.401 -7.1858 -6.7766 102.401 -7.7073 -7.0262 100.7655 -7.4722 -6.7634 0.9105 0.0001 0.9106 0.0016 0.9002 0.0013
3 16 100.7655 -7.4722 -6.7634 102.401 -7.7073 -7.0262 100.5158 -7.9837 -7.0188 0.9002 0.0013 0.9106 0.0016 0.8948 0.0038
3 16 100.7655 -7.4722 -6.7634 100.5158 -7.9837 -7.0188 100.0868 -7.4714 -5.1255 0.0331 0.0588 0.0331 0.0588 0.0331 0.0588
3 16 100.0868 -7.4714 -5.1255 100.5158 -7.9837 -7.0188 99.7352 -7.9779 -5.1253 0.0331 0.0588 0.0331 0.0588 0.0331 0.0588
3 16 100.0868 -7.4714 -5.1255 99.7352 -7.9779 -5.1253 100.7651 -7.4719 -3.4873 0.0331 0.0588 0.0331 0.0588 0.0331 0.0588
3 16 100.7651 -7.4719 -3.4873 99.7352 -7.9779 -5.1253 100.518 -7.983 -3.2309 0.0331 0.0588 0.0331 0.0588 0.0331 0.0588
3 16 102.401 -7.0936 -3.7941 102.401 -6.9569 -5.125 101.4575 -7.0942 -4.1823 0.0331 0.0588 0.0331 0.0588 0.0331 0.0588
3 16 103.3439 -7.0941 -4.1822 102.401 -6.9569 -5.125 102.401 -7.0936 -3.7941 0.0331 0.0588 0.0331 0.0588 0.0331 0.0588
3 16 103.7347 -7.0942 -5.1245 102.401 -6.9569 -5.125 103.3439 -7.0941 -4.1822 0.0331 0.0588 0.0331 0.0588 0.0331 0.0588
3 16 103.3445 -7.0942 -6.0677 102.401 -6.9569 -5.125 103.7347 -7.0942 -5.1245 0.0331 0.0588 0.0331 0.0588 0.0331 0.0588
3 16 102.401 -7.0936 -6.4559 102.401 -6.9569 -5.125 103.3445 -7.0942 -6.0677 0.0331 0.0588 0.0331 0.0588 0.0331 0.0588
3 16 101.4581 -7.0941 -6.0678 102.401 -6.9569 -5.125 102.401 -7.0936 -6.4559 0.0331 0.0588 0.0331 0.0588 0.0331 0.0588
3 16 101.0673 -7.0942 -5.1255 102.401 -6.9569 -5.125 101.4581 -7.0941 -6.0678 0.0331 0.0588 0.0331 0.0588 0.0331 0.0588
3 16 101.4575 -7.0942 -4.1823 102.401 -6.9569 -5.125 101.0673 -7.0942 -5.1255 0.0331 0.0588 0.0331 0.0588 0.0331 0.0588
3 16 106.0177 -13.7677 -3.2323 106.025 -13.7677 -5.125 106.0145 -7.9856 -3.2356 0.0331 0.0588 0.0331 0.0588 0.0331 0.0588
3 16 106.0145 -7.9856 -3.2356 106.025 -13.7677 -5.125 106.0177 -7.9824 -5.125 0.0331 0.0588 0.0331 0.0588 0.0331 0.0588
3 16 102.401 -7.7073 -3.2238 102.401 -13.7677 -3.225 104.2838 -7.9831 -3.2307 0.0331 0.0588 0.0331 0.0588 0.0331 0.0588
3 16 102.401 -13.7677 -7.025 102.401 -7.7073 -7.0262 104.2865 -7.9836 -7.0186 0.9106 0.0473 0.9106 0.0016 0.9264 0.0038
3 16 102.401 -7.7073 -7.0262 102.401 -13.7677 -7.025 100.5158 -7.9837 -7.0188 0.9106 0.0016 0.9106 0.0473 0.8948 0.0038
3 16 102.401 -13.7677 -3.225 102.401 -7.7073 -3.2238 100.518 -7.983 -3.2309 0.0331 0.0588 0.0331 0.0588 0.0331 0.0588
3 16 106.0145 -7.9856 -3.2356 104.2838 -7.9831 -3.2307 106.0177 -13.7677 -3.2323 0.0331 0.0588 0.0331 0.0588 0.0331 0.0588
3 16 106.0177 -13.7677 -3.2323 104.2838 -7.9831 -3.2307 102.401 -13.7677 -3.225 0.0331 0.0588 0.0331 0.0588 0.0331 0.0588
3 16 102.401 -13.7677 -7.025 104.2865 -7.9836 -7.0186 106.0177 -13.7677 -7.0177 0.9106 0.0473 0.9264 0.0038 0.9408 0.0473
3 16 106.0177 -13.7677 -7.0177 104.2865 -7.9836 -7.0186 106.0145 -7.9856 -7.0144 0.9408 0.0473 0.9264 0.0038 0.9408 0.0038
3 16 106.0177 -7.9824 -5.125 106.025 -13.7677 -5.125 106.0145 -7.9856 -7.0144 0.0331 0.0588 0.0331 0.0588 0.0331 0.0588
3 16 106.0145 -7.9856 -7.0144 106.025 -13.7677 -5.125 106.0177 -13.7677 -7.0177 0.0331 0.0588 0.0331 0.0588 0.0331 0.0588
3 16 104.2865 -7.9836 -7.0186 105.0669 -7.9779 -5.1247 106.0145 -7.9856 -7.0144 0.0331 0.0588 0.0331 0.0588 0.0331 0.0588
3 16 106.0145 -7.9856 -7.0144 105.0669 -7.9779 -5.1247 106.0177 -7.9824 -5.125 0.0331 0.0588 0.0331 0.0588 0.0331 0.0588
3 16 106.0177 -7.9824 -5.125 105.0669 -7.9779 -5.1247 106.0145 -7.9856 -3.2356 0.0331 0.0588 0.0331 0.0588 0.0331 0.0588
3 16 106.0145 -7.9856 -3.2356 105.0669 -7.9779 -5.1247 104.2838 -7.9831 -3.2307 0.0331 0.0588 0.0331 0.0588 0.0331 0.0588
3 16 100.5158 -7.9837 -7.0188 50 -7.9824 -7.0177 99.7352 -7.9779 -5.1253 0.0331 0.0588 0.0331 0.0588 0.0331 0.0588
3 16 99.7352 -7.9779 -5.1253 50 -7.9824 -7.0177 50 -7.9751 -5.125 0.0331 0.0588 0.0331 0.0588 0.0331 0.0588
3 16 100.518 -7.983 -3.2309 99.7352 -7.9779 -5.1253 50 -7.9824 -3.2323 0.0331 0.0588 0.0331 0.0588 0.0331 0.0588
3 16 50 -7.9824 -3.2323 99.7352 -7.9779 -5.1253 50 -7.9751 -5.125 0.0331 0.0588 0.0331 0.0588 0.0331 0.0588
3 16 102.401 -13.7677 -3.225 100.518 -7.983 -3.2309 50 -13.7677 -3.225 0.0331 0.0588 0.0331 0.0588 0.0331 0.0588
3 16 50 -13.7677 -3.225 100.518 -7.983 -3.2309 50 -7.9824 -3.2323 0.0331 0.0588 0.0331 0.0588 0.0331 0.0588
3 16 102.401 -13.7677 -7.025 50 -13.7677 -7.025 100.5158 -7.9837 -7.0188 0.9106 0.0473 0.4704 0.0473 0.8948 0.0038
3 16 100.5158 -7.9837 -7.0188 50 -13.7677 -7.025 50 -7.9824 -7.0177 0.8948 0.0038 0.4704 0.0473 0.4704 0.0038
3 16 -0.7651 -140.0281 -3.4873 -2.401 -140.3143 -3.4735 -1.4575 -140.4058 -4.1823 0.0331 0.0588 0.0331 0.0588 0.0331 0.0588
3 16 -1.4575 -140.4058 -4.1823 -2.401 -140.3143 -3.4735 -2.401 -140.4064 -3.7941 0.0331 0.0588 0.0331 0.0588 0.0331 0.0588
3 16 -2.401 -140.4064 -3.7941 -2.401 -140.3143 -3.4735 -3.3439 -140.4059 -4.1822 0.0331 0.0588 0.0331 0.0588 0.0331 0.0588
3 16 -3.3439 -140.4059 -4.1822 -2.401 -140.3143 -3.4735 -4.0365 -140.0278 -3.4866 0.0331 0.0588 0.0331 0.0588 0.0331 0.0588
3 16 -3.3439 -140.4059 -4.1822 -4.0365 -140.0278 -3.4866 -3.7347 -140.4058 -5.1245 0.0331 0.0588 0.0331 0.0588 0.0331 0.0588
3 16 -3.7347 -140.4058 -5.1245 -4.0365 -140.0278 -3.4866 -4.7152 -140.0286 -5.1245 0.0331 0.0588 0.0331 0.0588 0.0331 0.0588
3 16 -3.7347 -140.4058 -5.1245 -4.7152 -140.0286 -5.1245 -3.3445 -140.4058 -6.0677 0.0331 0.0588 0.0331 0.0588 0.0331 0.0588
3 16 -3.3445 -140.4058 -6.0677 -4.7152 -140.0286 -5.1245 -4.0369 -140.0281 -6.7627 0.0331 0.0588 0.0331 0.0588 0.0331 0.0588
3 16 -4.0369 -140.0281 -6.7627 -2.401 -140.3143 -6.7766 -3.3445 -140.4058 -6.0677 0.0331 0.0588 0.0331 0.0588 0.0331 0.0588
3 16 -3.3445 -140.4058 -6.0677 -2.401 -140.3143 -6.7766 -2.401 -140.4064 -6.4559 0.0331 0.0588 0.0331 0.0588 0.0331 0.0588
3 16 -2.401 -140.4064 -6.4559 -2.401 -140.3143 -6.7766 -1.4581 -140.4059 -6.0678 0.0331 0.0588 0.0331 0.0588 0.0331 0.0588
3 16 -1.4581 -140.4059 -6.0678 -2.401 -140.3143 -6.7766 -0.7654 -140.0278 -6.7634 0.0331 0.0588 0.0331 0.0588 0.0331 0.0588
3 16 -1.4581 -140.4059 -6.0678 -0.7654 -140.0278 -6.7634 -1.0673 -140.4058 -5.1255 0.0331 0.0588 0.0331 0.0588 0.0331 0.0588
3 16 -1.0673 -140.4058 -5.1255 -0.7654 -140.0278 -6.7634 -0.0867 -140.0286 -5.1255 0.0331 0.0588 0.0331 0.0588 0.0331 0.0588
3 16 -1.0673 -140.4058 -5.1255 -0.0867 -140.0286 -5.1255 -1.4575 -140.4058 -4.1823 0.0331 0.0588 0.0331 0.0588 0.0331 0.0588
3 16 -1.4575 -140.4058 -4.1823 -0.0867 -140.0286 -5.1255 -0.7651 -140.0281 -3.4873 0.0331 0.0588 0.0331 0.0588 0.0331 0.0588
3 16 -0.518 -139.517 -3.2309 -2.401 -139.7928 -3.2238 -0.7651 -140.0281 -3.4873 0.0331 0.0588 0.0331 0.0588 0.0331 0.0588
3 16 -0.7651 -140.0281 -3.4873 -2.401 -139.7928 -3.2238 -2.401 -140.3143 -3.4735 0.0331 0.0588 0.0331 0.0588 0.0331 0.0588
3 16 -2.401 -140.3143 -3.4735 -2.401 -139.7928 -3.2238 -4.0365 -140.0278 -3.4866 0.0331 0.0588 0.0331 0.0588 0.0331 0.0588
3 16 -4.0365 -140.0278 -3.4866 -2.401 -139.7928 -3.2238 -4.2838 -139.517 -3.2307 0.0331 0.0588 0.0331 0.0588 0.0331 0.0588
3 16 -4.0365 -140.0278 -3.4866 -4.2838 -139.517 -3.2307 -4.7152 -140.0286 -5.1245 0.0331 0.0588 0.0331 0.0588 0.0331 0.0588
3 16 -4.7152 -140.0286 -5.1245 -4.2838 -139.517 -3.2307 -5.0668 -139.5222 -5.1247 0.0331 0.0588 0.0331 0.0588 0.0331 0.0588
3 16 -4.7152 -140.0286 -5.1245 -5.0668 -139.5222 -5.1247 -4.0369 -140.0281 -6.7627 0.0331 0.0588 0.0331 0.0588 0.0331 0.0588
3 16 -4.0369 -140.0281 -6.7627 -5.0668 -139.5222 -5.1247 -4.2865 -139.5164 -7.0186 0.0331 0.0588 0.0331 0.0588 0.0331 0.0588
3 16 -4.2865 -139.5164 -7.0186 -2.401 -139.7928 -7.0262 -4.0369 -140.0281 -6.7627 0.0158 0.9967 0.0302 0.9984 0.0199 0.9987
3 16 -4.0369 -140.0281 -6.7627 -2.401 -139.7928 -7.0262 -2.401 -140.3143 -6.7766 0.0199 0.9987 0.0302 0.9984 0.0303 0.9999
3 16 -2.401 -140.3143 -6.7766 -2.401 -139.7928 -7.0262 -0.7654 -140.0278 -6.7634 0.0303 0.9999 0.0302 0.9984 0.0406 0.9987
3 16 -0.7654 -140.0278 -6.7634 -2.401 -139.7928 -7.0262 -0.5158 -139.5164 -7.0188 0.0406 0.9987 0.0302 0.9984 0.046 0.9962
3 16 -0.7654 -140.0278 -6.7634 -0.5158 -139.5164 -7.0188 -0.0867 -140.0286 -5.1255 0.0331 0.0588 0.0331 0.0588 0.0331 0.0588
3 16 -0.0867 -140.0286 -5.1255 -0.5158 -139.5164 -7.0188 0.2649 -139.5222 -5.1253 0.0331 0.0588 0.0331 0.0588 0.0331 0.0588
3 16 -0.0867 -140.0286 -5.1255 0.2649 -139.5222 -5.1253 -0.7651 -140.0281 -3.4873 0.0331 0.0588 0.0331 0.0588 0.0331 0.0588
3 16 -0.7651 -140.0281 -3.4873 0.2649 -139.5222 -5.1253 -0.518 -139.517 -3.2309 0.0331 0.0588 0.0331 0.0588 0.0331 0.0588
3 16 -2.401 -140.4064 -3.7941 -2.401 -140.5431 -5.125 -1.4575 -140.4058 -4.1823 0.0331 0.0588 0.0331 0.0588 0.0331 0.0588
3 16 -3.3439 -140.4059 -4.1822 -2.401 -140.5431 -5.125 -2.401 -140.4064 -3.7941 0.0331 0.0588 0.0331 0.0588 0.0331 0.0588
3 16 -3.7347 -140.4058 -5.1245 -2.401 -140.5431 -5.125 -3.3439 -140.4059 -4.1822 0.0331 0.0588 0.0331 0.0588 0.0331 0.0588
3 16 -3.3445 -140.4058 -6.0677 -2.401 -140.5431 -5.125 -3.7347 -140.4058 -5.1245 0.0331 0.0588 0.0331 0.0588 0.0331 0.0588
3 16 -2.401 -140.4064 -6.4559 -2.401 -140.5431 -5.125 -3.3445 -140.4058 -6.0677 0.0331 0.0588 0.0331 0.0588 0.0331 0.0588
3 16 -1.4581 -140.4059 -6.0678 -2.401 -140.5431 -5.125 -2.401 -140.4064 -6.4559 0.0331 0.0588 0.0331 0.0588 0.0331 0.0588
3 16 -1.0673 -140.4058 -5.1255 -2.401 -140.5431 -5.125 -1.4581 -140.4059 -6.0678 0.0331 0.0588 0.0331 0.0588 0.0331 0.0588
3 16 -1.4575 -140.4058 -4.1823 -2.401 -140.5431 -5.125 -1.0673 -140.4058 -5.1255 0.0331 0.0588 0.0331 0.0588 0.0331 0.0588
3 16 -6.0177 -133.7323 -3.2323 -6.025 -133.7323 -5.125 -6.0144 -139.5144 -3.2356 0.0331 0.0588 0.0331 0.0588 0.0331 0.0588
3 16 -6.0144 -139.5144 -3.2356 -6.025 -133.7323 -5.125 -6.0177 -139.5177 -5.125 0.0331 0.0588 0.0331 0.0588 0.0331 0.0588
3 16 -2.401 -139.7928 -3.2238 -2.401 -133.7323 -3.225 -4.2838 -139.517 -3.2307 0.0331 0.0588 0.0331 0.0588 0.0331 0.0588
3 16 -2.401 -133.7323 -7.025 -2.401 -139.7928 -7.0262 -4.2865 -139.5164 -7.0186 0.0302 0.9527 0.0302 0.9984 0.0158 0.9967
3 16 -2.401 -139.7928 -7.0262 -2.401 -133.7323 -7.025 -0.5158 -139.5164 -7.0188 0.0302 0.9984 0.0302 0.9527 0.046 0.9962
3 16 -2.401 -133.7323 -3.225 -2.401 -139.7928 -3.2238 -0.518 -139.517 -3.2309 0.0331 0.0588 0.0331 0.0588 0.0331 0.0588
3 16 -6.0144 -139.5144 -3.2356 -4.2838 -139.517 -3.2307 -6.0177 -133.7323 -3.2323 0.0331 0.0588 0.0331 0.0588 0.0331 0.0588
3 16 -6.0177 -133.7323 -3.2323 -4.2838 -139.517 -3.2307 -2.401 -133.7323 -3.225 0.0331 0.0588 0.0331 0.0588 0.0331 0.0588
3 16 -2.401 -133.7323 -7.025 -4.2865 -139.5164 -7.0186 -6.0177 -133.7323 -7.0177 0.0302 0.9527 0.0158 0.9967 0 0.9527
3 16 -6.0177 -133.7323 -7.0177 -4.2865 -139.5164 -7.0186 -6.0144 -139.5144 -7.0144 0 0.9527 0.0158 0.9967 0 0.9962
3 16 -6.0177 -139.5177 -5.125 -6.025 -133.7323 -5.125 -6.0144 -139.5144 -7.0144 0.0331 0.0588 0.0331 0.0588 0.0331 0.0588
3 16 -6.0144 -139.5144 -7.0144 -6.025 -133.7323 -5.125 -6.0177 -133.7323 -7.0177 0.0331 0.0588 0.0331 0.0588 0.0331 0.0588
3 16 -4.2865 -139.5164 -7.0186 -5.0668 -139.5222 -5.1247 -6.0144 -139.5144 -7.0144 0.0331 0.0588 0.0331 0.0588 0.0331 0.0588
3 16 -6.0144 -139.5144 -7.0144 -5.0668 -139.5222 -5.1247 -6.0177 -139.5177 -5.125 0.0331 0.0588 0.0331 0.0588 0.0331 0.0588
3 16 -6.0177 -139.5177 -5.125 -5.0668 -139.5222 -5.1247 -6.0144 -139.5144 -3.2356 0.0331 0.0588 0.0331 0.0588 0.0331 0.0588
3 16 -6.0144 -139.5144 -3.2356 -5.0668 -139.5222 -5.1247 -4.2838 -139.517 -3.2307 0.0331 0.0588 0.0331 0.0588 0.0331 0.0588
3 16 -0.5158 -139.5164 -7.0188 50 -139.5177 -7.0177 0.2649 -139.5222 -5.1253 0.0331 0.0588 0.0331 0.0588 0.0331 0.0588
3 16 0.2649 -139.5222 -5.1253 50 -139.5177 -7.0177 50 -139.525 -5.125 0.0331 0.0588 0.0331 0.0588 0.0331 0.0588
3 16 -0.518 -139.517 -3.2309 0.2649 -139.5222 -5.1253 50 -139.5177 -3.2323 0.0331 0.0588 0.0331 0.0588 0.0331 0.0588
3 16 50 -139.5177 -3.2323 0.2649 -139.5222 -5.1253 50 -139.525 -5.125 0.0331 0.0588 0.0331 0.0588 0.0331 0.0588
3 16 -2.401 -133.7323 -3.225 -0.518 -139.517 -3.2309 50 -133.7323 -3.225 0.0331 0.0588 0.0331 0.0588 0.0331 0.0588
3 16 50 -133.7323 -3.225 -0.518 -139.517 -3.2309 50 -139.5177 -3.2323 0.0331 0.0588 0.0331 0.0588 0.0331 0.0588
3 16 -2.401 -133.7323 -7.025 50 -133.7323 -7.025 -0.5158 -139.5164 -7.0188 0.0302 0.9527 0.4704 0.9527 0.046 0.9962
3 16 -0.5158 -139.5164 -7.0188 50 -133.7323 -7.025 50 -139.5177 -7.0177 0.046 0.9962 0.4704 0.9527 0.4704 0.9962
3 16 -2.401 -73.75 -7.025 50 -73.75 -7.025 -2.401 -133.7323 -7.025 0.0302 0.5 0.4704 0.5 0.0302 0.9527
3 16 -2.401 -133.7323 -7.025 50 -73.75 -7.025 50 -133.7323 -7.025 0.0302 0.9527 0.4704 0.5 0.4704 0.9527
3 16 -2.401 -133.7323 -3.225 50 -133.7323 -3.225 -2.401 -73.75 -3.225 0.0331 0.0588 0.0331 0.0588 0.0331 0.0588
3 16 -2.401 -73.75 -3.225 50 -133.7323 -3.225 50 -73.75 -3.225 0.0331 0.0588 0.0331 0.0588 0.0331 0.0588
3 16 -6.0177 -133.7323 -3.2323 -2.401 -133.7323 -3.225 -6.0177 -73.75 -3.2323 0.0331 0.0588 0.0331 0.0588 0.0331 0.0588
3 16 -6.0177 -73.75 -3.2323 -2.401 -133.7323 -3.225 -2.401 -73.75 -3.225 0.0331 0.0588 0.0331 0.0588 0.0331 0.0588
3 16 -6.025 -133.7323 -5.125 -6.0177 -133.7323 -3.2323 -6.025 -73.75 -5.125 0.0331 0.0588 0.0331 0.0588 0.0331 0.0588
3 16 -6.025 -73.75 -5.125 -6.0177 -133.7323 -3.2323 -6.0177 -73.75 -3.2323 0.0331 0.0588 0.0331 0.0588 0.0331 0.0588
3 16 -6.0177 -133.7323 -7.0177 -6.025 -133.7323 -5.125 -6.0177 -73.75 -7.0177 0.0331 0.0588 0.0331 0.0588 0.0331 0.0588
3 16 -6.0177 -73.75 -7.0177 -6.025 -133.7323 -5.125 -6.025 -73.75 -5.125 0.0331 0.0588 0.0331 0.0588 0.0331 0.0588
3 16 -2.401 -133.7323 -7.025 -6.0177 -133.7323 -7.0177 -2.401 -73.75 -7.025 0.0302 0.9527 0 0.9527 0.0302 0.5
3 16 -2.401 -73.75 -7.025 -6.0177 -133.7323 -7.0177 -6.0177 -73.75 -7.0177 0.0302 0.5 0 0.9527 0 0.5
3 16 -2.401 -7.0936 -3.7941 -2.401 -7.1858 -3.4735 -1.4575 -7.0942 -4.1823 0.0331 0.0588 0.0331 0.0588 0.0331 0.0588
3 16 -1.4575 -7.0942 -4.1823 -2.401 -7.1858 -3.4735 -0.7651 -7.4719 -3.4873 0.0331 0.0588 0.0331 0.0588 0.0331 0.0588
3 16 -2.401 -7.0936 -3.7941 -3.3439 -7.0941 -4.1822 -2.401 -7.1858 -3.4735 0.0331 0.0588 0.0331 0.0588 0.0331 0.0588
3 16 -2.401 -7.1858 -3.4735 -3.3439 -7.0941 -4.1822 -4.0365 -7.4722 -3.4866 0.0331 0.0588 0.0331 0.0588 0.0331 0.0588
3 16 -3.3439 -7.0941 -4.1822 -3.7347 -7.0942 -5.1245 -4.0365 -7.4722 -3.4866 0.0331 0.0588 0.0331 0.0588 0.0331 0.0588
3 16 -4.0365 -7.4722 -3.4866 -3.7347 -7.0942 -5.1245 -4.7152 -7.4714 -5.1245 0.0331 0.0588 0.0331 0.0588 0.0331 0.0588
3 16 -3.7347 -7.0942 -5.1245 -3.3445 -7.0942 -6.0677 -4.7152 -7.4714 -5.1245 0.0331 0.0588 0.0331 0.0588 0.0331 0.0588
3 16 -4.7152 -7.4714 -5.1245 -3.3445 -7.0942 -6.0677 -4.0369 -7.4719 -6.7627 0.0331 0.0588 0.0331 0.0588 0.0331 0.0588
3 16 -2.401 -7.0936 -6.4559 -2.401 -7.1858 -6.7766 -3.3445 -7.0942 -6.0677 0.0331 0.0588 0.0331 0.0588 0.0331 0.0588
3 16 -3.3445 -7.0942 -6.0677 -2.401 -7.1858 -6.7766 -4.0369 -7.4719 -6.7627 0.0331 0.0588 0.0331 0.0588 0.0331 0.0588
3 16 -2.401 -7.0936 -6.4559 -1.4581 -7.0941 -6.0678 -2.401 -7.1858 -6.7766 0.0331 0.0588 0.0331 0.0588 0.0331 0.0588
3 16 -2.401 -7.1858 -6.7766 -1.4581 -7.0941 -6.0678 -0.7654 -7.4722 -6.7634 0.0331 0.0588 0.0331 0.0588 0.0331 0.0588
3 16 -1.4581 -7.0941 -6.0678 -1.0673 -7.0942 -5.1255 -0.7654 -7.4722 -6.7634 0.0331 0.0588 0.0331 0.0588 0.0331 0.0588
3 16 -0.7654 -7.4722 -6.7634 -1.0673 -7.0942 -5.1255 -0.0867 -7.4714 -5.1255 0.0331 0.0588 0.0331 0.0588 0.0331 0.0588
3 16 -1.0673 -7.0942 -5.1255 -1.4575 -7.0942 -4.1823 -0.0867 -7.4714 -5.1255 0.0331 0.0588 0.0331 0.0588 0.0331 0.0588
3 16 -0.0867 -7.4714 -5.1255 -1.4575 -7.0942 -4.1823 -0.7651 -7.4719 -3.4873 0.0331 0.0588 0.0331 0.0588 0.0331 0.0588
3 16 -2.401 -7.1858 -3.4735 -2.401 -7.7073 -3.2238 -0.7651 -7.4719 -3.4873 0.0331 0.0588 0.0331 0.0588 0.0331 0.0588
3 16 -0.7651 -7.4719 -3.4873 -2.401 -7.7073 -3.2238 -0.518 -7.983 -3.2309 0.0331 0.0588 0.0331 0.0588 0.0331 0.0588
3 16 -2.401 -7.1858 -3.4735 -4.0365 -7.4722 -3.4866 -2.401 -7.7073 -3.2238 0.0331 0.0588 0.0331 0.0588 0.0331 0.0588
3 16 -2.401 -7.7073 -3.2238 -4.0365 -7.4722 -3.4866 -4.2838 -7.9831 -3.2307 0.0331 0.0588 0.0331 0.0588 0.0331 0.0588
3 16 -4.0365 -7.4722 -3.4866 -4.7152 -7.4714 -5.1245 -4.2838 -7.9831 -3.2307 0.0331 0.0588 0.0331 0.0588 0.0331 0.0588
3 16 -4.2838 -7.9831 -3.2307 -4.7152 -7.4714 -5.1245 -5.0668 -7.9779 -5.1247 0.0331 0.0588 0.0331 0.0588 0.0331 0.0588
3 16 -4.7152 -7.4714 -5.1245 -4.0369 -7.4719 -6.7627 -5.0668 -7.9779 -5.1247 0.0331 0.0588 0.0331 0.0588 0.0331 0.0588
3 16 -5.0668 -7.9779 -5.1247 -4.0369 -7.4719 -6.7627 -4.2865 -7.9836 -7.0186 0.0331 0.0588 0.0331 0.0588 0.0331 0.0588
3 16 -2.401 -7.1858 -6.7766 -2.401 -7.7073 -7.0262 -4.0369 -7.4719 -6.7627 0.0301 0 0.0302 0.0016 0.0199 0.0013
3 16 -4.0369 -7.4719 -6.7627 -2.401 -7.7073 -7.0262 -4.2865 -7.9836 -7.0186 0.0199 0.0013 0.0302 0.0016 0.0145 0.0038
3 16 -2.401 -7.1858 -6.7766 -0.7654 -7.4722 -6.7634 -2.401 -7.7073 -7.0262 0.0301 0 0.0406 0.0013 0.0302 0.0016
3 16 -2.401 -7.7073 -7.0262 -0.7654 -7.4722 -6.7634 -0.5158 -7.9837 -7.0188 0.0302 0.0016 0.0406 0.0013 0.046 0.0038
3 16 -0.7654 -7.4722 -6.7634 -0.0867 -7.4714 -5.1255 -0.5158 -7.9837 -7.0188 0.0331 0.0588 0.0331 0.0588 0.0331 0.0588
3 16 -0.5158 -7.9837 -7.0188 -0.0867 -7.4714 -5.1255 0.2649 -7.9779 -5.1253 0.0331 0.0588 0.0331 0.0588 0.0331 0.0588
3 16 -0.0867 -7.4714 -5.1255 -0.7651 -7.4719 -3.4873 0.2649 -7.9779 -5.1253 0.0331 0.0588 0.0331 0.0588 0.0331 0.0588
3 16 0.2649 -7.9779 -5.1253 -0.7651 -7.4719 -3.4873 -0.518 -7.983 -3.2309 0.0331 0.0588 0.0331 0.0588 0.0331 0.0588
3 16 -2.401 -7.0936 -3.7941 -1.4575 -7.0942 -4.1823 -2.401 -6.9569 -5.125 0.0331 0.0588 0.0331 0.0588 0.0331 0.0588
3 16 -3.3439 -7.0941 -4.1822 -2.401 -7.0936 -3.7941 -2.401 -6.9569 -5.125 0.0331 0.0588 0.0331 0.0588 0.0331 0.0588
3 16 -3.7347 -7.0942 -5.1245 -3.3439 -7.0941 -4.1822 -2.401 -6.9569 -5.125 0.0331 0.0588 0.0331 0.0588 0.0331 0.0588
3 16 -3.3445 -7.0942 -6.0677 -3.7347 -7.0942 -5.1245 -2.401 -6.9569 -5.125 0.0331 0.0588 0.0331 0.0588 0.0331 0.0588
3 16 -2.401 -7.0936 -6.4559 -3.3445 -7.0942 -6.0677 -2.401 -6.9569 -5.125 0.0331 0.0588 0.0331 0.0588 0.0331 0.0588
3 16 -1.4581 -7.0941 -6.0678 -2.401 -7.0936 -6.4559 -2.401 -6.9569 -5.125 0.0331 0.0588 0.0331 0.0588 0.0331 0.0588
3 16 -1.0673 -7.0942 -5.1255 -1.4581 -7.0941 -6.0678 -2.401 -6.9569 -5.125 0.0331 0.0588 0.0331 0.0588 0.0331 0.0588
3 16 -1.4575 -7.0942 -4.1823 -1.0673 -7.0942 -5.1255 -2.401 -6.9569 -5.125 0.0331 0.0588 0.0331 0.0588 0.0331 0.0588
3 16 -6.0177 -13.7677 -3.2323 -6.0144 -7.9856 -3.2356 -6.025 -13.7677 -5.125 0.0331 0.0588 0.0331 0.0588 0.0331 0.0588
3 16 -6.025 -13.7677 -5.125 -6.0144 -7.9856 -3.2356 -6.0177 -7.9824 -5.125 0.0331 0.0588 0.0331 0.0588 0.0331 0.0588
3 16 -2.401 -7.7073 -3.2238 -4.2838 -7.9831 -3.2307 -2.401 -13.7677 -3.225 0.0331 0.0588 0.0331 0.0588 0.0331 0.0588
3 16 -2.401 -13.7677 -7.025 -4.2865 -7.9836 -7.0186 -2.401 -7.7073 -7.0262 0.0302 0.0473 0.0145 0.0038 0.0302 0.0016
3 16 -2.401 -7.7073 -7.0262 -0.5158 -7.9837 -7.0188 -2.401 -13.7677 -7.025 0.0302 0.0016 0.046 0.0038 0.0302 0.0473
3 16 -2.401 -13.7677 -3.225 -0.518 -7.983 -3.2309 -2.401 -7.7073 -3.2238 0.0331 0.0588 0.0331 0.0588 0.0331 0.0588
3 16 -6.0144 -7.9856 -3.2356 -6.0177 -13.7677 -3.2323 -4.2838 -7.9831 -3.2307 0.0331 0.0588 0.0331 0.0588 0.0331 0.0588
3 16 -4.2838 -7.9831 -3.2307 -6.0177 -13.7677 -3.2323 -2.401 -13.7677 -3.225 0.0331 0.0588 0.0331 0.0588 0.0331 0.0588
3 16 -6.0144 -7.9856 -7.0144 -4.2865 -7.9836 -7.0186 -6.0177 -13.7677 -7.0177 0 0.0038 0.0145 0.0038 0 0.0473
3 16 -6.0177 -13.7677 -7.0177 -4.2865 -7.9836 -7.0186 -2.401 -13.7677 -7.025 0 0.0473 0.0145 0.0038 0.0302 0.0473
3 16 -6.0177 -7.9824 -5.125 -6.0144 -7.9856 -7.0144 -6.025 -13.7677 -5.125 0.0331 0.0588 0.0331 0.0588 0.0331 0.0588
3 16 -6.025 -13.7677 -5.125 -6.0144 -7.9856 -7.0144 -6.0177 -13.7677 -7.0177 0.0331 0.0588 0.0331 0.0588 0.0331 0.0588
3 16 -6.0177 -7.9824 -5.125 -5.0668 -7.9779 -5.1247 -6.0144 -7.9856 -7.0144 0.0331 0.0588 0.0331 0.0588 0.0331 0.0588
3 16 -6.0144 -7.9856 -7.0144 -5.0668 -7.9779 -5.1247 -4.2865 -7.9836 -7.0186 0.0331 0.0588 0.0331 0.0588 0.0331 0.0588
3 16 -4.2838 -7.9831 -3.2307 -5.0668 -7.9779 -5.1247 -6.0144 -7.9856 -3.2356 0.0331 0.0588 0.0331 0.0588 0.0331 0.0588
3 16 -6.0144 -7.9856 -3.2356 -5.0668 -7.9779 -5.1247 -6.0177 -7.9824 -5.125 0.0331 0.0588 0.0331 0.0588 0.0331 0.0588
3 16 50 -7.9751 -5.125 50 -7.9824 -7.0177 0.2649 -7.9779 -5.1253 0.0331 0.0588 0.0331 0.0588 0.0331 0.0588
3 16 0.2649 -7.9779 -5.1253 50 -7.9824 -7.0177 -0.5158 -7.9837 -7.0188 0.0331 0.0588 0.0331 0.0588 0.0331 0.0588
3 16 -0.518 -7.983 -3.2309 50 -7.9824 -3.2323 0.2649 -7.9779 -5.1253 0.0331 0.0588 0.0331 0.0588 0.0331 0.0588
3 16 0.2649 -7.9779 -5.1253 50 -7.9824 -3.2323 50 -7.9751 -5.125 0.0331 0.0588 0.0331 0.0588 0.0331 0.0588
3 16 -2.401 -13.7677 -3.225 50 -13.7677 -3.225 -0.518 -7.983 -3.2309 0.0331 0.0588 0.0331 0.0588 0.0331 0.0588
3 16 -0.518 -7.983 -3.2309 50 -13.7677 -3.225 50 -7.9824 -3.2323 0.0331 0.0588 0.0331 0.0588 0.0331 0.0588
3 16 50 -7.9824 -7.0177 50 -13.7677 -7.025 -0.5158 -7.9837 -7.0188 0.4704 0.0038 0.4704 0.0473 0.046 0.0038
3 16 -0.5158 -7.9837 -7.0188 50 -13.7677 -7.025 -2.401 -13.7677 -7.025 0.046 0.0038 0.4704 0.0473 0.0302 0.0473
3 16 50 -13.7677 -7.025 102.401 -13.7677 -7.025 50 -73.75 -7.025 0.4704 0.0473 0.9106 0.0473 0.4704 0.5
3 16 50 -73.75 -7.025 102.401 -13.7677 -7.025 102.401 -73.75 -7.025 0.4704 0.5 0.9106 0.0473 0.9106 0.5
3 16 106.0177 -73.75 -7.0177 102.401 -73.75 -7.025 106.0177 -13.7677 -7.0177 0.9408 0.5 0.9106 0.5 0.9408 0.0473
3 16 106.0177 -13.7677 -7.0177 102.401 -73.75 -7.025 102.401 -13.7677 -7.025 0.9408 0.0473 0.9106 0.5 0.9106 0.0473
3 16 106.025 -73.75 -5.125 106.0177 -73.75 -7.0177 106.025 -13.7677 -5.125 0.0331 0.0588 0.0331 0.0588 0.0331 0.0588
3 16 106.025 -13.7677 -5.125 106.0177 -73.75 -7.0177 106.0177 -13.7677 -7.0177 0.0331 0.0588 0.0331 0.0588 0.0331 0.0588
3 16 106.0177 -73.75 -3.2323 106.025 -73.75 -5.125 106.0177 -13.7677 -3.2323 0.0331 0.0588 0.0331 0.0588 0.0331 0.0588
3 16 106.0177 -13.7677 -3.2323 106.025 -73.75 -5.125 106.025 -13.7677 -5.125 0.0331 0.0588 0.0331 0.0588 0.0331 0.0588
3 16 102.401 -73.75 -3.225 106.0177 -73.75 -3.2323 102.401 -13.7677 -3.225 0.0331 0.0588 0.0331 0.0588 0.0331 0.0588
3 16 102.401 -13.7677 -3.225 106.0177 -73.75 -3.2323 106.0177 -13.7677 -3.2323 0.0331 0.0588 0.0331 0.0588 0.0331 0.0588
3 16 50 -73.75 -3.225 102.401 -73.75 -3.225 50 -13.7677 -3.225 0.0331 0.0588 0.0331 0.0588 0.0331 0.0588
3 16 50 -13.7677 -3.225 102.401 -73.75 -3.225 102.401 -13.7677 -3.225 0.0331 0.0588 0.0331 0.0588 0.0331 0.0588
3 16 -2.401 -73.75 -3.225 50 -73.75 -3.225 -2.401 -13.7677 -3.225 0.0331 0.0588 0.0331 0.0588 0.0331 0.0588
3 16 -2.401 -13.7677 -3.225 50 -73.75 -3.225 50 -13.7677 -3.225 0.0331 0.0588 0.0331 0.0588 0.0331 0.0588
3 16 -6.0177 -73.75 -3.2323 -2.401 -73.75 -3.225 -6.0177 -13.7677 -3.2323 0.0331 0.0588 0.0331 0.0588 0.0331 0.0588
3 16 -6.0177 -13.7677 -3.2323 -2.401 -73.75 -3.225 -2.401 -13.7677 -3.225 0.0331 0.0588 0.0331 0.0588 0.0331 0.0588
3 16 -6.025 -73.75 -5.125 -6.0177 -73.75 -3.2323 -6.025 -13.7677 -5.125 0.0331 0.0588 0.0331 0.0588 0.0331 0.0588
3 16 -6.025 -13.7677 -5.125 -6.0177 -73.75 -3.2323 -6.0177 -13.7677 -3.2323 0.0331 0.0588 0.0331 0.0588 0.0331 0.0588
3 16 -6.0177 -73.75 -7.0177 -6.025 -73.75 -5.125 -6.0177 -13.7677 -7.0177 0.0331 0.0588 0.0331 0.0588 0.0331 0.0588
3 16 -6.0177 -13.7677 -7.0177 -6.025 -73.75 -5.125 -6.025 -13.7677 -5.125 0.0331 0.0588 0.0331 0.0588 0.0331 0.0588
3 16 -2.401 -73.75 -7.025 -6.0177 -73.75 -7.0177 -2.401 -13.7677 -7.025 0.0302 0.5 0 0.5 0.0302 0.0473
3 16 -2.401 -13.7677 -7.025 -6.0177 -73.75 -7.0177 -6.0177 -13.7677 -7.0177 0.0302 0.0473 0 0.5 0 0.0473
3 16 50 -13.7677 -7.025 50 -73.75 -7.025 -2.401 -13.7677 -7.025 0.4704 0.0473 0.4704 0.5 0.0302 0.0473
3 16 -2.401 -13.7677 -7.025 50 -73.75 -7.025 -2.401 -73.75 -7.025 0.0302 0.0473 0.4704 0.5 0.0302 0.5
0 STEP
