0 Untitled Model
0 Name: Untitled Model
0 Author: 
0 BFC CERTIFY CCW
3 16 30 0 -10 30 -8 -10 -10 0 -10
3 16 -10 0 -10 30 -8 -10 -10 -8 -10
3 16 -10 -8 -10 -10 -8 70 -10 0 -10
3 16 -10 0 -10 -10 -8 70 -10 0 70
3 16 30 -8 70 30 0 70 -10 -8 70
3 16 -10 -8 70 30 0 70 -10 0 70
3 16 70 0 -10 70 0 70 70 -8 -10
3 16 70 -8 -10 70 0 70 70 -8 70
3 16 -10 -8 70 -10 -8 -10 30 -8 70
3 16 30 -8 70 -10 -8 -10 30 -8 -10
3 16 70 -8 -10 30 -8 -10 70 0 -10
3 16 70 0 -10 30 -8 -10 30 0 -10
3 16 30 -8 -10 70 -8 -10 30 -8 70
3 16 30 -8 70 70 -8 -10 70 -8 70
3 16 70 0 70 30 0 70 70 -8 70
3 16 70 -8 70 30 0 70 30 -8 70
3 16 35.5396 0 13.1983 33.1983 0 15.5396 37.3124 0 14.2218
3 16 37.3124 0 14.2218 33.1983 0 15.5396 34.2218 0 17.3123
3 16 34.2218 0 17.3123 33.1983 0 15.5396 30 0 18.4436
3 16 30 0 18.4436 33.1983 0 15.5396 30 0 16.3966
3 16 30 0 16.3966 26.8017 0 15.5396 30 0 18.4436
3 16 30 0 18.4436 26.8017 0 15.5396 25.7782 0 17.3123
3 16 26.8017 0 15.5396 24.4604 0 13.1983 25.7782 0 17.3123
3 16 25.7782 0 17.3123 24.4604 0 13.1983 22.6877 0 14.2218
3 16 24.4604 0 13.1983 23.6034 0 10 22.6877 0 14.2218
3 16 22.6877 0 14.2218 23.6034 0 10 21.5565 0 10
3 16 23.6034 0 10 24.4604 0 6.8017 21.5565 0 10
3 16 21.5565 0 10 24.4604 0 6.8017 22.6877 0 5.7782
3 16 24.4604 0 6.8017 26.8017 0 4.4604 22.6877 0 5.7782
3 16 22.6877 0 5.7782 26.8017 0 4.4604 25.7782 0 2.6877
3 16 26.8017 0 4.4604 30 0 3.6034 25.7782 0 2.6877
3 16 25.7782 0 2.6877 30 0 3.6034 30 0 1.5564
3 16 30 0 3.6034 33.1983 0 4.4604 30 0 1.5564
3 16 30 0 1.5564 33.1983 0 4.4604 34.2218 0 2.6877
3 16 33.1983 0 4.4604 35.5396 0 6.8017 34.2218 0 2.6877
3 16 34.2218 0 2.6877 35.5396 0 6.8017 37.3124 0 5.7782
3 16 35.5396 0 6.8017 36.3966 0 10 37.3124 0 5.7782
3 16 37.3124 0 5.7782 36.3966 0 10 38.4436 0 10
3 16 36.3966 0 10 35.5396 0 13.1983 38.4436 0 10
3 16 38.4436 0 10 35.5396 0 13.1983 37.3124 0 14.2218
3 16 30 -5.25 18.4436 34.2218 -5.25 17.3123 30 0 18.4436
3 16 30 0 18.4436 34.2218 -5.25 17.3123 34.2218 0 17.3123
3 16 25.7782 -5.25 17.3123 30 -5.25 18.4436 25.7782 0 17.3123
3 16 25.7782 0 17.3123 30 -5.25 18.4436 30 0 18.4436
3 16 22.6877 -5.25 14.2218 25.7782 -5.25 17.3123 22.6877 0 14.2218
3 16 22.6877 0 14.2218 25.7782 -5.25 17.3123 25.7782 0 17.3123
3 16 21.5565 -5.25 10 22.6877 -5.25 14.2218 21.5565 0 10
3 16 21.5565 0 10 22.6877 -5.25 14.2218 22.6877 0 14.2218
3 16 22.6877 -5.25 5.7782 21.5565 -5.25 10 22.6877 0 5.7782
3 16 22.6877 0 5.7782 21.5565 -5.25 10 21.5565 0 10
3 16 25.7782 -5.25 2.6877 22.6877 -5.25 5.7782 25.7782 0 2.6877
3 16 25.7782 0 2.6877 22.6877 -5.25 5.7782 22.6877 0 5.7782
3 16 30 -5.25 1.5564 25.7782 -5.25 2.6877 30 0 1.5564
3 16 30 0 1.5564 25.7782 -5.25 2.6877 25.7782 0 2.6877
3 16 34.2218 -5.25 2.6877 30 -5.25 1.5564 34.2218 0 2.6877
3 16 34.2218 0 2.6877 30 -5.25 1.5564 30 0 1.5564
3 16 37.3124 -5.25 5.7782 34.2218 -5.25 2.6877 37.3124 0 5.7782
3 16 37.3124 0 5.7782 34.2218 -5.25 2.6877 34.2218 0 2.6877
3 16 38.4436 -5.25 10 37.3124 -5.25 5.7782 38.4436 0 10
3 16 38.4436 0 10 37.3124 -5.25 5.7782 37.3124 0 5.7782
3 16 37.3124 -5.25 14.2218 38.4436 -5.25 10 37.3124 0 14.2218
3 16 37.3124 0 14.2218 38.4436 -5.25 10 38.4436 0 10
3 16 33.1983 0 15.5396 35.5396 0 13.1983 33.1983 -5.0063 15.5396
3 16 33.1983 -5.0063 15.5396 35.5396 0 13.1983 35.5396 -5.0063 13.1983
3 16 30 0 16.3966 33.1983 0 15.5396 30 -5.0063 16.3966
3 16 30 -5.0063 16.3966 33.1983 0 15.5396 33.1983 -5.0063 15.5396
3 16 26.8017 0 15.5396 30 0 16.3966 26.8017 -5.0063 15.5396
3 16 26.8017 -5.0063 15.5396 30 0 16.3966 30 -5.0063 16.3966
3 16 24.4604 0 13.1983 26.8017 0 15.5396 24.4604 -5.0063 13.1983
3 16 24.4604 -5.0063 13.1983 26.8017 0 15.5396 26.8017 -5.0063 15.5396
3 16 23.6034 0 10 24.4604 0 13.1983 23.6034 -5.0063 10
3 16 23.6034 -5.0063 10 24.4604 0 13.1983 24.4604 -5.0063 13.1983
3 16 24.4604 0 6.8017 23.6034 0 10 24.4604 -5.0063 6.8017
3 16 24.4604 -5.0063 6.8017 23.6034 0 10 23.6034 -5.0063 10
3 16 26.8017 0 4.4604 24.4604 0 6.8017 26.8017 -5.0063 4.4604
3 16 26.8017 -5.0063 4.4604 24.4604 0 6.8017 24.4604 -5.0063 6.8017
3 16 30 0 3.6034 26.8017 0 4.4604 30 -5.0063 3.6034
3 16 30 -5.0063 3.6034 26.8017 0 4.4604 26.8017 -5.0063 4.4604
3 16 33.1983 0 4.4604 30 0 3.6034 33.1983 -5.0063 4.4604
3 16 33.1983 -5.0063 4.4604 30 0 3.6034 30 -5.0063 3.6034
3 16 35.5396 0 6.8017 33.1983 0 4.4604 35.5396 -5.0063 6.8017
3 16 35.5396 -5.0063 6.8017 33.1983 0 4.4604 33.1983 -5.0063 4.4604
3 16 36.3966 0 10 35.5396 0 6.8017 36.3966 -5.0063 10
3 16 36.3966 -5.0063 10 35.5396 0 6.8017 35.5396 -5.0063 6.8017
3 16 35.5396 0 13.1983 36.3966 0 10 35.5396 -5.0063 13.1983
3 16 35.5396 -5.0063 13.1983 36.3966 0 10 36.3966 -5.0063 10
3 16 37.3124 0 14.2218 34.2218 0 17.3123 37.3124 -5.25 14.2218
3 16 37.3124 -5.25 14.2218 34.2218 0 17.3123 34.2218 -5.25 17.3123
3 16 55.5396 0 53.1983 53.1983 0 55.5396 57.3124 0 54.2218
3 16 57.3124 0 54.2218 53.1983 0 55.5396 54.2218 0 57.3123
3 16 54.2218 0 57.3123 53.1983 0 55.5396 50 0 58.4436
3 16 50 0 58.4436 53.1983 0 55.5396 50 0 56.3966
3 16 50 0 56.3966 46.8017 0 55.5396 50 0 58.4436
3 16 50 0 58.4436 46.8017 0 55.5396 45.7782 0 57.3123
3 16 46.8017 0 55.5396 44.4604 0 53.1983 45.7782 0 57.3123
3 16 45.7782 0 57.3123 44.4604 0 53.1983 42.6877 0 54.2218
3 16 44.4604 0 53.1983 43.6034 0 50 42.6877 0 54.2218
3 16 42.6877 0 54.2218 43.6034 0 50 41.5565 0 50
3 16 43.6034 0 50 44.4604 0 46.8017 41.5565 0 50
3 16 41.5565 0 50 44.4604 0 46.8017 42.6877 0 45.7782
3 16 44.4604 0 46.8017 46.8017 0 44.4604 42.6877 0 45.7782
3 16 42.6877 0 45.7782 46.8017 0 44.4604 45.7782 0 42.6877
3 16 46.8017 0 44.4604 50 0 43.6034 45.7782 0 42.6877
3 16 45.7782 0 42.6877 50 0 43.6034 50 0 41.5565
3 16 50 0 43.6034 53.1983 0 44.4604 50 0 41.5565
3 16 50 0 41.5565 53.1983 0 44.4604 54.2218 0 42.6877
3 16 53.1983 0 44.4604 55.5396 0 46.8017 54.2218 0 42.6877
3 16 54.2218 0 42.6877 55.5396 0 46.8017 57.3124 0 45.7782
3 16 55.5396 0 46.8017 56.3966 0 50 57.3124 0 45.7782
3 16 57.3124 0 45.7782 56.3966 0 50 58.4436 0 50
3 16 56.3966 0 50 55.5396 0 53.1983 58.4436 0 50
3 16 58.4436 0 50 55.5396 0 53.1983 57.3124 0 54.2218
3 16 50 -5.25 58.4436 54.2218 -5.25 57.3123 50 0 58.4436
3 16 50 0 58.4436 54.2218 -5.25 57.3123 54.2218 0 57.3123
3 16 45.7782 -5.25 57.3123 50 -5.25 58.4436 45.7782 0 57.3123
3 16 45.7782 0 57.3123 50 -5.25 58.4436 50 0 58.4436
3 16 42.6877 -5.25 54.2218 45.7782 -5.25 57.3123 42.6877 0 54.2218
3 16 42.6877 0 54.2218 45.7782 -5.25 57.3123 45.7782 0 57.3123
3 16 41.5565 -5.25 50 42.6877 -5.25 54.2218 41.5565 0 50
3 16 41.5565 0 50 42.6877 -5.25 54.2218 42.6877 0 54.2218
3 16 42.6877 -5.25 45.7782 41.5565 -5.25 50 42.6877 0 45.7782
3 16 42.6877 0 45.7782 41.5565 -5.25 50 41.5565 0 50
3 16 45.7782 -5.25 42.6877 42.6877 -5.25 45.7782 45.7782 0 42.6877
3 16 45.7782 0 42.6877 42.6877 -5.25 45.7782 42.6877 0 45.7782
3 16 50 -5.25 41.5565 45.7782 -5.25 42.6877 50 0 41.5565
3 16 50 0 41.5565 45.7782 -5.25 42.6877 45.7782 0 42.6877
3 16 54.2218 -5.25 42.6877 50 -5.25 41.5565 54.2218 0 42.6877
3 16 54.2218 0 42.6877 50 -5.25 41.5565 50 0 41.5565
3 16 57.3124 -5.25 45.7782 54.2218 -5.25 42.6877 57.3124 0 45.7782
3 16 57.3124 0 45.7782 54.2218 -5.25 42.6877 54.2218 0 42.6877
3 16 58.4436 -5.25 50 57.3124 -5.25 45.7782 58.4436 0 50
3 16 58.4436 0 50 57.3124 -5.25 45.7782 57.3124 0 45.7782
3 16 57.3124 -5.25 54.2218 58.4436 -5.25 50 57.3124 0 54.2218
3 16 57.3124 0 54.2218 58.4436 -5.25 50 58.4436 0 50
3 16 53.1983 0 55.5396 55.5396 0 53.1983 53.1983 -5.0063 55.5396
3 16 53.1983 -5.0063 55.5396 55.5396 0 53.1983 55.5396 -5.0063 53.1983
3 16 50 0 56.3966 53.1983 0 55.5396 50 -5.0063 56.3966
3 16 50 -5.0063 56.3966 53.1983 0 55.5396 53.1983 -5.0063 55.5396
3 16 46.8017 0 55.5396 50 0 56.3966 46.8017 -5.0063 55.5396
3 16 46.8017 -5.0063 55.5396 50 0 56.3966 50 -5.0063 56.3966
3 16 44.4604 0 53.1983 46.8017 0 55.5396 44.4604 -5.0063 53.1983
3 16 44.4604 -5.0063 53.1983 46.8017 0 55.5396 46.8017 -5.0063 55.5396
3 16 43.6034 0 50 44.4604 0 53.1983 43.6034 -5.0063 50
3 16 43.6034 -5.0063 50 44.4604 0 53.1983 44.4604 -5.0063 53.1983
3 16 44.4604 0 46.8017 43.6034 0 50 44.4604 -5.0063 46.8017
3 16 44.4604 -5.0063 46.8017 43.6034 0 50 43.6034 -5.0063 50
3 16 46.8017 0 44.4604 44.4604 0 46.8017 46.8017 -5.0063 44.4604
3 16 46.8017 -5.0063 44.4604 44.4604 0 46.8017 44.4604 -5.0063 46.8017
3 16 50 0 43.6034 46.8017 0 44.4604 50 -5.0063 43.6034
3 16 50 -5.0063 43.6034 46.8017 0 44.4604 46.8017 -5.0063 44.4604
3 16 53.1983 0 44.4604 50 0 43.6034 53.1983 -5.0063 44.4604
3 16 53.1983 -5.0063 44.4604 50 0 43.6034 50 -5.0063 43.6034
3 16 55.5396 0 46.8017 53.1983 0 44.4604 55.5396 -5.0063 46.8017
3 16 55.5396 -5.0063 46.8017 53.1983 0 44.4604 53.1983 -5.0063 44.4604
3 16 56.3966 0 50 55.5396 0 46.8017 56.3966 -5.0063 50
3 16 56.3966 -5.0063 50 55.5396 0 46.8017 55.5396 -5.0063 46.8017
3 16 55.5396 0 53.1983 56.3966 0 50 55.5396 -5.0063 53.1983
3 16 55.5396 -5.0063 53.1983 56.3966 0 50 56.3966 -5.0063 50
3 16 57.3124 0 54.2218 54.2218 0 57.3123 57.3124 -5.25 54.2218
3 16 57.3124 -5.25 54.2218 54.2218 0 57.3123 54.2218 -5.25 57.3123
3 16 55.5396 0 33.1983 53.1983 0 35.5396 57.3124 0 34.2218
3 16 57.3124 0 34.2218 53.1983 0 35.5396 54.2218 0 37.3123
3 16 54.2218 0 37.3123 53.1983 0 35.5396 50 0 38.4436
3 16 50 0 38.4436 53.1983 0 35.5396 50 0 36.3966
3 16 50 0 36.3966 46.8017 0 35.5396 50 0 38.4436
3 16 50 0 38.4436 46.8017 0 35.5396 45.7782 0 37.3123
3 16 46.8017 0 35.5396 44.4604 0 33.1983 45.7782 0 37.3123
3 16 45.7782 0 37.3123 44.4604 0 33.1983 42.6877 0 34.2218
3 16 44.4604 0 33.1983 43.6034 0 30 42.6877 0 34.2218
3 16 42.6877 0 34.2218 43.6034 0 30 41.5565 0 30
3 16 43.6034 0 30 44.4604 0 26.8017 41.5565 0 30
3 16 41.5565 0 30 44.4604 0 26.8017 42.6877 0 25.7782
3 16 44.4604 0 26.8017 46.8017 0 24.4604 42.6877 0 25.7782
3 16 42.6877 0 25.7782 46.8017 0 24.4604 45.7782 0 22.6877
3 16 46.8017 0 24.4604 50 0 23.6034 45.7782 0 22.6877
3 16 45.7782 0 22.6877 50 0 23.6034 50 0 21.5565
3 16 50 0 23.6034 53.1983 0 24.4604 50 0 21.5565
3 16 50 0 21.5565 53.1983 0 24.4604 54.2218 0 22.6877
3 16 53.1983 0 24.4604 55.5396 0 26.8017 54.2218 0 22.6877
3 16 54.2218 0 22.6877 55.5396 0 26.8017 57.3124 0 25.7782
3 16 55.5396 0 26.8017 56.3966 0 30 57.3124 0 25.7782
3 16 57.3124 0 25.7782 56.3966 0 30 58.4436 0 30
3 16 56.3966 0 30 55.5396 0 33.1983 58.4436 0 30
3 16 58.4436 0 30 55.5396 0 33.1983 57.3124 0 34.2218
3 16 50 -5.25 38.4436 54.2218 -5.25 37.3123 50 0 38.4436
3 16 50 0 38.4436 54.2218 -5.25 37.3123 54.2218 0 37.3123
3 16 45.7782 -5.25 37.3123 50 -5.25 38.4436 45.7782 0 37.3123
3 16 45.7782 0 37.3123 50 -5.25 38.4436 50 0 38.4436
3 16 42.6877 -5.25 34.2218 45.7782 -5.25 37.3123 42.6877 0 34.2218
3 16 42.6877 0 34.2218 45.7782 -5.25 37.3123 45.7782 0 37.3123
3 16 41.5565 -5.25 30 42.6877 -5.25 34.2218 41.5565 0 30
3 16 41.5565 0 30 42.6877 -5.25 34.2218 42.6877 0 34.2218
3 16 42.6877 -5.25 25.7782 41.5565 -5.25 30 42.6877 0 25.7782
3 16 42.6877 0 25.7782 41.5565 -5.25 30 41.5565 0 30
3 16 45.7782 -5.25 22.6877 42.6877 -5.25 25.7782 45.7782 0 22.6877
3 16 45.7782 0 22.6877 42.6877 -5.25 25.7782 42.6877 0 25.7782
3 16 50 -5.25 21.5565 45.7782 -5.25 22.6877 50 0 21.5565
3 16 50 0 21.5565 45.7782 -5.25 22.6877 45.7782 0 22.6877
3 16 54.2218 -5.25 22.6877 50 -5.25 21.5565 54.2218 0 22.6877
3 16 54.2218 0 22.6877 50 -5.25 21.5565 50 0 21.5565
3 16 57.3124 -5.25 25.7782 54.2218 -5.25 22.6877 57.3124 0 25.7782
3 16 57.3124 0 25.7782 54.2218 -5.25 22.6877 54.2218 0 22.6877
3 16 58.4436 -5.25 30 57.3124 -5.25 25.7782 58.4436 0 30
3 16 58.4436 0 30 57.3124 -5.25 25.7782 57.3124 0 25.7782
3 16 57.3124 -5.25 34.2218 58.4436 -5.25 30 57.3124 0 34.2218
3 16 57.3124 0 34.2218 58.4436 -5.25 30 58.4436 0 30
3 16 53.1983 0 35.5396 55.5396 0 33.1983 53.1983 -5.0063 35.5396
3 16 53.1983 -5.0063 35.5396 55.5396 0 33.1983 55.5396 -5.0063 33.1983
3 16 50 0 36.3966 53.1983 0 35.5396 50 -5.0063 36.3966
3 16 50 -5.0063 36.3966 53.1983 0 35.5396 53.1983 -5.0063 35.5396
3 16 46.8017 0 35.5396 50 0 36.3966 46.8017 -5.0063 35.5396
3 16 46.8017 -5.0063 35.5396 50 0 36.3966 50 -5.0063 36.3966
3 16 44.4604 0 33.1983 46.8017 0 35.5396 44.4604 -5.0063 33.1983
3 16 44.4604 -5.0063 33.1983 46.8017 0 35.5396 46.8017 -5.0063 35.5396
3 16 43.6034 0 30 44.4604 0 33.1983 43.6034 -5.0063 30
3 16 43.6034 -5.0063 30 44.4604 0 33.1983 44.4604 -5.0063 33.1983
3 16 44.4604 0 26.8017 43.6034 0 30 44.4604 -5.0063 26.8017
3 16 44.4604 -5.0063 26.8017 43.6034 0 30 43.6034 -5.0063 30
3 16 46.8017 0 24.4604 44.4604 0 26.8017 46.8017 -5.0063 24.4604
3 16 46.8017 -5.0063 24.4604 44.4604 0 26.8017 44.4604 -5.0063 26.8017
3 16 50 0 23.6034 46.8017 0 24.4604 50 -5.0063 23.6034
3 16 50 -5.0063 23.6034 46.8017 0 24.4604 46.8017 -5.0063 24.4604
3 16 53.1983 0 24.4604 50 0 23.6034 53.1983 -5.0063 24.4604
3 16 53.1983 -5.0063 24.4604 50 0 23.6034 50 -5.0063 23.6034
3 16 55.5396 0 26.8017 53.1983 0 24.4604 55.5396 -5.0063 26.8017
3 16 55.5396 -5.0063 26.8017 53.1983 0 24.4604 53.1983 -5.0063 24.4604
3 16 56.3966 0 30 55.5396 0 26.8017 56.3966 -5.0063 30
3 16 56.3966 -5.0063 30 55.5396 0 26.8017 55.5396 -5.0063 26.8017
3 16 55.5396 0 33.1983 56.3966 0 30 55.5396 -5.0063 33.1983
3 16 55.5396 -5.0063 33.1983 56.3966 0 30 56.3966 -5.0063 30
3 16 57.3124 0 34.2218 54.2218 0 37.3123 57.3124 -5.25 34.2218
3 16 57.3124 -5.25 34.2218 54.2218 0 37.3123 54.2218 -5.25 37.3123
3 16 15.5396 0 33.1983 13.1983 0 35.5396 17.3124 0 34.2218
3 16 17.3124 0 34.2218 13.1983 0 35.5396 14.2218 0 37.3123
3 16 14.2218 0 37.3123 13.1983 0 35.5396 10 0 38.4436
3 16 10 0 38.4436 13.1983 0 35.5396 10 0 36.3966
3 16 10 0 36.3966 6.8017 0 35.5396 10 0 38.4436
3 16 10 0 38.4436 6.8017 0 35.5396 5.7782 0 37.3123
3 16 6.8017 0 35.5396 4.4604 0 33.1983 5.7782 0 37.3123
3 16 5.7782 0 37.3123 4.4604 0 33.1983 2.6876 0 34.2218
3 16 4.4604 0 33.1983 3.6034 0 30 2.6876 0 34.2218
3 16 2.6876 0 34.2218 3.6034 0 30 1.5564 0 30
3 16 3.6034 0 30 4.4604 0 26.8017 1.5564 0 30
3 16 1.5564 0 30 4.4604 0 26.8017 2.6876 0 25.7782
3 16 4.4604 0 26.8017 6.8017 0 24.4604 2.6876 0 25.7782
3 16 2.6876 0 25.7782 6.8017 0 24.4604 5.7782 0 22.6877
3 16 6.8017 0 24.4604 10 0 23.6034 5.7782 0 22.6877
3 16 5.7782 0 22.6877 10 0 23.6034 10 0 21.5565
3 16 10 0 23.6034 13.1983 0 24.4604 10 0 21.5565
3 16 10 0 21.5565 13.1983 0 24.4604 14.2218 0 22.6877
3 16 13.1983 0 24.4604 15.5396 0 26.8017 14.2218 0 22.6877
3 16 14.2218 0 22.6877 15.5396 0 26.8017 17.3124 0 25.7782
3 16 15.5396 0 26.8017 16.3966 0 30 17.3124 0 25.7782
3 16 17.3124 0 25.7782 16.3966 0 30 18.4436 0 30
3 16 16.3966 0 30 15.5396 0 33.1983 18.4436 0 30
3 16 18.4436 0 30 15.5396 0 33.1983 17.3124 0 34.2218
3 16 10 -5.25 38.4436 14.2218 -5.25 37.3123 10 0 38.4436
3 16 10 0 38.4436 14.2218 -5.25 37.3123 14.2218 0 37.3123
3 16 5.7782 -5.25 37.3123 10 -5.25 38.4436 5.7782 0 37.3123
3 16 5.7782 0 37.3123 10 -5.25 38.4436 10 0 38.4436
3 16 2.6876 -5.25 34.2218 5.7782 -5.25 37.3123 2.6876 0 34.2218
3 16 2.6876 0 34.2218 5.7782 -5.25 37.3123 5.7782 0 37.3123
3 16 1.5564 -5.25 30 2.6876 -5.25 34.2218 1.5564 0 30
3 16 1.5564 0 30 2.6876 -5.25 34.2218 2.6876 0 34.2218
3 16 2.6876 -5.25 25.7782 1.5564 -5.25 30 2.6876 0 25.7782
3 16 2.6876 0 25.7782 1.5564 -5.25 30 1.5564 0 30
3 16 5.7782 -5.25 22.6877 2.6876 -5.25 25.7782 5.7782 0 22.6877
3 16 5.7782 0 22.6877 2.6876 -5.25 25.7782 2.6876 0 25.7782
3 16 10 -5.25 21.5565 5.7782 -5.25 22.6877 10 0 21.5565
3 16 10 0 21.5565 5.7782 -5.25 22.6877 5.7782 0 22.6877
3 16 14.2218 -5.25 22.6877 10 -5.25 21.5565 14.2218 0 22.6877
3 16 14.2218 0 22.6877 10 -5.25 21.5565 10 0 21.5565
3 16 17.3124 -5.25 25.7782 14.2218 -5.25 22.6877 17.3124 0 25.7782
3 16 17.3124 0 25.7782 14.2218 -5.25 22.6877 14.2218 0 22.6877
3 16 18.4436 -5.25 30 17.3124 -5.25 25.7782 18.4436 0 30
3 16 18.4436 0 30 17.3124 -5.25 25.7782 17.3124 0 25.7782
3 16 17.3124 -5.25 34.2218 18.4436 -5.25 30 17.3124 0 34.2218
3 16 17.3124 0 34.2218 18.4436 -5.25 30 18.4436 0 30
3 16 13.1983 0 35.5396 15.5396 0 33.1983 13.1983 -5.0063 35.5396
3 16 13.1983 -5.0063 35.5396 15.5396 0 33.1983 15.5396 -5.0063 33.1983
3 16 10 0 36.3966 13.1983 0 35.5396 10 -5.0063 36.3966
3 16 10 -5.0063 36.3966 13.1983 0 35.5396 13.1983 -5.0063 35.5396
3 16 6.8017 0 35.5396 10 0 36.3966 6.8017 -5.0063 35.5396
3 16 6.8017 -5.0063 35.5396 10 0 36.3966 10 -5.0063 36.3966
3 16 4.4604 0 33.1983 6.8017 0 35.5396 4.4604 -5.0063 33.1983
3 16 4.4604 -5.0063 33.1983 6.8017 0 35.5396 6.8017 -5.0063 35.5396
3 16 3.6034 0 30 4.4604 0 33.1983 3.6034 -5.0063 30
3 16 3.6034 -5.0063 30 4.4604 0 33.1983 4.4604 -5.0063 33.1983
3 16 4.4604 0 26.8017 3.6034 0 30 4.4604 -5.0063 26.8017
3 16 4.4604 -5.0063 26.8017 3.6034 0 30 3.6034 -5.0063 30
3 16 6.8017 0 24.4604 4.4604 0 26.8017 6.8017 -5.0063 24.4604
3 16 6.8017 -5.0063 24.4604 4.4604 0 26.8017 4.4604 -5.0063 26.8017
3 16 10 0 23.6034 6.8017 0 24.4604 10 -5.0063 23.6034
3 16 10 -5.0063 23.6034 6.8017 0 24.4604 6.8017 -5.0063 24.4604
3 16 13.1983 0 24.4604 10 0 23.6034 13.1983 -5.0063 24.4604
3 16 13.1983 -5.0063 24.4604 10 0 23.6034 10 -5.0063 23.6034
3 16 15.5396 0 26.8017 13.1983 0 24.4604 15.5396 -5.0063 26.8017
3 16 15.5396 -5.0063 26.8017 13.1983 0 24.4604 13.1983 -5.0063 24.4604
3 16 16.3966 0 30 15.5396 0 26.8017 16.3966 -5.0063 30
3 16 16.3966 -5.0063 30 15.5396 0 26.8017 15.5396 -5.0063 26.8017
3 16 15.5396 0 33.1983 16.3966 0 30 15.5396 -5.0063 33.1983
3 16 15.5396 -5.0063 33.1983 16.3966 0 30 16.3966 -5.0063 30
3 16 17.3124 0 34.2218 14.2218 0 37.3123 17.3124 -5.25 34.2218
3 16 17.3124 -5.25 34.2218 14.2218 0 37.3123 14.2218 -5.25 37.3123
3 16 35.5396 0 33.1983 33.1983 0 35.5396 37.3124 0 34.2218
3 16 37.3124 0 34.2218 33.1983 0 35.5396 34.2218 0 37.3123
3 16 34.2218 0 37.3123 33.1983 0 35.5396 30 0 38.4436
3 16 30 0 38.4436 33.1983 0 35.5396 30 0 36.3966
3 16 30 0 36.3966 26.8017 0 35.5396 30 0 38.4436
3 16 30 0 38.4436 26.8017 0 35.5396 25.7782 0 37.3123
3 16 26.8017 0 35.5396 24.4604 0 33.1983 25.7782 0 37.3123
3 16 25.7782 0 37.3123 24.4604 0 33.1983 22.6877 0 34.2218
3 16 24.4604 0 33.1983 23.6034 0 30 22.6877 0 34.2218
3 16 22.6877 0 34.2218 23.6034 0 30 21.5565 0 30
3 16 23.6034 0 30 24.4604 0 26.8017 21.5565 0 30
3 16 21.5565 0 30 24.4604 0 26.8017 22.6877 0 25.7782
3 16 24.4604 0 26.8017 26.8017 0 24.4604 22.6877 0 25.7782
3 16 22.6877 0 25.7782 26.8017 0 24.4604 25.7782 0 22.6877
3 16 26.8017 0 24.4604 30 0 23.6034 25.7782 0 22.6877
3 16 25.7782 0 22.6877 30 0 23.6034 30 0 21.5565
3 16 30 0 23.6034 33.1983 0 24.4604 30 0 21.5565
3 16 30 0 21.5565 33.1983 0 24.4604 34.2218 0 22.6877
3 16 33.1983 0 24.4604 35.5396 0 26.8017 34.2218 0 22.6877
3 16 34.2218 0 22.6877 35.5396 0 26.8017 37.3124 0 25.7782
3 16 35.5396 0 26.8017 36.3966 0 30 37.3124 0 25.7782
3 16 37.3124 0 25.7782 36.3966 0 30 38.4436 0 30
3 16 36.3966 0 30 35.5396 0 33.1983 38.4436 0 30
3 16 38.4436 0 30 35.5396 0 33.1983 37.3124 0 34.2218
3 16 30 -5.25 38.4436 34.2218 -5.25 37.3123 30 0 38.4436
3 16 30 0 38.4436 34.2218 -5.25 37.3123 34.2218 0 37.3123
3 16 25.7782 -5.25 37.3123 30 -5.25 38.4436 25.7782 0 37.3123
3 16 25.7782 0 37.3123 30 -5.25 38.4436 30 0 38.4436
3 16 22.6877 -5.25 34.2218 25.7782 -5.25 37.3123 22.6877 0 34.2218
3 16 22.6877 0 34.2218 25.7782 -5.25 37.3123 25.7782 0 37.3123
3 16 21.5565 -5.25 30 22.6877 -5.25 34.2218 21.5565 0 30
3 16 21.5565 0 30 22.6877 -5.25 34.2218 22.6877 0 34.2218
3 16 22.6877 -5.25 25.7782 21.5565 -5.25 30 22.6877 0 25.7782
3 16 22.6877 0 25.7782 21.5565 -5.25 30 21.5565 0 30
3 16 25.7782 -5.25 22.6877 22.6877 -5.25 25.7782 25.7782 0 22.6877
3 16 25.7782 0 22.6877 22.6877 -5.25 25.7782 22.6877 0 25.7782
3 16 30 -5.25 21.5565 25.7782 -5.25 22.6877 30 0 21.5565
3 16 30 0 21.5565 25.7782 -5.25 22.6877 25.7782 0 22.6877
3 16 34.2218 -5.25 22.6877 30 -5.25 21.5565 34.2218 0 22.6877
3 16 34.2218 0 22.6877 30 -5.25 21.5565 30 0 21.5565
3 16 37.3124 -5.25 25.7782 34.2218 -5.25 22.6877 37.3124 0 25.7782
3 16 37.3124 0 25.7782 34.2218 -5.25 22.6877 34.2218 0 22.6877
3 16 38.4436 -5.25 30 37.3124 -5.25 25.7782 38.4436 0 30
3 16 38.4436 0 30 37.3124 -5.25 25.7782 37.3124 0 25.7782
3 16 37.3124 -5.25 34.2218 38.4436 -5.25 30 37.3124 0 34.2218
3 16 37.3124 0 34.2218 38.4436 -5.25 30 38.4436 0 30
3 16 33.1983 0 35.5396 35.5396 0 33.1983 33.1983 -5.0063 35.5396
3 16 33.1983 -5.0063 35.5396 35.5396 0 33.1983 35.5396 -5.0063 33.1983
3 16 30 0 36.3966 33.1983 0 35.5396 30 -5.0063 36.3966
3 16 30 -5.0063 36.3966 33.1983 0 35.5396 33.1983 -5.0063 35.5396
3 16 26.8017 0 35.5396 30 0 36.3966 26.8017 -5.0063 35.5396
3 16 26.8017 -5.0063 35.5396 30 0 36.3966 30 -5.0063 36.3966
3 16 24.4604 0 33.1983 26.8017 0 35.5396 24.4604 -5.0063 33.1983
3 16 24.4604 -5.0063 33.1983 26.8017 0 35.5396 26.8017 -5.0063 35.5396
3 16 23.6034 0 30 24.4604 0 33.1983 23.6034 -5.0063 30
3 16 23.6034 -5.0063 30 24.4604 0 33.1983 24.4604 -5.0063 33.1983
3 16 24.4604 0 26.8017 23.6034 0 30 24.4604 -5.0063 26.8017
3 16 24.4604 -5.0063 26.8017 23.6034 0 30 23.6034 -5.0063 30
3 16 26.8017 0 24.4604 24.4604 0 26.8017 26.8017 -5.0063 24.4604
3 16 26.8017 -5.0063 24.4604 24.4604 0 26.8017 24.4604 -5.0063 26.8017
3 16 30 0 23.6034 26.8017 0 24.4604 30 -5.0063 23.6034
3 16 30 -5.0063 23.6034 26.8017 0 24.4604 26.8017 -5.0063 24.4604
3 16 33.1983 0 24.4604 30 0 23.6034 33.1983 -5.0063 24.4604
3 16 33.1983 -5.0063 24.4604 30 0 23.6034 30 -5.0063 23.6034
3 16 35.5396 0 26.8017 33.1983 0 24.4604 35.5396 -5.0063 26.8017
3 16 35.5396 -5.0063 26.8017 33.1983 0 24.4604 33.1983 -5.0063 24.4604
3 16 36.3966 0 30 35.5396 0 26.8017 36.3966 -5.0063 30
3 16 36.3966 -5.0063 30 35.5396 0 26.8017 35.5396 -5.0063 26.8017
3 16 35.5396 0 33.1983 36.3966 0 30 35.5396 -5.0063 33.1983
3 16 35.5396 -5.0063 33.1983 36.3966 0 30 36.3966 -5.0063 30
3 16 37.3124 0 34.2218 34.2218 0 37.3123 37.3124 -5.25 34.2218
3 16 37.3124 -5.25 34.2218 34.2218 0 37.3123 34.2218 -5.25 37.3123
3 16 35.5396 0 53.1983 33.1983 0 55.5396 37.3124 0 54.2218
3 16 37.3124 0 54.2218 33.1983 0 55.5396 34.2218 0 57.3123
3 16 34.2218 0 57.3123 33.1983 0 55.5396 30 0 58.4436
3 16 30 0 58.4436 33.1983 0 55.5396 30 0 56.3966
3 16 30 0 56.3966 26.8017 0 55.5396 30 0 58.4436
3 16 30 0 58.4436 26.8017 0 55.5396 25.7782 0 57.3123
3 16 26.8017 0 55.5396 24.4604 0 53.1983 25.7782 0 57.3123
3 16 25.7782 0 57.3123 24.4604 0 53.1983 22.6877 0 54.2218
3 16 24.4604 0 53.1983 23.6034 0 50 22.6877 0 54.2218
3 16 22.6877 0 54.2218 23.6034 0 50 21.5565 0 50
3 16 23.6034 0 50 24.4604 0 46.8017 21.5565 0 50
3 16 21.5565 0 50 24.4604 0 46.8017 22.6877 0 45.7782
3 16 24.4604 0 46.8017 26.8017 0 44.4604 22.6877 0 45.7782
3 16 22.6877 0 45.7782 26.8017 0 44.4604 25.7782 0 42.6877
3 16 26.8017 0 44.4604 30 0 43.6034 25.7782 0 42.6877
3 16 25.7782 0 42.6877 30 0 43.6034 30 0 41.5565
3 16 30 0 43.6034 33.1983 0 44.4604 30 0 41.5565
3 16 30 0 41.5565 33.1983 0 44.4604 34.2218 0 42.6877
3 16 33.1983 0 44.4604 35.5396 0 46.8017 34.2218 0 42.6877
3 16 34.2218 0 42.6877 35.5396 0 46.8017 37.3124 0 45.7782
3 16 35.5396 0 46.8017 36.3966 0 50 37.3124 0 45.7782
3 16 37.3124 0 45.7782 36.3966 0 50 38.4436 0 50
3 16 36.3966 0 50 35.5396 0 53.1983 38.4436 0 50
3 16 38.4436 0 50 35.5396 0 53.1983 37.3124 0 54.2218
3 16 30 -5.25 58.4436 34.2218 -5.25 57.3123 30 0 58.4436
3 16 30 0 58.4436 34.2218 -5.25 57.3123 34.2218 0 57.3123
3 16 25.7782 -5.25 57.3123 30 -5.25 58.4436 25.7782 0 57.3123
3 16 25.7782 0 57.3123 30 -5.25 58.4436 30 0 58.4436
3 16 22.6877 -5.25 54.2218 25.7782 -5.25 57.3123 22.6877 0 54.2218
3 16 22.6877 0 54.2218 25.7782 -5.25 57.3123 25.7782 0 57.3123
3 16 21.5565 -5.25 50 22.6877 -5.25 54.2218 21.5565 0 50
3 16 21.5565 0 50 22.6877 -5.25 54.2218 22.6877 0 54.2218
3 16 22.6877 -5.25 45.7782 21.5565 -5.25 50 22.6877 0 45.7782
3 16 22.6877 0 45.7782 21.5565 -5.25 50 21.5565 0 50
3 16 25.7782 -5.25 42.6877 22.6877 -5.25 45.7782 25.7782 0 42.6877
3 16 25.7782 0 42.6877 22.6877 -5.25 45.7782 22.6877 0 45.7782
3 16 30 -5.25 41.5565 25.7782 -5.25 42.6877 30 0 41.5565
3 16 30 0 41.5565 25.7782 -5.25 42.6877 25.7782 0 42.6877
3 16 34.2218 -5.25 42.6877 30 -5.25 41.5565 34.2218 0 42.6877
3 16 34.2218 0 42.6877 30 -5.25 41.5565 30 0 41.5565
3 16 37.3124 -5.25 45.7782 34.2218 -5.25 42.6877 37.3124 0 45.7782
3 16 37.3124 0 45.7782 34.2218 -5.25 42.6877 34.2218 0 42.6877
3 16 38.4436 -5.25 50 37.3124 -5.25 45.7782 38.4436 0 50
3 16 38.4436 0 50 37.3124 -5.25 45.7782 37.3124 0 45.7782
3 16 37.3124 -5.25 54.2218 38.4436 -5.25 50 37.3124 0 54.2218
3 16 37.3124 0 54.2218 38.4436 -5.25 50 38.4436 0 50
3 16 33.1983 0 55.5396 35.5396 0 53.1983 33.1983 -5.0063 55.5396
3 16 33.1983 -5.0063 55.5396 35.5396 0 53.1983 35.5396 -5.0063 53.1983
3 16 30 0 56.3966 33.1983 0 55.5396 30 -5.0063 56.3966
3 16 30 -5.0063 56.3966 33.1983 0 55.5396 33.1983 -5.0063 55.5396
3 16 26.8017 0 55.5396 30 0 56.3966 26.8017 -5.0063 55.5396
3 16 26.8017 -5.0063 55.5396 30 0 56.3966 30 -5.0063 56.3966
3 16 24.4604 0 53.1983 26.8017 0 55.5396 24.4604 -5.0063 53.1983
3 16 24.4604 -5.0063 53.1983 26.8017 0 55.5396 26.8017 -5.0063 55.5396
3 16 23.6034 0 50 24.4604 0 53.1983 23.6034 -5.0063 50
3 16 23.6034 -5.0063 50 24.4604 0 53.1983 24.4604 -5.0063 53.1983
3 16 24.4604 0 46.8017 23.6034 0 50 24.4604 -5.0063 46.8017
3 16 24.4604 -5.0063 46.8017 23.6034 0 50 23.6034 -5.0063 50
3 16 26.8017 0 44.4604 24.4604 0 46.8017 26.8017 -5.0063 44.4604
3 16 26.8017 -5.0063 44.4604 24.4604 0 46.8017 24.4604 -5.0063 46.8017
3 16 30 0 43.6034 26.8017 0 44.4604 30 -5.0063 43.6034
3 16 30 -5.0063 43.6034 26.8017 0 44.4604 26.8017 -5.0063 44.4604
3 16 33.1983 0 44.4604 30 0 43.6034 33.1983 -5.0063 44.4604
3 16 33.1983 -5.0063 44.4604 30 0 43.6034 30 -5.0063 43.6034
3 16 35.5396 0 46.8017 33.1983 0 44.4604 35.5396 -5.0063 46.8017
3 16 35.5396 -5.0063 46.8017 33.1983 0 44.4604 33.1983 -5.0063 44.4604
3 16 36.3966 0 50 35.5396 0 46.8017 36.3966 -5.0063 50
3 16 36.3966 -5.0063 50 35.5396 0 46.8017 35.5396 -5.0063 46.8017
3 16 35.5396 0 53.1983 36.3966 0 50 35.5396 -5.0063 53.1983
3 16 35.5396 -5.0063 53.1983 36.3966 0 50 36.3966 -5.0063 50
3 16 37.3124 0 54.2218 34.2218 0 57.3123 37.3124 -5.25 54.2218
3 16 37.3124 -5.25 54.2218 34.2218 0 57.3123 34.2218 -5.25 57.3123
3 16 15.5396 0 13.1983 13.1983 0 15.5396 17.3124 0 14.2218
3 16 17.3124 0 14.2218 13.1983 0 15.5396 14.2218 0 17.3123
3 16 14.2218 0 17.3123 13.1983 0 15.5396 10 0 18.4436
3 16 10 0 18.4436 13.1983 0 15.5396 10 0 16.3966
3 16 10 0 16.3966 6.8017 0 15.5396 10 0 18.4436
3 16 10 0 18.4436 6.8017 0 15.5396 5.7782 0 17.3123
3 16 6.8017 0 15.5396 4.4604 0 13.1983 5.7782 0 17.3123
3 16 5.7782 0 17.3123 4.4604 0 13.1983 2.6876 0 14.2218
3 16 4.4604 0 13.1983 3.6034 0 10 2.6876 0 14.2218
3 16 2.6876 0 14.2218 3.6034 0 10 1.5564 0 10
3 16 3.6034 0 10 4.4604 0 6.8017 1.5564 0 10
3 16 1.5564 0 10 4.4604 0 6.8017 2.6876 0 5.7782
3 16 4.4604 0 6.8017 6.8017 0 4.4604 2.6876 0 5.7782
3 16 2.6876 0 5.7782 6.8017 0 4.4604 5.7782 0 2.6877
3 16 6.8017 0 4.4604 10 0 3.6034 5.7782 0 2.6877
3 16 5.7782 0 2.6877 10 0 3.6034 10 0 1.5564
3 16 10 0 3.6034 13.1983 0 4.4604 10 0 1.5564
3 16 10 0 1.5564 13.1983 0 4.4604 14.2218 0 2.6877
3 16 13.1983 0 4.4604 15.5396 0 6.8017 14.2218 0 2.6877
3 16 14.2218 0 2.6877 15.5396 0 6.8017 17.3124 0 5.7782
3 16 15.5396 0 6.8017 16.3966 0 10 17.3124 0 5.7782
3 16 17.3124 0 5.7782 16.3966 0 10 18.4436 0 10
3 16 16.3966 0 10 15.5396 0 13.1983 18.4436 0 10
3 16 18.4436 0 10 15.5396 0 13.1983 17.3124 0 14.2218
3 16 10 -5.25 18.4436 14.2218 -5.25 17.3123 10 0 18.4436
3 16 10 0 18.4436 14.2218 -5.25 17.3123 14.2218 0 17.3123
3 16 5.7782 -5.25 17.3123 10 -5.25 18.4436 5.7782 0 17.3123
3 16 5.7782 0 17.3123 10 -5.25 18.4436 10 0 18.4436
3 16 2.6876 -5.25 14.2218 5.7782 -5.25 17.3123 2.6876 0 14.2218
3 16 2.6876 0 14.2218 5.7782 -5.25 17.3123 5.7782 0 17.3123
3 16 1.5564 -5.25 10 2.6876 -5.25 14.2218 1.5564 0 10
3 16 1.5564 0 10 2.6876 -5.25 14.2218 2.6876 0 14.2218
3 16 2.6876 -5.25 5.7782 1.5564 -5.25 10 2.6876 0 5.7782
3 16 2.6876 0 5.7782 1.5564 -5.25 10 1.5564 0 10
3 16 5.7782 -5.25 2.6877 2.6876 -5.25 5.7782 5.7782 0 2.6877
3 16 5.7782 0 2.6877 2.6876 -5.25 5.7782 2.6876 0 5.7782
3 16 10 -5.25 1.5564 5.7782 -5.25 2.6877 10 0 1.5564
3 16 10 0 1.5564 5.7782 -5.25 2.6877 5.7782 0 2.6877
3 16 14.2218 -5.25 2.6877 10 -5.25 1.5564 14.2218 0 2.6877
3 16 14.2218 0 2.6877 10 -5.25 1.5564 10 0 1.5564
3 16 17.3124 -5.25 5.7782 14.2218 -5.25 2.6877 17.3124 0 5.7782
3 16 17.3124 0 5.7782 14.2218 -5.25 2.6877 14.2218 0 2.6877
3 16 18.4436 -5.25 10 17.3124 -5.25 5.7782 18.4436 0 10
3 16 18.4436 0 10 17.3124 -5.25 5.7782 17.3124 0 5.7782
3 16 17.3124 -5.25 14.2218 18.4436 -5.25 10 17.3124 0 14.2218
3 16 17.3124 0 14.2218 18.4436 -5.25 10 18.4436 0 10
3 16 13.1983 0 15.5396 15.5396 0 13.1983 13.1983 -5.0063 15.5396
3 16 13.1983 -5.0063 15.5396 15.5396 0 13.1983 15.5396 -5.0063 13.1983
3 16 10 0 16.3966 13.1983 0 15.5396 10 -5.0063 16.3966
3 16 10 -5.0063 16.3966 13.1983 0 15.5396 13.1983 -5.0063 15.5396
3 16 6.8017 0 15.5396 10 0 16.3966 6.8017 -5.0063 15.5396
3 16 6.8017 -5.0063 15.5396 10 0 16.3966 10 -5.0063 16.3966
3 16 4.4604 0 13.1983 6.8017 0 15.5396 4.4604 -5.0063 13.1983
3 16 4.4604 -5.0063 13.1983 6.8017 0 15.5396 6.8017 -5.0063 15.5396
3 16 3.6034 0 10 4.4604 0 13.1983 3.6034 -5.0063 10
3 16 3.6034 -5.0063 10 4.4604 0 13.1983 4.4604 -5.0063 13.1983
3 16 4.4604 0 6.8017 3.6034 0 10 4.4604 -5.0063 6.8017
3 16 4.4604 -5.0063 6.8017 3.6034 0 10 3.6034 -5.0063 10
3 16 6.8017 0 4.4604 4.4604 0 6.8017 6.8017 -5.0063 4.4604
3 16 6.8017 -5.0063 4.4604 4.4604 0 6.8017 4.4604 -5.0063 6.8017
3 16 10 0 3.6034 6.8017 0 4.4604 10 -5.0063 3.6034
3 16 10 -5.0063 3.6034 6.8017 0 4.4604 6.8017 -5.0063 4.4604
3 16 13.1983 0 4.4604 10 0 3.6034 13.1983 -5.0063 4.4604
3 16 13.1983 -5.0063 4.4604 10 0 3.6034 10 -5.0063 3.6034
3 16 15.5396 0 6.8017 13.1983 0 4.4604 15.5396 -5.0063 6.8017
3 16 15.5396 -5.0063 6.8017 13.1983 0 4.4604 13.1983 -5.0063 4.4604
3 16 16.3966 0 10 15.5396 0 6.8017 16.3966 -5.0063 10
3 16 16.3966 -5.0063 10 15.5396 0 6.8017 15.5396 -5.0063 6.8017
3 16 15.5396 0 13.1983 16.3966 0 10 15.5396 -5.0063 13.1983
3 16 15.5396 -5.0063 13.1983 16.3966 0 10 16.3966 -5.0063 10
3 16 17.3124 0 14.2218 14.2218 0 17.3123 17.3124 -5.25 14.2218
3 16 17.3124 -5.25 14.2218 14.2218 0 17.3123 14.2218 -5.25 17.3123
3 16 15.5396 0 53.1983 13.1983 0 55.5396 17.3124 0 54.2218
3 16 17.3124 0 54.2218 13.1983 0 55.5396 14.2218 0 57.3123
3 16 14.2218 0 57.3123 13.1983 0 55.5396 10 0 58.4436
3 16 10 0 58.4436 13.1983 0 55.5396 10 0 56.3966
3 16 10 0 56.3966 6.8017 0 55.5396 10 0 58.4436
3 16 10 0 58.4436 6.8017 0 55.5396 5.7782 0 57.3123
3 16 6.8017 0 55.5396 4.4604 0 53.1983 5.7782 0 57.3123
3 16 5.7782 0 57.3123 4.4604 0 53.1983 2.6876 0 54.2218
3 16 4.4604 0 53.1983 3.6034 0 50 2.6876 0 54.2218
3 16 2.6876 0 54.2218 3.6034 0 50 1.5564 0 50
3 16 3.6034 0 50 4.4604 0 46.8017 1.5564 0 50
3 16 1.5564 0 50 4.4604 0 46.8017 2.6876 0 45.7782
3 16 4.4604 0 46.8017 6.8017 0 44.4604 2.6876 0 45.7782
3 16 2.6876 0 45.7782 6.8017 0 44.4604 5.7782 0 42.6877
3 16 6.8017 0 44.4604 10 0 43.6034 5.7782 0 42.6877
3 16 5.7782 0 42.6877 10 0 43.6034 10 0 41.5565
3 16 10 0 43.6034 13.1983 0 44.4604 10 0 41.5565
3 16 10 0 41.5565 13.1983 0 44.4604 14.2218 0 42.6877
3 16 13.1983 0 44.4604 15.5396 0 46.8017 14.2218 0 42.6877
3 16 14.2218 0 42.6877 15.5396 0 46.8017 17.3124 0 45.7782
3 16 15.5396 0 46.8017 16.3966 0 50 17.3124 0 45.7782
3 16 17.3124 0 45.7782 16.3966 0 50 18.4436 0 50
3 16 16.3966 0 50 15.5396 0 53.1983 18.4436 0 50
3 16 18.4436 0 50 15.5396 0 53.1983 17.3124 0 54.2218
3 16 10 -5.25 58.4436 14.2218 -5.25 57.3123 10 0 58.4436
3 16 10 0 58.4436 14.2218 -5.25 57.3123 14.2218 0 57.3123
3 16 5.7782 -5.25 57.3123 10 -5.25 58.4436 5.7782 0 57.3123
3 16 5.7782 0 57.3123 10 -5.25 58.4436 10 0 58.4436
3 16 2.6876 -5.25 54.2218 5.7782 -5.25 57.3123 2.6876 0 54.2218
3 16 2.6876 0 54.2218 5.7782 -5.25 57.3123 5.7782 0 57.3123
3 16 1.5564 -5.25 50 2.6876 -5.25 54.2218 1.5564 0 50
3 16 1.5564 0 50 2.6876 -5.25 54.2218 2.6876 0 54.2218
3 16 2.6876 -5.25 45.7782 1.5564 -5.25 50 2.6876 0 45.7782
3 16 2.6876 0 45.7782 1.5564 -5.25 50 1.5564 0 50
3 16 5.7782 -5.25 42.6877 2.6876 -5.25 45.7782 5.7782 0 42.6877
3 16 5.7782 0 42.6877 2.6876 -5.25 45.7782 2.6876 0 45.7782
3 16 10 -5.25 41.5565 5.7782 -5.25 42.6877 10 0 41.5565
3 16 10 0 41.5565 5.7782 -5.25 42.6877 5.7782 0 42.6877
3 16 14.2218 -5.25 42.6877 10 -5.25 41.5565 14.2218 0 42.6877
3 16 14.2218 0 42.6877 10 -5.25 41.5565 10 0 41.5565
3 16 17.3124 -5.25 45.7782 14.2218 -5.25 42.6877 17.3124 0 45.7782
3 16 17.3124 0 45.7782 14.2218 -5.25 42.6877 14.2218 0 42.6877
3 16 18.4436 -5.25 50 17.3124 -5.25 45.7782 18.4436 0 50
3 16 18.4436 0 50 17.3124 -5.25 45.7782 17.3124 0 45.7782
3 16 17.3124 -5.25 54.2218 18.4436 -5.25 50 17.3124 0 54.2218
3 16 17.3124 0 54.2218 18.4436 -5.25 50 18.4436 0 50
3 16 13.1983 0 55.5396 15.5396 0 53.1983 13.1983 -5.0063 55.5396
3 16 13.1983 -5.0063 55.5396 15.5396 0 53.1983 15.5396 -5.0063 53.1983
3 16 10 0 56.3966 13.1983 0 55.5396 10 -5.0063 56.3966
3 16 10 -5.0063 56.3966 13.1983 0 55.5396 13.1983 -5.0063 55.5396
3 16 6.8017 0 55.5396 10 0 56.3966 6.8017 -5.0063 55.5396
3 16 6.8017 -5.0063 55.5396 10 0 56.3966 10 -5.0063 56.3966
3 16 4.4604 0 53.1983 6.8017 0 55.5396 4.4604 -5.0063 53.1983
3 16 4.4604 -5.0063 53.1983 6.8017 0 55.5396 6.8017 -5.0063 55.5396
3 16 3.6034 0 50 4.4604 0 53.1983 3.6034 -5.0063 50
3 16 3.6034 -5.0063 50 4.4604 0 53.1983 4.4604 -5.0063 53.1983
3 16 4.4604 0 46.8017 3.6034 0 50 4.4604 -5.0063 46.8017
3 16 4.4604 -5.0063 46.8017 3.6034 0 50 3.6034 -5.0063 50
3 16 6.8017 0 44.4604 4.4604 0 46.8017 6.8017 -5.0063 44.4604
3 16 6.8017 -5.0063 44.4604 4.4604 0 46.8017 4.4604 -5.0063 46.8017
3 16 10 0 43.6034 6.8017 0 44.4604 10 -5.0063 43.6034
3 16 10 -5.0063 43.6034 6.8017 0 44.4604 6.8017 -5.0063 44.4604
3 16 13.1983 0 44.4604 10 0 43.6034 13.1983 -5.0063 44.4604
3 16 13.1983 -5.0063 44.4604 10 0 43.6034 10 -5.0063 43.6034
3 16 15.5396 0 46.8017 13.1983 0 44.4604 15.5396 -5.0063 46.8017
3 16 15.5396 -5.0063 46.8017 13.1983 0 44.4604 13.1983 -5.0063 44.4604
3 16 16.3966 0 50 15.5396 0 46.8017 16.3966 -5.0063 50
3 16 16.3966 -5.0063 50 15.5396 0 46.8017 15.5396 -5.0063 46.8017
3 16 15.5396 0 53.1983 16.3966 0 50 15.5396 -5.0063 53.1983
3 16 15.5396 -5.0063 53.1983 16.3966 0 50 16.3966 -5.0063 50
3 16 17.3124 0 54.2218 14.2218 0 57.3123 17.3124 -5.25 54.2218
3 16 17.3124 -5.25 54.2218 14.2218 0 57.3123 14.2218 -5.25 57.3123
3 16 55.5396 0 13.1983 53.1983 0 15.5396 57.3124 0 14.2218
3 16 57.3124 0 14.2218 53.1983 0 15.5396 54.2218 0 17.3123
3 16 54.2218 0 17.3123 53.1983 0 15.5396 50 0 18.4436
3 16 50 0 18.4436 53.1983 0 15.5396 50 0 16.3966
3 16 50 0 16.3966 46.8017 0 15.5396 50 0 18.4436
3 16 50 0 18.4436 46.8017 0 15.5396 45.7782 0 17.3123
3 16 46.8017 0 15.5396 44.4604 0 13.1983 45.7782 0 17.3123
3 16 45.7782 0 17.3123 44.4604 0 13.1983 42.6877 0 14.2218
3 16 44.4604 0 13.1983 43.6034 0 10 42.6877 0 14.2218
3 16 42.6877 0 14.2218 43.6034 0 10 41.5565 0 10
3 16 43.6034 0 10 44.4604 0 6.8017 41.5565 0 10
3 16 41.5565 0 10 44.4604 0 6.8017 42.6877 0 5.7782
3 16 44.4604 0 6.8017 46.8017 0 4.4604 42.6877 0 5.7782
3 16 42.6877 0 5.7782 46.8017 0 4.4604 45.7782 0 2.6877
3 16 46.8017 0 4.4604 50 0 3.6034 45.7782 0 2.6877
3 16 45.7782 0 2.6877 50 0 3.6034 50 0 1.5564
3 16 50 0 3.6034 53.1983 0 4.4604 50 0 1.5564
3 16 50 0 1.5564 53.1983 0 4.4604 54.2218 0 2.6877
3 16 53.1983 0 4.4604 55.5396 0 6.8017 54.2218 0 2.6877
3 16 54.2218 0 2.6877 55.5396 0 6.8017 57.3124 0 5.7782
3 16 55.5396 0 6.8017 56.3966 0 10 57.3124 0 5.7782
3 16 57.3124 0 5.7782 56.3966 0 10 58.4436 0 10
3 16 56.3966 0 10 55.5396 0 13.1983 58.4436 0 10
3 16 58.4436 0 10 55.5396 0 13.1983 57.3124 0 14.2218
3 16 50 -5.25 18.4436 54.2218 -5.25 17.3123 50 0 18.4436
3 16 50 0 18.4436 54.2218 -5.25 17.3123 54.2218 0 17.3123
3 16 45.7782 -5.25 17.3123 50 -5.25 18.4436 45.7782 0 17.3123
3 16 45.7782 0 17.3123 50 -5.25 18.4436 50 0 18.4436
3 16 42.6877 -5.25 14.2218 45.7782 -5.25 17.3123 42.6877 0 14.2218
3 16 42.6877 0 14.2218 45.7782 -5.25 17.3123 45.7782 0 17.3123
3 16 41.5565 -5.25 10 42.6877 -5.25 14.2218 41.5565 0 10
3 16 41.5565 0 10 42.6877 -5.25 14.2218 42.6877 0 14.2218
3 16 42.6877 -5.25 5.7782 41.5565 -5.25 10 42.6877 0 5.7782
3 16 42.6877 0 5.7782 41.5565 -5.25 10 41.5565 0 10
3 16 45.7782 -5.25 2.6877 42.6877 -5.25 5.7782 45.7782 0 2.6877
3 16 45.7782 0 2.6877 42.6877 -5.25 5.7782 42.6877 0 5.7782
3 16 50 -5.25 1.5564 45.7782 -5.25 2.6877 50 0 1.5564
3 16 50 0 1.5564 45.7782 -5.25 2.6877 45.7782 0 2.6877
3 16 54.2218 -5.25 2.6877 50 -5.25 1.5564 54.2218 0 2.6877
3 16 54.2218 0 2.6877 50 -5.25 1.5564 50 0 1.5564
3 16 57.3124 -5.25 5.7782 54.2218 -5.25 2.6877 57.3124 0 5.7782
3 16 57.3124 0 5.7782 54.2218 -5.25 2.6877 54.2218 0 2.6877
3 16 58.4436 -5.25 10 57.3124 -5.25 5.7782 58.4436 0 10
3 16 58.4436 0 10 57.3124 -5.25 5.7782 57.3124 0 5.7782
3 16 57.3124 -5.25 14.2218 58.4436 -5.25 10 57.3124 0 14.2218
3 16 57.3124 0 14.2218 58.4436 -5.25 10 58.4436 0 10
3 16 53.1983 0 15.5396 55.5396 0 13.1983 53.1983 -5.0063 15.5396
3 16 53.1983 -5.0063 15.5396 55.5396 0 13.1983 55.5396 -5.0063 13.1983
3 16 50 0 16.3966 53.1983 0 15.5396 50 -5.0063 16.3966
3 16 50 -5.0063 16.3966 53.1983 0 15.5396 53.1983 -5.0063 15.5396
3 16 46.8017 0 15.5396 50 0 16.3966 46.8017 -5.0063 15.5396
3 16 46.8017 -5.0063 15.5396 50 0 16.3966 50 -5.0063 16.3966
3 16 44.4604 0 13.1983 46.8017 0 15.5396 44.4604 -5.0063 13.1983
3 16 44.4604 -5.0063 13.1983 46.8017 0 15.5396 46.8017 -5.0063 15.5396
3 16 43.6034 0 10 44.4604 0 13.1983 43.6034 -5.0063 10
3 16 43.6034 -5.0063 10 44.4604 0 13.1983 44.4604 -5.0063 13.1983
3 16 44.4604 0 6.8017 43.6034 0 10 44.4604 -5.0063 6.8017
3 16 44.4604 -5.0063 6.8017 43.6034 0 10 43.6034 -5.0063 10
3 16 46.8017 0 4.4604 44.4604 0 6.8017 46.8017 -5.0063 4.4604
3 16 46.8017 -5.0063 4.4604 44.4604 0 6.8017 44.4604 -5.0063 6.8017
3 16 50 0 3.6034 46.8017 0 4.4604 50 -5.0063 3.6034
3 16 50 -5.0063 3.6034 46.8017 0 4.4604 46.8017 -5.0063 4.4604
3 16 53.1983 0 4.4604 50 0 3.6034 53.1983 -5.0063 4.4604
3 16 53.1983 -5.0063 4.4604 50 0 3.6034 50 -5.0063 3.6034
3 16 55.5396 0 6.8017 53.1983 0 4.4604 55.5396 -5.0063 6.8017
3 16 55.5396 -5.0063 6.8017 53.1983 0 4.4604 53.1983 -5.0063 4.4604
3 16 56.3966 0 10 55.5396 0 6.8017 56.3966 -5.0063 10
3 16 56.3966 -5.0063 10 55.5396 0 6.8017 55.5396 -5.0063 6.8017
3 16 55.5396 0 13.1983 56.3966 0 10 55.5396 -5.0063 13.1983
3 16 55.5396 -5.0063 13.1983 56.3966 0 10 56.3966 -5.0063 10
3 16 57.3124 0 14.2218 54.2218 0 17.3123 57.3124 -5.25 14.2218
3 16 57.3124 -5.25 14.2218 54.2218 0 17.3123 54.2218 -5.25 17.3123
3 16 30 -5.25 -6.25 30 0 -6.25 -6.25 -5.25 -6.25
3 16 -6.25 -5.25 -6.25 30 0 -6.25 -6.25 0 -6.25
3 16 -6.25 0 -6.25 -6.25 0 66.25 -6.25 -5.25 -6.25
3 16 -6.25 -5.25 -6.25 -6.25 0 66.25 -6.25 -5.25 66.25
3 16 -6.25 0 66.25 30 0 66.25 -6.25 -5.25 66.25
3 16 -6.25 -5.25 66.25 30 0 66.25 30 -5.25 66.25
3 16 66.25 0 66.25 66.25 0 -6.25 66.25 -5.25 66.25
3 16 66.25 -5.25 66.25 66.25 0 -6.25 66.25 -5.25 -6.25
3 16 30 -5.25 66.25 30 -5.25 -6.25 -6.25 -5.25 66.25
3 16 -6.25 -5.25 66.25 30 -5.25 -6.25 -6.25 -5.25 -6.25
3 16 -10 0 70 30 0 70 -6.25 0 66.25
3 16 -6.25 0 66.25 30 0 70 30 0 66.25
3 16 -10 0 -10 -10 0 70 -6.25 0 -6.25
3 16 -6.25 0 -6.25 -10 0 70 -6.25 0 66.25
3 16 30 0 -6.25 30 0 -10 -6.25 0 -6.25
3 16 -6.25 0 -6.25 30 0 -10 -10 0 -10
3 16 66.25 0 -6.25 66.25 0 66.25 70 0 -10
3 16 70 0 -10 66.25 0 66.25 70 0 70
3 16 30 0 66.25 30 0 70 66.25 0 66.25
3 16 66.25 0 66.25 30 0 70 70 0 70
3 16 30 -5.25 66.25 30 0 66.25 66.25 -5.25 66.25
3 16 66.25 -5.25 66.25 30 0 66.25 66.25 0 66.25
3 16 66.25 -5.25 -6.25 30 -5.25 -6.25 66.25 -5.25 66.25
3 16 66.25 -5.25 66.25 30 -5.25 -6.25 30 -5.25 66.25
3 16 66.25 0 -6.25 30 0 -6.25 66.25 -5.25 -6.25
3 16 66.25 -5.25 -6.25 30 0 -6.25 30 -5.25 -6.25
3 16 70 0 -10 30 0 -10 66.25 0 -6.25
3 16 66.25 0 -6.25 30 0 -10 30 0 -6.25
3 16 20 -12.45 60 16.874 -12.45 65.4144 14.5856 -12.45 63.126
3 16 14.5856 -12.45 63.126 13.748 -12.45 60 20 -12.45 60
3 16 13.748 -12.45 60 14.5856 -12.45 56.874 20 -12.45 60
3 16 14.5856 -12.45 56.874 16.874 -12.45 54.5856 20 -12.45 60
3 16 16.874 -12.45 54.5856 20 -12.45 53.748 20 -12.45 60
3 16 20 -12.45 53.748 23.126 -12.45 54.5856 20 -12.45 60
3 16 23.126 -12.45 54.5856 25.4144 -12.45 56.874 20 -12.45 60
3 16 25.4144 -12.45 56.874 26.252 -12.45 60 20 -12.45 60
3 16 26.252 -12.45 60 25.4144 -12.45 63.126 20 -12.45 60
3 16 25.4144 -12.45 63.126 23.126 -12.45 65.4144 20 -12.45 60
3 16 23.126 -12.45 65.4144 20 -12.45 66.252 20 -12.45 60
3 16 20 -12.45 66.252 16.874 -12.45 65.4144 20 -12.45 60
3 16 16.874 -8 65.4144 14.5856 -8 63.126 16.874 -12.45 65.4144
3 16 16.874 -12.45 65.4144 14.5856 -8 63.126 14.5856 -12.45 63.126
3 16 14.5856 -8 63.126 13.748 -8 60 14.5856 -12.45 63.126
3 16 14.5856 -12.45 63.126 13.748 -8 60 13.748 -12.45 60
3 16 13.748 -8 60 14.5856 -8 56.874 13.748 -12.45 60
3 16 13.748 -12.45 60 14.5856 -8 56.874 14.5856 -12.45 56.874
3 16 14.5856 -8 56.874 16.874 -8 54.5856 14.5856 -12.45 56.874
3 16 14.5856 -12.45 56.874 16.874 -8 54.5856 16.874 -12.45 54.5856
3 16 16.874 -8 54.5856 20 -8 53.748 16.874 -12.45 54.5856
3 16 16.874 -12.45 54.5856 20 -8 53.748 20 -12.45 53.748
3 16 20 -8 53.748 23.126 -8 54.5856 20 -12.45 53.748
3 16 20 -12.45 53.748 23.126 -8 54.5856 23.126 -12.45 54.5856
3 16 23.126 -8 54.5856 25.4144 -8 56.874 23.126 -12.45 54.5856
3 16 23.126 -12.45 54.5856 25.4144 -8 56.874 25.4144 -12.45 56.874
3 16 25.4144 -8 56.874 26.252 -8 60 25.4144 -12.45 56.874
3 16 25.4144 -12.45 56.874 26.252 -8 60 26.252 -12.45 60
3 16 26.252 -8 60 25.4144 -8 63.126 26.252 -12.45 60
3 16 26.252 -12.45 60 25.4144 -8 63.126 25.4144 -12.45 63.126
3 16 25.4144 -8 63.126 23.126 -8 65.4144 25.4144 -12.45 63.126
3 16 25.4144 -12.45 63.126 23.126 -8 65.4144 23.126 -12.45 65.4144
3 16 23.126 -8 65.4144 20 -8 66.252 23.126 -12.45 65.4144
3 16 23.126 -12.45 65.4144 20 -8 66.252 20 -12.45 66.252
3 16 20 -8 66.252 16.874 -8 65.4144 20 -12.45 66.252
3 16 20 -12.45 66.252 16.874 -8 65.4144 16.874 -12.45 65.4144
3 16 60 -12.45 60 56.874 -12.45 65.4144 54.5856 -12.45 63.126
3 16 54.5856 -12.45 63.126 53.748 -12.45 60 60 -12.45 60
3 16 53.748 -12.45 60 54.5856 -12.45 56.874 60 -12.45 60
3 16 54.5856 -12.45 56.874 56.874 -12.45 54.5856 60 -12.45 60
3 16 56.874 -12.45 54.5856 60 -12.45 53.748 60 -12.45 60
3 16 60 -12.45 53.748 63.126 -12.45 54.5856 60 -12.45 60
3 16 63.126 -12.45 54.5856 65.4144 -12.45 56.874 60 -12.45 60
3 16 65.4144 -12.45 56.874 66.252 -12.45 60 60 -12.45 60
3 16 66.252 -12.45 60 65.4144 -12.45 63.126 60 -12.45 60
3 16 65.4144 -12.45 63.126 63.126 -12.45 65.4144 60 -12.45 60
3 16 63.126 -12.45 65.4144 60 -12.45 66.252 60 -12.45 60
3 16 60 -12.45 66.252 56.874 -12.45 65.4144 60 -12.45 60
3 16 56.874 -8 65.4144 54.5856 -8 63.126 56.874 -12.45 65.4144
3 16 56.874 -12.45 65.4144 54.5856 -8 63.126 54.5856 -12.45 63.126
3 16 54.5856 -8 63.126 53.748 -8 60 54.5856 -12.45 63.126
3 16 54.5856 -12.45 63.126 53.748 -8 60 53.748 -12.45 60
3 16 53.748 -8 60 54.5856 -8 56.874 53.748 -12.45 60
3 16 53.748 -12.45 60 54.5856 -8 56.874 54.5856 -12.45 56.874
3 16 54.5856 -8 56.874 56.874 -8 54.5856 54.5856 -12.45 56.874
3 16 54.5856 -12.45 56.874 56.874 -8 54.5856 56.874 -12.45 54.5856
3 16 56.874 -8 54.5856 60 -8 53.748 56.874 -12.45 54.5856
3 16 56.874 -12.45 54.5856 60 -8 53.748 60 -12.45 53.748
3 16 60 -8 53.748 63.126 -8 54.5856 60 -12.45 53.748
3 16 60 -12.45 53.748 63.126 -8 54.5856 63.126 -12.45 54.5856
3 16 63.126 -8 54.5856 65.4144 -8 56.874 63.126 -12.45 54.5856
3 16 63.126 -12.45 54.5856 65.4144 -8 56.874 65.4144 -12.45 56.874
3 16 65.4144 -8 56.874 66.252 -8 60 65.4144 -12.45 56.874
3 16 65.4144 -12.45 56.874 66.252 -8 60 66.252 -12.45 60
3 16 66.252 -8 60 65.4144 -8 63.126 66.252 -12.45 60
3 16 66.252 -12.45 60 65.4144 -8 63.126 65.4144 -12.45 63.126
3 16 65.4144 -8 63.126 63.126 -8 65.4144 65.4144 -12.45 63.126
3 16 65.4144 -12.45 63.126 63.126 -8 65.4144 63.126 -12.45 65.4144
3 16 63.126 -8 65.4144 60 -8 66.252 63.126 -12.45 65.4144
3 16 63.126 -12.45 65.4144 60 -8 66.252 60 -12.45 66.252
3 16 60 -8 66.252 56.874 -8 65.4144 60 -12.45 66.252
3 16 60 -12.45 66.252 56.874 -8 65.4144 56.874 -12.45 65.4144
3 16 0 -12.45 60 -3.126 -12.45 65.4144 -5.4144 -12.45 63.126
3 16 -5.4144 -12.45 63.126 -6.252 -12.45 60 0 -12.45 60
3 16 -6.252 -12.45 60 -5.4144 -12.45 56.874 0 -12.45 60
3 16 -5.4144 -12.45 56.874 -3.126 -12.45 54.5856 0 -12.45 60
3 16 -3.126 -12.45 54.5856 0 -12.45 53.748 0 -12.45 60
3 16 0 -12.45 53.748 3.126 -12.45 54.5856 0 -12.45 60
3 16 3.126 -12.45 54.5856 5.4144 -12.45 56.874 0 -12.45 60
3 16 5.4144 -12.45 56.874 6.252 -12.45 60 0 -12.45 60
3 16 6.252 -12.45 60 5.4144 -12.45 63.126 0 -12.45 60
3 16 5.4144 -12.45 63.126 3.126 -12.45 65.4144 0 -12.45 60
3 16 3.126 -12.45 65.4144 0 -12.45 66.252 0 -12.45 60
3 16 0 -12.45 66.252 -3.126 -12.45 65.4144 0 -12.45 60
3 16 -3.126 -8 65.4144 -5.4144 -8 63.126 -3.126 -12.45 65.4144
3 16 -3.126 -12.45 65.4144 -5.4144 -8 63.126 -5.4144 -12.45 63.126
3 16 -5.4144 -8 63.126 -6.252 -8 60 -5.4144 -12.45 63.126
3 16 -5.4144 -12.45 63.126 -6.252 -8 60 -6.252 -12.45 60
3 16 -6.252 -8 60 -5.4144 -8 56.874 -6.252 -12.45 60
3 16 -6.252 -12.45 60 -5.4144 -8 56.874 -5.4144 -12.45 56.874
3 16 -5.4144 -8 56.874 -3.126 -8 54.5856 -5.4144 -12.45 56.874
3 16 -5.4144 -12.45 56.874 -3.126 -8 54.5856 -3.126 -12.45 54.5856
3 16 -3.126 -8 54.5856 0 -8 53.748 -3.126 -12.45 54.5856
3 16 -3.126 -12.45 54.5856 0 -8 53.748 0 -12.45 53.748
3 16 0 -8 53.748 3.126 -8 54.5856 0 -12.45 53.748
3 16 0 -12.45 53.748 3.126 -8 54.5856 3.126 -12.45 54.5856
3 16 3.126 -8 54.5856 5.4144 -8 56.874 3.126 -12.45 54.5856
3 16 3.126 -12.45 54.5856 5.4144 -8 56.874 5.4144 -12.45 56.874
3 16 5.4144 -8 56.874 6.252 -8 60 5.4144 -12.45 56.874
3 16 5.4144 -12.45 56.874 6.252 -8 60 6.252 -12.45 60
3 16 6.252 -8 60 5.4144 -8 63.126 6.252 -12.45 60
3 16 6.252 -12.45 60 5.4144 -8 63.126 5.4144 -12.45 63.126
3 16 5.4144 -8 63.126 3.126 -8 65.4144 5.4144 -12.45 63.126
3 16 5.4144 -12.45 63.126 3.126 -8 65.4144 3.126 -12.45 65.4144
3 16 3.126 -8 65.4144 0 -8 66.252 3.126 -12.45 65.4144
3 16 3.126 -12.45 65.4144 0 -8 66.252 0 -12.45 66.252
3 16 0 -8 66.252 -3.126 -8 65.4144 0 -12.45 66.252
3 16 0 -12.45 66.252 -3.126 -8 65.4144 -3.126 -12.45 65.4144
3 16 40 -12.45 60 36.874 -12.45 65.4144 34.5856 -12.45 63.126
3 16 34.5856 -12.45 63.126 33.748 -12.45 60 40 -12.45 60
3 16 33.748 -12.45 60 34.5856 -12.45 56.874 40 -12.45 60
3 16 34.5856 -12.45 56.874 36.874 -12.45 54.5856 40 -12.45 60
3 16 36.874 -12.45 54.5856 40 -12.45 53.748 40 -12.45 60
3 16 40 -12.45 53.748 43.126 -12.45 54.5856 40 -12.45 60
3 16 43.126 -12.45 54.5856 45.4144 -12.45 56.874 40 -12.45 60
3 16 45.4144 -12.45 56.874 46.252 -12.45 60 40 -12.45 60
3 16 46.252 -12.45 60 45.4144 -12.45 63.126 40 -12.45 60
3 16 45.4144 -12.45 63.126 43.126 -12.45 65.4144 40 -12.45 60
3 16 43.126 -12.45 65.4144 40 -12.45 66.252 40 -12.45 60
3 16 40 -12.45 66.252 36.874 -12.45 65.4144 40 -12.45 60
3 16 36.874 -8 65.4144 34.5856 -8 63.126 36.874 -12.45 65.4144
3 16 36.874 -12.45 65.4144 34.5856 -8 63.126 34.5856 -12.45 63.126
3 16 34.5856 -8 63.126 33.748 -8 60 34.5856 -12.45 63.126
3 16 34.5856 -12.45 63.126 33.748 -8 60 33.748 -12.45 60
3 16 33.748 -8 60 34.5856 -8 56.874 33.748 -12.45 60
3 16 33.748 -12.45 60 34.5856 -8 56.874 34.5856 -12.45 56.874
3 16 34.5856 -8 56.874 36.874 -8 54.5856 34.5856 -12.45 56.874
3 16 34.5856 -12.45 56.874 36.874 -8 54.5856 36.874 -12.45 54.5856
3 16 36.874 -8 54.5856 40 -8 53.748 36.874 -12.45 54.5856
3 16 36.874 -12.45 54.5856 40 -8 53.748 40 -12.45 53.748
3 16 40 -8 53.748 43.126 -8 54.5856 40 -12.45 53.748
3 16 40 -12.45 53.748 43.126 -8 54.5856 43.126 -12.45 54.5856
3 16 43.126 -8 54.5856 45.4144 -8 56.874 43.126 -12.45 54.5856
3 16 43.126 -12.45 54.5856 45.4144 -8 56.874 45.4144 -12.45 56.874
3 16 45.4144 -8 56.874 46.252 -8 60 45.4144 -12.45 56.874
3 16 45.4144 -12.45 56.874 46.252 -8 60 46.252 -12.45 60
3 16 46.252 -8 60 45.4144 -8 63.126 46.252 -12.45 60
3 16 46.252 -12.45 60 45.4144 -8 63.126 45.4144 -12.45 63.126
3 16 45.4144 -8 63.126 43.126 -8 65.4144 45.4144 -12.45 63.126
3 16 45.4144 -12.45 63.126 43.126 -8 65.4144 43.126 -12.45 65.4144
3 16 43.126 -8 65.4144 40 -8 66.252 43.126 -12.45 65.4144
3 16 43.126 -12.45 65.4144 40 -8 66.252 40 -12.45 66.252
3 16 40 -8 66.252 36.874 -8 65.4144 40 -12.45 66.252
3 16 40 -12.45 66.252 36.874 -8 65.4144 36.874 -12.45 65.4144
2 24 30 0 -10 -10 0 -10
2 24 30 -8 -10 -10 -8 -10
2 24 -10 0 -10 -10 -8 -10
2 24 -10 -8 -10 -10 -8 70
2 24 -10 -8 -10 -10 0 -10
2 24 -10 -8 70 -10 0 70
2 24 -10 0 -10 -10 0 70
2 24 30 -8 70 -10 -8 70
2 24 30 0 70 -10 0 70
2 24 -10 -8 70 -10 0 70
2 24 70 0 -10 70 0 70
2 24 70 0 -10 70 -8 -10
2 24 70 0 70 70 -8 70
2 24 70 -8 -10 70 -8 70
2 24 -10 -8 70 -10 -8 -10
2 24 -10 -8 70 30 -8 70
2 24 -10 -8 -10 30 -8 -10
2 24 30 -8 -10 70 -8 -10
2 24 70 -8 -10 70 0 -10
2 24 30 0 -10 70 0 -10
2 24 30 -8 -10 70 -8 -10
2 24 70 -8 -10 70 -8 70
2 24 30 -8 70 70 -8 70
2 24 30 0 70 70 0 70
2 24 70 0 70 70 -8 70
2 24 30 -8 70 70 -8 70
2 24 35.5396 0 13.1983 33.1983 0 15.5396
2 24 37.3124 0 14.2218 34.2218 0 17.3123
2 24 34.2218 0 17.3123 30 0 18.4436
2 24 33.1983 0 15.5396 30 0 16.3966
2 24 30 0 16.3966 26.8017 0 15.5396
2 24 30 0 18.4436 25.7782 0 17.3123
2 24 26.8017 0 15.5396 24.4604 0 13.1983
2 24 25.7782 0 17.3123 22.6877 0 14.2218
2 24 24.4604 0 13.1983 23.6034 0 10
2 24 22.6877 0 14.2218 21.5565 0 10
2 24 23.6034 0 10 24.4604 0 6.8017
2 24 21.5565 0 10 22.6877 0 5.7782
2 24 24.4604 0 6.8017 26.8017 0 4.4604
2 24 22.6877 0 5.7782 25.7782 0 2.6877
2 24 26.8017 0 4.4604 30 0 3.6034
2 24 25.7782 0 2.6877 30 0 1.5564
2 24 30 0 3.6034 33.1983 0 4.4604
2 24 30 0 1.5564 34.2218 0 2.6877
2 24 33.1983 0 4.4604 35.5396 0 6.8017
2 24 34.2218 0 2.6877 37.3124 0 5.7782
2 24 35.5396 0 6.8017 36.3966 0 10
2 24 37.3124 0 5.7782 38.4436 0 10
2 24 35.5396 0 13.1983 36.3966 0 10
2 24 37.3124 0 14.2218 38.4436 0 10
2 24 30 -5.25 18.4436 34.2218 -5.25 17.3123
2 24 30 0 18.4436 34.2218 0 17.3123
2 24 30 -5.25 18.4436 25.7782 -5.25 17.3123
2 24 30 0 18.4436 25.7782 0 17.3123
2 24 25.7782 -5.25 17.3123 22.6877 -5.25 14.2218
2 24 25.7782 0 17.3123 22.6877 0 14.2218
2 24 22.6877 -5.25 14.2218 21.5565 -5.25 10
2 24 22.6877 0 14.2218 21.5565 0 10
2 24 21.5565 -5.25 10 22.6877 -5.25 5.7782
2 24 21.5565 0 10 22.6877 0 5.7782
2 24 22.6877 -5.25 5.7782 25.7782 -5.25 2.6877
2 24 22.6877 0 5.7782 25.7782 0 2.6877
2 24 25.7782 -5.25 2.6877 30 -5.25 1.5564
2 24 25.7782 0 2.6877 30 0 1.5564
2 24 30 -5.25 1.5564 34.2218 -5.25 2.6877
2 24 30 0 1.5564 34.2218 0 2.6877
2 24 34.2218 -5.25 2.6877 37.3124 -5.25 5.7782
2 24 34.2218 0 2.6877 37.3124 0 5.7782
2 24 37.3124 -5.25 5.7782 38.4436 -5.25 10
2 24 37.3124 0 5.7782 38.4436 0 10
2 24 38.4436 -5.25 10 37.3124 -5.25 14.2218
2 24 38.4436 0 10 37.3124 0 14.2218
2 24 33.1983 0 15.5396 35.5396 0 13.1983
2 24 33.1983 -5.0063 15.5396 35.5396 -5.0063 13.1983
2 24 33.1983 0 15.5396 30 0 16.3966
2 24 33.1983 -5.0063 15.5396 30 -5.0063 16.3966
2 24 30 0 16.3966 26.8017 0 15.5396
2 24 30 -5.0063 16.3966 26.8017 -5.0063 15.5396
2 24 26.8017 0 15.5396 24.4604 0 13.1983
2 24 26.8017 -5.0063 15.5396 24.4604 -5.0063 13.1983
2 24 24.4604 0 13.1983 23.6034 0 10
2 24 24.4604 -5.0063 13.1983 23.6034 -5.0063 10
2 24 23.6034 0 10 24.4604 0 6.8017
2 24 23.6034 -5.0063 10 24.4604 -5.0063 6.8017
2 24 24.4604 0 6.8017 26.8017 0 4.4604
2 24 24.4604 -5.0063 6.8017 26.8017 -5.0063 4.4604
2 24 26.8017 0 4.4604 30 0 3.6034
2 24 26.8017 -5.0063 4.4604 30 -5.0063 3.6034
2 24 30 0 3.6034 33.1983 0 4.4604
2 24 30 -5.0063 3.6034 33.1983 -5.0063 4.4604
2 24 33.1983 0 4.4604 35.5396 0 6.8017
2 24 33.1983 -5.0063 4.4604 35.5396 -5.0063 6.8017
2 24 35.5396 0 6.8017 36.3966 0 10
2 24 35.5396 -5.0063 6.8017 36.3966 -5.0063 10
2 24 35.5396 0 13.1983 36.3966 0 10
2 24 35.5396 -5.0063 13.1983 36.3966 -5.0063 10
2 24 34.2218 0 17.3123 37.3124 0 14.2218
2 24 34.2218 -5.25 17.3123 37.3124 -5.25 14.2218
2 24 55.5396 0 53.1983 53.1983 0 55.5396
2 24 57.3124 0 54.2218 54.2218 0 57.3123
2 24 54.2218 0 57.3123 50 0 58.4436
2 24 53.1983 0 55.5396 50 0 56.3966
2 24 50 0 56.3966 46.8017 0 55.5396
2 24 50 0 58.4436 45.7782 0 57.3123
2 24 46.8017 0 55.5396 44.4604 0 53.1983
2 24 45.7782 0 57.3123 42.6877 0 54.2218
2 24 44.4604 0 53.1983 43.6034 0 50
2 24 42.6877 0 54.2218 41.5565 0 50
2 24 43.6034 0 50 44.4604 0 46.8017
2 24 41.5565 0 50 42.6877 0 45.7782
2 24 44.4604 0 46.8017 46.8017 0 44.4604
2 24 42.6877 0 45.7782 45.7782 0 42.6877
2 24 46.8017 0 44.4604 50 0 43.6034
2 24 45.7782 0 42.6877 50 0 41.5565
2 24 50 0 43.6034 53.1983 0 44.4604
2 24 50 0 41.5565 54.2218 0 42.6877
2 24 53.1983 0 44.4604 55.5396 0 46.8017
2 24 54.2218 0 42.6877 57.3124 0 45.7782
2 24 55.5396 0 46.8017 56.3966 0 50
2 24 57.3124 0 45.7782 58.4436 0 50
2 24 55.5396 0 53.1983 56.3966 0 50
2 24 57.3124 0 54.2218 58.4436 0 50
2 24 50 -5.25 58.4436 54.2218 -5.25 57.3123
2 24 50 0 58.4436 54.2218 0 57.3123
2 24 50 -5.25 58.4436 45.7782 -5.25 57.3123
2 24 50 0 58.4436 45.7782 0 57.3123
2 24 45.7782 -5.25 57.3123 42.6877 -5.25 54.2218
2 24 45.7782 0 57.3123 42.6877 0 54.2218
2 24 42.6877 -5.25 54.2218 41.5565 -5.25 50
2 24 42.6877 0 54.2218 41.5565 0 50
2 24 41.5565 -5.25 50 42.6877 -5.25 45.7782
2 24 41.5565 0 50 42.6877 0 45.7782
2 24 42.6877 -5.25 45.7782 45.7782 -5.25 42.6877
2 24 42.6877 0 45.7782 45.7782 0 42.6877
2 24 45.7782 -5.25 42.6877 50 -5.25 41.5565
2 24 45.7782 0 42.6877 50 0 41.5565
2 24 50 -5.25 41.5565 54.2218 -5.25 42.6877
2 24 50 0 41.5565 54.2218 0 42.6877
2 24 54.2218 -5.25 42.6877 57.3124 -5.25 45.7782
2 24 54.2218 0 42.6877 57.3124 0 45.7782
2 24 57.3124 -5.25 45.7782 58.4436 -5.25 50
2 24 57.3124 0 45.7782 58.4436 0 50
2 24 58.4436 -5.25 50 57.3124 -5.25 54.2218
2 24 58.4436 0 50 57.3124 0 54.2218
2 24 53.1983 0 55.5396 55.5396 0 53.1983
2 24 53.1983 -5.0063 55.5396 55.5396 -5.0063 53.1983
2 24 53.1983 0 55.5396 50 0 56.3966
2 24 53.1983 -5.0063 55.5396 50 -5.0063 56.3966
2 24 50 0 56.3966 46.8017 0 55.5396
2 24 50 -5.0063 56.3966 46.8017 -5.0063 55.5396
2 24 46.8017 0 55.5396 44.4604 0 53.1983
2 24 46.8017 -5.0063 55.5396 44.4604 -5.0063 53.1983
2 24 44.4604 0 53.1983 43.6034 0 50
2 24 44.4604 -5.0063 53.1983 43.6034 -5.0063 50
2 24 43.6034 0 50 44.4604 0 46.8017
2 24 43.6034 -5.0063 50 44.4604 -5.0063 46.8017
2 24 44.4604 0 46.8017 46.8017 0 44.4604
2 24 44.4604 -5.0063 46.8017 46.8017 -5.0063 44.4604
2 24 46.8017 0 44.4604 50 0 43.6034
2 24 46.8017 -5.0063 44.4604 50 -5.0063 43.6034
2 24 50 0 43.6034 53.1983 0 44.4604
2 24 50 -5.0063 43.6034 53.1983 -5.0063 44.4604
2 24 53.1983 0 44.4604 55.5396 0 46.8017
2 24 53.1983 -5.0063 44.4604 55.5396 -5.0063 46.8017
2 24 55.5396 0 46.8017 56.3966 0 50
2 24 55.5396 -5.0063 46.8017 56.3966 -5.0063 50
2 24 55.5396 0 53.1983 56.3966 0 50
2 24 55.5396 -5.0063 53.1983 56.3966 -5.0063 50
2 24 54.2218 0 57.3123 57.3124 0 54.2218
2 24 54.2218 -5.25 57.3123 57.3124 -5.25 54.2218
2 24 55.5396 0 33.1983 53.1983 0 35.5396
2 24 57.3124 0 34.2218 54.2218 0 37.3123
2 24 54.2218 0 37.3123 50 0 38.4436
2 24 53.1983 0 35.5396 50 0 36.3966
2 24 50 0 36.3966 46.8017 0 35.5396
2 24 50 0 38.4436 45.7782 0 37.3123
2 24 46.8017 0 35.5396 44.4604 0 33.1983
2 24 45.7782 0 37.3123 42.6877 0 34.2218
2 24 44.4604 0 33.1983 43.6034 0 30
2 24 42.6877 0 34.2218 41.5565 0 30
2 24 43.6034 0 30 44.4604 0 26.8017
2 24 41.5565 0 30 42.6877 0 25.7782
2 24 44.4604 0 26.8017 46.8017 0 24.4604
2 24 42.6877 0 25.7782 45.7782 0 22.6877
2 24 46.8017 0 24.4604 50 0 23.6034
2 24 45.7782 0 22.6877 50 0 21.5565
2 24 50 0 23.6034 53.1983 0 24.4604
2 24 50 0 21.5565 54.2218 0 22.6877
2 24 53.1983 0 24.4604 55.5396 0 26.8017
2 24 54.2218 0 22.6877 57.3124 0 25.7782
2 24 55.5396 0 26.8017 56.3966 0 30
2 24 57.3124 0 25.7782 58.4436 0 30
2 24 55.5396 0 33.1983 56.3966 0 30
2 24 57.3124 0 34.2218 58.4436 0 30
2 24 50 -5.25 38.4436 54.2218 -5.25 37.3123
2 24 50 0 38.4436 54.2218 0 37.3123
2 24 50 -5.25 38.4436 45.7782 -5.25 37.3123
2 24 50 0 38.4436 45.7782 0 37.3123
2 24 45.7782 -5.25 37.3123 42.6877 -5.25 34.2218
2 24 45.7782 0 37.3123 42.6877 0 34.2218
2 24 42.6877 -5.25 34.2218 41.5565 -5.25 30
2 24 42.6877 0 34.2218 41.5565 0 30
2 24 41.5565 -5.25 30 42.6877 -5.25 25.7782
2 24 41.5565 0 30 42.6877 0 25.7782
2 24 42.6877 -5.25 25.7782 45.7782 -5.25 22.6877
2 24 42.6877 0 25.7782 45.7782 0 22.6877
2 24 45.7782 -5.25 22.6877 50 -5.25 21.5565
2 24 45.7782 0 22.6877 50 0 21.5565
2 24 50 -5.25 21.5565 54.2218 -5.25 22.6877
2 24 50 0 21.5565 54.2218 0 22.6877
2 24 54.2218 -5.25 22.6877 57.3124 -5.25 25.7782
2 24 54.2218 0 22.6877 57.3124 0 25.7782
2 24 57.3124 -5.25 25.7782 58.4436 -5.25 30
2 24 57.3124 0 25.7782 58.4436 0 30
2 24 58.4436 -5.25 30 57.3124 -5.25 34.2218
2 24 58.4436 0 30 57.3124 0 34.2218
2 24 53.1983 0 35.5396 55.5396 0 33.1983
2 24 53.1983 -5.0063 35.5396 55.5396 -5.0063 33.1983
2 24 53.1983 0 35.5396 50 0 36.3966
2 24 53.1983 -5.0063 35.5396 50 -5.0063 36.3966
2 24 50 0 36.3966 46.8017 0 35.5396
2 24 50 -5.0063 36.3966 46.8017 -5.0063 35.5396
2 24 46.8017 0 35.5396 44.4604 0 33.1983
2 24 46.8017 -5.0063 35.5396 44.4604 -5.0063 33.1983
2 24 44.4604 0 33.1983 43.6034 0 30
2 24 44.4604 -5.0063 33.1983 43.6034 -5.0063 30
2 24 43.6034 0 30 44.4604 0 26.8017
2 24 43.6034 -5.0063 30 44.4604 -5.0063 26.8017
2 24 44.4604 0 26.8017 46.8017 0 24.4604
2 24 44.4604 -5.0063 26.8017 46.8017 -5.0063 24.4604
2 24 46.8017 0 24.4604 50 0 23.6034
2 24 46.8017 -5.0063 24.4604 50 -5.0063 23.6034
2 24 50 0 23.6034 53.1983 0 24.4604
2 24 50 -5.0063 23.6034 53.1983 -5.0063 24.4604
2 24 53.1983 0 24.4604 55.5396 0 26.8017
2 24 53.1983 -5.0063 24.4604 55.5396 -5.0063 26.8017
2 24 55.5396 0 26.8017 56.3966 0 30
2 24 55.5396 -5.0063 26.8017 56.3966 -5.0063 30
2 24 55.5396 0 33.1983 56.3966 0 30
2 24 55.5396 -5.0063 33.1983 56.3966 -5.0063 30
2 24 54.2218 0 37.3123 57.3124 0 34.2218
2 24 54.2218 -5.25 37.3123 57.3124 -5.25 34.2218
2 24 15.5396 0 33.1983 13.1983 0 35.5396
2 24 17.3124 0 34.2218 14.2218 0 37.3123
2 24 14.2218 0 37.3123 10 0 38.4436
2 24 13.1983 0 35.5396 10 0 36.3966
2 24 10 0 36.3966 6.8017 0 35.5396
2 24 10 0 38.4436 5.7782 0 37.3123
2 24 6.8017 0 35.5396 4.4604 0 33.1983
2 24 5.7782 0 37.3123 2.6876 0 34.2218
2 24 4.4604 0 33.1983 3.6034 0 30
2 24 2.6876 0 34.2218 1.5564 0 30
2 24 3.6034 0 30 4.4604 0 26.8017
2 24 1.5564 0 30 2.6876 0 25.7782
2 24 4.4604 0 26.8017 6.8017 0 24.4604
2 24 2.6876 0 25.7782 5.7782 0 22.6877
2 24 6.8017 0 24.4604 10 0 23.6034
2 24 5.7782 0 22.6877 10 0 21.5565
2 24 10 0 23.6034 13.1983 0 24.4604
2 24 10 0 21.5565 14.2218 0 22.6877
2 24 13.1983 0 24.4604 15.5396 0 26.8017
2 24 14.2218 0 22.6877 17.3124 0 25.7782
2 24 15.5396 0 26.8017 16.3966 0 30
2 24 17.3124 0 25.7782 18.4436 0 30
2 24 15.5396 0 33.1983 16.3966 0 30
2 24 17.3124 0 34.2218 18.4436 0 30
2 24 10 -5.25 38.4436 14.2218 -5.25 37.3123
2 24 10 0 38.4436 14.2218 0 37.3123
2 24 10 -5.25 38.4436 5.7782 -5.25 37.3123
2 24 10 0 38.4436 5.7782 0 37.3123
2 24 5.7782 -5.25 37.3123 2.6876 -5.25 34.2218
2 24 5.7782 0 37.3123 2.6876 0 34.2218
2 24 2.6876 -5.25 34.2218 1.5564 -5.25 30
2 24 2.6876 0 34.2218 1.5564 0 30
2 24 1.5564 -5.25 30 2.6876 -5.25 25.7782
2 24 1.5564 0 30 2.6876 0 25.7782
2 24 2.6876 -5.25 25.7782 5.7782 -5.25 22.6877
2 24 2.6876 0 25.7782 5.7782 0 22.6877
2 24 5.7782 -5.25 22.6877 10 -5.25 21.5565
2 24 5.7782 0 22.6877 10 0 21.5565
2 24 10 -5.25 21.5565 14.2218 -5.25 22.6877
2 24 10 0 21.5565 14.2218 0 22.6877
2 24 14.2218 -5.25 22.6877 17.3124 -5.25 25.7782
2 24 14.2218 0 22.6877 17.3124 0 25.7782
2 24 17.3124 -5.25 25.7782 18.4436 -5.25 30
2 24 17.3124 0 25.7782 18.4436 0 30
2 24 18.4436 -5.25 30 17.3124 -5.25 34.2218
2 24 18.4436 0 30 17.3124 0 34.2218
2 24 13.1983 0 35.5396 15.5396 0 33.1983
2 24 13.1983 -5.0063 35.5396 15.5396 -5.0063 33.1983
2 24 13.1983 0 35.5396 10 0 36.3966
2 24 13.1983 -5.0063 35.5396 10 -5.0063 36.3966
2 24 10 0 36.3966 6.8017 0 35.5396
2 24 10 -5.0063 36.3966 6.8017 -5.0063 35.5396
2 24 6.8017 0 35.5396 4.4604 0 33.1983
2 24 6.8017 -5.0063 35.5396 4.4604 -5.0063 33.1983
2 24 4.4604 0 33.1983 3.6034 0 30
2 24 4.4604 -5.0063 33.1983 3.6034 -5.0063 30
2 24 3.6034 0 30 4.4604 0 26.8017
2 24 3.6034 -5.0063 30 4.4604 -5.0063 26.8017
2 24 4.4604 0 26.8017 6.8017 0 24.4604
2 24 4.4604 -5.0063 26.8017 6.8017 -5.0063 24.4604
2 24 6.8017 0 24.4604 10 0 23.6034
2 24 6.8017 -5.0063 24.4604 10 -5.0063 23.6034
2 24 10 0 23.6034 13.1983 0 24.4604
2 24 10 -5.0063 23.6034 13.1983 -5.0063 24.4604
2 24 13.1983 0 24.4604 15.5396 0 26.8017
2 24 13.1983 -5.0063 24.4604 15.5396 -5.0063 26.8017
2 24 15.5396 0 26.8017 16.3966 0 30
2 24 15.5396 -5.0063 26.8017 16.3966 -5.0063 30
2 24 15.5396 0 33.1983 16.3966 0 30
2 24 15.5396 -5.0063 33.1983 16.3966 -5.0063 30
2 24 14.2218 0 37.3123 17.3124 0 34.2218
2 24 14.2218 -5.25 37.3123 17.3124 -5.25 34.2218
2 24 35.5396 0 33.1983 33.1983 0 35.5396
2 24 37.3124 0 34.2218 34.2218 0 37.3123
2 24 34.2218 0 37.3123 30 0 38.4436
2 24 33.1983 0 35.5396 30 0 36.3966
2 24 30 0 36.3966 26.8017 0 35.5396
2 24 30 0 38.4436 25.7782 0 37.3123
2 24 26.8017 0 35.5396 24.4604 0 33.1983
2 24 25.7782 0 37.3123 22.6877 0 34.2218
2 24 24.4604 0 33.1983 23.6034 0 30
2 24 22.6877 0 34.2218 21.5565 0 30
2 24 23.6034 0 30 24.4604 0 26.8017
2 24 21.5565 0 30 22.6877 0 25.7782
2 24 24.4604 0 26.8017 26.8017 0 24.4604
2 24 22.6877 0 25.7782 25.7782 0 22.6877
2 24 26.8017 0 24.4604 30 0 23.6034
2 24 25.7782 0 22.6877 30 0 21.5565
2 24 30 0 23.6034 33.1983 0 24.4604
2 24 30 0 21.5565 34.2218 0 22.6877
2 24 33.1983 0 24.4604 35.5396 0 26.8017
2 24 34.2218 0 22.6877 37.3124 0 25.7782
2 24 35.5396 0 26.8017 36.3966 0 30
2 24 37.3124 0 25.7782 38.4436 0 30
2 24 35.5396 0 33.1983 36.3966 0 30
2 24 37.3124 0 34.2218 38.4436 0 30
2 24 30 -5.25 38.4436 34.2218 -5.25 37.3123
2 24 30 0 38.4436 34.2218 0 37.3123
2 24 30 -5.25 38.4436 25.7782 -5.25 37.3123
2 24 30 0 38.4436 25.7782 0 37.3123
2 24 25.7782 -5.25 37.3123 22.6877 -5.25 34.2218
2 24 25.7782 0 37.3123 22.6877 0 34.2218
2 24 22.6877 -5.25 34.2218 21.5565 -5.25 30
2 24 22.6877 0 34.2218 21.5565 0 30
2 24 21.5565 -5.25 30 22.6877 -5.25 25.7782
2 24 21.5565 0 30 22.6877 0 25.7782
2 24 22.6877 -5.25 25.7782 25.7782 -5.25 22.6877
2 24 22.6877 0 25.7782 25.7782 0 22.6877
2 24 25.7782 -5.25 22.6877 30 -5.25 21.5565
2 24 25.7782 0 22.6877 30 0 21.5565
2 24 30 -5.25 21.5565 34.2218 -5.25 22.6877
2 24 30 0 21.5565 34.2218 0 22.6877
2 24 34.2218 -5.25 22.6877 37.3124 -5.25 25.7782
2 24 34.2218 0 22.6877 37.3124 0 25.7782
2 24 37.3124 -5.25 25.7782 38.4436 -5.25 30
2 24 37.3124 0 25.7782 38.4436 0 30
2 24 38.4436 -5.25 30 37.3124 -5.25 34.2218
2 24 38.4436 0 30 37.3124 0 34.2218
2 24 33.1983 0 35.5396 35.5396 0 33.1983
2 24 33.1983 -5.0063 35.5396 35.5396 -5.0063 33.1983
2 24 33.1983 0 35.5396 30 0 36.3966
2 24 33.1983 -5.0063 35.5396 30 -5.0063 36.3966
2 24 30 0 36.3966 26.8017 0 35.5396
2 24 30 -5.0063 36.3966 26.8017 -5.0063 35.5396
2 24 26.8017 0 35.5396 24.4604 0 33.1983
2 24 26.8017 -5.0063 35.5396 24.4604 -5.0063 33.1983
2 24 24.4604 0 33.1983 23.6034 0 30
2 24 24.4604 -5.0063 33.1983 23.6034 -5.0063 30
2 24 23.6034 0 30 24.4604 0 26.8017
2 24 23.6034 -5.0063 30 24.4604 -5.0063 26.8017
2 24 24.4604 0 26.8017 26.8017 0 24.4604
2 24 24.4604 -5.0063 26.8017 26.8017 -5.0063 24.4604
2 24 26.8017 0 24.4604 30 0 23.6034
2 24 26.8017 -5.0063 24.4604 30 -5.0063 23.6034
2 24 30 0 23.6034 33.1983 0 24.4604
2 24 30 -5.0063 23.6034 33.1983 -5.0063 24.4604
2 24 33.1983 0 24.4604 35.5396 0 26.8017
2 24 33.1983 -5.0063 24.4604 35.5396 -5.0063 26.8017
2 24 35.5396 0 26.8017 36.3966 0 30
2 24 35.5396 -5.0063 26.8017 36.3966 -5.0063 30
2 24 35.5396 0 33.1983 36.3966 0 30
2 24 35.5396 -5.0063 33.1983 36.3966 -5.0063 30
2 24 34.2218 0 37.3123 37.3124 0 34.2218
2 24 34.2218 -5.25 37.3123 37.3124 -5.25 34.2218
2 24 35.5396 0 53.1983 33.1983 0 55.5396
2 24 37.3124 0 54.2218 34.2218 0 57.3123
2 24 34.2218 0 57.3123 30 0 58.4436
2 24 33.1983 0 55.5396 30 0 56.3966
2 24 30 0 56.3966 26.8017 0 55.5396
2 24 30 0 58.4436 25.7782 0 57.3123
2 24 26.8017 0 55.5396 24.4604 0 53.1983
2 24 25.7782 0 57.3123 22.6877 0 54.2218
2 24 24.4604 0 53.1983 23.6034 0 50
2 24 22.6877 0 54.2218 21.5565 0 50
2 24 23.6034 0 50 24.4604 0 46.8017
2 24 21.5565 0 50 22.6877 0 45.7782
2 24 24.4604 0 46.8017 26.8017 0 44.4604
2 24 22.6877 0 45.7782 25.7782 0 42.6877
2 24 26.8017 0 44.4604 30 0 43.6034
2 24 25.7782 0 42.6877 30 0 41.5565
2 24 30 0 43.6034 33.1983 0 44.4604
2 24 30 0 41.5565 34.2218 0 42.6877
2 24 33.1983 0 44.4604 35.5396 0 46.8017
2 24 34.2218 0 42.6877 37.3124 0 45.7782
2 24 35.5396 0 46.8017 36.3966 0 50
2 24 37.3124 0 45.7782 38.4436 0 50
2 24 35.5396 0 53.1983 36.3966 0 50
2 24 37.3124 0 54.2218 38.4436 0 50
2 24 30 -5.25 58.4436 34.2218 -5.25 57.3123
2 24 30 0 58.4436 34.2218 0 57.3123
2 24 30 -5.25 58.4436 25.7782 -5.25 57.3123
2 24 30 0 58.4436 25.7782 0 57.3123
2 24 25.7782 -5.25 57.3123 22.6877 -5.25 54.2218
2 24 25.7782 0 57.3123 22.6877 0 54.2218
2 24 22.6877 -5.25 54.2218 21.5565 -5.25 50
2 24 22.6877 0 54.2218 21.5565 0 50
2 24 21.5565 -5.25 50 22.6877 -5.25 45.7782
2 24 21.5565 0 50 22.6877 0 45.7782
2 24 22.6877 -5.25 45.7782 25.7782 -5.25 42.6877
2 24 22.6877 0 45.7782 25.7782 0 42.6877
2 24 25.7782 -5.25 42.6877 30 -5.25 41.5565
2 24 25.7782 0 42.6877 30 0 41.5565
2 24 30 -5.25 41.5565 34.2218 -5.25 42.6877
2 24 30 0 41.5565 34.2218 0 42.6877
2 24 34.2218 -5.25 42.6877 37.3124 -5.25 45.7782
2 24 34.2218 0 42.6877 37.3124 0 45.7782
2 24 37.3124 -5.25 45.7782 38.4436 -5.25 50
2 24 37.3124 0 45.7782 38.4436 0 50
2 24 38.4436 -5.25 50 37.3124 -5.25 54.2218
2 24 38.4436 0 50 37.3124 0 54.2218
2 24 33.1983 0 55.5396 35.5396 0 53.1983
2 24 33.1983 -5.0063 55.5396 35.5396 -5.0063 53.1983
2 24 33.1983 0 55.5396 30 0 56.3966
2 24 33.1983 -5.0063 55.5396 30 -5.0063 56.3966
2 24 30 0 56.3966 26.8017 0 55.5396
2 24 30 -5.0063 56.3966 26.8017 -5.0063 55.5396
2 24 26.8017 0 55.5396 24.4604 0 53.1983
2 24 26.8017 -5.0063 55.5396 24.4604 -5.0063 53.1983
2 24 24.4604 0 53.1983 23.6034 0 50
2 24 24.4604 -5.0063 53.1983 23.6034 -5.0063 50
2 24 23.6034 0 50 24.4604 0 46.8017
2 24 23.6034 -5.0063 50 24.4604 -5.0063 46.8017
2 24 24.4604 0 46.8017 26.8017 0 44.4604
2 24 24.4604 -5.0063 46.8017 26.8017 -5.0063 44.4604
2 24 26.8017 0 44.4604 30 0 43.6034
2 24 26.8017 -5.0063 44.4604 30 -5.0063 43.6034
2 24 30 0 43.6034 33.1983 0 44.4604
2 24 30 -5.0063 43.6034 33.1983 -5.0063 44.4604
2 24 33.1983 0 44.4604 35.5396 0 46.8017
2 24 33.1983 -5.0063 44.4604 35.5396 -5.0063 46.8017
2 24 35.5396 0 46.8017 36.3966 0 50
2 24 35.5396 -5.0063 46.8017 36.3966 -5.0063 50
2 24 35.5396 0 53.1983 36.3966 0 50
2 24 35.5396 -5.0063 53.1983 36.3966 -5.0063 50
2 24 34.2218 0 57.3123 37.3124 0 54.2218
2 24 34.2218 -5.25 57.3123 37.3124 -5.25 54.2218
2 24 15.5396 0 13.1983 13.1983 0 15.5396
2 24 17.3124 0 14.2218 14.2218 0 17.3123
2 24 14.2218 0 17.3123 10 0 18.4436
2 24 13.1983 0 15.5396 10 0 16.3966
2 24 10 0 16.3966 6.8017 0 15.5396
2 24 10 0 18.4436 5.7782 0 17.3123
2 24 6.8017 0 15.5396 4.4604 0 13.1983
2 24 5.7782 0 17.3123 2.6876 0 14.2218
2 24 4.4604 0 13.1983 3.6034 0 10
2 24 2.6876 0 14.2218 1.5564 0 10
2 24 3.6034 0 10 4.4604 0 6.8017
2 24 1.5564 0 10 2.6876 0 5.7782
2 24 4.4604 0 6.8017 6.8017 0 4.4604
2 24 2.6876 0 5.7782 5.7782 0 2.6877
2 24 6.8017 0 4.4604 10 0 3.6034
2 24 5.7782 0 2.6877 10 0 1.5564
2 24 10 0 3.6034 13.1983 0 4.4604
2 24 10 0 1.5564 14.2218 0 2.6877
2 24 13.1983 0 4.4604 15.5396 0 6.8017
2 24 14.2218 0 2.6877 17.3124 0 5.7782
2 24 15.5396 0 6.8017 16.3966 0 10
2 24 17.3124 0 5.7782 18.4436 0 10
2 24 15.5396 0 13.1983 16.3966 0 10
2 24 17.3124 0 14.2218 18.4436 0 10
2 24 10 -5.25 18.4436 14.2218 -5.25 17.3123
2 24 10 0 18.4436 14.2218 0 17.3123
2 24 10 -5.25 18.4436 5.7782 -5.25 17.3123
2 24 10 0 18.4436 5.7782 0 17.3123
2 24 5.7782 -5.25 17.3123 2.6876 -5.25 14.2218
2 24 5.7782 0 17.3123 2.6876 0 14.2218
2 24 2.6876 -5.25 14.2218 1.5564 -5.25 10
2 24 2.6876 0 14.2218 1.5564 0 10
2 24 1.5564 -5.25 10 2.6876 -5.25 5.7782
2 24 1.5564 0 10 2.6876 0 5.7782
2 24 2.6876 -5.25 5.7782 5.7782 -5.25 2.6877
2 24 2.6876 0 5.7782 5.7782 0 2.6877
2 24 5.7782 -5.25 2.6877 10 -5.25 1.5564
2 24 5.7782 0 2.6877 10 0 1.5564
2 24 10 -5.25 1.5564 14.2218 -5.25 2.6877
2 24 10 0 1.5564 14.2218 0 2.6877
2 24 14.2218 -5.25 2.6877 17.3124 -5.25 5.7782
2 24 14.2218 0 2.6877 17.3124 0 5.7782
2 24 17.3124 -5.25 5.7782 18.4436 -5.25 10
2 24 17.3124 0 5.7782 18.4436 0 10
2 24 18.4436 -5.25 10 17.3124 -5.25 14.2218
2 24 18.4436 0 10 17.3124 0 14.2218
2 24 13.1983 0 15.5396 15.5396 0 13.1983
2 24 13.1983 -5.0063 15.5396 15.5396 -5.0063 13.1983
2 24 13.1983 0 15.5396 10 0 16.3966
2 24 13.1983 -5.0063 15.5396 10 -5.0063 16.3966
2 24 10 0 16.3966 6.8017 0 15.5396
2 24 10 -5.0063 16.3966 6.8017 -5.0063 15.5396
2 24 6.8017 0 15.5396 4.4604 0 13.1983
2 24 6.8017 -5.0063 15.5396 4.4604 -5.0063 13.1983
2 24 4.4604 0 13.1983 3.6034 0 10
2 24 4.4604 -5.0063 13.1983 3.6034 -5.0063 10
2 24 3.6034 0 10 4.4604 0 6.8017
2 24 3.6034 -5.0063 10 4.4604 -5.0063 6.8017
2 24 4.4604 0 6.8017 6.8017 0 4.4604
2 24 4.4604 -5.0063 6.8017 6.8017 -5.0063 4.4604
2 24 6.8017 0 4.4604 10 0 3.6034
2 24 6.8017 -5.0063 4.4604 10 -5.0063 3.6034
2 24 10 0 3.6034 13.1983 0 4.4604
2 24 10 -5.0063 3.6034 13.1983 -5.0063 4.4604
2 24 13.1983 0 4.4604 15.5396 0 6.8017
2 24 13.1983 -5.0063 4.4604 15.5396 -5.0063 6.8017
2 24 15.5396 0 6.8017 16.3966 0 10
2 24 15.5396 -5.0063 6.8017 16.3966 -5.0063 10
2 24 15.5396 0 13.1983 16.3966 0 10
2 24 15.5396 -5.0063 13.1983 16.3966 -5.0063 10
2 24 14.2218 0 17.3123 17.3124 0 14.2218
2 24 14.2218 -5.25 17.3123 17.3124 -5.25 14.2218
2 24 15.5396 0 53.1983 13.1983 0 55.5396
2 24 17.3124 0 54.2218 14.2218 0 57.3123
2 24 14.2218 0 57.3123 10 0 58.4436
2 24 13.1983 0 55.5396 10 0 56.3966
2 24 10 0 56.3966 6.8017 0 55.5396
2 24 10 0 58.4436 5.7782 0 57.3123
2 24 6.8017 0 55.5396 4.4604 0 53.1983
2 24 5.7782 0 57.3123 2.6876 0 54.2218
2 24 4.4604 0 53.1983 3.6034 0 50
2 24 2.6876 0 54.2218 1.5564 0 50
2 24 3.6034 0 50 4.4604 0 46.8017
2 24 1.5564 0 50 2.6876 0 45.7782
2 24 4.4604 0 46.8017 6.8017 0 44.4604
2 24 2.6876 0 45.7782 5.7782 0 42.6877
2 24 6.8017 0 44.4604 10 0 43.6034
2 24 5.7782 0 42.6877 10 0 41.5565
2 24 10 0 43.6034 13.1983 0 44.4604
2 24 10 0 41.5565 14.2218 0 42.6877
2 24 13.1983 0 44.4604 15.5396 0 46.8017
2 24 14.2218 0 42.6877 17.3124 0 45.7782
2 24 15.5396 0 46.8017 16.3966 0 50
2 24 17.3124 0 45.7782 18.4436 0 50
2 24 15.5396 0 53.1983 16.3966 0 50
2 24 17.3124 0 54.2218 18.4436 0 50
2 24 10 -5.25 58.4436 14.2218 -5.25 57.3123
2 24 10 0 58.4436 14.2218 0 57.3123
2 24 10 -5.25 58.4436 5.7782 -5.25 57.3123
2 24 10 0 58.4436 5.7782 0 57.3123
2 24 5.7782 -5.25 57.3123 2.6876 -5.25 54.2218
2 24 5.7782 0 57.3123 2.6876 0 54.2218
2 24 2.6876 -5.25 54.2218 1.5564 -5.25 50
2 24 2.6876 0 54.2218 1.5564 0 50
2 24 1.5564 -5.25 50 2.6876 -5.25 45.7782
2 24 1.5564 0 50 2.6876 0 45.7782
2 24 2.6876 -5.25 45.7782 5.7782 -5.25 42.6877
2 24 2.6876 0 45.7782 5.7782 0 42.6877
2 24 5.7782 -5.25 42.6877 10 -5.25 41.5565
2 24 5.7782 0 42.6877 10 0 41.5565
2 24 10 -5.25 41.5565 14.2218 -5.25 42.6877
2 24 10 0 41.5565 14.2218 0 42.6877
2 24 14.2218 -5.25 42.6877 17.3124 -5.25 45.7782
2 24 14.2218 0 42.6877 17.3124 0 45.7782
2 24 17.3124 -5.25 45.7782 18.4436 -5.25 50
2 24 17.3124 0 45.7782 18.4436 0 50
2 24 18.4436 -5.25 50 17.3124 -5.25 54.2218
2 24 18.4436 0 50 17.3124 0 54.2218
2 24 13.1983 0 55.5396 15.5396 0 53.1983
2 24 13.1983 -5.0063 55.5396 15.5396 -5.0063 53.1983
2 24 13.1983 0 55.5396 10 0 56.3966
2 24 13.1983 -5.0063 55.5396 10 -5.0063 56.3966
2 24 10 0 56.3966 6.8017 0 55.5396
2 24 10 -5.0063 56.3966 6.8017 -5.0063 55.5396
2 24 6.8017 0 55.5396 4.4604 0 53.1983
2 24 6.8017 -5.0063 55.5396 4.4604 -5.0063 53.1983
2 24 4.4604 0 53.1983 3.6034 0 50
2 24 4.4604 -5.0063 53.1983 3.6034 -5.0063 50
2 24 3.6034 0 50 4.4604 0 46.8017
2 24 3.6034 -5.0063 50 4.4604 -5.0063 46.8017
2 24 4.4604 0 46.8017 6.8017 0 44.4604
2 24 4.4604 -5.0063 46.8017 6.8017 -5.0063 44.4604
2 24 6.8017 0 44.4604 10 0 43.6034
2 24 6.8017 -5.0063 44.4604 10 -5.0063 43.6034
2 24 10 0 43.6034 13.1983 0 44.4604
2 24 10 -5.0063 43.6034 13.1983 -5.0063 44.4604
2 24 13.1983 0 44.4604 15.5396 0 46.8017
2 24 13.1983 -5.0063 44.4604 15.5396 -5.0063 46.8017
2 24 15.5396 0 46.8017 16.3966 0 50
2 24 15.5396 -5.0063 46.8017 16.3966 -5.0063 50
2 24 15.5396 0 53.1983 16.3966 0 50
2 24 15.5396 -5.0063 53.1983 16.3966 -5.0063 50
2 24 14.2218 0 57.3123 17.3124 0 54.2218
2 24 14.2218 -5.25 57.3123 17.3124 -5.25 54.2218
2 24 55.5396 0 13.1983 53.1983 0 15.5396
2 24 57.3124 0 14.2218 54.2218 0 17.3123
2 24 54.2218 0 17.3123 50 0 18.4436
2 24 53.1983 0 15.5396 50 0 16.3966
2 24 50 0 16.3966 46.8017 0 15.5396
2 24 50 0 18.4436 45.7782 0 17.3123
2 24 46.8017 0 15.5396 44.4604 0 13.1983
2 24 45.7782 0 17.3123 42.6877 0 14.2218
2 24 44.4604 0 13.1983 43.6034 0 10
2 24 42.6877 0 14.2218 41.5565 0 10
2 24 43.6034 0 10 44.4604 0 6.8017
2 24 41.5565 0 10 42.6877 0 5.7782
2 24 44.4604 0 6.8017 46.8017 0 4.4604
2 24 42.6877 0 5.7782 45.7782 0 2.6877
2 24 46.8017 0 4.4604 50 0 3.6034
2 24 45.7782 0 2.6877 50 0 1.5564
2 24 50 0 3.6034 53.1983 0 4.4604
2 24 50 0 1.5564 54.2218 0 2.6877
2 24 53.1983 0 4.4604 55.5396 0 6.8017
2 24 54.2218 0 2.6877 57.3124 0 5.7782
2 24 55.5396 0 6.8017 56.3966 0 10
2 24 57.3124 0 5.7782 58.4436 0 10
2 24 55.5396 0 13.1983 56.3966 0 10
2 24 57.3124 0 14.2218 58.4436 0 10
2 24 50 -5.25 18.4436 54.2218 -5.25 17.3123
2 24 50 0 18.4436 54.2218 0 17.3123
2 24 50 -5.25 18.4436 45.7782 -5.25 17.3123
2 24 50 0 18.4436 45.7782 0 17.3123
2 24 45.7782 -5.25 17.3123 42.6877 -5.25 14.2218
2 24 45.7782 0 17.3123 42.6877 0 14.2218
2 24 42.6877 -5.25 14.2218 41.5565 -5.25 10
2 24 42.6877 0 14.2218 41.5565 0 10
2 24 41.5565 -5.25 10 42.6877 -5.25 5.7782
2 24 41.5565 0 10 42.6877 0 5.7782
2 24 42.6877 -5.25 5.7782 45.7782 -5.25 2.6877
2 24 42.6877 0 5.7782 45.7782 0 2.6877
2 24 45.7782 -5.25 2.6877 50 -5.25 1.5564
2 24 45.7782 0 2.6877 50 0 1.5564
2 24 50 -5.25 1.5564 54.2218 -5.25 2.6877
2 24 50 0 1.5564 54.2218 0 2.6877
2 24 54.2218 -5.25 2.6877 57.3124 -5.25 5.7782
2 24 54.2218 0 2.6877 57.3124 0 5.7782
2 24 57.3124 -5.25 5.7782 58.4436 -5.25 10
2 24 57.3124 0 5.7782 58.4436 0 10
2 24 58.4436 -5.25 10 57.3124 -5.25 14.2218
2 24 58.4436 0 10 57.3124 0 14.2218
2 24 53.1983 0 15.5396 55.5396 0 13.1983
2 24 53.1983 -5.0063 15.5396 55.5396 -5.0063 13.1983
2 24 53.1983 0 15.5396 50 0 16.3966
2 24 53.1983 -5.0063 15.5396 50 -5.0063 16.3966
2 24 50 0 16.3966 46.8017 0 15.5396
2 24 50 -5.0063 16.3966 46.8017 -5.0063 15.5396
2 24 46.8017 0 15.5396 44.4604 0 13.1983
2 24 46.8017 -5.0063 15.5396 44.4604 -5.0063 13.1983
2 24 44.4604 0 13.1983 43.6034 0 10
2 24 44.4604 -5.0063 13.1983 43.6034 -5.0063 10
2 24 43.6034 0 10 44.4604 0 6.8017
2 24 43.6034 -5.0063 10 44.4604 -5.0063 6.8017
2 24 44.4604 0 6.8017 46.8017 0 4.4604
2 24 44.4604 -5.0063 6.8017 46.8017 -5.0063 4.4604
2 24 46.8017 0 4.4604 50 0 3.6034
2 24 46.8017 -5.0063 4.4604 50 -5.0063 3.6034
2 24 50 0 3.6034 53.1983 0 4.4604
2 24 50 -5.0063 3.6034 53.1983 -5.0063 4.4604
2 24 53.1983 0 4.4604 55.5396 0 6.8017
2 24 53.1983 -5.0063 4.4604 55.5396 -5.0063 6.8017
2 24 55.5396 0 6.8017 56.3966 0 10
2 24 55.5396 -5.0063 6.8017 56.3966 -5.0063 10
2 24 55.5396 0 13.1983 56.3966 0 10
2 24 55.5396 -5.0063 13.1983 56.3966 -5.0063 10
2 24 54.2218 0 17.3123 57.3124 0 14.2218
2 24 54.2218 -5.25 17.3123 57.3124 -5.25 14.2218
2 24 30 -5.25 -6.25 -6.25 -5.25 -6.25
2 24 30 0 -6.25 -6.25 0 -6.25
2 24 -6.25 -5.25 -6.25 -6.25 0 -6.25
2 24 -6.25 0 -6.25 -6.25 0 66.25
2 24 -6.25 0 -6.25 -6.25 -5.25 -6.25
2 24 -6.25 0 66.25 -6.25 -5.25 66.25
2 24 -6.25 -5.25 -6.25 -6.25 -5.25 66.25
2 24 -6.25 0 66.25 30 0 66.25
2 24 -6.25 0 66.25 -6.25 -5.25 66.25
2 24 -6.25 -5.25 66.25 30 -5.25 66.25
2 24 66.25 0 66.25 66.25 0 -6.25
2 24 66.25 0 66.25 66.25 -5.25 66.25
2 24 66.25 0 -6.25 66.25 -5.25 -6.25
2 24 66.25 -5.25 66.25 66.25 -5.25 -6.25
2 24 30 -5.25 66.25 -6.25 -5.25 66.25
2 24 30 -5.25 -6.25 -6.25 -5.25 -6.25
2 24 -6.25 -5.25 66.25 -6.25 -5.25 -6.25
2 24 -10 0 70 30 0 70
2 24 -6.25 0 66.25 30 0 66.25
2 24 -10 0 70 -10 0 -10
2 24 -6.25 0 66.25 -6.25 0 -6.25
2 24 -6.25 0 -6.25 30 0 -6.25
2 24 -10 0 -10 30 0 -10
2 24 66.25 0 -6.25 66.25 0 66.25
2 24 70 0 -10 70 0 70
2 24 30 0 66.25 66.25 0 66.25
2 24 30 0 70 70 0 70
2 24 30 -5.25 66.25 66.25 -5.25 66.25
2 24 30 0 66.25 66.25 0 66.25
2 24 66.25 -5.25 66.25 66.25 0 66.25
2 24 30 -5.25 -6.25 66.25 -5.25 -6.25
2 24 66.25 -5.25 -6.25 66.25 -5.25 66.25
2 24 30 -5.25 66.25 66.25 -5.25 66.25
2 24 30 0 -6.25 66.25 0 -6.25
2 24 66.25 0 -6.25 66.25 -5.25 -6.25
2 24 30 -5.25 -6.25 66.25 -5.25 -6.25
2 24 30 0 -10 70 0 -10
2 24 30 0 -6.25 66.25 0 -6.25
2 24 16.874 -12.45 65.4144 14.5856 -12.45 63.126
2 24 14.5856 -12.45 63.126 13.748 -12.45 60
2 24 13.748 -12.45 60 14.5856 -12.45 56.874
2 24 14.5856 -12.45 56.874 16.874 -12.45 54.5856
2 24 16.874 -12.45 54.5856 20 -12.45 53.748
2 24 20 -12.45 53.748 23.126 -12.45 54.5856
2 24 23.126 -12.45 54.5856 25.4144 -12.45 56.874
2 24 25.4144 -12.45 56.874 26.252 -12.45 60
2 24 26.252 -12.45 60 25.4144 -12.45 63.126
2 24 25.4144 -12.45 63.126 23.126 -12.45 65.4144
2 24 23.126 -12.45 65.4144 20 -12.45 66.252
2 24 16.874 -12.45 65.4144 20 -12.45 66.252
2 24 16.874 -8 65.4144 14.5856 -8 63.126
2 24 16.874 -12.45 65.4144 14.5856 -12.45 63.126
2 24 14.5856 -8 63.126 13.748 -8 60
2 24 14.5856 -12.45 63.126 13.748 -12.45 60
2 24 13.748 -8 60 14.5856 -8 56.874
2 24 13.748 -12.45 60 14.5856 -12.45 56.874
2 24 14.5856 -8 56.874 16.874 -8 54.5856
2 24 14.5856 -12.45 56.874 16.874 -12.45 54.5856
2 24 16.874 -8 54.5856 20 -8 53.748
2 24 16.874 -12.45 54.5856 20 -12.45 53.748
2 24 20 -8 53.748 23.126 -8 54.5856
2 24 20 -12.45 53.748 23.126 -12.45 54.5856
2 24 23.126 -8 54.5856 25.4144 -8 56.874
2 24 23.126 -12.45 54.5856 25.4144 -12.45 56.874
2 24 25.4144 -8 56.874 26.252 -8 60
2 24 25.4144 -12.45 56.874 26.252 -12.45 60
2 24 26.252 -8 60 25.4144 -8 63.126
2 24 26.252 -12.45 60 25.4144 -12.45 63.126
2 24 25.4144 -8 63.126 23.126 -8 65.4144
2 24 25.4144 -12.45 63.126 23.126 -12.45 65.4144
2 24 23.126 -8 65.4144 20 -8 66.252
2 24 23.126 -12.45 65.4144 20 -12.45 66.252
2 24 16.874 -8 65.4144 20 -8 66.252
2 24 16.874 -12.45 65.4144 20 -12.45 66.252
2 24 56.874 -12.45 65.4144 54.5856 -12.45 63.126
2 24 54.5856 -12.45 63.126 53.748 -12.45 60
2 24 53.748 -12.45 60 54.5856 -12.45 56.874
2 24 54.5856 -12.45 56.874 56.874 -12.45 54.5856
2 24 56.874 -12.45 54.5856 60 -12.45 53.748
2 24 60 -12.45 53.748 63.126 -12.45 54.5856
2 24 63.126 -12.45 54.5856 65.4144 -12.45 56.874
2 24 65.4144 -12.45 56.874 66.252 -12.45 60
2 24 66.252 -12.45 60 65.4144 -12.45 63.126
2 24 65.4144 -12.45 63.126 63.126 -12.45 65.4144
2 24 63.126 -12.45 65.4144 60 -12.45 66.252
2 24 56.874 -12.45 65.4144 60 -12.45 66.252
2 24 56.874 -8 65.4144 54.5856 -8 63.126
2 24 56.874 -12.45 65.4144 54.5856 -12.45 63.126
2 24 54.5856 -8 63.126 53.748 -8 60
2 24 54.5856 -12.45 63.126 53.748 -12.45 60
2 24 53.748 -8 60 54.5856 -8 56.874
2 24 53.748 -12.45 60 54.5856 -12.45 56.874
2 24 54.5856 -8 56.874 56.874 -8 54.5856
2 24 54.5856 -12.45 56.874 56.874 -12.45 54.5856
2 24 56.874 -8 54.5856 60 -8 53.748
2 24 56.874 -12.45 54.5856 60 -12.45 53.748
2 24 60 -8 53.748 63.126 -8 54.5856
2 24 60 -12.45 53.748 63.126 -12.45 54.5856
2 24 63.126 -8 54.5856 65.4144 -8 56.874
2 24 63.126 -12.45 54.5856 65.4144 -12.45 56.874
2 24 65.4144 -8 56.874 66.252 -8 60
2 24 65.4144 -12.45 56.874 66.252 -12.45 60
2 24 66.252 -8 60 65.4144 -8 63.126
2 24 66.252 -12.45 60 65.4144 -12.45 63.126
2 24 65.4144 -8 63.126 63.126 -8 65.4144
2 24 65.4144 -12.45 63.126 63.126 -12.45 65.4144
2 24 63.126 -8 65.4144 60 -8 66.252
2 24 63.126 -12.45 65.4144 60 -12.45 66.252
2 24 56.874 -8 65.4144 60 -8 66.252
2 24 56.874 -12.45 65.4144 60 -12.45 66.252
2 24 -3.126 -12.45 65.4144 -5.4144 -12.45 63.126
2 24 -5.4144 -12.45 63.126 -6.252 -12.45 60
2 24 -6.252 -12.45 60 -5.4144 -12.45 56.874
2 24 -5.4144 -12.45 56.874 -3.126 -12.45 54.5856
2 24 -3.126 -12.45 54.5856 0 -12.45 53.748
2 24 0 -12.45 53.748 3.126 -12.45 54.5856
2 24 3.126 -12.45 54.5856 5.4144 -12.45 56.874
2 24 5.4144 -12.45 56.874 6.252 -12.45 60
2 24 6.252 -12.45 60 5.4144 -12.45 63.126
2 24 5.4144 -12.45 63.126 3.126 -12.45 65.4144
2 24 3.126 -12.45 65.4144 0 -12.45 66.252
2 24 -3.126 -12.45 65.4144 0 -12.45 66.252
2 24 -3.126 -8 65.4144 -5.4144 -8 63.126
2 24 -3.126 -12.45 65.4144 -5.4144 -12.45 63.126
2 24 -5.4144 -8 63.126 -6.252 -8 60
2 24 -5.4144 -12.45 63.126 -6.252 -12.45 60
2 24 -6.252 -8 60 -5.4144 -8 56.874
2 24 -6.252 -12.45 60 -5.4144 -12.45 56.874
2 24 -5.4144 -8 56.874 -3.126 -8 54.5856
2 24 -5.4144 -12.45 56.874 -3.126 -12.45 54.5856
2 24 -3.126 -8 54.5856 0 -8 53.748
2 24 -3.126 -12.45 54.5856 0 -12.45 53.748
2 24 0 -8 53.748 3.126 -8 54.5856
2 24 0 -12.45 53.748 3.126 -12.45 54.5856
2 24 3.126 -8 54.5856 5.4144 -8 56.874
2 24 3.126 -12.45 54.5856 5.4144 -12.45 56.874
2 24 5.4144 -8 56.874 6.252 -8 60
2 24 5.4144 -12.45 56.874 6.252 -12.45 60
2 24 6.252 -8 60 5.4144 -8 63.126
2 24 6.252 -12.45 60 5.4144 -12.45 63.126
2 24 5.4144 -8 63.126 3.126 -8 65.4144
2 24 5.4144 -12.45 63.126 3.126 -12.45 65.4144
2 24 3.126 -8 65.4144 0 -8 66.252
2 24 3.126 -12.45 65.4144 0 -12.45 66.252
2 24 -3.126 -8 65.4144 0 -8 66.252
2 24 -3.126 -12.45 65.4144 0 -12.45 66.252
2 24 36.874 -12.45 65.4144 34.5856 -12.45 63.126
2 24 34.5856 -12.45 63.126 33.748 -12.45 60
2 24 33.748 -12.45 60 34.5856 -12.45 56.874
2 24 34.5856 -12.45 56.874 36.874 -12.45 54.5856
2 24 36.874 -12.45 54.5856 40 -12.45 53.748
2 24 40 -12.45 53.748 43.126 -12.45 54.5856
2 24 43.126 -12.45 54.5856 45.4144 -12.45 56.874
2 24 45.4144 -12.45 56.874 46.252 -12.45 60
2 24 46.252 -12.45 60 45.4144 -12.45 63.126
2 24 45.4144 -12.45 63.126 43.126 -12.45 65.4144
2 24 43.126 -12.45 65.4144 40 -12.45 66.252
2 24 36.874 -12.45 65.4144 40 -12.45 66.252
2 24 36.874 -8 65.4144 34.5856 -8 63.126
2 24 36.874 -12.45 65.4144 34.5856 -12.45 63.126
2 24 34.5856 -8 63.126 33.748 -8 60
2 24 34.5856 -12.45 63.126 33.748 -12.45 60
2 24 33.748 -8 60 34.5856 -8 56.874
2 24 33.748 -12.45 60 34.5856 -12.45 56.874
2 24 34.5856 -8 56.874 36.874 -8 54.5856
2 24 34.5856 -12.45 56.874 36.874 -12.45 54.5856
2 24 36.874 -8 54.5856 40 -8 53.748
2 24 36.874 -12.45 54.5856 40 -12.45 53.748
2 24 40 -8 53.748 43.126 -8 54.5856
2 24 40 -12.45 53.748 43.126 -12.45 54.5856
2 24 43.126 -8 54.5856 45.4144 -8 56.874
2 24 43.126 -12.45 54.5856 45.4144 -12.45 56.874
2 24 45.4144 -8 56.874 46.252 -8 60
2 24 45.4144 -12.45 56.874 46.252 -12.45 60
2 24 46.252 -8 60 45.4144 -8 63.126
2 24 46.252 -12.45 60 45.4144 -12.45 63.126
2 24 45.4144 -8 63.126 43.126 -8 65.4144
2 24 45.4144 -12.45 63.126 43.126 -12.45 65.4144
2 24 43.126 -8 65.4144 40 -8 66.252
2 24 43.126 -12.45 65.4144 40 -12.45 66.252
2 24 36.874 -8 65.4144 40 -8 66.252
2 24 36.874 -12.45 65.4144 40 -12.45 66.252
2 24 30 0 -10.025 -10.0177 0 -10.0177
2 24 30 -8.0177 -10.0177 -10.0144 -8.0144 -10.0144
2 24 -10.0177 0 -10.0177 -10.0144 -8.0144 -10.0144
2 24 -10.0144 -8.0144 -10.0144 -10.0144 -8.0144 70.0144
2 24 -10.0144 -8.0144 -10.0144 -10.0177 0 -10.0177
2 24 -10.0144 -8.0144 70.0144 -10.0177 0 70.0177
2 24 -10.0177 0 -10.0177 -10.0177 0 70.0177
2 24 30 -8.0177 70.0177 -10.0144 -8.0144 70.0144
2 24 30 0 70.025 -10.0177 0 70.0177
2 24 -10.0144 -8.0144 70.0144 -10.0177 0 70.0177
2 24 70.0177 0 -10.0177 70.0177 0 70.0177
2 24 70.0177 0 -10.0177 70.0144 -8.0144 -10.0144
2 24 70.0177 0 70.0177 70.0144 -8.0144 70.0144
2 24 70.0144 -8.0144 -10.0144 70.0144 -8.0144 70.0144
2 24 -10.0144 -8.0144 70.0144 -10.0144 -8.0144 -10.0144
2 24 -10.0144 -8.0144 70.0144 30 -8.0177 70.0177
2 24 -10.0144 -8.0144 -10.0144 30 -8.0177 -10.0177
2 24 30 -8.0177 -10.0177 70.0144 -8.0144 -10.0144
2 24 70.0144 -8.0144 -10.0144 70.0177 0 -10.0177
2 24 30 0 -10.025 70.0177 0 -10.0177
2 24 30 -8.0177 -10.0177 70.0144 -8.0144 -10.0144
2 24 70.0144 -8.0144 -10.0144 70.0144 -8.0144 70.0144
2 24 30 -8.0177 70.0177 70.0144 -8.0144 70.0144
2 24 30 0 70.025 70.0177 0 70.0177
2 24 70.0177 0 70.0177 70.0144 -8.0144 70.0144
2 24 30 -8.0177 70.0177 70.0144 -8.0144 70.0144
0 STEP
