0 Untitled Model
0 Name: Untitled Model
0 Author: 
0 BFC CERTIFY CCW
3 16 49.069 -1.25 12.211 48.5532 -1.25 12.3492 50.0942 -1.25 20
3 16 50.0942 -1.25 20 48.5532 -1.25 12.3492 49.5601 -1.25 20
3 16 45.6001 -1.25 5.2198 46.0626 -1.25 4.9528 45.0546 -1.25 4.5089
3 16 45.0546 -1.25 4.5089 46.0626 -1.25 4.9528 45.4021 -1.25 4.0921
3 16 46.0626 -1.25 4.9528 45.6001 -1.25 5.2198 49.069 -1.25 12.211
3 16 49.069 -1.25 12.211 45.6001 -1.25 5.2198 48.5532 -1.25 12.3492
3 16 48.5532 -1.25 12.3492 48.5532 0 12.3492 49.5601 -1.25 20
3 16 49.5601 -1.25 20 48.5532 0 12.3492 49.5601 0 20
3 16 45.6001 0 5.2198 45.6001 -1.25 5.2198 45.2168 -0.4939 4.7956
3 16 45.2168 -0.4939 4.7956 45.6001 -1.25 5.2198 45.0546 -1.25 4.5089
3 16 45.6001 -1.25 5.2198 45.6001 0 5.2198 48.5532 -1.25 12.3492
3 16 48.5532 -1.25 12.3492 45.6001 0 5.2198 48.5532 0 12.3492
3 16 45.4021 -1.25 4.0921 46.0626 -1.25 4.9528 45.0748 -5.2524 3.6656
3 16 45.0748 -5.2524 3.6656 46.0626 -1.25 4.9528 46.0626 -8 4.9528
3 16 49.069 -8 12.211 46.0626 -8 4.9528 49.069 -1.25 12.211
3 16 49.069 -1.25 12.211 46.0626 -8 4.9528 46.0626 -1.25 4.9528
3 16 50.0942 -8 20 49.069 -8 12.211 50.0942 -1.25 20
3 16 50.0942 -1.25 20 49.069 -8 12.211 49.069 -1.25 12.211
3 16 44.1061 -5.2524 2.1657 44.0262 -7.9974 2.0644 41.2808 -5.2524 -1.2807
3 16 41.2808 -5.2524 -1.2807 44.0262 -7.9974 2.0644 41.2808 -8 -1.2808
3 16 42.5793 -0.771 6.6233 42.6816 -0.0285 6.9048 45.2168 -0.4939 4.7956
3 16 45.2168 -0.4939 4.7956 42.6816 -0.0285 6.9048 45.6001 0 5.2198
3 16 45.0748 -5.2524 3.6656 42.2592 -5.2524 6.1181 45.4021 -1.25 4.0921
3 16 45.4021 -1.25 4.0921 42.2592 -5.2524 6.1181 45.0546 -1.25 4.5089
3 16 42.2592 -5.2524 6.1181 42.5509 -1.5296 6.4984 45.0546 -1.25 4.5089
3 16 41.2925 -5.2524 4.3203 44.1061 -5.2524 2.1657 38.6704 -5.2524 1.3297
3 16 38.6704 -5.2524 1.3297 44.1061 -5.2524 2.1657 41.2808 -5.2524 -1.2807
3 16 38.6704 -5.2524 1.3297 20 -5.2524 20.0001 41.2925 -5.2524 4.3203
3 16 42.2592 -5.2524 6.1181 45.0748 -5.2524 3.6656 41.2925 -5.2524 4.3203
3 16 41.2925 -5.2524 4.3203 45.0748 -5.2524 3.6656 44.1061 -5.2524 2.1657
3 16 45.298 -5.2524 13.2215 20 -5.2524 20.0001 46.1902 -5.2524 20.0001
3 16 42.6316 -5.2524 6.9511 42.5509 -1.5296 6.4984 42.2592 -5.2524 6.1181
3 16 42.5509 -1.5296 6.4984 42.5793 -0.771 6.6233 45.0546 -1.25 4.5089
3 16 45.0546 -1.25 4.5089 42.5793 -0.771 6.6233 45.2168 -0.4939 4.7956
3 16 42.6816 -0.0285 6.9048 42.5793 -0.771 6.6233 42.6316 -5.2524 6.9511
3 16 42.5793 -0.771 6.6233 42.5509 -1.5296 6.4984 42.6316 -5.2524 6.9511
3 16 42.6816 -0.0285 6.9048 42.6316 -5.2524 6.9511 45.298 -0.0285 13.2214
3 16 45.298 -0.0285 13.2214 42.6316 -5.2524 6.9511 45.298 -5.2524 13.2215
3 16 45.298 -0.0285 13.2214 45.298 -5.2524 13.2215 46.1902 -0.0285 20
3 16 46.1902 -0.0285 20 45.298 -5.2524 13.2215 46.1902 -5.2524 20.0001
3 16 45.298 -0.0285 13.2214 46.1902 -0.0285 20 48.5532 0 12.3492
3 16 48.5532 0 12.3492 46.1902 -0.0285 20 49.5601 0 20
3 16 45.6001 0 5.2198 42.6816 -0.0285 6.9048 48.5532 0 12.3492
3 16 48.5532 0 12.3492 42.6816 -0.0285 6.9048 45.298 -0.0285 13.2214
3 16 42.6316 -5.2524 6.9511 20 -5.2524 20.0001 45.298 -5.2524 13.2215
3 16 20 -5.2524 20.0001 42.6316 -5.2524 6.9511 42.2592 -5.2524 6.1181
3 16 20 -1.25 -10.0942 27.789 -1.25 -9.069 20 -8 -10.0942
3 16 20 -8 -10.0942 27.789 -1.25 -9.069 27.789 -8 -9.069
3 16 27.789 -1.25 -9.069 35.0472 -1.25 -6.0626 27.789 -8 -9.069
3 16 27.789 -8 -9.069 35.0472 -1.25 -6.0626 35.0472 -8 -6.0626
3 16 27.789 -1.25 -9.069 20 -1.25 -10.0942 27.6508 -1.25 -8.5532
3 16 27.6508 -1.25 -8.5532 20 -1.25 -10.0942 20 -1.25 -9.5601
3 16 35.9079 -1.25 -5.4021 35.0472 -1.25 -6.0626 35.4912 -1.25 -5.0546
3 16 35.4912 -1.25 -5.0546 35.0472 -1.25 -6.0626 34.7802 -1.25 -5.6001
3 16 35.0472 -1.25 -6.0626 27.789 -1.25 -9.069 34.7802 -1.25 -5.6001
3 16 34.7802 -1.25 -5.6001 27.789 -1.25 -9.069 27.6508 -1.25 -8.5532
3 16 27.6508 -1.25 -8.5532 20 -1.25 -9.5601 27.6508 0 -8.5532
3 16 27.6508 0 -8.5532 20 -1.25 -9.5601 20 0 -9.5601
3 16 34.7802 0 -5.6001 35.2044 -0.4939 -5.2168 34.7802 -1.25 -5.6001
3 16 34.7802 -1.25 -5.6001 35.2044 -0.4939 -5.2168 35.4912 -1.25 -5.0546
3 16 34.7802 -1.25 -5.6001 27.6508 -1.25 -8.5532 34.7802 0 -5.6001
3 16 34.7802 0 -5.6001 27.6508 -1.25 -8.5532 27.6508 0 -8.5532
3 16 35.0472 -8 -6.0626 35.0472 -1.25 -6.0626 36.3345 -5.2524 -5.0747
3 16 36.3345 -5.2524 -5.0747 35.0472 -1.25 -6.0626 35.9079 -1.25 -5.4021
3 16 41.2808 -5.2524 -1.2807 37.8344 -5.2524 -4.106 38.6704 -5.2524 1.3297
3 16 38.6704 -5.2524 1.3297 37.8344 -5.2524 -4.106 35.6797 -5.2524 -1.2925
3 16 27.6508 0 -8.5532 20 0 -9.5601 26.7786 -0.0285 -5.298
3 16 26.7786 -0.0285 -5.298 20 0 -9.5601 20 -0.0285 -6.1902
3 16 33.0952 -0.0285 -2.6816 34.7802 0 -5.6001 26.7786 -0.0285 -5.298
3 16 26.7786 -0.0285 -5.298 34.7802 0 -5.6001 27.6508 0 -8.5532
3 16 36.3345 -5.2524 -5.0747 35.9079 -1.25 -5.4021 33.8819 -5.2524 -2.2592
3 16 35.9079 -1.25 -5.4021 35.4912 -1.25 -5.0546 33.8819 -5.2524 -2.2592
3 16 33.8819 -5.2524 -2.2592 35.4912 -1.25 -5.0546 33.5016 -1.5296 -2.5509
3 16 37.8344 -5.2524 -4.106 36.3345 -5.2524 -5.0747 35.6797 -5.2524 -1.2925
3 16 35.6797 -5.2524 -1.2925 36.3345 -5.2524 -5.0747 33.8819 -5.2524 -2.2592
3 16 37.8344 -5.2524 -4.106 38.4789 -7.9974 -3.6095 36.3345 -5.2524 -5.0747
3 16 36.3345 -5.2524 -5.0747 38.4789 -7.9974 -3.6095 35.0472 -8 -6.0626
3 16 34.7802 0 -5.6001 33.0952 -0.0285 -2.6816 35.2044 -0.4939 -5.2168
3 16 35.2044 -0.4939 -5.2168 33.0952 -0.0285 -2.6816 33.3767 -0.771 -2.5793
3 16 38.6704 -5.2524 1.3297 35.6797 -5.2524 -1.2925 20 -5.2524 20.0001
3 16 26.7786 -5.2524 -5.298 20 -5.2524 -6.1901 20 -5.2524 20.0001
3 16 35.2044 -0.4939 -5.2168 33.3767 -0.771 -2.5793 35.4912 -1.25 -5.0546
3 16 35.4912 -1.25 -5.0546 33.3767 -0.771 -2.5793 33.5016 -1.5296 -2.5509
3 16 33.0952 -0.0285 -2.6816 33.049 -5.2524 -2.6316 33.3767 -0.771 -2.5793
3 16 33.3767 -0.771 -2.5793 33.049 -5.2524 -2.6316 33.5016 -1.5296 -2.5509
3 16 33.0952 -0.0285 -2.6816 26.7786 -0.0285 -5.298 33.049 -5.2524 -2.6316
3 16 33.049 -5.2524 -2.6316 26.7786 -0.0285 -5.298 26.7786 -5.2524 -5.298
3 16 26.7786 -0.0285 -5.298 20 -0.0285 -6.1902 26.7786 -5.2524 -5.298
3 16 26.7786 -5.2524 -5.298 20 -0.0285 -6.1902 20 -5.2524 -6.1901
3 16 33.049 -5.2524 -2.6316 26.7786 -5.2524 -5.298 20 -5.2524 20.0001
3 16 20 -5.2524 20.0001 35.6797 -5.2524 -1.2925 33.8819 -5.2524 -2.2592
3 16 33.049 -5.2524 -2.6316 33.8819 -5.2524 -2.2592 33.5016 -1.5296 -2.5509
3 16 20 -8 -10.0942 27.789 -8 -9.069 20 -8 20
3 16 27.789 -8 -9.069 35.0472 -8 -6.0626 20 -8 20
3 16 20 -8 20 35.0472 -8 -6.0626 38.4789 -7.9974 -3.6095
3 16 20 -8 20 41.2808 -8 -1.2808 44.0262 -7.9974 2.0644
3 16 46.0626 -8 4.9528 49.069 -8 12.211 20 -8 20
3 16 49.069 -8 12.211 50.0942 -8 20 20 -8 20
3 16 44.1061 -5.2524 2.1657 45.0748 -5.2524 3.6656 44.0262 -7.9974 2.0644
3 16 44.0262 -7.9974 2.0644 45.0748 -5.2524 3.6656 46.0626 -8 4.9528
3 16 44.0262 -7.9974 2.0644 46.0626 -8 4.9528 20 -8 20
3 16 41.2808 -8 -1.2808 38.4789 -7.9974 -3.6095 41.2808 -5.2524 -1.2807
3 16 41.2808 -5.2524 -1.2807 38.4789 -7.9974 -3.6095 37.8344 -5.2524 -4.106
3 16 38.4789 -7.9974 -3.6095 41.2808 -8 -1.2808 20 -8 20
3 16 27.789 -1.25 49.069 27.6508 -1.25 48.5532 20 -1.25 50.0942
3 16 20 -1.25 50.0942 27.6508 -1.25 48.5532 20 -1.25 49.5601
3 16 34.7802 -1.25 45.6001 35.0472 -1.25 46.0626 35.4912 -1.25 45.0546
3 16 35.4912 -1.25 45.0546 35.0472 -1.25 46.0626 35.9079 -1.25 45.4021
3 16 35.0472 -1.25 46.0626 34.7802 -1.25 45.6001 27.789 -1.25 49.069
3 16 27.789 -1.25 49.069 34.7802 -1.25 45.6001 27.6508 -1.25 48.5532
3 16 27.6508 -1.25 48.5532 27.6508 0 48.5532 20 -1.25 49.5601
3 16 20 -1.25 49.5601 27.6508 0 48.5532 20 0 49.5601
3 16 34.7802 0 45.6001 34.7802 -1.25 45.6001 35.2044 -0.4939 45.2168
3 16 35.2044 -0.4939 45.2168 34.7802 -1.25 45.6001 35.4912 -1.25 45.0546
3 16 34.7802 -1.25 45.6001 34.7802 0 45.6001 27.6508 -1.25 48.5532
3 16 27.6508 -1.25 48.5532 34.7802 0 45.6001 27.6508 0 48.5532
3 16 35.9079 -1.25 45.4021 35.0472 -1.25 46.0626 36.3345 -5.2524 45.0749
3 16 36.3345 -5.2524 45.0749 35.0472 -1.25 46.0626 35.0472 -8 46.0626
3 16 27.789 -8 49.069 35.0472 -8 46.0626 27.789 -1.25 49.069
3 16 27.789 -1.25 49.069 35.0472 -8 46.0626 35.0472 -1.25 46.0626
3 16 20 -8 50.0942 27.789 -8 49.069 20 -1.25 50.0942
3 16 20 -1.25 50.0942 27.789 -8 49.069 27.789 -1.25 49.069
3 16 37.8344 -5.2524 44.1062 37.9356 -7.9974 44.0262 41.2808 -5.2524 41.2809
3 16 41.2808 -5.2524 41.2809 37.9356 -7.9974 44.0262 41.2808 -8 41.2808
3 16 33.3767 -0.771 42.5793 33.0952 -0.0285 42.6816 35.2044 -0.4939 45.2168
3 16 35.2044 -0.4939 45.2168 33.0952 -0.0285 42.6816 34.7802 0 45.6001
3 16 36.3345 -5.2524 45.0749 33.8819 -5.2524 42.2592 35.9079 -1.25 45.4021
3 16 35.9079 -1.25 45.4021 33.8819 -5.2524 42.2592 35.4912 -1.25 45.0546
3 16 33.8819 -5.2524 42.2592 33.5016 -1.5296 42.5509 35.4912 -1.25 45.0546
3 16 35.6797 -5.2524 41.2926 37.8344 -5.2524 44.1062 38.6704 -5.2524 38.6705
3 16 38.6704 -5.2524 38.6705 37.8344 -5.2524 44.1062 41.2808 -5.2524 41.2809
3 16 38.6704 -5.2524 38.6705 20 -5.2524 20.0001 35.6797 -5.2524 41.2926
3 16 33.8819 -5.2524 42.2592 36.3345 -5.2524 45.0749 35.6797 -5.2524 41.2926
3 16 35.6797 -5.2524 41.2926 36.3345 -5.2524 45.0749 37.8344 -5.2524 44.1062
3 16 26.7786 -5.2524 45.2981 20 -5.2524 20.0001 20 -5.2524 46.1903
3 16 33.049 -5.2524 42.6317 33.5016 -1.5296 42.5509 33.8819 -5.2524 42.2592
3 16 33.5016 -1.5296 42.5509 33.3767 -0.771 42.5793 35.4912 -1.25 45.0546
3 16 35.4912 -1.25 45.0546 33.3767 -0.771 42.5793 35.2044 -0.4939 45.2168
3 16 33.0952 -0.0285 42.6816 33.3767 -0.771 42.5793 33.049 -5.2524 42.6317
3 16 33.3767 -0.771 42.5793 33.5016 -1.5296 42.5509 33.049 -5.2524 42.6317
3 16 33.0952 -0.0285 42.6816 33.049 -5.2524 42.6317 26.7786 -0.0285 45.298
3 16 26.7786 -0.0285 45.298 33.049 -5.2524 42.6317 26.7786 -5.2524 45.2981
3 16 26.7786 -0.0285 45.298 26.7786 -5.2524 45.2981 20 -0.0285 46.1902
3 16 20 -0.0285 46.1902 26.7786 -5.2524 45.2981 20 -5.2524 46.1903
3 16 26.7786 -0.0285 45.298 20 -0.0285 46.1902 27.6508 0 48.5532
3 16 27.6508 0 48.5532 20 -0.0285 46.1902 20 0 49.5601
3 16 34.7802 0 45.6001 33.0952 -0.0285 42.6816 27.6508 0 48.5532
3 16 27.6508 0 48.5532 33.0952 -0.0285 42.6816 26.7786 -0.0285 45.298
3 16 33.049 -5.2524 42.6317 20 -5.2524 20.0001 26.7786 -5.2524 45.2981
3 16 20 -5.2524 20.0001 33.049 -5.2524 42.6317 33.8819 -5.2524 42.2592
3 16 50.0942 -8 20 50.0942 -1.25 20 49.069 -8 27.789
3 16 49.069 -8 27.789 50.0942 -1.25 20 49.069 -1.25 27.789
3 16 49.069 -1.25 27.789 46.0626 -1.25 35.0472 49.069 -8 27.789
3 16 49.069 -8 27.789 46.0626 -1.25 35.0472 46.0626 -8 35.0472
3 16 49.069 -1.25 27.789 50.0942 -1.25 20 48.5532 -1.25 27.6508
3 16 48.5532 -1.25 27.6508 50.0942 -1.25 20 49.5601 -1.25 20
3 16 45.4021 -1.25 35.9079 46.0626 -1.25 35.0472 45.0546 -1.25 35.4912
3 16 45.0546 -1.25 35.4912 46.0626 -1.25 35.0472 45.6001 -1.25 34.7802
3 16 46.0626 -1.25 35.0472 49.069 -1.25 27.789 45.6001 -1.25 34.7802
3 16 45.6001 -1.25 34.7802 49.069 -1.25 27.789 48.5532 -1.25 27.6508
3 16 48.5532 -1.25 27.6508 49.5601 -1.25 20 48.5532 0 27.6508
3 16 48.5532 0 27.6508 49.5601 -1.25 20 49.5601 0 20
3 16 45.6001 0 34.7802 45.2168 -0.4939 35.2044 45.6001 -1.25 34.7802
3 16 45.6001 -1.25 34.7802 45.2168 -0.4939 35.2044 45.0546 -1.25 35.4912
3 16 45.6001 -1.25 34.7802 48.5532 -1.25 27.6508 45.6001 0 34.7802
3 16 45.6001 0 34.7802 48.5532 -1.25 27.6508 48.5532 0 27.6508
3 16 46.0626 -8 35.0472 46.0626 -1.25 35.0472 45.0748 -5.2524 36.3346
3 16 45.0748 -5.2524 36.3346 46.0626 -1.25 35.0472 45.4021 -1.25 35.9079
3 16 41.2808 -5.2524 41.2809 44.1061 -5.2524 37.8345 38.6704 -5.2524 38.6705
3 16 38.6704 -5.2524 38.6705 44.1061 -5.2524 37.8345 41.2925 -5.2524 35.6798
3 16 48.5532 0 27.6508 49.5601 0 20 45.298 -0.0285 26.7786
3 16 45.298 -0.0285 26.7786 49.5601 0 20 46.1902 -0.0285 20
3 16 42.6816 -0.0285 33.0952 45.6001 0 34.7802 45.298 -0.0285 26.7786
3 16 45.298 -0.0285 26.7786 45.6001 0 34.7802 48.5532 0 27.6508
3 16 45.0748 -5.2524 36.3346 45.4021 -1.25 35.9079 42.2592 -5.2524 33.8819
3 16 45.4021 -1.25 35.9079 45.0546 -1.25 35.4912 42.2592 -5.2524 33.8819
3 16 42.2592 -5.2524 33.8819 45.0546 -1.25 35.4912 42.5509 -1.5296 33.5016
3 16 44.1061 -5.2524 37.8345 45.0748 -5.2524 36.3346 41.2925 -5.2524 35.6798
3 16 41.2925 -5.2524 35.6798 45.0748 -5.2524 36.3346 42.2592 -5.2524 33.8819
3 16 44.1061 -5.2524 37.8345 43.6095 -7.9974 38.4789 45.0748 -5.2524 36.3346
3 16 45.0748 -5.2524 36.3346 43.6095 -7.9974 38.4789 46.0626 -8 35.0472
3 16 45.6001 0 34.7802 42.6816 -0.0285 33.0952 45.2168 -0.4939 35.2044
3 16 45.2168 -0.4939 35.2044 42.6816 -0.0285 33.0952 42.5793 -0.771 33.3767
3 16 38.6704 -5.2524 38.6705 41.2925 -5.2524 35.6798 20 -5.2524 20.0001
3 16 45.298 -5.2524 26.7787 46.1902 -5.2524 20.0001 20 -5.2524 20.0001
3 16 45.2168 -0.4939 35.2044 42.5793 -0.771 33.3767 45.0546 -1.25 35.4912
3 16 45.0546 -1.25 35.4912 42.5793 -0.771 33.3767 42.5509 -1.5296 33.5016
3 16 42.6816 -0.0285 33.0952 42.6316 -5.2524 33.0491 42.5793 -0.771 33.3767
3 16 42.5793 -0.771 33.3767 42.6316 -5.2524 33.0491 42.5509 -1.5296 33.5016
3 16 42.6816 -0.0285 33.0952 45.298 -0.0285 26.7786 42.6316 -5.2524 33.0491
3 16 42.6316 -5.2524 33.0491 45.298 -0.0285 26.7786 45.298 -5.2524 26.7787
3 16 45.298 -0.0285 26.7786 46.1902 -0.0285 20 45.298 -5.2524 26.7787
3 16 45.298 -5.2524 26.7787 46.1902 -0.0285 20 46.1902 -5.2524 20.0001
3 16 42.6316 -5.2524 33.0491 45.298 -5.2524 26.7787 20 -5.2524 20.0001
3 16 20 -5.2524 20.0001 41.2925 -5.2524 35.6798 42.2592 -5.2524 33.8819
3 16 42.6316 -5.2524 33.0491 42.2592 -5.2524 33.8819 42.5509 -1.5296 33.5016
3 16 20 -8 20 50.0942 -8 20 49.069 -8 27.789
3 16 49.069 -8 27.789 46.0626 -8 35.0472 20 -8 20
3 16 20 -8 20 46.0626 -8 35.0472 43.6095 -7.9974 38.4789
3 16 20 -8 20 41.2808 -8 41.2808 37.9356 -7.9974 44.0262
3 16 35.0472 -8 46.0626 27.789 -8 49.069 20 -8 20
3 16 27.789 -8 49.069 20 -8 50.0942 20 -8 20
3 16 37.8344 -5.2524 44.1062 36.3345 -5.2524 45.0749 37.9356 -7.9974 44.0262
3 16 37.9356 -7.9974 44.0262 36.3345 -5.2524 45.0749 35.0472 -8 46.0626
3 16 37.9356 -7.9974 44.0262 35.0472 -8 46.0626 20 -8 20
3 16 41.2808 -8 41.2808 43.6095 -7.9974 38.4789 41.2808 -5.2524 41.2809
3 16 41.2808 -5.2524 41.2809 43.6095 -7.9974 38.4789 44.1061 -5.2524 37.8345
3 16 43.6095 -7.9974 38.4789 41.2808 -8 41.2808 20 -8 20
3 16 -10.0942 -1.25 20 -9.069 -1.25 12.211 -10.0942 -8 20
3 16 -10.0942 -8 20 -9.069 -1.25 12.211 -9.069 -8 12.211
3 16 -9.069 -1.25 12.211 -6.0626 -1.25 4.9528 -9.069 -8 12.211
3 16 -9.069 -8 12.211 -6.0626 -1.25 4.9528 -6.0626 -8 4.9528
3 16 -9.069 -1.25 12.211 -10.0942 -1.25 20 -8.5532 -1.25 12.3492
3 16 -8.5532 -1.25 12.3492 -10.0942 -1.25 20 -9.5601 -1.25 20
3 16 -5.4021 -1.25 4.0921 -6.0626 -1.25 4.9528 -5.0546 -1.25 4.5089
3 16 -5.0546 -1.25 4.5089 -6.0626 -1.25 4.9528 -5.6001 -1.25 5.2198
3 16 -6.0626 -1.25 4.9528 -9.069 -1.25 12.211 -5.6001 -1.25 5.2198
3 16 -5.6001 -1.25 5.2198 -9.069 -1.25 12.211 -8.5532 -1.25 12.3492
3 16 -8.5532 -1.25 12.3492 -9.5601 -1.25 20 -8.5532 0 12.3492
3 16 -8.5532 0 12.3492 -9.5601 -1.25 20 -9.5601 0 20
3 16 -5.6001 0 5.2198 -5.2168 -0.4939 4.7956 -5.6001 -1.25 5.2198
3 16 -5.6001 -1.25 5.2198 -5.2168 -0.4939 4.7956 -5.0546 -1.25 4.5089
3 16 -5.6001 -1.25 5.2198 -8.5532 -1.25 12.3492 -5.6001 0 5.2198
3 16 -5.6001 0 5.2198 -8.5532 -1.25 12.3492 -8.5532 0 12.3492
3 16 -6.0626 -8 4.9528 -6.0626 -1.25 4.9528 -5.0748 -5.2524 3.6656
3 16 -5.0748 -5.2524 3.6656 -6.0626 -1.25 4.9528 -5.4021 -1.25 4.0921
3 16 -1.2808 -5.2524 -1.2807 -4.1061 -5.2524 2.1657 1.3296 -5.2524 1.3297
3 16 1.3296 -5.2524 1.3297 -4.1061 -5.2524 2.1657 -1.2925 -5.2524 4.3203
3 16 -8.5532 0 12.3492 -9.5601 0 20 -5.298 -0.0285 13.2214
3 16 -5.298 -0.0285 13.2214 -9.5601 0 20 -6.1902 -0.0285 20
3 16 -2.6816 -0.0285 6.9048 -5.6001 0 5.2198 -5.298 -0.0285 13.2214
3 16 -5.298 -0.0285 13.2214 -5.6001 0 5.2198 -8.5532 0 12.3492
3 16 -5.0748 -5.2524 3.6656 -5.4021 -1.25 4.0921 -2.2592 -5.2524 6.1181
3 16 -5.4021 -1.25 4.0921 -5.0546 -1.25 4.5089 -2.2592 -5.2524 6.1181
3 16 -2.2592 -5.2524 6.1181 -5.0546 -1.25 4.5089 -2.5509 -1.5296 6.4984
3 16 -4.1061 -5.2524 2.1657 -5.0748 -5.2524 3.6656 -1.2925 -5.2524 4.3203
3 16 -1.2925 -5.2524 4.3203 -5.0748 -5.2524 3.6656 -2.2592 -5.2524 6.1181
3 16 -4.1061 -5.2524 2.1657 -1.2808 -5.2524 -1.2807 -4.0262 -7.9974 2.0644
3 16 -4.0262 -7.9974 2.0644 -1.2808 -5.2524 -1.2807 -1.2808 -8 -1.2808
3 16 -5.6001 0 5.2198 -2.6816 -0.0285 6.9048 -5.2168 -0.4939 4.7956
3 16 -5.2168 -0.4939 4.7956 -2.6816 -0.0285 6.9048 -2.5793 -0.771 6.6233
3 16 1.3296 -5.2524 1.3297 -1.2925 -5.2524 4.3203 20 -5.2524 20.0001
3 16 -5.298 -5.2524 13.2215 -6.1902 -5.2524 20.0001 20 -5.2524 20.0001
3 16 -5.2168 -0.4939 4.7956 -2.5793 -0.771 6.6233 -5.0546 -1.25 4.5089
3 16 -5.0546 -1.25 4.5089 -2.5793 -0.771 6.6233 -2.5509 -1.5296 6.4984
3 16 -2.6816 -0.0285 6.9048 -2.6316 -5.2524 6.9511 -2.5793 -0.771 6.6233
3 16 -2.5793 -0.771 6.6233 -2.6316 -5.2524 6.9511 -2.5509 -1.5296 6.4984
3 16 -2.6816 -0.0285 6.9048 -5.298 -0.0285 13.2214 -2.6316 -5.2524 6.9511
3 16 -2.6316 -5.2524 6.9511 -5.298 -0.0285 13.2214 -5.298 -5.2524 13.2215
3 16 -5.298 -0.0285 13.2214 -6.1902 -0.0285 20 -5.298 -5.2524 13.2215
3 16 -5.298 -5.2524 13.2215 -6.1902 -0.0285 20 -6.1902 -5.2524 20.0001
3 16 -2.6316 -5.2524 6.9511 -5.298 -5.2524 13.2215 20 -5.2524 20.0001
3 16 20 -5.2524 20.0001 -1.2925 -5.2524 4.3203 -2.2592 -5.2524 6.1181
3 16 -2.6316 -5.2524 6.9511 -2.2592 -5.2524 6.1181 -2.5509 -1.5296 6.4984
3 16 12.211 -1.25 -9.069 12.3492 -1.25 -8.5532 20 -1.25 -10.0942
3 16 20 -1.25 -10.0942 12.3492 -1.25 -8.5532 20 -1.25 -9.5601
3 16 5.2198 -1.25 -5.6001 4.9528 -1.25 -6.0626 4.5089 -1.25 -5.0546
3 16 4.5089 -1.25 -5.0546 4.9528 -1.25 -6.0626 4.0921 -1.25 -5.4021
3 16 4.9528 -1.25 -6.0626 5.2198 -1.25 -5.6001 12.211 -1.25 -9.069
3 16 12.211 -1.25 -9.069 5.2198 -1.25 -5.6001 12.3492 -1.25 -8.5532
3 16 12.3492 -1.25 -8.5532 12.3492 0 -8.5532 20 -1.25 -9.5601
3 16 20 -1.25 -9.5601 12.3492 0 -8.5532 20 0 -9.5601
3 16 5.2198 0 -5.6001 5.2198 -1.25 -5.6001 4.7956 -0.4939 -5.2168
3 16 4.7956 -0.4939 -5.2168 5.2198 -1.25 -5.6001 4.5089 -1.25 -5.0546
3 16 5.2198 -1.25 -5.6001 5.2198 0 -5.6001 12.3492 -1.25 -8.5532
3 16 12.3492 -1.25 -8.5532 5.2198 0 -5.6001 12.3492 0 -8.5532
3 16 4.0921 -1.25 -5.4021 4.9528 -1.25 -6.0626 3.6655 -5.2524 -5.0747
3 16 3.6655 -5.2524 -5.0747 4.9528 -1.25 -6.0626 4.9528 -8 -6.0626
3 16 12.211 -8 -9.069 4.9528 -8 -6.0626 12.211 -1.25 -9.069
3 16 12.211 -1.25 -9.069 4.9528 -8 -6.0626 4.9528 -1.25 -6.0626
3 16 20 -1.25 -10.0942 20 -8 -10.0942 12.211 -1.25 -9.069
3 16 12.211 -1.25 -9.069 20 -8 -10.0942 12.211 -8 -9.069
3 16 2.1656 -5.2524 -4.106 3.6655 -5.2524 -5.0747 1.5211 -7.9974 -3.6095
3 16 1.5211 -7.9974 -3.6095 3.6655 -5.2524 -5.0747 4.9528 -8 -6.0626
3 16 6.6233 -0.771 -2.5793 6.9048 -0.0285 -2.6816 4.7956 -0.4939 -5.2168
3 16 4.7956 -0.4939 -5.2168 6.9048 -0.0285 -2.6816 5.2198 0 -5.6001
3 16 3.6655 -5.2524 -5.0747 6.1181 -5.2524 -2.2592 4.0921 -1.25 -5.4021
3 16 4.0921 -1.25 -5.4021 6.1181 -5.2524 -2.2592 4.5089 -1.25 -5.0546
3 16 6.1181 -5.2524 -2.2592 6.4984 -1.5296 -2.5509 4.5089 -1.25 -5.0546
3 16 -1.2808 -5.2524 -1.2807 1.3296 -5.2524 1.3297 2.1656 -5.2524 -4.106
3 16 2.1656 -5.2524 -4.106 1.3296 -5.2524 1.3297 4.3203 -5.2524 -1.2925
3 16 1.3296 -5.2524 1.3297 20 -5.2524 20.0001 4.3203 -5.2524 -1.2925
3 16 6.1181 -5.2524 -2.2592 3.6655 -5.2524 -5.0747 4.3203 -5.2524 -1.2925
3 16 4.3203 -5.2524 -1.2925 3.6655 -5.2524 -5.0747 2.1656 -5.2524 -4.106
3 16 13.2214 -5.2524 -5.298 20 -5.2524 20.0001 20 -5.2524 -6.1901
3 16 6.951 -5.2524 -2.6316 6.4984 -1.5296 -2.5509 6.1181 -5.2524 -2.2592
3 16 6.4984 -1.5296 -2.5509 6.6233 -0.771 -2.5793 4.5089 -1.25 -5.0546
3 16 4.5089 -1.25 -5.0546 6.6233 -0.771 -2.5793 4.7956 -0.4939 -5.2168
3 16 6.9048 -0.0285 -2.6816 6.6233 -0.771 -2.5793 6.951 -5.2524 -2.6316
3 16 6.6233 -0.771 -2.5793 6.4984 -1.5296 -2.5509 6.951 -5.2524 -2.6316
3 16 6.9048 -0.0285 -2.6816 6.951 -5.2524 -2.6316 13.2214 -0.0285 -5.298
3 16 13.2214 -0.0285 -5.298 6.951 -5.2524 -2.6316 13.2214 -5.2524 -5.298
3 16 13.2214 -0.0285 -5.298 13.2214 -5.2524 -5.298 20 -0.0285 -6.1902
3 16 20 -0.0285 -6.1902 13.2214 -5.2524 -5.298 20 -5.2524 -6.1901
3 16 13.2214 -0.0285 -5.298 20 -0.0285 -6.1902 12.3492 0 -8.5532
3 16 12.3492 0 -8.5532 20 -0.0285 -6.1902 20 0 -9.5601
3 16 5.2198 0 -5.6001 6.9048 -0.0285 -2.6816 12.3492 0 -8.5532
3 16 12.3492 0 -8.5532 6.9048 -0.0285 -2.6816 13.2214 -0.0285 -5.298
3 16 6.951 -5.2524 -2.6316 20 -5.2524 20.0001 13.2214 -5.2524 -5.298
3 16 20 -5.2524 20.0001 6.951 -5.2524 -2.6316 6.1181 -5.2524 -2.2592
3 16 4.9528 -8 -6.0626 20 -8 20 1.5211 -7.9974 -3.6095
3 16 20 -8 20 4.9528 -8 -6.0626 12.211 -8 -9.069
3 16 20 -8 -10.0942 20 -8 20 12.211 -8 -9.069
3 16 20 -8 20 -10.0942 -8 20 -9.069 -8 12.211
3 16 20 -8 20 -9.069 -8 12.211 -6.0626 -8 4.9528
3 16 -1.2808 -8 -1.2808 20 -8 20 -4.0262 -7.9974 2.0644
3 16 -4.1061 -5.2524 2.1657 -4.0262 -7.9974 2.0644 -5.0748 -5.2524 3.6656
3 16 -5.0748 -5.2524 3.6656 -4.0262 -7.9974 2.0644 -6.0626 -8 4.9528
3 16 -4.0262 -7.9974 2.0644 20 -8 20 -6.0626 -8 4.9528
3 16 -1.2808 -8 -1.2808 -1.2808 -5.2524 -1.2807 1.5211 -7.9974 -3.6095
3 16 1.5211 -7.9974 -3.6095 -1.2808 -5.2524 -1.2807 2.1656 -5.2524 -4.106
3 16 1.5211 -7.9974 -3.6095 20 -8 20 -1.2808 -8 -1.2808
3 16 20 -8 50.0942 20 -1.25 50.0942 12.211 -8 49.069
3 16 12.211 -8 49.069 20 -1.25 50.0942 12.211 -1.25 49.069
3 16 12.211 -1.25 49.069 4.9528 -1.25 46.0626 12.211 -8 49.069
3 16 12.211 -8 49.069 4.9528 -1.25 46.0626 4.9528 -8 46.0626
3 16 12.211 -1.25 49.069 20 -1.25 50.0942 12.3492 -1.25 48.5532
3 16 12.3492 -1.25 48.5532 20 -1.25 50.0942 20 -1.25 49.5601
3 16 4.0921 -1.25 45.4021 4.9528 -1.25 46.0626 4.5089 -1.25 45.0546
3 16 4.5089 -1.25 45.0546 4.9528 -1.25 46.0626 5.2198 -1.25 45.6001
3 16 4.9528 -1.25 46.0626 12.211 -1.25 49.069 5.2198 -1.25 45.6001
3 16 5.2198 -1.25 45.6001 12.211 -1.25 49.069 12.3492 -1.25 48.5532
3 16 12.3492 -1.25 48.5532 20 -1.25 49.5601 12.3492 0 48.5532
3 16 12.3492 0 48.5532 20 -1.25 49.5601 20 0 49.5601
3 16 5.2198 0 45.6001 4.7956 -0.4939 45.2168 5.2198 -1.25 45.6001
3 16 5.2198 -1.25 45.6001 4.7956 -0.4939 45.2168 4.5089 -1.25 45.0546
3 16 5.2198 -1.25 45.6001 12.3492 -1.25 48.5532 5.2198 0 45.6001
3 16 5.2198 0 45.6001 12.3492 -1.25 48.5532 12.3492 0 48.5532
3 16 4.9528 -8 46.0626 4.9528 -1.25 46.0626 3.6655 -5.2524 45.0749
3 16 3.6655 -5.2524 45.0749 4.9528 -1.25 46.0626 4.0921 -1.25 45.4021
3 16 -1.2808 -5.2524 41.2809 2.1656 -5.2524 44.1062 1.3296 -5.2524 38.6705
3 16 1.3296 -5.2524 38.6705 2.1656 -5.2524 44.1062 4.3203 -5.2524 41.2926
3 16 12.3492 0 48.5532 20 0 49.5601 13.2214 -0.0285 45.298
3 16 13.2214 -0.0285 45.298 20 0 49.5601 20 -0.0285 46.1902
3 16 6.9048 -0.0285 42.6816 5.2198 0 45.6001 13.2214 -0.0285 45.298
3 16 13.2214 -0.0285 45.298 5.2198 0 45.6001 12.3492 0 48.5532
3 16 3.6655 -5.2524 45.0749 4.0921 -1.25 45.4021 6.1181 -5.2524 42.2592
3 16 4.0921 -1.25 45.4021 4.5089 -1.25 45.0546 6.1181 -5.2524 42.2592
3 16 6.1181 -5.2524 42.2592 4.5089 -1.25 45.0546 6.4984 -1.5296 42.5509
3 16 2.1656 -5.2524 44.1062 3.6655 -5.2524 45.0749 4.3203 -5.2524 41.2926
3 16 4.3203 -5.2524 41.2926 3.6655 -5.2524 45.0749 6.1181 -5.2524 42.2592
3 16 2.1656 -5.2524 44.1062 -1.2808 -5.2524 41.2809 2.0644 -7.9974 44.0262
3 16 2.0644 -7.9974 44.0262 -1.2808 -5.2524 41.2809 -1.2808 -8 41.2808
3 16 5.2198 0 45.6001 6.9048 -0.0285 42.6816 4.7956 -0.4939 45.2168
3 16 4.7956 -0.4939 45.2168 6.9048 -0.0285 42.6816 6.6233 -0.771 42.5793
3 16 1.3296 -5.2524 38.6705 4.3203 -5.2524 41.2926 20 -5.2524 20.0001
3 16 13.2214 -5.2524 45.2981 20 -5.2524 46.1903 20 -5.2524 20.0001
3 16 4.7956 -0.4939 45.2168 6.6233 -0.771 42.5793 4.5089 -1.25 45.0546
3 16 4.5089 -1.25 45.0546 6.6233 -0.771 42.5793 6.4984 -1.5296 42.5509
3 16 6.9048 -0.0285 42.6816 6.951 -5.2524 42.6317 6.6233 -0.771 42.5793
3 16 6.6233 -0.771 42.5793 6.951 -5.2524 42.6317 6.4984 -1.5296 42.5509
3 16 6.9048 -0.0285 42.6816 13.2214 -0.0285 45.298 6.951 -5.2524 42.6317
3 16 6.951 -5.2524 42.6317 13.2214 -0.0285 45.298 13.2214 -5.2524 45.2981
3 16 13.2214 -0.0285 45.298 20 -0.0285 46.1902 13.2214 -5.2524 45.2981
3 16 13.2214 -5.2524 45.2981 20 -0.0285 46.1902 20 -5.2524 46.1903
3 16 6.951 -5.2524 42.6317 13.2214 -5.2524 45.2981 20 -5.2524 20.0001
3 16 20 -5.2524 20.0001 4.3203 -5.2524 41.2926 6.1181 -5.2524 42.2592
3 16 6.951 -5.2524 42.6317 6.1181 -5.2524 42.2592 6.4984 -1.5296 42.5509
3 16 -9.069 -1.25 27.789 -8.5532 -1.25 27.6508 -10.0942 -1.25 20
3 16 -10.0942 -1.25 20 -8.5532 -1.25 27.6508 -9.5601 -1.25 20
3 16 -5.6001 -1.25 34.7802 -6.0626 -1.25 35.0472 -5.0546 -1.25 35.4912
3 16 -5.0546 -1.25 35.4912 -6.0626 -1.25 35.0472 -5.4021 -1.25 35.9079
3 16 -6.0626 -1.25 35.0472 -5.6001 -1.25 34.7802 -9.069 -1.25 27.789
3 16 -9.069 -1.25 27.789 -5.6001 -1.25 34.7802 -8.5532 -1.25 27.6508
3 16 -8.5532 -1.25 27.6508 -8.5532 0 27.6508 -9.5601 -1.25 20
3 16 -9.5601 -1.25 20 -8.5532 0 27.6508 -9.5601 0 20
3 16 -5.6001 0 34.7802 -5.6001 -1.25 34.7802 -5.2168 -0.4939 35.2044
3 16 -5.2168 -0.4939 35.2044 -5.6001 -1.25 34.7802 -5.0546 -1.25 35.4912
3 16 -5.6001 -1.25 34.7802 -5.6001 0 34.7802 -8.5532 -1.25 27.6508
3 16 -8.5532 -1.25 27.6508 -5.6001 0 34.7802 -8.5532 0 27.6508
3 16 -5.4021 -1.25 35.9079 -6.0626 -1.25 35.0472 -5.0748 -5.2524 36.3346
3 16 -5.0748 -5.2524 36.3346 -6.0626 -1.25 35.0472 -6.0626 -8 35.0472
3 16 -9.069 -8 27.789 -6.0626 -8 35.0472 -9.069 -1.25 27.789
3 16 -9.069 -1.25 27.789 -6.0626 -8 35.0472 -6.0626 -1.25 35.0472
3 16 -10.0942 -1.25 20 -10.0942 -8 20 -9.069 -1.25 27.789
3 16 -9.069 -1.25 27.789 -10.0942 -8 20 -9.069 -8 27.789
3 16 -4.1061 -5.2524 37.8345 -5.0748 -5.2524 36.3346 -3.6094 -7.9974 38.4789
3 16 -3.6094 -7.9974 38.4789 -5.0748 -5.2524 36.3346 -6.0626 -8 35.0472
3 16 -2.5793 -0.771 33.3767 -2.6816 -0.0285 33.0952 -5.2168 -0.4939 35.2044
3 16 -5.2168 -0.4939 35.2044 -2.6816 -0.0285 33.0952 -5.6001 0 34.7802
3 16 -5.0748 -5.2524 36.3346 -2.2592 -5.2524 33.8819 -5.4021 -1.25 35.9079
3 16 -5.4021 -1.25 35.9079 -2.2592 -5.2524 33.8819 -5.0546 -1.25 35.4912
3 16 -2.2592 -5.2524 33.8819 -2.5509 -1.5296 33.5016 -5.0546 -1.25 35.4912
3 16 -1.2808 -5.2524 41.2809 1.3296 -5.2524 38.6705 -4.1061 -5.2524 37.8345
3 16 -4.1061 -5.2524 37.8345 1.3296 -5.2524 38.6705 -1.2925 -5.2524 35.6798
3 16 1.3296 -5.2524 38.6705 20 -5.2524 20.0001 -1.2925 -5.2524 35.6798
3 16 -2.2592 -5.2524 33.8819 -5.0748 -5.2524 36.3346 -1.2925 -5.2524 35.6798
3 16 -1.2925 -5.2524 35.6798 -5.0748 -5.2524 36.3346 -4.1061 -5.2524 37.8345
3 16 -5.298 -5.2524 26.7787 20 -5.2524 20.0001 -6.1902 -5.2524 20.0001
3 16 -2.6316 -5.2524 33.0491 -2.5509 -1.5296 33.5016 -2.2592 -5.2524 33.8819
3 16 -2.5509 -1.5296 33.5016 -2.5793 -0.771 33.3767 -5.0546 -1.25 35.4912
3 16 -5.0546 -1.25 35.4912 -2.5793 -0.771 33.3767 -5.2168 -0.4939 35.2044
3 16 -2.6816 -0.0285 33.0952 -2.5793 -0.771 33.3767 -2.6316 -5.2524 33.0491
3 16 -2.5793 -0.771 33.3767 -2.5509 -1.5296 33.5016 -2.6316 -5.2524 33.0491
3 16 -2.6816 -0.0285 33.0952 -2.6316 -5.2524 33.0491 -5.298 -0.0285 26.7786
3 16 -5.298 -0.0285 26.7786 -2.6316 -5.2524 33.0491 -5.298 -5.2524 26.7787
3 16 -5.298 -0.0285 26.7786 -5.298 -5.2524 26.7787 -6.1902 -0.0285 20
3 16 -6.1902 -0.0285 20 -5.298 -5.2524 26.7787 -6.1902 -5.2524 20.0001
3 16 -5.298 -0.0285 26.7786 -6.1902 -0.0285 20 -8.5532 0 27.6508
3 16 -8.5532 0 27.6508 -6.1902 -0.0285 20 -9.5601 0 20
3 16 -5.6001 0 34.7802 -2.6816 -0.0285 33.0952 -8.5532 0 27.6508
3 16 -8.5532 0 27.6508 -2.6816 -0.0285 33.0952 -5.298 -0.0285 26.7786
3 16 -2.6316 -5.2524 33.0491 20 -5.2524 20.0001 -5.298 -5.2524 26.7787
3 16 20 -5.2524 20.0001 -2.6316 -5.2524 33.0491 -2.2592 -5.2524 33.8819
3 16 -6.0626 -8 35.0472 20 -8 20 -3.6094 -7.9974 38.4789
3 16 20 -8 20 -6.0626 -8 35.0472 -9.069 -8 27.789
3 16 -10.0942 -8 20 20 -8 20 -9.069 -8 27.789
3 16 20 -8 20 20 -8 50.0942 12.211 -8 49.069
3 16 20 -8 20 12.211 -8 49.069 4.9528 -8 46.0626
3 16 -1.2808 -8 41.2808 20 -8 20 2.0644 -7.9974 44.0262
3 16 2.1656 -5.2524 44.1062 2.0644 -7.9974 44.0262 3.6655 -5.2524 45.0749
3 16 3.6655 -5.2524 45.0749 2.0644 -7.9974 44.0262 4.9528 -8 46.0626
3 16 2.0644 -7.9974 44.0262 20 -8 20 4.9528 -8 46.0626
3 16 -1.2808 -8 41.2808 -1.2808 -5.2524 41.2809 -3.6094 -7.9974 38.4789
3 16 -3.6094 -7.9974 38.4789 -1.2808 -5.2524 41.2809 -4.1061 -5.2524 37.8345
3 16 -3.6094 -7.9974 38.4789 20 -8 20 -1.2808 -8 41.2808
3 16 20 -5.2524 20.0001 -2.2592 -5.2524 6.1181 -2.6316 -5.2524 6.9511
3 16 20 -5.2524 20.0001 6.1181 -5.2524 -2.2592 4.3203 -5.2524 -1.2925
3 16 20 -5.2524 20.0001 33.8819 -5.2524 -2.2592 33.049 -5.2524 -2.6316
3 16 20 -5.2524 20.0001 42.2592 -5.2524 6.1181 41.2925 -5.2524 4.3203
3 16 20 -5.2524 20.0001 42.2592 -5.2524 33.8819 42.6316 -5.2524 33.0491
3 16 20 -5.2524 20.0001 33.8819 -5.2524 42.2592 35.6797 -5.2524 41.2926
3 16 20 -5.2524 20.0001 6.1181 -5.2524 42.2592 6.951 -5.2524 42.6317
3 16 20 -5.2524 20.0001 -2.2592 -5.2524 33.8819 -1.2925 -5.2524 35.6798
3 16 15.5396 0 13.1983 13.1983 0 15.5396 17.3124 0 14.2218
3 16 17.3124 0 14.2218 13.1983 0 15.5396 14.2218 0 17.3123
3 16 14.2218 0 17.3123 13.1983 0 15.5396 10 0 18.4436
3 16 10 0 18.4436 13.1983 0 15.5396 10 0 16.3966
3 16 10 0 16.3966 6.8017 0 15.5396 10 0 18.4436
3 16 10 0 18.4436 6.8017 0 15.5396 5.7782 0 17.3123
3 16 6.8017 0 15.5396 4.4604 0 13.1983 5.7782 0 17.3123
3 16 5.7782 0 17.3123 4.4604 0 13.1983 2.6876 0 14.2218
3 16 4.4604 0 13.1983 3.6034 0 10 2.6876 0 14.2218
3 16 2.6876 0 14.2218 3.6034 0 10 1.5564 0 10
3 16 3.6034 0 10 4.4604 0 6.8017 1.5564 0 10
3 16 1.5564 0 10 4.4604 0 6.8017 2.6876 0 5.7782
3 16 4.4604 0 6.8017 6.8017 0 4.4604 2.6876 0 5.7782
3 16 2.6876 0 5.7782 6.8017 0 4.4604 5.7782 0 2.6877
3 16 6.8017 0 4.4604 10 0 3.6034 5.7782 0 2.6877
3 16 5.7782 0 2.6877 10 0 3.6034 10 0 1.5564
3 16 10 0 3.6034 13.1983 0 4.4604 10 0 1.5564
3 16 10 0 1.5564 13.1983 0 4.4604 14.2218 0 2.6877
3 16 13.1983 0 4.4604 15.5396 0 6.8017 14.2218 0 2.6877
3 16 14.2218 0 2.6877 15.5396 0 6.8017 17.3124 0 5.7782
3 16 15.5396 0 6.8017 16.3966 0 10 17.3124 0 5.7782
3 16 17.3124 0 5.7782 16.3966 0 10 18.4436 0 10
3 16 16.3966 0 10 15.5396 0 13.1983 18.4436 0 10
3 16 18.4436 0 10 15.5396 0 13.1983 17.3124 0 14.2218
3 16 10 -5.25 18.4436 14.2218 -5.25 17.3123 10 0 18.4436
3 16 10 0 18.4436 14.2218 -5.25 17.3123 14.2218 0 17.3123
3 16 5.7782 -5.25 17.3123 10 -5.25 18.4436 5.7782 0 17.3123
3 16 5.7782 0 17.3123 10 -5.25 18.4436 10 0 18.4436
3 16 2.6876 -5.25 14.2218 5.7782 -5.25 17.3123 2.6876 0 14.2218
3 16 2.6876 0 14.2218 5.7782 -5.25 17.3123 5.7782 0 17.3123
3 16 1.5564 -5.25 10 2.6876 -5.25 14.2218 1.5564 0 10
3 16 1.5564 0 10 2.6876 -5.25 14.2218 2.6876 0 14.2218
3 16 2.6876 -5.25 5.7782 1.5564 -5.25 10 2.6876 0 5.7782
3 16 2.6876 0 5.7782 1.5564 -5.25 10 1.5564 0 10
3 16 5.7782 -5.25 2.6877 2.6876 -5.25 5.7782 5.7782 0 2.6877
3 16 5.7782 0 2.6877 2.6876 -5.25 5.7782 2.6876 0 5.7782
3 16 10 -5.25 1.5564 5.7782 -5.25 2.6877 10 0 1.5564
3 16 10 0 1.5564 5.7782 -5.25 2.6877 5.7782 0 2.6877
3 16 14.2218 -5.25 2.6877 10 -5.25 1.5564 14.2218 0 2.6877
3 16 14.2218 0 2.6877 10 -5.25 1.5564 10 0 1.5564
3 16 17.3124 -5.25 5.7782 14.2218 -5.25 2.6877 17.3124 0 5.7782
3 16 17.3124 0 5.7782 14.2218 -5.25 2.6877 14.2218 0 2.6877
3 16 18.4436 -5.25 10 17.3124 -5.25 5.7782 18.4436 0 10
3 16 18.4436 0 10 17.3124 -5.25 5.7782 17.3124 0 5.7782
3 16 17.3124 -5.25 14.2218 18.4436 -5.25 10 17.3124 0 14.2218
3 16 17.3124 0 14.2218 18.4436 -5.25 10 18.4436 0 10
3 16 13.1983 0 15.5396 15.5396 0 13.1983 13.1983 -5.0063 15.5396
3 16 13.1983 -5.0063 15.5396 15.5396 0 13.1983 15.5396 -5.0063 13.1983
3 16 10 0 16.3966 13.1983 0 15.5396 10 -5.0063 16.3966
3 16 10 -5.0063 16.3966 13.1983 0 15.5396 13.1983 -5.0063 15.5396
3 16 6.8017 0 15.5396 10 0 16.3966 6.8017 -5.0063 15.5396
3 16 6.8017 -5.0063 15.5396 10 0 16.3966 10 -5.0063 16.3966
3 16 4.4604 0 13.1983 6.8017 0 15.5396 4.4604 -5.0063 13.1983
3 16 4.4604 -5.0063 13.1983 6.8017 0 15.5396 6.8017 -5.0063 15.5396
3 16 3.6034 0 10 4.4604 0 13.1983 3.6034 -5.0063 10
3 16 3.6034 -5.0063 10 4.4604 0 13.1983 4.4604 -5.0063 13.1983
3 16 4.4604 0 6.8017 3.6034 0 10 4.4604 -5.0063 6.8017
3 16 4.4604 -5.0063 6.8017 3.6034 0 10 3.6034 -5.0063 10
3 16 6.8017 0 4.4604 4.4604 0 6.8017 6.8017 -5.0063 4.4604
3 16 6.8017 -5.0063 4.4604 4.4604 0 6.8017 4.4604 -5.0063 6.8017
3 16 10 0 3.6034 6.8017 0 4.4604 10 -5.0063 3.6034
3 16 10 -5.0063 3.6034 6.8017 0 4.4604 6.8017 -5.0063 4.4604
3 16 13.1983 0 4.4604 10 0 3.6034 13.1983 -5.0063 4.4604
3 16 13.1983 -5.0063 4.4604 10 0 3.6034 10 -5.0063 3.6034
3 16 15.5396 0 6.8017 13.1983 0 4.4604 15.5396 -5.0063 6.8017
3 16 15.5396 -5.0063 6.8017 13.1983 0 4.4604 13.1983 -5.0063 4.4604
3 16 16.3966 0 10 15.5396 0 6.8017 16.3966 -5.0063 10
3 16 16.3966 -5.0063 10 15.5396 0 6.8017 15.5396 -5.0063 6.8017
3 16 15.5396 0 13.1983 16.3966 0 10 15.5396 -5.0063 13.1983
3 16 15.5396 -5.0063 13.1983 16.3966 0 10 16.3966 -5.0063 10
3 16 17.3124 0 14.2218 14.2218 0 17.3123 17.3124 -5.25 14.2218
3 16 17.3124 -5.25 14.2218 14.2218 0 17.3123 14.2218 -5.25 17.3123
3 16 15.5396 0 33.1983 13.1983 0 35.5396 17.3124 0 34.2218
3 16 17.3124 0 34.2218 13.1983 0 35.5396 14.2218 0 37.3123
3 16 14.2218 0 37.3123 13.1983 0 35.5396 10 0 38.4436
3 16 10 0 38.4436 13.1983 0 35.5396 10 0 36.3966
3 16 10 0 36.3966 6.8017 0 35.5396 10 0 38.4436
3 16 10 0 38.4436 6.8017 0 35.5396 5.7782 0 37.3123
3 16 6.8017 0 35.5396 4.4604 0 33.1983 5.7782 0 37.3123
3 16 5.7782 0 37.3123 4.4604 0 33.1983 2.6876 0 34.2218
3 16 4.4604 0 33.1983 3.6034 0 30 2.6876 0 34.2218
3 16 2.6876 0 34.2218 3.6034 0 30 1.5564 0 30
3 16 3.6034 0 30 4.4604 0 26.8017 1.5564 0 30
3 16 1.5564 0 30 4.4604 0 26.8017 2.6876 0 25.7782
3 16 4.4604 0 26.8017 6.8017 0 24.4604 2.6876 0 25.7782
3 16 2.6876 0 25.7782 6.8017 0 24.4604 5.7782 0 22.6877
3 16 6.8017 0 24.4604 10 0 23.6034 5.7782 0 22.6877
3 16 5.7782 0 22.6877 10 0 23.6034 10 0 21.5565
3 16 10 0 23.6034 13.1983 0 24.4604 10 0 21.5565
3 16 10 0 21.5565 13.1983 0 24.4604 14.2218 0 22.6877
3 16 13.1983 0 24.4604 15.5396 0 26.8017 14.2218 0 22.6877
3 16 14.2218 0 22.6877 15.5396 0 26.8017 17.3124 0 25.7782
3 16 15.5396 0 26.8017 16.3966 0 30 17.3124 0 25.7782
3 16 17.3124 0 25.7782 16.3966 0 30 18.4436 0 30
3 16 16.3966 0 30 15.5396 0 33.1983 18.4436 0 30
3 16 18.4436 0 30 15.5396 0 33.1983 17.3124 0 34.2218
3 16 10 -5.25 38.4436 14.2218 -5.25 37.3123 10 0 38.4436
3 16 10 0 38.4436 14.2218 -5.25 37.3123 14.2218 0 37.3123
3 16 5.7782 -5.25 37.3123 10 -5.25 38.4436 5.7782 0 37.3123
3 16 5.7782 0 37.3123 10 -5.25 38.4436 10 0 38.4436
3 16 2.6876 -5.25 34.2218 5.7782 -5.25 37.3123 2.6876 0 34.2218
3 16 2.6876 0 34.2218 5.7782 -5.25 37.3123 5.7782 0 37.3123
3 16 1.5564 -5.25 30 2.6876 -5.25 34.2218 1.5564 0 30
3 16 1.5564 0 30 2.6876 -5.25 34.2218 2.6876 0 34.2218
3 16 2.6876 -5.25 25.7782 1.5564 -5.25 30 2.6876 0 25.7782
3 16 2.6876 0 25.7782 1.5564 -5.25 30 1.5564 0 30
3 16 5.7782 -5.25 22.6877 2.6876 -5.25 25.7782 5.7782 0 22.6877
3 16 5.7782 0 22.6877 2.6876 -5.25 25.7782 2.6876 0 25.7782
3 16 10 -5.25 21.5565 5.7782 -5.25 22.6877 10 0 21.5565
3 16 10 0 21.5565 5.7782 -5.25 22.6877 5.7782 0 22.6877
3 16 14.2218 -5.25 22.6877 10 -5.25 21.5565 14.2218 0 22.6877
3 16 14.2218 0 22.6877 10 -5.25 21.5565 10 0 21.5565
3 16 17.3124 -5.25 25.7782 14.2218 -5.25 22.6877 17.3124 0 25.7782
3 16 17.3124 0 25.7782 14.2218 -5.25 22.6877 14.2218 0 22.6877
3 16 18.4436 -5.25 30 17.3124 -5.25 25.7782 18.4436 0 30
3 16 18.4436 0 30 17.3124 -5.25 25.7782 17.3124 0 25.7782
3 16 17.3124 -5.25 34.2218 18.4436 -5.25 30 17.3124 0 34.2218
3 16 17.3124 0 34.2218 18.4436 -5.25 30 18.4436 0 30
3 16 13.1983 0 35.5396 15.5396 0 33.1983 13.1983 -5.0063 35.5396
3 16 13.1983 -5.0063 35.5396 15.5396 0 33.1983 15.5396 -5.0063 33.1983
3 16 10 0 36.3966 13.1983 0 35.5396 10 -5.0063 36.3966
3 16 10 -5.0063 36.3966 13.1983 0 35.5396 13.1983 -5.0063 35.5396
3 16 6.8017 0 35.5396 10 0 36.3966 6.8017 -5.0063 35.5396
3 16 6.8017 -5.0063 35.5396 10 0 36.3966 10 -5.0063 36.3966
3 16 4.4604 0 33.1983 6.8017 0 35.5396 4.4604 -5.0063 33.1983
3 16 4.4604 -5.0063 33.1983 6.8017 0 35.5396 6.8017 -5.0063 35.5396
3 16 3.6034 0 30 4.4604 0 33.1983 3.6034 -5.0063 30
3 16 3.6034 -5.0063 30 4.4604 0 33.1983 4.4604 -5.0063 33.1983
3 16 4.4604 0 26.8017 3.6034 0 30 4.4604 -5.0063 26.8017
3 16 4.4604 -5.0063 26.8017 3.6034 0 30 3.6034 -5.0063 30
3 16 6.8017 0 24.4604 4.4604 0 26.8017 6.8017 -5.0063 24.4604
3 16 6.8017 -5.0063 24.4604 4.4604 0 26.8017 4.4604 -5.0063 26.8017
3 16 10 0 23.6034 6.8017 0 24.4604 10 -5.0063 23.6034
3 16 10 -5.0063 23.6034 6.8017 0 24.4604 6.8017 -5.0063 24.4604
3 16 13.1983 0 24.4604 10 0 23.6034 13.1983 -5.0063 24.4604
3 16 13.1983 -5.0063 24.4604 10 0 23.6034 10 -5.0063 23.6034
3 16 15.5396 0 26.8017 13.1983 0 24.4604 15.5396 -5.0063 26.8017
3 16 15.5396 -5.0063 26.8017 13.1983 0 24.4604 13.1983 -5.0063 24.4604
3 16 16.3966 0 30 15.5396 0 26.8017 16.3966 -5.0063 30
3 16 16.3966 -5.0063 30 15.5396 0 26.8017 15.5396 -5.0063 26.8017
3 16 15.5396 0 33.1983 16.3966 0 30 15.5396 -5.0063 33.1983
3 16 15.5396 -5.0063 33.1983 16.3966 0 30 16.3966 -5.0063 30
3 16 17.3124 0 34.2218 14.2218 0 37.3123 17.3124 -5.25 34.2218
3 16 17.3124 -5.25 34.2218 14.2218 0 37.3123 14.2218 -5.25 37.3123
3 16 35.5396 0 13.1983 33.1983 0 15.5396 37.3124 0 14.2218
3 16 37.3124 0 14.2218 33.1983 0 15.5396 34.2218 0 17.3123
3 16 34.2218 0 17.3123 33.1983 0 15.5396 30 0 18.4436
3 16 30 0 18.4436 33.1983 0 15.5396 30 0 16.3966
3 16 30 0 16.3966 26.8017 0 15.5396 30 0 18.4436
3 16 30 0 18.4436 26.8017 0 15.5396 25.7782 0 17.3123
3 16 26.8017 0 15.5396 24.4604 0 13.1983 25.7782 0 17.3123
3 16 25.7782 0 17.3123 24.4604 0 13.1983 22.6877 0 14.2218
3 16 24.4604 0 13.1983 23.6034 0 10 22.6877 0 14.2218
3 16 22.6877 0 14.2218 23.6034 0 10 21.5565 0 10
3 16 23.6034 0 10 24.4604 0 6.8017 21.5565 0 10
3 16 21.5565 0 10 24.4604 0 6.8017 22.6877 0 5.7782
3 16 24.4604 0 6.8017 26.8017 0 4.4604 22.6877 0 5.7782
3 16 22.6877 0 5.7782 26.8017 0 4.4604 25.7782 0 2.6877
3 16 26.8017 0 4.4604 30 0 3.6034 25.7782 0 2.6877
3 16 25.7782 0 2.6877 30 0 3.6034 30 0 1.5564
3 16 30 0 3.6034 33.1983 0 4.4604 30 0 1.5564
3 16 30 0 1.5564 33.1983 0 4.4604 34.2218 0 2.6877
3 16 33.1983 0 4.4604 35.5396 0 6.8017 34.2218 0 2.6877
3 16 34.2218 0 2.6877 35.5396 0 6.8017 37.3124 0 5.7782
3 16 35.5396 0 6.8017 36.3966 0 10 37.3124 0 5.7782
3 16 37.3124 0 5.7782 36.3966 0 10 38.4436 0 10
3 16 36.3966 0 10 35.5396 0 13.1983 38.4436 0 10
3 16 38.4436 0 10 35.5396 0 13.1983 37.3124 0 14.2218
3 16 30 -5.25 18.4436 34.2218 -5.25 17.3123 30 0 18.4436
3 16 30 0 18.4436 34.2218 -5.25 17.3123 34.2218 0 17.3123
3 16 25.7782 -5.25 17.3123 30 -5.25 18.4436 25.7782 0 17.3123
3 16 25.7782 0 17.3123 30 -5.25 18.4436 30 0 18.4436
3 16 22.6877 -5.25 14.2218 25.7782 -5.25 17.3123 22.6877 0 14.2218
3 16 22.6877 0 14.2218 25.7782 -5.25 17.3123 25.7782 0 17.3123
3 16 21.5565 -5.25 10 22.6877 -5.25 14.2218 21.5565 0 10
3 16 21.5565 0 10 22.6877 -5.25 14.2218 22.6877 0 14.2218
3 16 22.6877 -5.25 5.7782 21.5565 -5.25 10 22.6877 0 5.7782
3 16 22.6877 0 5.7782 21.5565 -5.25 10 21.5565 0 10
3 16 25.7782 -5.25 2.6877 22.6877 -5.25 5.7782 25.7782 0 2.6877
3 16 25.7782 0 2.6877 22.6877 -5.25 5.7782 22.6877 0 5.7782
3 16 30 -5.25 1.5564 25.7782 -5.25 2.6877 30 0 1.5564
3 16 30 0 1.5564 25.7782 -5.25 2.6877 25.7782 0 2.6877
3 16 34.2218 -5.25 2.6877 30 -5.25 1.5564 34.2218 0 2.6877
3 16 34.2218 0 2.6877 30 -5.25 1.5564 30 0 1.5564
3 16 37.3124 -5.25 5.7782 34.2218 -5.25 2.6877 37.3124 0 5.7782
3 16 37.3124 0 5.7782 34.2218 -5.25 2.6877 34.2218 0 2.6877
3 16 38.4436 -5.25 10 37.3124 -5.25 5.7782 38.4436 0 10
3 16 38.4436 0 10 37.3124 -5.25 5.7782 37.3124 0 5.7782
3 16 37.3124 -5.25 14.2218 38.4436 -5.25 10 37.3124 0 14.2218
3 16 37.3124 0 14.2218 38.4436 -5.25 10 38.4436 0 10
3 16 33.1983 0 15.5396 35.5396 0 13.1983 33.1983 -5.0063 15.5396
3 16 33.1983 -5.0063 15.5396 35.5396 0 13.1983 35.5396 -5.0063 13.1983
3 16 30 0 16.3966 33.1983 0 15.5396 30 -5.0063 16.3966
3 16 30 -5.0063 16.3966 33.1983 0 15.5396 33.1983 -5.0063 15.5396
3 16 26.8017 0 15.5396 30 0 16.3966 26.8017 -5.0063 15.5396
3 16 26.8017 -5.0063 15.5396 30 0 16.3966 30 -5.0063 16.3966
3 16 24.4604 0 13.1983 26.8017 0 15.5396 24.4604 -5.0063 13.1983
3 16 24.4604 -5.0063 13.1983 26.8017 0 15.5396 26.8017 -5.0063 15.5396
3 16 23.6034 0 10 24.4604 0 13.1983 23.6034 -5.0063 10
3 16 23.6034 -5.0063 10 24.4604 0 13.1983 24.4604 -5.0063 13.1983
3 16 24.4604 0 6.8017 23.6034 0 10 24.4604 -5.0063 6.8017
3 16 24.4604 -5.0063 6.8017 23.6034 0 10 23.6034 -5.0063 10
3 16 26.8017 0 4.4604 24.4604 0 6.8017 26.8017 -5.0063 4.4604
3 16 26.8017 -5.0063 4.4604 24.4604 0 6.8017 24.4604 -5.0063 6.8017
3 16 30 0 3.6034 26.8017 0 4.4604 30 -5.0063 3.6034
3 16 30 -5.0063 3.6034 26.8017 0 4.4604 26.8017 -5.0063 4.4604
3 16 33.1983 0 4.4604 30 0 3.6034 33.1983 -5.0063 4.4604
3 16 33.1983 -5.0063 4.4604 30 0 3.6034 30 -5.0063 3.6034
3 16 35.5396 0 6.8017 33.1983 0 4.4604 35.5396 -5.0063 6.8017
3 16 35.5396 -5.0063 6.8017 33.1983 0 4.4604 33.1983 -5.0063 4.4604
3 16 36.3966 0 10 35.5396 0 6.8017 36.3966 -5.0063 10
3 16 36.3966 -5.0063 10 35.5396 0 6.8017 35.5396 -5.0063 6.8017
3 16 35.5396 0 13.1983 36.3966 0 10 35.5396 -5.0063 13.1983
3 16 35.5396 -5.0063 13.1983 36.3966 0 10 36.3966 -5.0063 10
3 16 37.3124 0 14.2218 34.2218 0 17.3123 37.3124 -5.25 14.2218
3 16 37.3124 -5.25 14.2218 34.2218 0 17.3123 34.2218 -5.25 17.3123
3 16 35.5396 0 33.1983 33.1983 0 35.5396 37.3124 0 34.2218
3 16 37.3124 0 34.2218 33.1983 0 35.5396 34.2218 0 37.3123
3 16 34.2218 0 37.3123 33.1983 0 35.5396 30 0 38.4436
3 16 30 0 38.4436 33.1983 0 35.5396 30 0 36.3966
3 16 30 0 36.3966 26.8017 0 35.5396 30 0 38.4436
3 16 30 0 38.4436 26.8017 0 35.5396 25.7782 0 37.3123
3 16 26.8017 0 35.5396 24.4604 0 33.1983 25.7782 0 37.3123
3 16 25.7782 0 37.3123 24.4604 0 33.1983 22.6877 0 34.2218
3 16 24.4604 0 33.1983 23.6034 0 30 22.6877 0 34.2218
3 16 22.6877 0 34.2218 23.6034 0 30 21.5565 0 30
3 16 23.6034 0 30 24.4604 0 26.8017 21.5565 0 30
3 16 21.5565 0 30 24.4604 0 26.8017 22.6877 0 25.7782
3 16 24.4604 0 26.8017 26.8017 0 24.4604 22.6877 0 25.7782
3 16 22.6877 0 25.7782 26.8017 0 24.4604 25.7782 0 22.6877
3 16 26.8017 0 24.4604 30 0 23.6034 25.7782 0 22.6877
3 16 25.7782 0 22.6877 30 0 23.6034 30 0 21.5565
3 16 30 0 23.6034 33.1983 0 24.4604 30 0 21.5565
3 16 30 0 21.5565 33.1983 0 24.4604 34.2218 0 22.6877
3 16 33.1983 0 24.4604 35.5396 0 26.8017 34.2218 0 22.6877
3 16 34.2218 0 22.6877 35.5396 0 26.8017 37.3124 0 25.7782
3 16 35.5396 0 26.8017 36.3966 0 30 37.3124 0 25.7782
3 16 37.3124 0 25.7782 36.3966 0 30 38.4436 0 30
3 16 36.3966 0 30 35.5396 0 33.1983 38.4436 0 30
3 16 38.4436 0 30 35.5396 0 33.1983 37.3124 0 34.2218
3 16 30 -5.25 38.4436 34.2218 -5.25 37.3123 30 0 38.4436
3 16 30 0 38.4436 34.2218 -5.25 37.3123 34.2218 0 37.3123
3 16 25.7782 -5.25 37.3123 30 -5.25 38.4436 25.7782 0 37.3123
3 16 25.7782 0 37.3123 30 -5.25 38.4436 30 0 38.4436
3 16 22.6877 -5.25 34.2218 25.7782 -5.25 37.3123 22.6877 0 34.2218
3 16 22.6877 0 34.2218 25.7782 -5.25 37.3123 25.7782 0 37.3123
3 16 21.5565 -5.25 30 22.6877 -5.25 34.2218 21.5565 0 30
3 16 21.5565 0 30 22.6877 -5.25 34.2218 22.6877 0 34.2218
3 16 22.6877 -5.25 25.7782 21.5565 -5.25 30 22.6877 0 25.7782
3 16 22.6877 0 25.7782 21.5565 -5.25 30 21.5565 0 30
3 16 25.7782 -5.25 22.6877 22.6877 -5.25 25.7782 25.7782 0 22.6877
3 16 25.7782 0 22.6877 22.6877 -5.25 25.7782 22.6877 0 25.7782
3 16 30 -5.25 21.5565 25.7782 -5.25 22.6877 30 0 21.5565
3 16 30 0 21.5565 25.7782 -5.25 22.6877 25.7782 0 22.6877
3 16 34.2218 -5.25 22.6877 30 -5.25 21.5565 34.2218 0 22.6877
3 16 34.2218 0 22.6877 30 -5.25 21.5565 30 0 21.5565
3 16 37.3124 -5.25 25.7782 34.2218 -5.25 22.6877 37.3124 0 25.7782
3 16 37.3124 0 25.7782 34.2218 -5.25 22.6877 34.2218 0 22.6877
3 16 38.4436 -5.25 30 37.3124 -5.25 25.7782 38.4436 0 30
3 16 38.4436 0 30 37.3124 -5.25 25.7782 37.3124 0 25.7782
3 16 37.3124 -5.25 34.2218 38.4436 -5.25 30 37.3124 0 34.2218
3 16 37.3124 0 34.2218 38.4436 -5.25 30 38.4436 0 30
3 16 33.1983 0 35.5396 35.5396 0 33.1983 33.1983 -5.0063 35.5396
3 16 33.1983 -5.0063 35.5396 35.5396 0 33.1983 35.5396 -5.0063 33.1983
3 16 30 0 36.3966 33.1983 0 35.5396 30 -5.0063 36.3966
3 16 30 -5.0063 36.3966 33.1983 0 35.5396 33.1983 -5.0063 35.5396
3 16 26.8017 0 35.5396 30 0 36.3966 26.8017 -5.0063 35.5396
3 16 26.8017 -5.0063 35.5396 30 0 36.3966 30 -5.0063 36.3966
3 16 24.4604 0 33.1983 26.8017 0 35.5396 24.4604 -5.0063 33.1983
3 16 24.4604 -5.0063 33.1983 26.8017 0 35.5396 26.8017 -5.0063 35.5396
3 16 23.6034 0 30 24.4604 0 33.1983 23.6034 -5.0063 30
3 16 23.6034 -5.0063 30 24.4604 0 33.1983 24.4604 -5.0063 33.1983
3 16 24.4604 0 26.8017 23.6034 0 30 24.4604 -5.0063 26.8017
3 16 24.4604 -5.0063 26.8017 23.6034 0 30 23.6034 -5.0063 30
3 16 26.8017 0 24.4604 24.4604 0 26.8017 26.8017 -5.0063 24.4604
3 16 26.8017 -5.0063 24.4604 24.4604 0 26.8017 24.4604 -5.0063 26.8017
3 16 30 0 23.6034 26.8017 0 24.4604 30 -5.0063 23.6034
3 16 30 -5.0063 23.6034 26.8017 0 24.4604 26.8017 -5.0063 24.4604
3 16 33.1983 0 24.4604 30 0 23.6034 33.1983 -5.0063 24.4604
3 16 33.1983 -5.0063 24.4604 30 0 23.6034 30 -5.0063 23.6034
3 16 35.5396 0 26.8017 33.1983 0 24.4604 35.5396 -5.0063 26.8017
3 16 35.5396 -5.0063 26.8017 33.1983 0 24.4604 33.1983 -5.0063 24.4604
3 16 36.3966 0 30 35.5396 0 26.8017 36.3966 -5.0063 30
3 16 36.3966 -5.0063 30 35.5396 0 26.8017 35.5396 -5.0063 26.8017
3 16 35.5396 0 33.1983 36.3966 0 30 35.5396 -5.0063 33.1983
3 16 35.5396 -5.0063 33.1983 36.3966 0 30 36.3966 -5.0063 30
3 16 37.3124 0 34.2218 34.2218 0 37.3123 37.3124 -5.25 34.2218
3 16 37.3124 -5.25 34.2218 34.2218 0 37.3123 34.2218 -5.25 37.3123
2 24 49.069 -1.25 12.211 50.0942 -1.25 20
2 24 48.5532 -1.25 12.3492 49.5601 -1.25 20
2 24 45.6001 -1.25 5.2198 45.0546 -1.25 4.5089
2 24 46.0626 -1.25 4.9528 45.4021 -1.25 4.0921
2 24 45.0546 -1.25 4.5089 45.4021 -1.25 4.0921
2 24 49.069 -1.25 12.211 46.0626 -1.25 4.9528
2 24 48.5532 -1.25 12.3492 45.6001 -1.25 5.2198
2 24 48.5532 -1.25 12.3492 49.5601 -1.25 20
2 24 48.5532 0 12.3492 49.5601 0 20
2 24 45.6001 0 5.2198 45.2168 -0.4939 4.7956
2 24 45.6001 -1.25 5.2198 45.0546 -1.25 4.5089
2 24 45.2168 -0.4939 4.7956 45.0546 -1.25 4.5089
2 24 48.5532 -1.25 12.3492 45.6001 -1.25 5.2198
2 24 48.5532 0 12.3492 45.6001 0 5.2198
2 24 45.4021 -1.25 4.0921 46.0626 -1.25 4.9528
2 24 45.4021 -1.25 4.0921 45.0748 -5.2524 3.6656
2 24 46.0626 -8 4.9528 49.069 -8 12.211
2 24 46.0626 -1.25 4.9528 49.069 -1.25 12.211
2 24 49.069 -8 12.211 50.0942 -8 20
2 24 49.069 -1.25 12.211 50.0942 -1.25 20
2 24 44.1061 -5.2524 2.1657 41.2808 -5.2524 -1.2807
2 24 44.0262 -7.9974 2.0644 41.2808 -8 -1.2808
2 24 42.5793 -0.771 6.6233 42.6816 -0.0285 6.9048
2 24 42.6816 -0.0285 6.9048 45.6001 0 5.2198
2 24 45.2168 -0.4939 4.7956 45.6001 0 5.2198
2 24 45.0748 -5.2524 3.6656 42.2592 -5.2524 6.1181
2 24 45.0748 -5.2524 3.6656 45.4021 -1.25 4.0921
2 24 45.4021 -1.25 4.0921 45.0546 -1.25 4.5089
2 24 42.2592 -5.2524 6.1181 42.5509 -1.5296 6.4984
2 24 44.1061 -5.2524 2.1657 41.2808 -5.2524 -1.2807
2 24 42.2592 -5.2524 6.1181 45.0748 -5.2524 3.6656
2 24 44.1061 -5.2524 2.1657 45.0748 -5.2524 3.6656
2 24 45.298 -5.2524 13.2215 46.1902 -5.2524 20.0001
2 24 42.5509 -1.5296 6.4984 42.2592 -5.2524 6.1181
2 24 42.6316 -5.2524 6.9511 42.2592 -5.2524 6.1181
2 24 42.5793 -0.771 6.6233 42.5509 -1.5296 6.4984
2 24 45.2168 -0.4939 4.7956 45.0546 -1.25 4.5089
2 24 42.6816 -0.0285 6.9048 42.5793 -0.771 6.6233
2 24 42.5509 -1.5296 6.4984 42.5793 -0.771 6.6233
2 24 42.6816 -0.0285 6.9048 45.298 -0.0285 13.2214
2 24 42.6316 -5.2524 6.9511 45.298 -5.2524 13.2215
2 24 45.298 -0.0285 13.2214 46.1902 -0.0285 20
2 24 45.298 -5.2524 13.2215 46.1902 -5.2524 20.0001
2 24 45.298 -0.0285 13.2214 46.1902 -0.0285 20
2 24 48.5532 0 12.3492 49.5601 0 20
2 24 45.6001 0 5.2198 42.6816 -0.0285 6.9048
2 24 48.5532 0 12.3492 45.6001 0 5.2198
2 24 45.298 -0.0285 13.2214 42.6816 -0.0285 6.9048
2 24 45.298 -5.2524 13.2215 42.6316 -5.2524 6.9511
2 24 42.2592 -5.2524 6.1181 42.6316 -5.2524 6.9511
2 24 20 -1.25 -10.0942 27.789 -1.25 -9.069
2 24 20 -8 -10.0942 27.789 -8 -9.069
2 24 27.789 -1.25 -9.069 35.0472 -1.25 -6.0626
2 24 27.789 -8 -9.069 35.0472 -8 -6.0626
2 24 27.789 -1.25 -9.069 20 -1.25 -10.0942
2 24 27.6508 -1.25 -8.5532 20 -1.25 -9.5601
2 24 35.9079 -1.25 -5.4021 35.0472 -1.25 -6.0626
2 24 35.9079 -1.25 -5.4021 35.4912 -1.25 -5.0546
2 24 35.4912 -1.25 -5.0546 34.7802 -1.25 -5.6001
2 24 27.789 -1.25 -9.069 35.0472 -1.25 -6.0626
2 24 27.6508 -1.25 -8.5532 34.7802 -1.25 -5.6001
2 24 27.6508 -1.25 -8.5532 20 -1.25 -9.5601
2 24 27.6508 0 -8.5532 20 0 -9.5601
2 24 34.7802 0 -5.6001 35.2044 -0.4939 -5.2168
2 24 35.2044 -0.4939 -5.2168 35.4912 -1.25 -5.0546
2 24 34.7802 -1.25 -5.6001 35.4912 -1.25 -5.0546
2 24 27.6508 -1.25 -8.5532 34.7802 -1.25 -5.6001
2 24 27.6508 0 -8.5532 34.7802 0 -5.6001
2 24 35.0472 -1.25 -6.0626 35.9079 -1.25 -5.4021
2 24 36.3345 -5.2524 -5.0747 35.9079 -1.25 -5.4021
2 24 41.2808 -5.2524 -1.2807 37.8344 -5.2524 -4.106
2 24 27.6508 0 -8.5532 20 0 -9.5601
2 24 26.7786 -0.0285 -5.298 20 -0.0285 -6.1902
2 24 33.0952 -0.0285 -2.6816 34.7802 0 -5.6001
2 24 26.7786 -0.0285 -5.298 33.0952 -0.0285 -2.6816
2 24 27.6508 0 -8.5532 34.7802 0 -5.6001
2 24 36.3345 -5.2524 -5.0747 35.9079 -1.25 -5.4021
2 24 36.3345 -5.2524 -5.0747 33.8819 -5.2524 -2.2592
2 24 35.9079 -1.25 -5.4021 35.4912 -1.25 -5.0546
2 24 33.8819 -5.2524 -2.2592 33.5016 -1.5296 -2.5509
2 24 37.8344 -5.2524 -4.106 36.3345 -5.2524 -5.0747
2 24 36.3345 -5.2524 -5.0747 33.8819 -5.2524 -2.2592
2 24 36.3345 -5.2524 -5.0747 37.8344 -5.2524 -4.106
2 24 35.0472 -8 -6.0626 38.4789 -7.9974 -3.6095
2 24 34.7802 0 -5.6001 33.0952 -0.0285 -2.6816
2 24 34.7802 0 -5.6001 35.2044 -0.4939 -5.2168
2 24 33.0952 -0.0285 -2.6816 33.3767 -0.771 -2.5793
2 24 26.7786 -5.2524 -5.298 20 -5.2524 -6.1901
2 24 35.4912 -1.25 -5.0546 35.2044 -0.4939 -5.2168
2 24 33.5016 -1.5296 -2.5509 33.3767 -0.771 -2.5793
2 24 33.0952 -0.0285 -2.6816 33.3767 -0.771 -2.5793
2 24 33.3767 -0.771 -2.5793 33.5016 -1.5296 -2.5509
2 24 33.0952 -0.0285 -2.6816 26.7786 -0.0285 -5.298
2 24 33.049 -5.2524 -2.6316 26.7786 -5.2524 -5.298
2 24 26.7786 -0.0285 -5.298 20 -0.0285 -6.1902
2 24 26.7786 -5.2524 -5.298 20 -5.2524 -6.1901
2 24 26.7786 -5.2524 -5.298 33.049 -5.2524 -2.6316
2 24 33.5016 -1.5296 -2.5509 33.8819 -5.2524 -2.2592
2 24 33.049 -5.2524 -2.6316 33.8819 -5.2524 -2.2592
2 24 20 -8 -10.0942 27.789 -8 -9.069
2 24 27.789 -8 -9.069 35.0472 -8 -6.0626
2 24 35.0472 -8 -6.0626 38.4789 -7.9974 -3.6095
2 24 41.2808 -8 -1.2808 44.0262 -7.9974 2.0644
2 24 46.0626 -8 4.9528 49.069 -8 12.211
2 24 49.069 -8 12.211 50.0942 -8 20
2 24 45.0748 -5.2524 3.6656 44.1061 -5.2524 2.1657
2 24 46.0626 -8 4.9528 44.0262 -7.9974 2.0644
2 24 44.0262 -7.9974 2.0644 46.0626 -8 4.9528
2 24 41.2808 -8 -1.2808 38.4789 -7.9974 -3.6095
2 24 41.2808 -5.2524 -1.2807 37.8344 -5.2524 -4.106
2 24 38.4789 -7.9974 -3.6095 41.2808 -8 -1.2808
2 24 27.789 -1.25 49.069 20 -1.25 50.0942
2 24 27.6508 -1.25 48.5532 20 -1.25 49.5601
2 24 34.7802 -1.25 45.6001 35.4912 -1.25 45.0546
2 24 35.0472 -1.25 46.0626 35.9079 -1.25 45.4021
2 24 35.4912 -1.25 45.0546 35.9079 -1.25 45.4021
2 24 27.789 -1.25 49.069 35.0472 -1.25 46.0626
2 24 27.6508 -1.25 48.5532 34.7802 -1.25 45.6001
2 24 27.6508 -1.25 48.5532 20 -1.25 49.5601
2 24 27.6508 0 48.5532 20 0 49.5601
2 24 34.7802 0 45.6001 35.2044 -0.4939 45.2168
2 24 34.7802 -1.25 45.6001 35.4912 -1.25 45.0546
2 24 35.2044 -0.4939 45.2168 35.4912 -1.25 45.0546
2 24 27.6508 -1.25 48.5532 34.7802 -1.25 45.6001
2 24 27.6508 0 48.5532 34.7802 0 45.6001
2 24 35.9079 -1.25 45.4021 35.0472 -1.25 46.0626
2 24 35.9079 -1.25 45.4021 36.3345 -5.2524 45.0749
2 24 35.0472 -8 46.0626 27.789 -8 49.069
2 24 35.0472 -1.25 46.0626 27.789 -1.25 49.069
2 24 27.789 -8 49.069 20 -8 50.0942
2 24 27.789 -1.25 49.069 20 -1.25 50.0942
2 24 37.8344 -5.2524 44.1062 41.2808 -5.2524 41.2809
2 24 37.9356 -7.9974 44.0262 41.2808 -8 41.2808
2 24 33.3767 -0.771 42.5793 33.0952 -0.0285 42.6816
2 24 33.0952 -0.0285 42.6816 34.7802 0 45.6001
2 24 35.2044 -0.4939 45.2168 34.7802 0 45.6001
2 24 36.3345 -5.2524 45.0749 33.8819 -5.2524 42.2592
2 24 36.3345 -5.2524 45.0749 35.9079 -1.25 45.4021
2 24 35.9079 -1.25 45.4021 35.4912 -1.25 45.0546
2 24 33.8819 -5.2524 42.2592 33.5016 -1.5296 42.5509
2 24 37.8344 -5.2524 44.1062 41.2808 -5.2524 41.2809
2 24 33.8819 -5.2524 42.2592 36.3345 -5.2524 45.0749
2 24 37.8344 -5.2524 44.1062 36.3345 -5.2524 45.0749
2 24 26.7786 -5.2524 45.2981 20 -5.2524 46.1903
2 24 33.5016 -1.5296 42.5509 33.8819 -5.2524 42.2592
2 24 33.049 -5.2524 42.6317 33.8819 -5.2524 42.2592
2 24 33.3767 -0.771 42.5793 33.5016 -1.5296 42.5509
2 24 35.2044 -0.4939 45.2168 35.4912 -1.25 45.0546
2 24 33.0952 -0.0285 42.6816 33.3767 -0.771 42.5793
2 24 33.5016 -1.5296 42.5509 33.3767 -0.771 42.5793
2 24 33.0952 -0.0285 42.6816 26.7786 -0.0285 45.298
2 24 33.049 -5.2524 42.6317 26.7786 -5.2524 45.2981
2 24 26.7786 -0.0285 45.298 20 -0.0285 46.1902
2 24 26.7786 -5.2524 45.2981 20 -5.2524 46.1903
2 24 26.7786 -0.0285 45.298 20 -0.0285 46.1902
2 24 27.6508 0 48.5532 20 0 49.5601
2 24 34.7802 0 45.6001 33.0952 -0.0285 42.6816
2 24 27.6508 0 48.5532 34.7802 0 45.6001
2 24 26.7786 -0.0285 45.298 33.0952 -0.0285 42.6816
2 24 26.7786 -5.2524 45.2981 33.049 -5.2524 42.6317
2 24 33.8819 -5.2524 42.2592 33.049 -5.2524 42.6317
2 24 50.0942 -8 20 49.069 -8 27.789
2 24 50.0942 -1.25 20 49.069 -1.25 27.789
2 24 49.069 -1.25 27.789 46.0626 -1.25 35.0472
2 24 49.069 -8 27.789 46.0626 -8 35.0472
2 24 50.0942 -1.25 20 49.069 -1.25 27.789
2 24 49.5601 -1.25 20 48.5532 -1.25 27.6508
2 24 45.4021 -1.25 35.9079 46.0626 -1.25 35.0472
2 24 45.4021 -1.25 35.9079 45.0546 -1.25 35.4912
2 24 45.0546 -1.25 35.4912 45.6001 -1.25 34.7802
2 24 49.069 -1.25 27.789 46.0626 -1.25 35.0472
2 24 48.5532 -1.25 27.6508 45.6001 -1.25 34.7802
2 24 49.5601 -1.25 20 48.5532 -1.25 27.6508
2 24 49.5601 0 20 48.5532 0 27.6508
2 24 45.6001 0 34.7802 45.2168 -0.4939 35.2044
2 24 45.2168 -0.4939 35.2044 45.0546 -1.25 35.4912
2 24 45.6001 -1.25 34.7802 45.0546 -1.25 35.4912
2 24 48.5532 -1.25 27.6508 45.6001 -1.25 34.7802
2 24 48.5532 0 27.6508 45.6001 0 34.7802
2 24 46.0626 -1.25 35.0472 45.4021 -1.25 35.9079
2 24 45.0748 -5.2524 36.3346 45.4021 -1.25 35.9079
2 24 41.2808 -5.2524 41.2809 44.1061 -5.2524 37.8345
2 24 49.5601 0 20 48.5532 0 27.6508
2 24 46.1902 -0.0285 20 45.298 -0.0285 26.7786
2 24 42.6816 -0.0285 33.0952 45.6001 0 34.7802
2 24 45.298 -0.0285 26.7786 42.6816 -0.0285 33.0952
2 24 48.5532 0 27.6508 45.6001 0 34.7802
2 24 45.0748 -5.2524 36.3346 45.4021 -1.25 35.9079
2 24 45.0748 -5.2524 36.3346 42.2592 -5.2524 33.8819
2 24 45.4021 -1.25 35.9079 45.0546 -1.25 35.4912
2 24 42.2592 -5.2524 33.8819 42.5509 -1.5296 33.5016
2 24 44.1061 -5.2524 37.8345 45.0748 -5.2524 36.3346
2 24 45.0748 -5.2524 36.3346 42.2592 -5.2524 33.8819
2 24 45.0748 -5.2524 36.3346 44.1061 -5.2524 37.8345
2 24 46.0626 -8 35.0472 43.6095 -7.9974 38.4789
2 24 45.6001 0 34.7802 42.6816 -0.0285 33.0952
2 24 45.6001 0 34.7802 45.2168 -0.4939 35.2044
2 24 42.6816 -0.0285 33.0952 42.5793 -0.771 33.3767
2 24 46.1902 -5.2524 20.0001 45.298 -5.2524 26.7787
2 24 45.0546 -1.25 35.4912 45.2168 -0.4939 35.2044
2 24 42.5509 -1.5296 33.5016 42.5793 -0.771 33.3767
2 24 42.6816 -0.0285 33.0952 42.5793 -0.771 33.3767
2 24 42.5793 -0.771 33.3767 42.5509 -1.5296 33.5016
2 24 42.6816 -0.0285 33.0952 45.298 -0.0285 26.7786
2 24 42.6316 -5.2524 33.0491 45.298 -5.2524 26.7787
2 24 46.1902 -0.0285 20 45.298 -0.0285 26.7786
2 24 46.1902 -5.2524 20.0001 45.298 -5.2524 26.7787
2 24 45.298 -5.2524 26.7787 42.6316 -5.2524 33.0491
2 24 42.5509 -1.5296 33.5016 42.2592 -5.2524 33.8819
2 24 42.6316 -5.2524 33.0491 42.2592 -5.2524 33.8819
2 24 50.0942 -8 20 49.069 -8 27.789
2 24 49.069 -8 27.789 46.0626 -8 35.0472
2 24 46.0626 -8 35.0472 43.6095 -7.9974 38.4789
2 24 41.2808 -8 41.2808 37.9356 -7.9974 44.0262
2 24 35.0472 -8 46.0626 27.789 -8 49.069
2 24 27.789 -8 49.069 20 -8 50.0942
2 24 36.3345 -5.2524 45.0749 37.8344 -5.2524 44.1062
2 24 35.0472 -8 46.0626 37.9356 -7.9974 44.0262
2 24 37.9356 -7.9974 44.0262 35.0472 -8 46.0626
2 24 41.2808 -8 41.2808 43.6095 -7.9974 38.4789
2 24 41.2808 -5.2524 41.2809 44.1061 -5.2524 37.8345
2 24 43.6095 -7.9974 38.4789 41.2808 -8 41.2808
2 24 -10.0942 -1.25 20 -9.069 -1.25 12.211
2 24 -10.0942 -8 20 -9.069 -8 12.211
2 24 -9.069 -1.25 12.211 -6.0626 -1.25 4.9528
2 24 -9.069 -8 12.211 -6.0626 -8 4.9528
2 24 -9.069 -1.25 12.211 -10.0942 -1.25 20
2 24 -8.5532 -1.25 12.3492 -9.5601 -1.25 20
2 24 -5.4021 -1.25 4.0921 -6.0626 -1.25 4.9528
2 24 -5.4021 -1.25 4.0921 -5.0546 -1.25 4.5089
2 24 -5.0546 -1.25 4.5089 -5.6001 -1.25 5.2198
2 24 -9.069 -1.25 12.211 -6.0626 -1.25 4.9528
2 24 -8.5532 -1.25 12.3492 -5.6001 -1.25 5.2198
2 24 -8.5532 -1.25 12.3492 -9.5601 -1.25 20
2 24 -8.5532 0 12.3492 -9.5601 0 20
2 24 -5.6001 0 5.2198 -5.2168 -0.4939 4.7956
2 24 -5.2168 -0.4939 4.7956 -5.0546 -1.25 4.5089
2 24 -5.6001 -1.25 5.2198 -5.0546 -1.25 4.5089
2 24 -8.5532 -1.25 12.3492 -5.6001 -1.25 5.2198
2 24 -8.5532 0 12.3492 -5.6001 0 5.2198
2 24 -6.0626 -1.25 4.9528 -5.4021 -1.25 4.0921
2 24 -5.0748 -5.2524 3.6656 -5.4021 -1.25 4.0921
2 24 -1.2808 -5.2524 -1.2807 -4.1061 -5.2524 2.1657
2 24 -8.5532 0 12.3492 -9.5601 0 20
2 24 -5.298 -0.0285 13.2214 -6.1902 -0.0285 20
2 24 -2.6816 -0.0285 6.9048 -5.6001 0 5.2198
2 24 -5.298 -0.0285 13.2214 -2.6816 -0.0285 6.9048
2 24 -8.5532 0 12.3492 -5.6001 0 5.2198
2 24 -5.0748 -5.2524 3.6656 -5.4021 -1.25 4.0921
2 24 -5.0748 -5.2524 3.6656 -2.2592 -5.2524 6.1181
2 24 -5.4021 -1.25 4.0921 -5.0546 -1.25 4.5089
2 24 -2.2592 -5.2524 6.1181 -2.5509 -1.5296 6.4984
2 24 -4.1061 -5.2524 2.1657 -5.0748 -5.2524 3.6656
2 24 -5.0748 -5.2524 3.6656 -2.2592 -5.2524 6.1181
2 24 -4.1061 -5.2524 2.1657 -1.2808 -5.2524 -1.2807
2 24 -4.0262 -7.9974 2.0644 -1.2808 -8 -1.2808
2 24 -5.6001 0 5.2198 -2.6816 -0.0285 6.9048
2 24 -5.6001 0 5.2198 -5.2168 -0.4939 4.7956
2 24 -2.6816 -0.0285 6.9048 -2.5793 -0.771 6.6233
2 24 -5.298 -5.2524 13.2215 -6.1902 -5.2524 20.0001
2 24 -5.0546 -1.25 4.5089 -5.2168 -0.4939 4.7956
2 24 -2.5509 -1.5296 6.4984 -2.5793 -0.771 6.6233
2 24 -2.6816 -0.0285 6.9048 -2.5793 -0.771 6.6233
2 24 -2.5793 -0.771 6.6233 -2.5509 -1.5296 6.4984
2 24 -2.6816 -0.0285 6.9048 -5.298 -0.0285 13.2214
2 24 -2.6316 -5.2524 6.9511 -5.298 -5.2524 13.2215
2 24 -5.298 -0.0285 13.2214 -6.1902 -0.0285 20
2 24 -5.298 -5.2524 13.2215 -6.1902 -5.2524 20.0001
2 24 -5.298 -5.2524 13.2215 -2.6316 -5.2524 6.9511
2 24 -2.5509 -1.5296 6.4984 -2.2592 -5.2524 6.1181
2 24 -2.6316 -5.2524 6.9511 -2.2592 -5.2524 6.1181
2 24 20 -1.25 -10.0942 12.211 -1.25 -9.069
2 24 20 -1.25 -9.5601 12.3492 -1.25 -8.5532
2 24 5.2198 -1.25 -5.6001 4.5089 -1.25 -5.0546
2 24 4.9528 -1.25 -6.0626 4.0921 -1.25 -5.4021
2 24 4.5089 -1.25 -5.0546 4.0921 -1.25 -5.4021
2 24 12.211 -1.25 -9.069 4.9528 -1.25 -6.0626
2 24 12.3492 -1.25 -8.5532 5.2198 -1.25 -5.6001
2 24 20 -1.25 -9.5601 12.3492 -1.25 -8.5532
2 24 20 0 -9.5601 12.3492 0 -8.5532
2 24 5.2198 0 -5.6001 4.7956 -0.4939 -5.2168
2 24 5.2198 -1.25 -5.6001 4.5089 -1.25 -5.0546
2 24 4.7956 -0.4939 -5.2168 4.5089 -1.25 -5.0546
2 24 12.3492 -1.25 -8.5532 5.2198 -1.25 -5.6001
2 24 12.3492 0 -8.5532 5.2198 0 -5.6001
2 24 4.0921 -1.25 -5.4021 4.9528 -1.25 -6.0626
2 24 4.0921 -1.25 -5.4021 3.6655 -5.2524 -5.0747
2 24 4.9528 -8 -6.0626 12.211 -8 -9.069
2 24 4.9528 -1.25 -6.0626 12.211 -1.25 -9.069
2 24 20 -1.25 -10.0942 12.211 -1.25 -9.069
2 24 20 -8 -10.0942 12.211 -8 -9.069
2 24 3.6655 -5.2524 -5.0747 2.1656 -5.2524 -4.106
2 24 4.9528 -8 -6.0626 1.5211 -7.9974 -3.6095
2 24 6.6233 -0.771 -2.5793 6.9048 -0.0285 -2.6816
2 24 6.9048 -0.0285 -2.6816 5.2198 0 -5.6001
2 24 4.7956 -0.4939 -5.2168 5.2198 0 -5.6001
2 24 3.6655 -5.2524 -5.0747 6.1181 -5.2524 -2.2592
2 24 3.6655 -5.2524 -5.0747 4.0921 -1.25 -5.4021
2 24 4.0921 -1.25 -5.4021 4.5089 -1.25 -5.0546
2 24 6.1181 -5.2524 -2.2592 6.4984 -1.5296 -2.5509
2 24 -1.2808 -5.2524 -1.2807 2.1656 -5.2524 -4.106
2 24 6.1181 -5.2524 -2.2592 3.6655 -5.2524 -5.0747
2 24 2.1656 -5.2524 -4.106 3.6655 -5.2524 -5.0747
2 24 20 -5.2524 -6.1901 13.2214 -5.2524 -5.298
2 24 6.4984 -1.5296 -2.5509 6.1181 -5.2524 -2.2592
2 24 6.951 -5.2524 -2.6316 6.1181 -5.2524 -2.2592
2 24 6.6233 -0.771 -2.5793 6.4984 -1.5296 -2.5509
2 24 4.7956 -0.4939 -5.2168 4.5089 -1.25 -5.0546
2 24 6.9048 -0.0285 -2.6816 6.6233 -0.771 -2.5793
2 24 6.4984 -1.5296 -2.5509 6.6233 -0.771 -2.5793
2 24 6.9048 -0.0285 -2.6816 13.2214 -0.0285 -5.298
2 24 6.951 -5.2524 -2.6316 13.2214 -5.2524 -5.298
2 24 20 -0.0285 -6.1902 13.2214 -0.0285 -5.298
2 24 20 -5.2524 -6.1901 13.2214 -5.2524 -5.298
2 24 20 -0.0285 -6.1902 13.2214 -0.0285 -5.298
2 24 20 0 -9.5601 12.3492 0 -8.5532
2 24 5.2198 0 -5.6001 6.9048 -0.0285 -2.6816
2 24 12.3492 0 -8.5532 5.2198 0 -5.6001
2 24 13.2214 -0.0285 -5.298 6.9048 -0.0285 -2.6816
2 24 13.2214 -5.2524 -5.298 6.951 -5.2524 -2.6316
2 24 6.1181 -5.2524 -2.2592 6.951 -5.2524 -2.6316
2 24 4.9528 -8 -6.0626 1.5211 -7.9974 -3.6095
2 24 4.9528 -8 -6.0626 12.211 -8 -9.069
2 24 20 -8 -10.0942 12.211 -8 -9.069
2 24 -10.0942 -8 20 -9.069 -8 12.211
2 24 -9.069 -8 12.211 -6.0626 -8 4.9528
2 24 -1.2808 -8 -1.2808 -4.0262 -7.9974 2.0644
2 24 -5.0748 -5.2524 3.6656 -4.1061 -5.2524 2.1657
2 24 -6.0626 -8 4.9528 -4.0262 -7.9974 2.0644
2 24 -6.0626 -8 4.9528 -4.0262 -7.9974 2.0644
2 24 -1.2808 -8 -1.2808 1.5211 -7.9974 -3.6095
2 24 -1.2808 -5.2524 -1.2807 2.1656 -5.2524 -4.106
2 24 1.5211 -7.9974 -3.6095 -1.2808 -8 -1.2808
2 24 20 -8 50.0942 12.211 -8 49.069
2 24 20 -1.25 50.0942 12.211 -1.25 49.069
2 24 12.211 -1.25 49.069 4.9528 -1.25 46.0626
2 24 12.211 -8 49.069 4.9528 -8 46.0626
2 24 20 -1.25 50.0942 12.211 -1.25 49.069
2 24 20 -1.25 49.5601 12.3492 -1.25 48.5532
2 24 4.0921 -1.25 45.4021 4.9528 -1.25 46.0626
2 24 4.0921 -1.25 45.4021 4.5089 -1.25 45.0546
2 24 4.5089 -1.25 45.0546 5.2198 -1.25 45.6001
2 24 12.211 -1.25 49.069 4.9528 -1.25 46.0626
2 24 12.3492 -1.25 48.5532 5.2198 -1.25 45.6001
2 24 20 -1.25 49.5601 12.3492 -1.25 48.5532
2 24 20 0 49.5601 12.3492 0 48.5532
2 24 5.2198 0 45.6001 4.7956 -0.4939 45.2168
2 24 4.7956 -0.4939 45.2168 4.5089 -1.25 45.0546
2 24 5.2198 -1.25 45.6001 4.5089 -1.25 45.0546
2 24 12.3492 -1.25 48.5532 5.2198 -1.25 45.6001
2 24 12.3492 0 48.5532 5.2198 0 45.6001
2 24 4.9528 -1.25 46.0626 4.0921 -1.25 45.4021
2 24 3.6655 -5.2524 45.0749 4.0921 -1.25 45.4021
2 24 -1.2808 -5.2524 41.2809 2.1656 -5.2524 44.1062
2 24 20 0 49.5601 12.3492 0 48.5532
2 24 20 -0.0285 46.1902 13.2214 -0.0285 45.298
2 24 6.9048 -0.0285 42.6816 5.2198 0 45.6001
2 24 13.2214 -0.0285 45.298 6.9048 -0.0285 42.6816
2 24 12.3492 0 48.5532 5.2198 0 45.6001
2 24 3.6655 -5.2524 45.0749 4.0921 -1.25 45.4021
2 24 3.6655 -5.2524 45.0749 6.1181 -5.2524 42.2592
2 24 4.0921 -1.25 45.4021 4.5089 -1.25 45.0546
2 24 6.1181 -5.2524 42.2592 6.4984 -1.5296 42.5509
2 24 2.1656 -5.2524 44.1062 3.6655 -5.2524 45.0749
2 24 3.6655 -5.2524 45.0749 6.1181 -5.2524 42.2592
2 24 2.1656 -5.2524 44.1062 -1.2808 -5.2524 41.2809
2 24 2.0644 -7.9974 44.0262 -1.2808 -8 41.2808
2 24 5.2198 0 45.6001 6.9048 -0.0285 42.6816
2 24 5.2198 0 45.6001 4.7956 -0.4939 45.2168
2 24 6.9048 -0.0285 42.6816 6.6233 -0.771 42.5793
2 24 20 -5.2524 46.1903 13.2214 -5.2524 45.2981
2 24 4.5089 -1.25 45.0546 4.7956 -0.4939 45.2168
2 24 6.4984 -1.5296 42.5509 6.6233 -0.771 42.5793
2 24 6.9048 -0.0285 42.6816 6.6233 -0.771 42.5793
2 24 6.6233 -0.771 42.5793 6.4984 -1.5296 42.5509
2 24 6.9048 -0.0285 42.6816 13.2214 -0.0285 45.298
2 24 6.951 -5.2524 42.6317 13.2214 -5.2524 45.2981
2 24 20 -0.0285 46.1902 13.2214 -0.0285 45.298
2 24 20 -5.2524 46.1903 13.2214 -5.2524 45.2981
2 24 13.2214 -5.2524 45.2981 6.951 -5.2524 42.6317
2 24 6.4984 -1.5296 42.5509 6.1181 -5.2524 42.2592
2 24 6.951 -5.2524 42.6317 6.1181 -5.2524 42.2592
2 24 -10.0942 -1.25 20 -9.069 -1.25 27.789
2 24 -9.5601 -1.25 20 -8.5532 -1.25 27.6508
2 24 -5.6001 -1.25 34.7802 -5.0546 -1.25 35.4912
2 24 -6.0626 -1.25 35.0472 -5.4021 -1.25 35.9079
2 24 -5.0546 -1.25 35.4912 -5.4021 -1.25 35.9079
2 24 -9.069 -1.25 27.789 -6.0626 -1.25 35.0472
2 24 -8.5532 -1.25 27.6508 -5.6001 -1.25 34.7802
2 24 -9.5601 -1.25 20 -8.5532 -1.25 27.6508
2 24 -9.5601 0 20 -8.5532 0 27.6508
2 24 -5.6001 0 34.7802 -5.2168 -0.4939 35.2044
2 24 -5.6001 -1.25 34.7802 -5.0546 -1.25 35.4912
2 24 -5.2168 -0.4939 35.2044 -5.0546 -1.25 35.4912
2 24 -8.5532 -1.25 27.6508 -5.6001 -1.25 34.7802
2 24 -8.5532 0 27.6508 -5.6001 0 34.7802
2 24 -5.4021 -1.25 35.9079 -6.0626 -1.25 35.0472
2 24 -5.4021 -1.25 35.9079 -5.0748 -5.2524 36.3346
2 24 -6.0626 -8 35.0472 -9.069 -8 27.789
2 24 -6.0626 -1.25 35.0472 -9.069 -1.25 27.789
2 24 -10.0942 -1.25 20 -9.069 -1.25 27.789
2 24 -10.0942 -8 20 -9.069 -8 27.789
2 24 -5.0748 -5.2524 36.3346 -4.1061 -5.2524 37.8345
2 24 -6.0626 -8 35.0472 -3.6094 -7.9974 38.4789
2 24 -2.5793 -0.771 33.3767 -2.6816 -0.0285 33.0952
2 24 -2.6816 -0.0285 33.0952 -5.6001 0 34.7802
2 24 -5.2168 -0.4939 35.2044 -5.6001 0 34.7802
2 24 -5.0748 -5.2524 36.3346 -2.2592 -5.2524 33.8819
2 24 -5.0748 -5.2524 36.3346 -5.4021 -1.25 35.9079
2 24 -5.4021 -1.25 35.9079 -5.0546 -1.25 35.4912
2 24 -2.2592 -5.2524 33.8819 -2.5509 -1.5296 33.5016
2 24 -1.2808 -5.2524 41.2809 -4.1061 -5.2524 37.8345
2 24 -2.2592 -5.2524 33.8819 -5.0748 -5.2524 36.3346
2 24 -4.1061 -5.2524 37.8345 -5.0748 -5.2524 36.3346
2 24 -6.1902 -5.2524 20.0001 -5.298 -5.2524 26.7787
2 24 -2.5509 -1.5296 33.5016 -2.2592 -5.2524 33.8819
2 24 -2.6316 -5.2524 33.0491 -2.2592 -5.2524 33.8819
2 24 -2.5793 -0.771 33.3767 -2.5509 -1.5296 33.5016
2 24 -5.2168 -0.4939 35.2044 -5.0546 -1.25 35.4912
2 24 -2.6816 -0.0285 33.0952 -2.5793 -0.771 33.3767
2 24 -2.5509 -1.5296 33.5016 -2.5793 -0.771 33.3767
2 24 -2.6816 -0.0285 33.0952 -5.298 -0.0285 26.7786
2 24 -2.6316 -5.2524 33.0491 -5.298 -5.2524 26.7787
2 24 -6.1902 -0.0285 20 -5.298 -0.0285 26.7786
2 24 -6.1902 -5.2524 20.0001 -5.298 -5.2524 26.7787
2 24 -6.1902 -0.0285 20 -5.298 -0.0285 26.7786
2 24 -9.5601 0 20 -8.5532 0 27.6508
2 24 -5.6001 0 34.7802 -2.6816 -0.0285 33.0952
2 24 -8.5532 0 27.6508 -5.6001 0 34.7802
2 24 -5.298 -0.0285 26.7786 -2.6816 -0.0285 33.0952
2 24 -5.298 -5.2524 26.7787 -2.6316 -5.2524 33.0491
2 24 -2.2592 -5.2524 33.8819 -2.6316 -5.2524 33.0491
2 24 -6.0626 -8 35.0472 -3.6094 -7.9974 38.4789
2 24 -6.0626 -8 35.0472 -9.069 -8 27.789
2 24 -10.0942 -8 20 -9.069 -8 27.789
2 24 20 -8 50.0942 12.211 -8 49.069
2 24 12.211 -8 49.069 4.9528 -8 46.0626
2 24 -1.2808 -8 41.2808 2.0644 -7.9974 44.0262
2 24 3.6655 -5.2524 45.0749 2.1656 -5.2524 44.1062
2 24 4.9528 -8 46.0626 2.0644 -7.9974 44.0262
2 24 4.9528 -8 46.0626 2.0644 -7.9974 44.0262
2 24 -1.2808 -8 41.2808 -3.6094 -7.9974 38.4789
2 24 -1.2808 -5.2524 41.2809 -4.1061 -5.2524 37.8345
2 24 -3.6094 -7.9974 38.4789 -1.2808 -8 41.2808
2 24 -2.2592 -5.2524 6.1181 -2.6316 -5.2524 6.9511
2 24 33.8819 -5.2524 -2.2592 33.049 -5.2524 -2.6316
2 24 42.2592 -5.2524 33.8819 42.6316 -5.2524 33.0491
2 24 6.1181 -5.2524 42.2592 6.951 -5.2524 42.6317
2 24 15.5396 0 13.1983 13.1983 0 15.5396
2 24 17.3124 0 14.2218 14.2218 0 17.3123
2 24 14.2218 0 17.3123 10 0 18.4436
2 24 13.1983 0 15.5396 10 0 16.3966
2 24 10 0 16.3966 6.8017 0 15.5396
2 24 10 0 18.4436 5.7782 0 17.3123
2 24 6.8017 0 15.5396 4.4604 0 13.1983
2 24 5.7782 0 17.3123 2.6876 0 14.2218
2 24 4.4604 0 13.1983 3.6034 0 10
2 24 2.6876 0 14.2218 1.5564 0 10
2 24 3.6034 0 10 4.4604 0 6.8017
2 24 1.5564 0 10 2.6876 0 5.7782
2 24 4.4604 0 6.8017 6.8017 0 4.4604
2 24 2.6876 0 5.7782 5.7782 0 2.6877
2 24 6.8017 0 4.4604 10 0 3.6034
2 24 5.7782 0 2.6877 10 0 1.5564
2 24 10 0 3.6034 13.1983 0 4.4604
2 24 10 0 1.5564 14.2218 0 2.6877
2 24 13.1983 0 4.4604 15.5396 0 6.8017
2 24 14.2218 0 2.6877 17.3124 0 5.7782
2 24 15.5396 0 6.8017 16.3966 0 10
2 24 17.3124 0 5.7782 18.4436 0 10
2 24 15.5396 0 13.1983 16.3966 0 10
2 24 17.3124 0 14.2218 18.4436 0 10
2 24 10 -5.25 18.4436 14.2218 -5.25 17.3123
2 24 10 0 18.4436 14.2218 0 17.3123
2 24 10 -5.25 18.4436 5.7782 -5.25 17.3123
2 24 10 0 18.4436 5.7782 0 17.3123
2 24 5.7782 -5.25 17.3123 2.6876 -5.25 14.2218
2 24 5.7782 0 17.3123 2.6876 0 14.2218
2 24 2.6876 -5.25 14.2218 1.5564 -5.25 10
2 24 2.6876 0 14.2218 1.5564 0 10
2 24 1.5564 -5.25 10 2.6876 -5.25 5.7782
2 24 1.5564 0 10 2.6876 0 5.7782
2 24 2.6876 -5.25 5.7782 5.7782 -5.25 2.6877
2 24 2.6876 0 5.7782 5.7782 0 2.6877
2 24 5.7782 -5.25 2.6877 10 -5.25 1.5564
2 24 5.7782 0 2.6877 10 0 1.5564
2 24 10 -5.25 1.5564 14.2218 -5.25 2.6877
2 24 10 0 1.5564 14.2218 0 2.6877
2 24 14.2218 -5.25 2.6877 17.3124 -5.25 5.7782
2 24 14.2218 0 2.6877 17.3124 0 5.7782
2 24 17.3124 -5.25 5.7782 18.4436 -5.25 10
2 24 17.3124 0 5.7782 18.4436 0 10
2 24 18.4436 -5.25 10 17.3124 -5.25 14.2218
2 24 18.4436 0 10 17.3124 0 14.2218
2 24 13.1983 0 15.5396 15.5396 0 13.1983
2 24 13.1983 -5.0063 15.5396 15.5396 -5.0063 13.1983
2 24 13.1983 0 15.5396 10 0 16.3966
2 24 13.1983 -5.0063 15.5396 10 -5.0063 16.3966
2 24 10 0 16.3966 6.8017 0 15.5396
2 24 10 -5.0063 16.3966 6.8017 -5.0063 15.5396
2 24 6.8017 0 15.5396 4.4604 0 13.1983
2 24 6.8017 -5.0063 15.5396 4.4604 -5.0063 13.1983
2 24 4.4604 0 13.1983 3.6034 0 10
2 24 4.4604 -5.0063 13.1983 3.6034 -5.0063 10
2 24 3.6034 0 10 4.4604 0 6.8017
2 24 3.6034 -5.0063 10 4.4604 -5.0063 6.8017
2 24 4.4604 0 6.8017 6.8017 0 4.4604
2 24 4.4604 -5.0063 6.8017 6.8017 -5.0063 4.4604
2 24 6.8017 0 4.4604 10 0 3.6034
2 24 6.8017 -5.0063 4.4604 10 -5.0063 3.6034
2 24 10 0 3.6034 13.1983 0 4.4604
2 24 10 -5.0063 3.6034 13.1983 -5.0063 4.4604
2 24 13.1983 0 4.4604 15.5396 0 6.8017
2 24 13.1983 -5.0063 4.4604 15.5396 -5.0063 6.8017
2 24 15.5396 0 6.8017 16.3966 0 10
2 24 15.5396 -5.0063 6.8017 16.3966 -5.0063 10
2 24 15.5396 0 13.1983 16.3966 0 10
2 24 15.5396 -5.0063 13.1983 16.3966 -5.0063 10
2 24 14.2218 0 17.3123 17.3124 0 14.2218
2 24 14.2218 -5.25 17.3123 17.3124 -5.25 14.2218
2 24 15.5396 0 33.1983 13.1983 0 35.5396
2 24 17.3124 0 34.2218 14.2218 0 37.3123
2 24 14.2218 0 37.3123 10 0 38.4436
2 24 13.1983 0 35.5396 10 0 36.3966
2 24 10 0 36.3966 6.8017 0 35.5396
2 24 10 0 38.4436 5.7782 0 37.3123
2 24 6.8017 0 35.5396 4.4604 0 33.1983
2 24 5.7782 0 37.3123 2.6876 0 34.2218
2 24 4.4604 0 33.1983 3.6034 0 30
2 24 2.6876 0 34.2218 1.5564 0 30
2 24 3.6034 0 30 4.4604 0 26.8017
2 24 1.5564 0 30 2.6876 0 25.7782
2 24 4.4604 0 26.8017 6.8017 0 24.4604
2 24 2.6876 0 25.7782 5.7782 0 22.6877
2 24 6.8017 0 24.4604 10 0 23.6034
2 24 5.7782 0 22.6877 10 0 21.5565
2 24 10 0 23.6034 13.1983 0 24.4604
2 24 10 0 21.5565 14.2218 0 22.6877
2 24 13.1983 0 24.4604 15.5396 0 26.8017
2 24 14.2218 0 22.6877 17.3124 0 25.7782
2 24 15.5396 0 26.8017 16.3966 0 30
2 24 17.3124 0 25.7782 18.4436 0 30
2 24 15.5396 0 33.1983 16.3966 0 30
2 24 17.3124 0 34.2218 18.4436 0 30
2 24 10 -5.25 38.4436 14.2218 -5.25 37.3123
2 24 10 0 38.4436 14.2218 0 37.3123
2 24 10 -5.25 38.4436 5.7782 -5.25 37.3123
2 24 10 0 38.4436 5.7782 0 37.3123
2 24 5.7782 -5.25 37.3123 2.6876 -5.25 34.2218
2 24 5.7782 0 37.3123 2.6876 0 34.2218
2 24 2.6876 -5.25 34.2218 1.5564 -5.25 30
2 24 2.6876 0 34.2218 1.5564 0 30
2 24 1.5564 -5.25 30 2.6876 -5.25 25.7782
2 24 1.5564 0 30 2.6876 0 25.7782
2 24 2.6876 -5.25 25.7782 5.7782 -5.25 22.6877
2 24 2.6876 0 25.7782 5.7782 0 22.6877
2 24 5.7782 -5.25 22.6877 10 -5.25 21.5565
2 24 5.7782 0 22.6877 10 0 21.5565
2 24 10 -5.25 21.5565 14.2218 -5.25 22.6877
2 24 10 0 21.5565 14.2218 0 22.6877
2 24 14.2218 -5.25 22.6877 17.3124 -5.25 25.7782
2 24 14.2218 0 22.6877 17.3124 0 25.7782
2 24 17.3124 -5.25 25.7782 18.4436 -5.25 30
2 24 17.3124 0 25.7782 18.4436 0 30
2 24 18.4436 -5.25 30 17.3124 -5.25 34.2218
2 24 18.4436 0 30 17.3124 0 34.2218
2 24 13.1983 0 35.5396 15.5396 0 33.1983
2 24 13.1983 -5.0063 35.5396 15.5396 -5.0063 33.1983
2 24 13.1983 0 35.5396 10 0 36.3966
2 24 13.1983 -5.0063 35.5396 10 -5.0063 36.3966
2 24 10 0 36.3966 6.8017 0 35.5396
2 24 10 -5.0063 36.3966 6.8017 -5.0063 35.5396
2 24 6.8017 0 35.5396 4.4604 0 33.1983
2 24 6.8017 -5.0063 35.5396 4.4604 -5.0063 33.1983
2 24 4.4604 0 33.1983 3.6034 0 30
2 24 4.4604 -5.0063 33.1983 3.6034 -5.0063 30
2 24 3.6034 0 30 4.4604 0 26.8017
2 24 3.6034 -5.0063 30 4.4604 -5.0063 26.8017
2 24 4.4604 0 26.8017 6.8017 0 24.4604
2 24 4.4604 -5.0063 26.8017 6.8017 -5.0063 24.4604
2 24 6.8017 0 24.4604 10 0 23.6034
2 24 6.8017 -5.0063 24.4604 10 -5.0063 23.6034
2 24 10 0 23.6034 13.1983 0 24.4604
2 24 10 -5.0063 23.6034 13.1983 -5.0063 24.4604
2 24 13.1983 0 24.4604 15.5396 0 26.8017
2 24 13.1983 -5.0063 24.4604 15.5396 -5.0063 26.8017
2 24 15.5396 0 26.8017 16.3966 0 30
2 24 15.5396 -5.0063 26.8017 16.3966 -5.0063 30
2 24 15.5396 0 33.1983 16.3966 0 30
2 24 15.5396 -5.0063 33.1983 16.3966 -5.0063 30
2 24 14.2218 0 37.3123 17.3124 0 34.2218
2 24 14.2218 -5.25 37.3123 17.3124 -5.25 34.2218
2 24 35.5396 0 13.1983 33.1983 0 15.5396
2 24 37.3124 0 14.2218 34.2218 0 17.3123
2 24 34.2218 0 17.3123 30 0 18.4436
2 24 33.1983 0 15.5396 30 0 16.3966
2 24 30 0 16.3966 26.8017 0 15.5396
2 24 30 0 18.4436 25.7782 0 17.3123
2 24 26.8017 0 15.5396 24.4604 0 13.1983
2 24 25.7782 0 17.3123 22.6877 0 14.2218
2 24 24.4604 0 13.1983 23.6034 0 10
2 24 22.6877 0 14.2218 21.5565 0 10
2 24 23.6034 0 10 24.4604 0 6.8017
2 24 21.5565 0 10 22.6877 0 5.7782
2 24 24.4604 0 6.8017 26.8017 0 4.4604
2 24 22.6877 0 5.7782 25.7782 0 2.6877
2 24 26.8017 0 4.4604 30 0 3.6034
2 24 25.7782 0 2.6877 30 0 1.5564
2 24 30 0 3.6034 33.1983 0 4.4604
2 24 30 0 1.5564 34.2218 0 2.6877
2 24 33.1983 0 4.4604 35.5396 0 6.8017
2 24 34.2218 0 2.6877 37.3124 0 5.7782
2 24 35.5396 0 6.8017 36.3966 0 10
2 24 37.3124 0 5.7782 38.4436 0 10
2 24 35.5396 0 13.1983 36.3966 0 10
2 24 37.3124 0 14.2218 38.4436 0 10
2 24 30 -5.25 18.4436 34.2218 -5.25 17.3123
2 24 30 0 18.4436 34.2218 0 17.3123
2 24 30 -5.25 18.4436 25.7782 -5.25 17.3123
2 24 30 0 18.4436 25.7782 0 17.3123
2 24 25.7782 -5.25 17.3123 22.6877 -5.25 14.2218
2 24 25.7782 0 17.3123 22.6877 0 14.2218
2 24 22.6877 -5.25 14.2218 21.5565 -5.25 10
2 24 22.6877 0 14.2218 21.5565 0 10
2 24 21.5565 -5.25 10 22.6877 -5.25 5.7782
2 24 21.5565 0 10 22.6877 0 5.7782
2 24 22.6877 -5.25 5.7782 25.7782 -5.25 2.6877
2 24 22.6877 0 5.7782 25.7782 0 2.6877
2 24 25.7782 -5.25 2.6877 30 -5.25 1.5564
2 24 25.7782 0 2.6877 30 0 1.5564
2 24 30 -5.25 1.5564 34.2218 -5.25 2.6877
2 24 30 0 1.5564 34.2218 0 2.6877
2 24 34.2218 -5.25 2.6877 37.3124 -5.25 5.7782
2 24 34.2218 0 2.6877 37.3124 0 5.7782
2 24 37.3124 -5.25 5.7782 38.4436 -5.25 10
2 24 37.3124 0 5.7782 38.4436 0 10
2 24 38.4436 -5.25 10 37.3124 -5.25 14.2218
2 24 38.4436 0 10 37.3124 0 14.2218
2 24 33.1983 0 15.5396 35.5396 0 13.1983
2 24 33.1983 -5.0063 15.5396 35.5396 -5.0063 13.1983
2 24 33.1983 0 15.5396 30 0 16.3966
2 24 33.1983 -5.0063 15.5396 30 -5.0063 16.3966
2 24 30 0 16.3966 26.8017 0 15.5396
2 24 30 -5.0063 16.3966 26.8017 -5.0063 15.5396
2 24 26.8017 0 15.5396 24.4604 0 13.1983
2 24 26.8017 -5.0063 15.5396 24.4604 -5.0063 13.1983
2 24 24.4604 0 13.1983 23.6034 0 10
2 24 24.4604 -5.0063 13.1983 23.6034 -5.0063 10
2 24 23.6034 0 10 24.4604 0 6.8017
2 24 23.6034 -5.0063 10 24.4604 -5.0063 6.8017
2 24 24.4604 0 6.8017 26.8017 0 4.4604
2 24 24.4604 -5.0063 6.8017 26.8017 -5.0063 4.4604
2 24 26.8017 0 4.4604 30 0 3.6034
2 24 26.8017 -5.0063 4.4604 30 -5.0063 3.6034
2 24 30 0 3.6034 33.1983 0 4.4604
2 24 30 -5.0063 3.6034 33.1983 -5.0063 4.4604
2 24 33.1983 0 4.4604 35.5396 0 6.8017
2 24 33.1983 -5.0063 4.4604 35.5396 -5.0063 6.8017
2 24 35.5396 0 6.8017 36.3966 0 10
2 24 35.5396 -5.0063 6.8017 36.3966 -5.0063 10
2 24 35.5396 0 13.1983 36.3966 0 10
2 24 35.5396 -5.0063 13.1983 36.3966 -5.0063 10
2 24 34.2218 0 17.3123 37.3124 0 14.2218
2 24 34.2218 -5.25 17.3123 37.3124 -5.25 14.2218
2 24 35.5396 0 33.1983 33.1983 0 35.5396
2 24 37.3124 0 34.2218 34.2218 0 37.3123
2 24 34.2218 0 37.3123 30 0 38.4436
2 24 33.1983 0 35.5396 30 0 36.3966
2 24 30 0 36.3966 26.8017 0 35.5396
2 24 30 0 38.4436 25.7782 0 37.3123
2 24 26.8017 0 35.5396 24.4604 0 33.1983
2 24 25.7782 0 37.3123 22.6877 0 34.2218
2 24 24.4604 0 33.1983 23.6034 0 30
2 24 22.6877 0 34.2218 21.5565 0 30
2 24 23.6034 0 30 24.4604 0 26.8017
2 24 21.5565 0 30 22.6877 0 25.7782
2 24 24.4604 0 26.8017 26.8017 0 24.4604
2 24 22.6877 0 25.7782 25.7782 0 22.6877
2 24 26.8017 0 24.4604 30 0 23.6034
2 24 25.7782 0 22.6877 30 0 21.5565
2 24 30 0 23.6034 33.1983 0 24.4604
2 24 30 0 21.5565 34.2218 0 22.6877
2 24 33.1983 0 24.4604 35.5396 0 26.8017
2 24 34.2218 0 22.6877 37.3124 0 25.7782
2 24 35.5396 0 26.8017 36.3966 0 30
2 24 37.3124 0 25.7782 38.4436 0 30
2 24 35.5396 0 33.1983 36.3966 0 30
2 24 37.3124 0 34.2218 38.4436 0 30
2 24 30 -5.25 38.4436 34.2218 -5.25 37.3123
2 24 30 0 38.4436 34.2218 0 37.3123
2 24 30 -5.25 38.4436 25.7782 -5.25 37.3123
2 24 30 0 38.4436 25.7782 0 37.3123
2 24 25.7782 -5.25 37.3123 22.6877 -5.25 34.2218
2 24 25.7782 0 37.3123 22.6877 0 34.2218
2 24 22.6877 -5.25 34.2218 21.5565 -5.25 30
2 24 22.6877 0 34.2218 21.5565 0 30
2 24 21.5565 -5.25 30 22.6877 -5.25 25.7782
2 24 21.5565 0 30 22.6877 0 25.7782
2 24 22.6877 -5.25 25.7782 25.7782 -5.25 22.6877
2 24 22.6877 0 25.7782 25.7782 0 22.6877
2 24 25.7782 -5.25 22.6877 30 -5.25 21.5565
2 24 25.7782 0 22.6877 30 0 21.5565
2 24 30 -5.25 21.5565 34.2218 -5.25 22.6877
2 24 30 0 21.5565 34.2218 0 22.6877
2 24 34.2218 -5.25 22.6877 37.3124 -5.25 25.7782
2 24 34.2218 0 22.6877 37.3124 0 25.7782
2 24 37.3124 -5.25 25.7782 38.4436 -5.25 30
2 24 37.3124 0 25.7782 38.4436 0 30
2 24 38.4436 -5.25 30 37.3124 -5.25 34.2218
2 24 38.4436 0 30 37.3124 0 34.2218
2 24 33.1983 0 35.5396 35.5396 0 33.1983
2 24 33.1983 -5.0063 35.5396 35.5396 -5.0063 33.1983
2 24 33.1983 0 35.5396 30 0 36.3966
2 24 33.1983 -5.0063 35.5396 30 -5.0063 36.3966
2 24 30 0 36.3966 26.8017 0 35.5396
2 24 30 -5.0063 36.3966 26.8017 -5.0063 35.5396
2 24 26.8017 0 35.5396 24.4604 0 33.1983
2 24 26.8017 -5.0063 35.5396 24.4604 -5.0063 33.1983
2 24 24.4604 0 33.1983 23.6034 0 30
2 24 24.4604 -5.0063 33.1983 23.6034 -5.0063 30
2 24 23.6034 0 30 24.4604 0 26.8017
2 24 23.6034 -5.0063 30 24.4604 -5.0063 26.8017
2 24 24.4604 0 26.8017 26.8017 0 24.4604
2 24 24.4604 -5.0063 26.8017 26.8017 -5.0063 24.4604
2 24 26.8017 0 24.4604 30 0 23.6034
2 24 26.8017 -5.0063 24.4604 30 -5.0063 23.6034
2 24 30 0 23.6034 33.1983 0 24.4604
2 24 30 -5.0063 23.6034 33.1983 -5.0063 24.4604
2 24 33.1983 0 24.4604 35.5396 0 26.8017
2 24 33.1983 -5.0063 24.4604 35.5396 -5.0063 26.8017
2 24 35.5396 0 26.8017 36.3966 0 30
2 24 35.5396 -5.0063 26.8017 36.3966 -5.0063 30
2 24 35.5396 0 33.1983 36.3966 0 30
2 24 35.5396 -5.0063 33.1983 36.3966 -5.0063 30
2 24 34.2218 0 37.3123 37.3124 0 34.2218
2 24 34.2218 -5.25 37.3123 37.3124 -5.25 34.2218
2 24 20 -8.025 -10.0942 27.789 -8.025 -9.069
2 24 27.789 -8.025 -9.069 35.0472 -8.025 -6.0626
2 24 35.0472 -8.025 -6.0626 38.4789 -8.0224 -3.6095
2 24 41.2808 -8.025 -1.2808 44.0262 -8.0224 2.0644
2 24 46.0626 -8.025 4.9528 49.069 -8.025 12.211
2 24 49.069 -8.025 12.211 50.0942 -8.025 20
2 24 44.0262 -8.0224 2.0644 46.0626 -8.025 4.9528
2 24 38.4789 -8.0224 -3.6095 41.2808 -8.025 -1.2808
2 24 50.0942 -8.025 20 49.069 -8.025 27.789
2 24 49.069 -8.025 27.789 46.0626 -8.025 35.0472
2 24 46.0626 -8.025 35.0472 43.6095 -8.0224 38.4789
2 24 41.2808 -8.025 41.2808 37.9356 -8.0224 44.0262
2 24 35.0472 -8.025 46.0626 27.789 -8.025 49.069
2 24 27.789 -8.025 49.069 20 -8.025 50.0942
2 24 37.9356 -8.0224 44.0262 35.0472 -8.025 46.0626
2 24 43.6095 -8.0224 38.4789 41.2808 -8.025 41.2808
2 24 4.9528 -8.025 -6.0626 1.5211 -8.0224 -3.6095
2 24 4.9528 -8.025 -6.0626 12.211 -8.025 -9.069
2 24 20 -8.025 -10.0942 12.211 -8.025 -9.069
2 24 -10.0942 -8.025 20 -9.069 -8.025 12.211
2 24 -9.069 -8.025 12.211 -6.0626 -8.025 4.9528
2 24 -1.2808 -8.025 -1.2808 -4.0262 -8.0224 2.0644
2 24 -6.0626 -8.025 4.9528 -4.0262 -8.0224 2.0644
2 24 1.5211 -8.0224 -3.6095 -1.2808 -8.025 -1.2808
2 24 -6.0626 -8.025 35.0472 -3.6095 -8.0224 38.4789
2 24 -6.0626 -8.025 35.0472 -9.069 -8.025 27.789
2 24 -10.0942 -8.025 20 -9.069 -8.025 27.789
2 24 20 -8.025 50.0942 12.211 -8.025 49.069
2 24 12.211 -8.025 49.069 4.9528 -8.025 46.0626
2 24 -1.2808 -8.025 41.2808 2.0644 -8.0224 44.0262
2 24 4.9528 -8.025 46.0626 2.0644 -8.0224 44.0262
2 24 -3.6095 -8.0224 38.4789 -1.2808 -8.025 41.2808
0 STEP
