0 Untitled Model
0 Name: Untitled Model
0 Author: 
0 BFC CERTIFY CCW
3 16 101.4267 10.3565 -0.8845 109.3889 13.99 -0.787 101.3728 10.5415 0 0.1938 0.7584 0.1429 0.7577 0.1936 0.7531
3 16 101.3728 10.5415 0 109.3889 13.99 -0.787 109.5259 14.2376 0 0.1936 0.7531 0.1429 0.7577 0.1415 0.7531
3 16 101.3728 10.5415 0 88.4361 5.5878 0 101.4267 10.3565 -0.8845 0.1936 0.7531 0.2751 0.7531 0.1938 0.7584
3 16 101.4267 10.3565 -0.8845 88.4361 5.5878 0 88.54 5.3701 -1.1295 0.1938 0.7584 0.2751 0.7531 0.275 0.7599
3 16 80.7815 2.8527 -1.3742 88.54 5.3701 -1.1295 80.7525 3.155 0 0.3232 0.7614 0.275 0.7599 0.3228 0.7531
3 16 80.7525 3.155 0 88.54 5.3701 -1.1295 88.4361 5.5878 0 0.3228 0.7531 0.275 0.7599 0.2751 0.7531
3 16 64.9972 -5.4043 -11.7634 48.8862 -8.1154 -12.7537 66.0373 -9.3334 -23.4867 0.4245 0.8272 0.5196 0.8327 0.4234 0.8995
3 16 66.0373 -9.3334 -23.4867 48.8862 -8.1154 -12.7537 49.3551 -12.3975 -25.9287 0.4234 0.8995 0.5196 0.8327 0.5214 0.9131
3 16 48.8862 -8.1154 -12.7537 35.2251 -9.7124 -14.6632 49.3551 -12.3975 -25.9287 0.5196 0.8327 0.5999 0.8425 0.5214 0.9131
3 16 49.3551 -12.3975 -25.9287 35.2251 -9.7124 -14.6632 35.5405 -13.184 -25.6003 0.5214 0.9131 0.5999 0.8425 0.6014 0.9089
3 16 22.7983 -10.0518 -15.3854 23.2649 -12.652 -23.3671 35.2251 -9.7124 -14.6632 0.6723 0.8436 0.6719 0.8923 0.5999 0.8425
3 16 35.2251 -9.7124 -14.6632 23.2649 -12.652 -23.3671 35.5405 -13.184 -25.6003 0.5999 0.8425 0.6719 0.8923 0.6014 0.9089
3 16 28.9954 -7.415 -8.2949 35.2251 -9.7124 -14.6632 33.5454 -6.0865 -4.8841 0.6341 0.8014 0.5999 0.8425 0.6065 0.7817
3 16 33.5454 -6.0865 -4.8841 35.2251 -9.7124 -14.6632 48.8862 -8.1154 -12.7537 0.6065 0.7817 0.5999 0.8425 0.5196 0.8327
3 16 35.2251 -9.7124 -14.6632 28.9954 -7.415 -8.2949 22.7983 -10.0518 -15.3854 0.5999 0.8425 0.6341 0.8014 0.6723 0.8436
3 16 22.7983 -10.0518 -15.3854 28.9954 -7.415 -8.2949 21.6467 -8.0219 -9.9911 0.6723 0.8436 0.6341 0.8014 0.6773 0.8098
3 16 80.7365 -1.1217 -10.3354 64.9972 -5.4043 -11.7634 81.4647 -4.2902 -18.9868 0.3296 0.8183 0.4245 0.8272 0.3302 0.8721
3 16 81.4647 -4.2902 -18.9868 64.9972 -5.4043 -11.7634 66.0373 -9.3334 -23.4867 0.3302 0.8721 0.4245 0.8272 0.4234 0.8995
3 16 63.898 -1.3172 -1.8033 80.7815 2.8527 -1.3742 63.8185 -0.9472 0 0.4261 0.7639 0.3232 0.7614 0.4261 0.7531
3 16 63.8185 -0.9472 0 80.7815 2.8527 -1.3742 80.7525 3.155 0 0.4261 0.7531 0.3232 0.7614 0.3228 0.7531
3 16 47.4209 -3.308 0 47.5334 -3.7999 -2.2531 63.8185 -0.9472 0 0.5241 0.7531 0.5238 0.7666 0.4261 0.7531
3 16 63.8185 -0.9472 0 47.5334 -3.7999 -2.2531 63.898 -1.3172 -1.8033 0.4261 0.7531 0.5238 0.7666 0.4261 0.7639
3 16 81.2082 6.5439 0 81.2406 6.3488 -1.0003 66.3062 2.755 0 0.4324 0.5046 0.4322 0.5105 0.341 0.5046
3 16 66.3062 2.755 0 81.2406 6.3488 -1.0003 66.1779 2.4443 -1.3714 0.341 0.5046 0.4322 0.5105 0.3398 0.5127
3 16 66.3062 2.755 0 66.1779 2.4443 -1.3714 49.2146 0.2062 0 0.341 0.5046 0.3398 0.5127 0.2383 0.5046
3 16 49.2146 0.2062 0 66.1779 2.4443 -1.3714 49.0839 -0.1723 -1.7315 0.2383 0.5046 0.3398 0.5127 0.2373 0.5148
3 16 49.2146 0.2062 0 49.0839 -0.1723 -1.7315 35.59 -0.5547 0 0.2383 0.5046 0.2373 0.5148 0.1584 0.5046
3 16 35.59 -0.5547 0 49.0839 -0.1723 -1.7315 35.3958 -0.9348 -2.0392 0.1584 0.5046 0.2373 0.5148 0.157 0.5162
3 16 93.9878 10.9107 0 93.8621 10.7232 -0.7145 81.2082 6.5439 0 0.5123 0.5046 0.5112 0.5087 0.4324 0.5046
3 16 81.2082 6.5439 0 93.8621 10.7232 -0.7145 81.2406 6.3488 -1.0003 0.4324 0.5046 0.5112 0.5087 0.4322 0.5105
3 16 104.5864 15.3439 0 104.5337 15.1906 -0.6128 93.9878 10.9107 0 0.5796 0.5045 0.579 0.5081 0.5123 0.5046
3 16 93.9878 10.9107 0 104.5337 15.1906 -0.6128 93.8621 10.7232 -0.7145 0.5123 0.5046 0.579 0.5081 0.5112 0.5087
3 16 35.5899 -4.6875 0 31.6312 -7.569 0 34.9315 -5.2072 -2.2894 0.7035 0.066 0.7318 0.0659 0.7085 0.0794
3 16 34.9315 -5.2072 -2.2894 31.6312 -7.569 0 30.7023 -7.6726 -3.9434 0.7085 0.0794 0.7318 0.0659 0.7372 0.0887
3 16 33.5454 -6.0865 -4.8841 30.7023 -7.6726 -3.9434 28.9954 -7.415 -8.2949 0.7184 0.0946 0.7372 0.0887 0.7466 0.1142
3 16 28.9954 -7.415 -8.2949 30.7023 -7.6726 -3.9434 27.3751 -7.9451 -7.1742 0.7466 0.1142 0.7372 0.0887 0.7564 0.1075
3 16 47.4209 -3.308 0 35.5899 -4.6875 0 47.5334 -3.7999 -2.2531 0.5241 0.7531 0.5936 0.7531 0.5238 0.7666
3 16 47.5334 -3.7999 -2.2531 35.5899 -4.6875 0 34.9315 -5.2072 -2.2894 0.5238 0.7666 0.5936 0.7531 0.5978 0.7664
3 16 21.6467 -8.0219 -9.9911 21.2134 -8.0175 -8.6912 10.1766 -8.0183 -10.0081 0.7897 0.124 0.7923 0.1164 0.8563 0.124
3 16 23.96 -3.9404 -9.5217 23.8355 -3.5394 -9.2622 27.3406 -3.0141 -7.3477 0.7327 0.3735 0.7298 0.3726 0.7354 0.3496
3 16 27.3406 -3.0141 -7.3477 23.8355 -3.5394 -9.2622 27.0875 -2.4965 -7.0897 0.7354 0.3496 0.7298 0.3726 0.7317 0.3486
3 16 27.3406 -3.0141 -7.3477 27.0875 -2.4965 -7.0897 29.7568 -2.3805 -4.0452 0.7354 0.3496 0.7317 0.3486 0.738 0.3256
3 16 29.7568 -2.3805 -4.0452 27.0875 -2.4965 -7.0897 29.2608 -1.6359 -3.8374 0.738 0.3256 0.7317 0.3486 0.7324 0.3248
3 16 31.1945 -1.9247 -0.0034 29.7568 -2.3805 -4.0452 30.0218 -1.18 0 0.7411 0.3014 0.738 0.3256 0.7325 0.3013
3 16 30.0218 -1.18 0 29.7568 -2.3805 -4.0452 29.2608 -1.6359 -3.8374 0.7325 0.3013 0.738 0.3256 0.7324 0.3248
3 16 23.5129 -6.5263 -16.4785 23.1951 -8.3778 -21.4566 12.0403 -8.0103 -20.0036 0.084 0.6027 0.081 0.6334 0.0182 0.6221
3 16 12.0403 -8.0103 -20.0036 23.1951 -8.3778 -21.4566 13.987 -9.2075 -24.2516 0.0182 0.6221 0.081 0.6334 0.0265 0.6488
3 16 20.0171 -4.2871 -10.3122 20.0012 -3.9223 -10.0249 23.96 -3.9404 -9.5217 0.7256 0.396 0.7231 0.395 0.7327 0.3735
3 16 23.96 -3.9404 -9.5217 20.0012 -3.9223 -10.0249 23.8355 -3.5394 -9.2622 0.7327 0.3735 0.7231 0.395 0.7298 0.3726
3 16 31.776 -5.2095 -12.2634 27.3406 -3.0141 -7.3477 33.7882 -2.411 -5.5367 0.133 0.5788 0.1082 0.5467 0.1466 0.5374
3 16 33.7882 -2.411 -5.5367 27.3406 -3.0141 -7.3477 29.7568 -2.3805 -4.0452 0.1466 0.5374 0.1082 0.5467 0.1229 0.5279
3 16 14.4675 -12.4427 -3.1942 16.5512 -12.4427 -1.9912 13.6069 -12.4362 0 0.4321 0.0259 0.4433 0.0324 0.4272 0.044
3 16 13.6069 -12.4362 0 16.5512 -12.4427 -1.9912 16.0177 -12.4427 0 0.4272 0.044 0.4433 0.0324 0.4402 0.044
3 16 16.8058 -12.4427 -5.5325 18.0088 -12.4427 -3.4488 14.4675 -12.4427 -3.1942 0.4453 0.0127 0.4518 0.0239 0.4321 0.0259
3 16 14.4675 -12.4427 -3.1942 18.0088 -12.4427 -3.4488 16.5512 -12.4427 -1.9912 0.4321 0.0259 0.4518 0.0239 0.4433 0.0324
3 16 20 -12.4427 -6.3884 20 -12.4427 -3.9823 16.8058 -12.4427 -5.5325 0.4634 0.0078 0.4634 0.0208 0.4453 0.0127
3 16 16.8058 -12.4427 -5.5325 20 -12.4427 -3.9823 18.0088 -12.4427 -3.4488 0.4453 0.0127 0.4634 0.0208 0.4518 0.0239
3 16 23.1942 -12.4427 -5.5325 21.9912 -12.4427 -3.4488 20 -12.4427 -6.3884 0.4815 0.0127 0.475 0.0239 0.4634 0.0078
3 16 20 -12.4427 -6.3884 21.9912 -12.4427 -3.4488 20 -12.4427 -3.9823 0.4634 0.0078 0.475 0.0239 0.4634 0.0208
3 16 25.5325 -12.4427 -3.1942 23.4488 -12.4427 -1.9912 23.1942 -12.4427 -5.5325 0.4948 0.0259 0.4835 0.0324 0.4815 0.0127
3 16 23.1942 -12.4427 -5.5325 23.4488 -12.4427 -1.9912 21.9912 -12.4427 -3.4488 0.4815 0.0127 0.4835 0.0324 0.475 0.0239
3 16 26.3884 -12.4427 0 23.9776 -12.4362 0 25.5325 -12.4427 -3.1942 0.4996 0.044 0.4867 0.044 0.4948 0.0259
3 16 25.5325 -12.4427 -3.1942 23.9776 -12.4362 0 23.4488 -12.4427 -1.9912 0.4948 0.0259 0.4867 0.044 0.4835 0.0324
3 16 -5.5325 -12.4427 -3.1942 -3.4488 -12.4427 -1.9912 -6.3884 -12.4427 0 0.1321 0.3239 0.1385 0.3127 0.1502 0.3288
3 16 -6.3884 -12.4427 0 -3.4488 -12.4427 -1.9912 -3.9776 -12.4362 0 0.1502 0.3288 0.1385 0.3127 0.1502 0.3158
3 16 -3.1942 -12.4427 -5.5325 -1.9912 -12.4427 -3.4488 -5.5325 -12.4427 -3.1942 0.1188 0.3107 0.13 0.3042 0.1321 0.3239
3 16 -5.5325 -12.4427 -3.1942 -1.9912 -12.4427 -3.4488 -3.4488 -12.4427 -1.9912 0.1321 0.3239 0.13 0.3042 0.1385 0.3127
3 16 0 -12.4427 -6.3884 0 -12.4427 -3.9823 -3.1942 -12.4427 -5.5325 0.1139 0.2926 0.1269 0.2926 0.1188 0.3107
3 16 -3.1942 -12.4427 -5.5325 0 -12.4427 -3.9823 -1.9912 -12.4427 -3.4488 0.1188 0.3107 0.1269 0.2926 0.13 0.3042
3 16 3.1942 -12.4427 -5.5325 1.9912 -12.4427 -3.4488 0 -12.4427 -6.3884 0.1188 0.2745 0.13 0.281 0.1139 0.2926
3 16 0 -12.4427 -6.3884 1.9912 -12.4427 -3.4488 0 -12.4427 -3.9823 0.1139 0.2926 0.13 0.281 0.1269 0.2926
3 16 5.5325 -12.4427 -3.1942 3.4488 -12.4427 -1.9912 3.1942 -12.4427 -5.5325 0.132 0.2612 0.1385 0.2725 0.1188 0.2745
3 16 3.1942 -12.4427 -5.5325 3.4488 -12.4427 -1.9912 1.9912 -12.4427 -3.4488 0.1188 0.2745 0.1385 0.2725 0.13 0.281
3 16 6.3931 -12.4362 0 3.9823 -12.4427 0 5.5325 -12.4427 -3.1942 0.1502 0.2564 0.1502 0.2694 0.132 0.2612
3 16 5.5325 -12.4427 -3.1942 3.9823 -12.4427 0 3.4488 -12.4427 -1.9912 0.132 0.2612 0.1502 0.2694 0.1385 0.2725
3 16 23.9776 -12.4362 0 23.9776 -5.2388 0 23.4488 -12.4427 -1.9912 0.8182 0.4198 0.8182 0.3781 0.8302 0.4198
3 16 23.4488 -12.4427 -1.9912 23.9776 -5.2388 0 23.4488 -5.2323 -1.9912 0.8302 0.4198 0.8182 0.3781 0.8302 0.3781
3 16 16.5512 -12.4427 -1.9912 16.5512 -5.2323 -1.9912 16.0177 -12.4427 0 0.8783 0.4198 0.8783 0.3781 0.8903 0.4198
3 16 16.0177 -12.4427 0 16.5512 -5.2323 -1.9912 16.0177 -5.2323 0 0.8903 0.4198 0.8783 0.3781 0.8903 0.3781
3 16 3.4488 -12.4427 -1.9912 3.4488 -5.2323 -1.9912 1.9912 -12.4427 -3.4488 0.585 0.0679 0.5433 0.0679 0.585 0.0559
3 16 1.9912 -12.4427 -3.4488 3.4488 -5.2323 -1.9912 1.9912 -5.2323 -3.4488 0.585 0.0559 0.5433 0.0679 0.5433 0.0559
3 16 23.4488 -12.4427 -1.9912 23.4488 -5.2323 -1.9912 21.9912 -12.4427 -3.4488 0.8302 0.4198 0.8302 0.3781 0.8422 0.4198
3 16 21.9912 -12.4427 -3.4488 23.4488 -5.2323 -1.9912 21.9912 -5.2323 -3.4488 0.8422 0.4198 0.8302 0.3781 0.8422 0.3781
3 16 21.9912 -12.4427 -3.4488 21.9912 -5.2323 -3.4488 20 -12.4427 -3.9823 0.8422 0.4198 0.8422 0.3781 0.8542 0.4198
3 16 20 -12.4427 -3.9823 21.9912 -5.2323 -3.4488 20 -5.2323 -3.9823 0.8542 0.4198 0.8422 0.3781 0.8542 0.3781
3 16 20 -12.4427 -3.9823 20 -5.2323 -3.9823 18.0088 -12.4427 -3.4488 0.8542 0.4198 0.8542 0.3781 0.8663 0.4198
3 16 18.0088 -12.4427 -3.4488 20 -5.2323 -3.9823 18.0088 -5.2323 -3.4488 0.8663 0.4198 0.8542 0.3781 0.8663 0.3781
3 16 18.0088 -12.4427 -3.4488 18.0088 -5.2323 -3.4488 16.5512 -12.4427 -1.9912 0.8663 0.4198 0.8663 0.3781 0.8783 0.4198
3 16 16.5512 -12.4427 -1.9912 18.0088 -5.2323 -3.4488 16.5512 -5.2323 -1.9912 0.8783 0.4198 0.8663 0.3781 0.8783 0.3781
3 16 3.9823 -12.4427 0 3.9823 -5.2323 0 3.4488 -12.4427 -1.9912 0.585 0.08 0.5433 0.08 0.585 0.0679
3 16 3.4488 -12.4427 -1.9912 3.9823 -5.2323 0 3.4488 -5.2323 -1.9912 0.585 0.0679 0.5433 0.08 0.5433 0.0679
3 16 1.9912 -12.4427 -3.4488 1.9912 -5.2323 -3.4488 0 -12.4427 -3.9823 0.585 0.0559 0.5433 0.0559 0.585 0.0439
3 16 0 -12.4427 -3.9823 1.9912 -5.2323 -3.4488 0 -5.2323 -3.9823 0.585 0.0439 0.5433 0.0559 0.5433 0.0439
3 16 0 -12.4427 -3.9823 0 -5.2323 -3.9823 -1.9912 -12.4427 -3.4488 0.585 0.0439 0.5433 0.0439 0.585 0.0319
3 16 -1.9912 -12.4427 -3.4488 0 -5.2323 -3.9823 -1.9912 -5.2323 -3.4488 0.585 0.0319 0.5433 0.0439 0.5433 0.0319
3 16 -1.9912 -12.4427 -3.4488 -1.9912 -5.2323 -3.4488 -3.4488 -12.4427 -1.9912 0.585 0.0319 0.5433 0.0319 0.585 0.0198
3 16 -3.4488 -12.4427 -1.9912 -1.9912 -5.2323 -3.4488 -3.4488 -5.2323 -1.9912 0.585 0.0198 0.5433 0.0319 0.5433 0.0198
3 16 -3.4488 -12.4427 -1.9912 -3.4488 -5.2323 -1.9912 -3.9776 -12.4362 0 0.585 0.0198 0.5433 0.0198 0.585 0.0078
3 16 -3.9776 -12.4362 0 -3.4488 -5.2323 -1.9912 -3.9776 -5.2388 0 0.585 0.0078 0.5433 0.0198 0.5433 0.0078
3 16 -6.2331 -5.2323 -1.2448 -3.4488 -5.2323 -1.9912 -4.773 -5.2323 -4.773 0.0656 0.3871 0.0699 0.3709 0.0861 0.3786
3 16 -4.773 -5.2323 -4.773 -3.4488 -5.2323 -1.9912 -1.9912 -5.2323 -3.4488 0.0861 0.3786 0.0699 0.3709 0.0784 0.3624
3 16 -9.2551 0.0177 -3.8336 -10.0224 0.0112 0 -6.2331 0.0177 -1.2448 0.9118 0.1367 0.934 0.1322 0.9268 0.154
3 16 -6.2331 0.0177 -1.2448 -10.0224 0.0112 0 -6.2276 0.0112 0 0.9268 0.154 0.934 0.1322 0.934 0.154
3 16 29.2551 0.0177 -3.8337 26.2331 0.0177 -1.2003 30.0177 0.0177 0 0.9118 0.3601 0.927 0.3428 0.934 0.3646
3 16 30.0177 0.0177 0 26.2331 0.0177 -1.2003 26.2276 0.0112 0 0.934 0.3646 0.927 0.3428 0.934 0.3428
3 16 30.0177 0.0177 0 30.0218 -1.18 0 29.2551 0.0177 -3.8337 0.7255 0.3012 0.7325 0.3013 0.7231 0.323
3 16 29.2551 0.0177 -3.8337 30.0218 -1.18 0 29.2608 -1.6359 -3.8374 0.7231 0.323 0.7325 0.3013 0.7324 0.3248
3 16 20.0008 0.0177 -10.0177 10.175 -4.2535 -10.0183 -0.001 0.0177 -10.0177 0.7022 0.3858 0.7013 0.4479 0.6541 0.4913
3 16 -3.8336 0.0177 -9.2551 -1.2486 0.0177 -6.2324 -0.001 0.0177 -10.0177 0.8804 0.1681 0.8977 0.1831 0.8759 0.1903
3 16 -6.2331 0.0177 -1.2448 -4.773 0.0177 -4.773 -9.2551 0.0177 -3.8336 0.9268 0.154 0.9062 0.1625 0.9118 0.1367
3 16 -9.2551 0.0177 -3.8336 -4.773 0.0177 -4.773 -7.0836 0.0177 -7.0836 0.9118 0.1367 0.9062 0.1625 0.8929 0.1492
3 16 26.2331 0.0177 -1.2003 29.2551 0.0177 -3.8337 24.773 0.0177 -4.7731 0.927 0.3428 0.9118 0.3601 0.9062 0.3343
3 16 24.773 0.0177 -4.7731 29.2551 0.0177 -3.8337 27.0835 0.0177 -7.0837 0.9062 0.3343 0.9118 0.3601 0.8929 0.3475
3 16 27.0875 -2.4965 -7.0897 27.0835 0.0177 -7.0837 29.2608 -1.6359 -3.8374 0.7317 0.3486 0.7178 0.3444 0.7324 0.3248
3 16 29.2608 -1.6359 -3.8374 27.0835 0.0177 -7.0837 29.2551 0.0177 -3.8337 0.7324 0.3248 0.7178 0.3444 0.7231 0.323
3 16 23.8355 -3.5394 -9.2622 23.8334 0.0177 -9.2552 27.0875 -2.4965 -7.0897 0.7298 0.3726 0.7106 0.3653 0.7317 0.3486
3 16 27.0875 -2.4965 -7.0897 23.8334 0.0177 -9.2552 27.0835 0.0177 -7.0837 0.7317 0.3486 0.7106 0.3653 0.7178 0.3444
3 16 -10.0224 -8.0112 0 -10.0224 0.0112 0 -9.2551 -8.0177 -3.8336 0.6584 0.5935 0.6161 0.5741 0.6679 0.5728
3 16 -9.2551 -8.0177 -3.8336 -10.0224 0.0112 0 -9.2551 0.0177 -3.8336 0.6679 0.5728 0.6161 0.5741 0.6256 0.5534
3 16 81.4647 -4.2902 -18.9868 92.1166 1.6481 -12.2172 80.7365 -1.1217 -10.3354 0.3302 0.8721 0.2618 0.8299 0.3296 0.8183
3 16 80.7365 -1.1217 -10.3354 92.1166 1.6481 -12.2172 86.3721 1.1244 -9.0344 0.3296 0.8183 0.2618 0.8299 0.2945 0.81
3 16 -9.2551 -8.0177 -3.8336 -9.2551 0.0177 -3.8336 -7.0836 -8.0177 -7.0836 0.6679 0.5728 0.6256 0.5534 0.6774 0.5521
3 16 -7.0836 -8.0177 -7.0836 -9.2551 0.0177 -3.8336 -7.0836 0.0177 -7.0836 0.6774 0.5521 0.6256 0.5534 0.6351 0.5327
3 16 -3.8336 -8.0177 -9.2551 -3.8336 0.0177 -9.2551 -0.001 -8.0177 -10.0177 0.6869 0.5314 0.6446 0.512 0.6964 0.5107
3 16 -0.001 -8.0177 -10.0177 -3.8336 0.0177 -9.2551 -0.001 0.0177 -10.0177 0.6964 0.5107 0.6446 0.512 0.6541 0.4913
3 16 14.4675 -8.0177 -3.1942 14.4675 -12.4427 -3.1942 13.6069 -8.0112 0 0.9409 0.4478 0.916 0.4478 0.9409 0.4289
3 16 13.6069 -8.0112 0 14.4675 -12.4427 -3.1942 13.6069 -12.4362 0 0.9409 0.4289 0.916 0.4478 0.916 0.4289
3 16 -5.5325 -8.0177 -3.1942 -5.5325 -12.4427 -3.1942 -6.3884 -8.0177 0 0.9673 0.5243 0.9921 0.5243 0.9673 0.5435
3 16 -6.3884 -8.0177 0 -5.5325 -12.4427 -3.1942 -6.3884 -12.4427 0 0.9673 0.5435 0.9921 0.5243 0.9921 0.5435
3 16 -5.5325 -8.0177 -3.1942 -6.3884 -8.0177 0 -9.2551 -8.0177 -3.8336 0.9476 0.0844 0.9525 0.0659 0.9692 0.0882
3 16 -9.2551 -8.0177 -3.8336 -6.3884 -8.0177 0 -10.0224 -8.0112 0 0.9692 0.0882 0.9525 0.0659 0.9736 0.0659
3 16 14.4675 -8.0177 -3.1942 5.5325 -8.0177 -3.1942 10.1766 -8.0183 -10.0081 0.8314 0.0844 0.8835 0.0844 0.8563 0.124
3 16 31.6312 -7.569 0 26.389 -8.017 0 30.7023 -7.6726 -3.9434 0.7318 0.0659 0.7625 0.0659 0.7372 0.0887
3 16 30.7023 -7.6726 -3.9434 26.389 -8.017 0 25.5331 -8.0172 -3.1941 0.7372 0.0887 0.7625 0.0659 0.7674 0.0844
3 16 30.7023 -7.6726 -3.9434 25.5331 -8.0172 -3.1941 27.3751 -7.9451 -7.1742 0.7372 0.0887 0.7674 0.0844 0.7564 0.1075
3 16 27.3751 -7.9451 -7.1742 25.5331 -8.0172 -3.1941 23.1943 -8.0175 -5.5326 0.7564 0.1075 0.7674 0.0844 0.7809 0.0979
3 16 16.8058 -8.0177 -5.5325 14.4675 -8.0177 -3.1942 10.1766 -8.0183 -10.0081 0.8179 0.098 0.8314 0.0844 0.8563 0.124
3 16 25.5331 -8.0172 -3.1941 25.5325 -12.4427 -3.1942 23.1943 -8.0175 -5.5326 0.9409 0.5242 0.916 0.5242 0.9409 0.505
3 16 23.1943 -8.0175 -5.5326 25.5325 -12.4427 -3.1942 23.1942 -12.4427 -5.5325 0.9409 0.505 0.916 0.5242 0.916 0.505
3 16 26.389 -8.017 0 26.3884 -12.4427 0 25.5331 -8.0172 -3.1941 0.9409 0.5434 0.916 0.5434 0.9409 0.5242
3 16 25.5331 -8.0172 -3.1941 26.3884 -12.4427 0 25.5325 -12.4427 -3.1942 0.9409 0.5242 0.916 0.5434 0.916 0.5242
3 16 16.8058 -8.0177 -5.5325 16.8058 -12.4427 -5.5325 14.4675 -8.0177 -3.1942 0.9409 0.4668 0.916 0.4668 0.9409 0.4478
3 16 14.4675 -8.0177 -3.1942 16.8058 -12.4427 -5.5325 14.4675 -12.4427 -3.1942 0.9409 0.4478 0.916 0.4668 0.916 0.4478
3 16 20 -8.0176 -6.3884 20 -12.4427 -6.3884 16.8058 -8.0177 -5.5325 0.9409 0.4859 0.916 0.4859 0.9409 0.4668
3 16 16.8058 -8.0177 -5.5325 20 -12.4427 -6.3884 16.8058 -12.4427 -5.5325 0.9409 0.4668 0.916 0.4859 0.916 0.4668
3 16 23.1943 -8.0175 -5.5326 23.1942 -12.4427 -5.5325 20 -8.0176 -6.3884 0.9409 0.505 0.916 0.505 0.9409 0.4859
3 16 20 -8.0176 -6.3884 23.1942 -12.4427 -5.5325 20 -12.4427 -6.3884 0.9409 0.4859 0.916 0.505 0.916 0.4859
3 16 5.5325 -8.0177 -3.1942 5.5325 -12.4427 -3.1942 3.1942 -8.0177 -5.5325 0.9673 0.4478 0.9921 0.4478 0.9673 0.4668
3 16 3.1942 -8.0177 -5.5325 5.5325 -12.4427 -3.1942 3.1942 -12.4427 -5.5325 0.9673 0.4668 0.9921 0.4478 0.9921 0.4668
3 16 5.5325 -8.0177 -3.1942 3.1942 -8.0177 -5.5325 10.1766 -8.0183 -10.0081 0.8835 0.0844 0.897 0.098 0.8563 0.124
3 16 6.3931 -8.0112 0 6.3931 -12.4362 0 5.5325 -8.0177 -3.1942 0.9673 0.4289 0.9921 0.4289 0.9673 0.4478
3 16 5.5325 -8.0177 -3.1942 6.3931 -12.4362 0 5.5325 -12.4427 -3.1942 0.9673 0.4478 0.9921 0.4289 0.9921 0.4478
3 16 -3.1942 -8.0177 -5.5325 -3.1942 -12.4427 -5.5325 -5.5325 -8.0177 -3.1942 0.9673 0.5051 0.9921 0.5051 0.9673 0.5243
3 16 -5.5325 -8.0177 -3.1942 -3.1942 -12.4427 -5.5325 -5.5325 -12.4427 -3.1942 0.9673 0.5243 0.9921 0.5051 0.9921 0.5243
3 16 0 -8.0177 -6.3884 0 -12.4427 -6.3884 -3.1942 -8.0177 -5.5325 0.9673 0.486 0.9921 0.486 0.9673 0.5051
3 16 -3.1942 -8.0177 -5.5325 0 -12.4427 -6.3884 -3.1942 -12.4427 -5.5325 0.9673 0.5051 0.9921 0.486 0.9921 0.5051
3 16 0 -8.0177 -6.3884 -0.001 -8.0177 -10.0177 3.1942 -8.0177 -5.5325 0.9155 0.1029 0.9155 0.124 0.897 0.098
3 16 3.1942 -8.0177 -5.5325 -0.001 -8.0177 -10.0177 10.1766 -8.0183 -10.0081 0.897 0.098 0.9155 0.124 0.8563 0.124
3 16 3.1942 -8.0177 -5.5325 3.1942 -12.4427 -5.5325 0 -8.0177 -6.3884 0.9673 0.4668 0.9921 0.4668 0.9673 0.486
3 16 0 -8.0177 -6.3884 3.1942 -12.4427 -5.5325 0 -12.4427 -6.3884 0.9673 0.486 0.9921 0.4668 0.9921 0.486
3 16 -3.8336 -8.0177 -9.2551 -7.0836 -8.0177 -7.0836 -3.8336 0.0177 -9.2551 0.6869 0.5314 0.6774 0.5521 0.6446 0.512
3 16 -3.8336 0.0177 -9.2551 -7.0836 -8.0177 -7.0836 -7.0836 0.0177 -7.0836 0.6446 0.512 0.6774 0.5521 0.6351 0.5327
3 16 -5.5325 -8.0177 -3.1942 -7.0836 -8.0177 -7.0836 -3.1942 -8.0177 -5.5325 0.9476 0.0844 0.9566 0.107 0.934 0.098
3 16 -3.1942 -8.0177 -5.5325 -7.0836 -8.0177 -7.0836 -3.8336 -8.0177 -9.2551 0.934 0.098 0.9566 0.107 0.9377 0.1196
3 16 20.0012 -3.9223 -10.0249 20.0008 0.0177 -10.0177 23.8355 -3.5394 -9.2622 0.7231 0.395 0.7022 0.3858 0.7298 0.3726
3 16 23.8355 -3.5394 -9.2622 20.0008 0.0177 -10.0177 23.8334 0.0177 -9.2552 0.7298 0.3726 0.7022 0.3858 0.7106 0.3653
3 16 21.2486 0.0177 -6.2324 24.773 0.0177 -4.7731 23.8334 0.0177 -9.2552 0.8977 0.3137 0.9062 0.3343 0.8803 0.3287
3 16 23.8334 0.0177 -9.2552 24.773 0.0177 -4.7731 27.0835 0.0177 -7.0837 0.8803 0.3287 0.9062 0.3343 0.8929 0.3475
3 16 21.2486 0.0177 -6.2324 21.2483 -5.2323 -6.2324 24.773 0.0177 -4.7731 0.6207 0.3089 0.6512 0.3089 0.6207 0.3315
3 16 24.773 0.0177 -4.7731 21.2483 -5.2323 -6.2324 24.773 -5.2323 -4.773 0.6207 0.3315 0.6512 0.3089 0.6512 0.3315
3 16 -6.2331 0.0177 -1.2448 -6.2276 0.0112 0 -6.2331 -5.2323 -1.2448 0.6207 0.1329 0.6207 0.1256 0.6512 0.1329
3 16 -6.2331 -5.2323 -1.2448 -6.2276 0.0112 0 -6.2276 -5.2388 0 0.6512 0.1329 0.6207 0.1256 0.6512 0.1256
3 16 26.2276 -5.2388 0 26.2331 -5.2323 -1.2448 23.9776 -5.2388 0 0.0584 0.1983 0.0656 0.1983 0.0584 0.2114
3 16 23.9776 -5.2388 0 26.2331 -5.2323 -1.2448 23.4488 -5.2323 -1.9912 0.0584 0.2114 0.0656 0.1983 0.07 0.2145
3 16 26.2331 -5.2323 -1.2448 26.2276 -5.2388 0 26.2331 0.0177 -1.2003 0.6512 0.3542 0.6512 0.3614 0.6207 0.3544
3 16 26.2331 0.0177 -1.2003 26.2276 -5.2388 0 26.2276 0.0112 0 0.6207 0.3544 0.6512 0.3614 0.6207 0.3614
3 16 21.2486 0.0177 -6.2324 -1.2486 0.0177 -6.2324 10.0502 -5.2323 -6.2323 0.6207 0.3089 0.6207 0.1782 0.6512 0.2438
3 16 10.0502 -5.2323 -6.2323 -1.2486 0.0177 -6.2324 -1.2483 -5.2323 -6.2324 0.6512 0.2438 0.6207 0.1782 0.6512 0.1782
3 16 -1.2483 -5.2323 -6.2324 -1.2486 0.0177 -6.2324 -4.773 -5.2323 -4.773 0.6512 0.1782 0.6207 0.1782 0.6512 0.1555
3 16 -4.773 -5.2323 -4.773 -1.2486 0.0177 -6.2324 -4.773 0.0177 -4.773 0.6512 0.1555 0.6207 0.1782 0.6207 0.1555
3 16 -6.2331 0.0177 -1.2448 -6.2331 -5.2323 -1.2448 -4.773 0.0177 -4.773 0.6207 0.1329 0.6512 0.1329 0.6207 0.1555
3 16 -4.773 0.0177 -4.773 -6.2331 -5.2323 -1.2448 -4.773 -5.2323 -4.773 0.6207 0.1555 0.6512 0.1329 0.6512 0.1555
3 16 24.773 -5.2323 -4.773 26.2331 -5.2323 -1.2448 24.773 0.0177 -4.7731 0.6512 0.3315 0.6512 0.3542 0.6207 0.3315
3 16 24.773 0.0177 -4.7731 26.2331 -5.2323 -1.2448 26.2331 0.0177 -1.2003 0.6207 0.3315 0.6512 0.3542 0.6207 0.3544
3 16 21.9912 -5.2323 -3.4488 23.4488 -5.2323 -1.9912 24.773 -5.2323 -4.773 0.0785 0.223 0.07 0.2145 0.0861 0.2069
3 16 24.773 -5.2323 -4.773 23.4488 -5.2323 -1.9912 26.2331 -5.2323 -1.2448 0.0861 0.2069 0.07 0.2145 0.0656 0.1983
3 16 10 -5.2323 -4.0177 12.0088 -5.2323 -3.4794 20 -5.2323 -3.9823 0.0816 0.2927 0.0785 0.2811 0.0816 0.2347
3 16 20 -5.2323 -3.9823 12.0088 -5.2323 -3.4794 18.0088 -5.2323 -3.4488 0.0816 0.2347 0.0785 0.2811 0.0785 0.2463
3 16 35.59 -0.5547 0 35.3958 -0.9348 -2.0392 31.1945 -1.9247 -0.0034 0.1584 0.5046 0.157 0.5162 0.1317 0.5046
3 16 31.1945 -1.9247 -0.0034 35.3958 -0.9348 -2.0392 29.7568 -2.3805 -4.0452 0.1317 0.5046 0.157 0.5162 0.1229 0.5279
3 16 23.1951 -8.3778 -21.4566 23.5129 -6.5263 -16.4785 32.9968 -8.0894 -20.3178 0.081 0.6334 0.084 0.6027 0.1381 0.6285
3 16 32.9968 -8.0894 -20.3178 23.5129 -6.5263 -16.4785 31.776 -5.2095 -12.2634 0.1381 0.6285 0.084 0.6027 0.133 0.5788
3 16 64.9972 -5.4043 11.7634 66.0373 -9.3334 23.4867 48.8862 -8.1154 12.7537 0.2922 0.4214 0.2911 0.349 0.3873 0.4159
3 16 48.8862 -8.1154 12.7537 66.0373 -9.3334 23.4867 49.3551 -12.3975 25.9287 0.3873 0.4159 0.2911 0.349 0.3891 0.3355
3 16 48.8862 -8.1154 12.7537 49.3551 -12.3975 25.9287 35.2251 -9.7124 14.6632 0.3873 0.4159 0.3891 0.3355 0.4675 0.4061
3 16 35.2251 -9.7124 14.6632 49.3551 -12.3975 25.9287 35.5406 -13.1841 25.6003 0.4675 0.4061 0.3891 0.3355 0.4691 0.3397
3 16 35.5406 -13.1841 25.6003 23.2649 -12.652 23.3671 35.2251 -9.7124 14.6632 0.4691 0.3397 0.5396 0.3562 0.4675 0.4061
3 16 35.2251 -9.7124 14.6632 23.2649 -12.652 23.3671 22.7983 -10.0518 15.3854 0.4675 0.4061 0.5396 0.3562 0.5399 0.405
3 16 22.7983 -10.0518 15.3854 11.8009 -11.4144 19.2368 10.5384 -9.7443 14.5706 0.5399 0.405 0.6032 0.3849 0.6108 0.4134
3 16 22.7983 -10.0518 15.3854 10.5384 -9.7443 14.5706 21.6467 -8.0219 9.9911 0.5399 0.405 0.6108 0.4134 0.545 0.4388
3 16 21.6467 -8.0219 9.9911 10.5384 -9.7443 14.5706 10.1766 -8.0183 10.0081 0.545 0.4388 0.6108 0.4134 0.6116 0.4419
3 16 80.7365 -1.1217 10.3354 81.4647 -4.2902 18.9868 64.9972 -5.4043 11.7634 0.1973 0.4303 0.1979 0.3764 0.2922 0.4214
3 16 64.9972 -5.4043 11.7634 81.4647 -4.2902 18.9868 66.0373 -9.3334 23.4867 0.2922 0.4214 0.1979 0.3764 0.2911 0.349
3 16 81.4647 -4.2902 18.9868 80.7365 -1.1217 10.3354 92.1165 1.6481 12.2171 0.1979 0.3764 0.1973 0.4303 0.1295 0.4187
3 16 92.1165 1.6481 12.2171 80.7365 -1.1217 10.3354 86.3721 1.1244 9.0344 0.1295 0.4187 0.1973 0.4303 0.1622 0.4386
3 16 92.1165 1.6481 12.2171 91.5071 -1.9254 21.0032 81.4647 -4.2902 18.9868 0.1295 0.4187 0.1394 0.3657 0.1979 0.3764
3 16 81.4647 -4.2902 18.9868 91.5071 -1.9254 21.0032 84.966 -5.3907 25.911 0.1979 0.3764 0.1394 0.3657 0.1799 0.3347
3 16 66.0373 -9.3334 23.4867 81.4647 -4.2902 18.9868 76.4929 -8.7807 30.6109 0.2911 0.349 0.1979 0.3764 0.2328 0.3086
3 16 76.4929 -8.7807 30.6109 81.4647 -4.2902 18.9868 84.966 -5.3907 25.911 0.2328 0.3086 0.1979 0.3764 0.1799 0.3347
3 16 66.0373 -9.3334 23.4867 59.0016 -13.5094 37.0883 49.3551 -12.3975 25.9287 0.2911 0.349 0.3365 0.2709 0.3891 0.3355
3 16 49.3551 -12.3975 25.9287 59.0016 -13.5094 37.0883 50.2601 -14.8177 38.8222 0.3891 0.3355 0.3365 0.2709 0.3873 0.2592
3 16 35.5406 -13.1841 25.6003 49.3551 -12.3975 25.9287 42.4894 -15.3368 39.307 0.4691 0.3397 0.3891 0.3355 0.4324 0.2597
3 16 42.4894 -15.3368 39.307 49.3551 -12.3975 25.9287 50.2601 -14.8177 38.8222 0.4324 0.2597 0.3891 0.3355 0.3873 0.2592
3 16 35.5406 -13.1841 25.6003 27.8866 -15.5904 36.6759 23.2649 -12.652 23.3671 0.4691 0.3397 0.515 0.279 0.5396 0.3562
3 16 23.2649 -12.652 23.3671 27.8866 -15.5904 36.6759 21.6747 -14.9715 33.064 0.5396 0.3562 0.515 0.279 0.5524 0.2979
3 16 23.2649 -12.652 23.3671 21.6747 -14.9715 33.064 17.1824 -14.0472 28.8209 0.5396 0.3562 0.5524 0.2979 0.574 0.3271
3 16 66.3062 2.755 0 49.2146 0.2062 0 66.1779 2.4443 1.3714 0.341 0.2473 0.2383 0.2473 0.3398 0.2391
3 16 66.1779 2.4443 1.3714 49.2146 0.2062 0 49.0839 -0.1723 1.7315 0.3398 0.2391 0.2383 0.2473 0.2373 0.237
3 16 81.2082 6.5439 0 66.3062 2.755 0 81.2406 6.3488 1.0003 0.4324 0.2473 0.341 0.2473 0.4322 0.2414
3 16 81.2406 6.3488 1.0003 66.3062 2.755 0 66.1779 2.4443 1.3714 0.4322 0.2414 0.341 0.2473 0.3398 0.2391
3 16 32.9967 -8.0894 20.3177 23.1951 -8.3778 21.4566 28.0719 -11.9539 36.8538 0.1381 0.1233 0.081 0.1184 0.1074 0.0288
3 16 28.0719 -11.9539 36.8538 23.1951 -8.3778 21.4566 22.1069 -11.3042 33.4008 0.1074 0.0288 0.081 0.1184 0.0713 0.0463
3 16 50.0539 -11.4928 38.8814 49.083 -7.1944 19.3997 42.3549 -11.8715 39.3458 0.2326 0.0105 0.2317 0.1265 0.1881 0.0109
3 16 42.3549 -11.8715 39.3458 49.083 -7.1944 19.3997 32.9967 -8.0894 20.3177 0.1881 0.0109 0.2317 0.1265 0.1381 0.1233
3 16 66.4201 -4.1478 17.7866 49.083 -7.1944 19.3997 58.6199 -10.2421 37.248 0.3336 0.136 0.2317 0.1265 0.2822 0.0219
3 16 58.6199 -10.2421 37.248 49.083 -7.1944 19.3997 50.0539 -11.4928 38.8814 0.2822 0.0219 0.2317 0.1265 0.2326 0.0105
3 16 83.1848 1.8136 13.208 66.4201 -4.1478 17.7866 83.8671 -2.3037 26.6218 0.4359 0.1647 0.3336 0.136 0.4339 0.0831
3 16 83.8671 -2.3037 26.6218 66.4201 -4.1478 17.7866 75.665 -5.6322 31.0964 0.4339 0.0831 0.3336 0.136 0.3828 0.0582
3 16 95.7179 8.2228 8.2792 83.1848 1.8136 13.208 90.5201 1.1872 21.7617 0.5164 0.1959 0.4359 0.1647 0.475 0.1138
3 16 90.5201 1.1872 21.7617 83.1848 1.8136 13.208 83.8671 -2.3037 26.6218 0.475 0.1138 0.4359 0.1647 0.4339 0.0831
3 16 101.3987 9.0861 11.5808 95.7179 8.2228 8.2792 96.6265 5.28 16.5997 0.5485 0.1765 0.5164 0.1959 0.516 0.1446
3 16 93.9878 10.9107 0 81.2082 6.5439 0 93.8621 10.7232 0.7145 0.5123 0.2473 0.4324 0.2473 0.5112 0.2431
3 16 93.8621 10.7232 0.7145 81.2082 6.5439 0 81.2406 6.3488 1.0003 0.5112 0.2431 0.4324 0.2473 0.4322 0.2414
3 16 104.5864 15.3439 0 93.9878 10.9107 0 104.5337 15.1906 0.6128 0.5797 0.2473 0.5123 0.2473 0.579 0.2437
3 16 104.5337 15.1906 0.6128 93.9878 10.9107 0 93.8621 10.7232 0.7145 0.579 0.2437 0.5123 0.2473 0.5112 0.2431
3 16 47.4209 -3.308 0 47.5334 -3.7999 2.2531 35.5899 -4.6875 0 0.3918 0.4954 0.3914 0.482 0.4612 0.4954
3 16 35.5899 -4.6875 0 47.5334 -3.7999 2.2531 34.9315 -5.2072 2.2894 0.4612 0.4954 0.3914 0.482 0.4655 0.4822
3 16 47.4209 -3.308 0 63.8185 -0.9472 0 47.5334 -3.7999 2.2531 0.3918 0.4954 0.2938 0.4954 0.3914 0.482
3 16 47.5334 -3.7999 2.2531 63.8185 -0.9472 0 63.898 -1.3172 1.8033 0.3914 0.482 0.2938 0.4954 0.2938 0.4846
3 16 80.7525 3.155 0 80.7815 2.8527 1.3742 63.8185 -0.9472 0 0.1905 0.4955 0.1908 0.4872 0.2938 0.4954
3 16 63.8185 -0.9472 0 80.7815 2.8527 1.3742 63.898 -1.3172 1.8033 0.2938 0.4954 0.1908 0.4872 0.2938 0.4846
3 16 88.4361 5.5878 0 88.54 5.3701 1.1295 80.7525 3.155 0 0.1428 0.4955 0.1427 0.4887 0.1905 0.4955
3 16 80.7525 3.155 0 88.54 5.3701 1.1295 80.7815 2.8527 1.3742 0.1905 0.4955 0.1427 0.4887 0.1908 0.4872
3 16 35.5899 -4.6875 0 34.9315 -5.2072 2.2894 31.6312 -7.569 0 0.7035 0.066 0.7084 0.0525 0.7318 0.0659
3 16 31.6312 -7.569 0 34.9315 -5.2072 2.2894 30.7023 -7.6726 3.9434 0.7318 0.0659 0.7084 0.0525 0.7371 0.0432
3 16 28.9955 -7.4154 8.2948 21.6467 -8.0219 9.9911 27.3751 -7.9451 7.1742 0.7465 0.0177 0.7897 0.0079 0.7564 0.0244
3 16 27.3751 -7.9451 7.1742 21.6467 -8.0219 9.9911 21.2134 -8.0175 8.6912 0.7564 0.0244 0.7897 0.0079 0.7923 0.0154
3 16 31.776 -5.2095 12.2634 33.7882 -2.411 5.5367 27.3406 -3.0142 7.3476 0.133 0.173 0.1466 0.2144 0.1082 0.2052
3 16 27.3406 -3.0142 7.3476 33.7882 -2.411 5.5367 29.7568 -2.3805 4.0451 0.1082 0.2052 0.1466 0.2144 0.1229 0.2239
3 16 29.2608 -1.6359 3.8374 27.0875 -2.4965 7.0897 29.7568 -2.3805 4.0451 0.7328 0.2778 0.7326 0.254 0.7384 0.2771
3 16 29.7568 -2.3805 4.0451 27.0875 -2.4965 7.0897 27.3406 -3.0142 7.3476 0.7384 0.2771 0.7326 0.254 0.7363 0.2531
3 16 33.7882 -2.411 5.5367 31.776 -5.2095 12.2634 49.083 -7.1944 19.3997 0.1466 0.2144 0.133 0.173 0.2317 0.1265
3 16 31.776 -5.2095 12.2634 32.9967 -8.0894 20.3177 49.083 -7.1944 19.3997 0.133 0.173 0.1381 0.1233 0.2317 0.1265
3 16 13.6069 -8.0112 0 13.6069 -12.4362 0 14.4675 -8.0177 3.1942 0.9409 0.6579 0.916 0.6579 0.9409 0.639
3 16 14.4675 -8.0177 3.1942 13.6069 -12.4362 0 14.4675 -12.4427 3.1942 0.9409 0.639 0.916 0.6579 0.916 0.639
3 16 13.6069 -12.4362 0 16.0177 -12.4427 0 14.4675 -12.4427 3.1942 0.4272 0.044 0.4402 0.044 0.4321 0.0621
3 16 14.4675 -12.4427 3.1942 16.0177 -12.4427 0 16.5512 -12.4427 1.9912 0.4321 0.0621 0.4402 0.044 0.4433 0.0556
3 16 14.4675 -8.0177 3.1942 14.4675 -12.4427 3.1942 16.8058 -8.0177 5.5325 0.9409 0.639 0.916 0.639 0.9409 0.62
3 16 16.8058 -8.0177 5.5325 14.4675 -12.4427 3.1942 16.8058 -12.4427 5.5325 0.9409 0.62 0.916 0.639 0.916 0.62
3 16 16.8058 -8.0177 5.5325 16.8058 -12.4427 5.5325 20 -8.0176 6.3884 0.9409 0.62 0.916 0.62 0.9409 0.6009
3 16 20 -8.0176 6.3884 16.8058 -12.4427 5.5325 20 -12.4427 6.3884 0.9409 0.6009 0.916 0.62 0.916 0.6009
3 16 16.8058 -12.4427 5.5325 18.0088 -12.4427 3.4488 20 -12.4427 6.3884 0.4453 0.0754 0.4518 0.0641 0.4634 0.0802
3 16 20 -12.4427 6.3884 18.0088 -12.4427 3.4488 20 -12.4427 3.9823 0.4634 0.0802 0.4518 0.0641 0.4634 0.0673
3 16 14.4675 -12.4427 3.1942 16.5512 -12.4427 1.9912 16.8058 -12.4427 5.5325 0.4321 0.0621 0.4433 0.0556 0.4453 0.0754
3 16 16.8058 -12.4427 5.5325 16.5512 -12.4427 1.9912 18.0088 -12.4427 3.4488 0.4453 0.0754 0.4433 0.0556 0.4518 0.0641
3 16 20 -8.0176 6.3884 20 -12.4427 6.3884 23.1943 -8.0175 5.5326 0.9409 0.6009 0.916 0.6009 0.9409 0.5818
3 16 23.1943 -8.0175 5.5326 20 -12.4427 6.3884 23.1942 -12.4427 5.5325 0.9409 0.5818 0.916 0.6009 0.916 0.5818
3 16 20 -12.4427 6.3884 20 -12.4427 3.9823 23.1942 -12.4427 5.5325 0.4634 0.0802 0.4634 0.0673 0.4815 0.0754
3 16 23.1942 -12.4427 5.5325 20 -12.4427 3.9823 21.9912 -12.4427 3.4488 0.4815 0.0754 0.4634 0.0673 0.475 0.0641
3 16 23.1943 -8.0175 5.5326 23.1942 -12.4427 5.5325 25.5331 -8.0172 3.1941 0.9409 0.5818 0.916 0.5818 0.9409 0.5626
3 16 25.5331 -8.0172 3.1941 23.1942 -12.4427 5.5325 25.5325 -12.4427 3.1942 0.9409 0.5626 0.916 0.5818 0.916 0.5626
3 16 25.5331 -8.0172 3.1941 25.5325 -12.4427 3.1942 26.389 -8.017 0 0.9409 0.5626 0.916 0.5626 0.9409 0.5434
3 16 26.389 -8.017 0 25.5325 -12.4427 3.1942 26.3884 -12.4427 0 0.9409 0.5434 0.916 0.5626 0.916 0.5434
3 16 25.5325 -12.4427 3.1942 23.4488 -12.4427 1.9912 26.3884 -12.4427 0 0.4948 0.0621 0.4835 0.0556 0.4996 0.044
3 16 26.3884 -12.4427 0 23.4488 -12.4427 1.9912 23.9776 -12.4362 0 0.4996 0.044 0.4835 0.0556 0.4867 0.044
3 16 23.1942 -12.4427 5.5325 21.9912 -12.4427 3.4488 25.5325 -12.4427 3.1942 0.4815 0.0754 0.475 0.0641 0.4948 0.0621
3 16 25.5325 -12.4427 3.1942 21.9912 -12.4427 3.4488 23.4488 -12.4427 1.9912 0.4948 0.0621 0.475 0.0641 0.4835 0.0556
3 16 23.4488 -12.4427 1.9912 23.4488 -5.2323 1.9912 23.9776 -12.4362 0 0.9505 0.4198 0.9505 0.3781 0.9625 0.4198
3 16 23.9776 -12.4362 0 23.4488 -5.2323 1.9912 23.9776 -5.2388 0 0.9625 0.4198 0.9505 0.3781 0.9625 0.3781
3 16 18.0088 -12.4427 3.4488 18.0088 -5.2323 3.4488 20 -12.4427 3.9823 0.9144 0.4198 0.9144 0.3781 0.9264 0.4198
3 16 20 -12.4427 3.9823 18.0088 -5.2323 3.4488 20 -5.2323 3.9823 0.9264 0.4198 0.9144 0.3781 0.9264 0.3781
3 16 16.5512 -12.4427 1.9912 16.5512 -5.2323 1.9912 18.0088 -12.4427 3.4488 0.9023 0.4198 0.9023 0.3781 0.9144 0.4198
3 16 18.0088 -12.4427 3.4488 16.5512 -5.2323 1.9912 18.0088 -5.2323 3.4488 0.9144 0.4198 0.9023 0.3781 0.9144 0.3781
3 16 20 -12.4427 3.9823 20 -5.2323 3.9823 21.9912 -12.4427 3.4488 0.9264 0.4198 0.9264 0.3781 0.9384 0.4198
3 16 21.9912 -12.4427 3.4488 20 -5.2323 3.9823 21.9912 -5.2323 3.4488 0.9384 0.4198 0.9264 0.3781 0.9384 0.3781
3 16 21.9912 -12.4427 3.4488 21.9912 -5.2323 3.4488 23.4488 -12.4427 1.9912 0.9384 0.4198 0.9384 0.3781 0.9505 0.4198
3 16 23.4488 -12.4427 1.9912 21.9912 -5.2323 3.4488 23.4488 -5.2323 1.9912 0.9505 0.4198 0.9384 0.3781 0.9505 0.3781
3 16 -6.3884 -8.0177 0 -6.3884 -12.4427 0 -5.5325 -8.0177 3.1942 0.9673 0.5435 0.9921 0.5435 0.9673 0.5627
3 16 -5.5325 -8.0177 3.1942 -6.3884 -12.4427 0 -5.5325 -12.4427 3.1942 0.9673 0.5627 0.9921 0.5435 0.9921 0.5627
3 16 -6.3884 -12.4427 0 -3.9776 -12.4362 0 -5.5325 -12.4427 3.1942 0.1502 0.3288 0.1502 0.3158 0.1683 0.3239
3 16 -5.5325 -12.4427 3.1942 -3.9776 -12.4362 0 -3.4488 -12.4427 1.9912 0.1683 0.3239 0.1502 0.3158 0.1618 0.3127
3 16 -5.5325 -8.0177 3.1942 -5.5325 -12.4427 3.1942 -3.1942 -8.0177 5.5325 0.9673 0.5627 0.9921 0.5627 0.9673 0.5819
3 16 -3.1942 -8.0177 5.5325 -5.5325 -12.4427 3.1942 -3.1942 -12.4427 5.5325 0.9673 0.5819 0.9921 0.5627 0.9921 0.5819
3 16 -3.1942 -8.0177 5.5325 -3.1942 -12.4427 5.5325 0 -8.0177 6.3884 0.9673 0.5819 0.9921 0.5819 0.9673 0.601
3 16 0 -8.0177 6.3884 -3.1942 -12.4427 5.5325 0 -12.4427 6.3884 0.9673 0.601 0.9921 0.5819 0.9921 0.601
3 16 -3.1942 -12.4427 5.5325 -1.9912 -12.4427 3.4488 0 -12.4427 6.3884 0.1815 0.3107 0.1703 0.3042 0.1864 0.2926
3 16 0 -12.4427 6.3884 -1.9912 -12.4427 3.4488 0 -12.4427 3.9823 0.1864 0.2926 0.1703 0.3042 0.1734 0.2926
3 16 -5.5325 -12.4427 3.1942 -3.4488 -12.4427 1.9912 -3.1942 -12.4427 5.5325 0.1683 0.3239 0.1618 0.3127 0.1815 0.3107
3 16 -3.1942 -12.4427 5.5325 -3.4488 -12.4427 1.9912 -1.9912 -12.4427 3.4488 0.1815 0.3107 0.1618 0.3127 0.1703 0.3042
3 16 0 -8.0177 6.3884 0 -12.4427 6.3884 3.1942 -8.0177 5.5325 0.9673 0.601 0.9921 0.601 0.9673 0.6202
3 16 3.1942 -8.0177 5.5325 0 -12.4427 6.3884 3.1942 -12.4427 5.5325 0.9673 0.6202 0.9921 0.601 0.9921 0.6202
3 16 0 -12.4427 6.3884 0 -12.4427 3.9823 3.1942 -12.4427 5.5325 0.1864 0.2926 0.1734 0.2926 0.1815 0.2745
3 16 3.1942 -12.4427 5.5325 0 -12.4427 3.9823 1.9912 -12.4427 3.4488 0.1815 0.2745 0.1734 0.2926 0.1703 0.281
3 16 3.1942 -8.0177 5.5325 3.1942 -12.4427 5.5325 5.5325 -8.0177 3.1942 0.9673 0.6202 0.9921 0.6202 0.9673 0.6392
3 16 5.5325 -8.0177 3.1942 3.1942 -12.4427 5.5325 5.5325 -12.4427 3.1942 0.9673 0.6392 0.9921 0.6202 0.9921 0.6392
3 16 5.5325 -8.0177 3.1942 5.5325 -12.4427 3.1942 6.3931 -8.0112 0 0.9673 0.6392 0.9921 0.6392 0.9673 0.6581
3 16 6.3931 -8.0112 0 5.5325 -12.4427 3.1942 6.3931 -12.4362 0 0.9673 0.6581 0.9921 0.6392 0.9921 0.6581
3 16 5.5325 -12.4427 3.1942 3.4488 -12.4427 1.9912 6.3931 -12.4362 0 0.1683 0.2612 0.1618 0.2725 0.1502 0.2564
3 16 6.3931 -12.4362 0 3.4488 -12.4427 1.9912 3.9823 -12.4427 0 0.1502 0.2564 0.1618 0.2725 0.1502 0.2694
3 16 3.1942 -12.4427 5.5325 1.9912 -12.4427 3.4488 5.5325 -12.4427 3.1942 0.1815 0.2745 0.1703 0.281 0.1683 0.2612
3 16 5.5325 -12.4427 3.1942 1.9912 -12.4427 3.4488 3.4488 -12.4427 1.9912 0.1683 0.2612 0.1703 0.281 0.1618 0.2725
3 16 3.4488 -12.4427 1.9912 3.4488 -5.2323 1.9912 3.9823 -12.4427 0 0.585 0.092 0.5433 0.092 0.585 0.08
3 16 3.9823 -12.4427 0 3.4488 -5.2323 1.9912 3.9823 -5.2323 0 0.585 0.08 0.5433 0.092 0.5433 0.08
3 16 -1.9912 -12.4427 3.4488 -1.9912 -5.2323 3.4488 0 -12.4427 3.9823 0.585 0.1281 0.5433 0.1281 0.585 0.116
3 16 0 -12.4427 3.9823 -1.9912 -5.2323 3.4488 0 -5.2323 3.9823 0.585 0.116 0.5433 0.1281 0.5433 0.116
3 16 -3.4488 -12.4427 1.9912 -3.4488 -5.2323 1.9912 -1.9912 -12.4427 3.4488 0.585 0.1401 0.5433 0.1401 0.585 0.1281
3 16 -1.9912 -12.4427 3.4488 -3.4488 -5.2323 1.9912 -1.9912 -5.2323 3.4488 0.585 0.1281 0.5433 0.1401 0.5433 0.1281
3 16 0 -12.4427 3.9823 0 -5.2323 3.9823 1.9912 -12.4427 3.4488 0.585 0.116 0.5433 0.116 0.585 0.104
3 16 1.9912 -12.4427 3.4488 0 -5.2323 3.9823 1.9912 -5.2323 3.4488 0.585 0.104 0.5433 0.116 0.5433 0.104
3 16 1.9912 -12.4427 3.4488 1.9912 -5.2323 3.4488 3.4488 -12.4427 1.9912 0.585 0.104 0.5433 0.104 0.585 0.092
3 16 3.4488 -12.4427 1.9912 1.9912 -5.2323 3.4488 3.4488 -5.2323 1.9912 0.585 0.092 0.5433 0.104 0.5433 0.092
3 16 21.6467 -8.0219 9.9911 28.9955 -7.4154 8.2948 22.7983 -10.0518 15.3854 0.545 0.4388 0.5018 0.4472 0.5399 0.405
3 16 22.7983 -10.0518 15.3854 28.9955 -7.4154 8.2948 35.2251 -9.7124 14.6632 0.5399 0.405 0.5018 0.4472 0.4675 0.4061
3 16 16.0177 -12.4427 0 16.0177 -5.2323 0 16.5512 -12.4427 1.9912 0.8903 0.4198 0.8903 0.3781 0.9023 0.4198
3 16 16.5512 -12.4427 1.9912 16.0177 -5.2323 0 16.5512 -5.2323 1.9912 0.9023 0.4198 0.8903 0.3781 0.9023 0.3781
3 16 -3.9776 -12.4362 0 -3.9776 -5.2388 0 -3.4488 -12.4427 1.9912 0.585 0.1521 0.5433 0.1521 0.585 0.1401
3 16 -3.4488 -12.4427 1.9912 -3.9776 -5.2388 0 -3.4488 -5.2323 1.9912 0.585 0.1401 0.5433 0.1521 0.5433 0.1401
3 16 30.0177 0.0177 0 29.2551 0.0177 3.8337 30.0218 -1.18 0 0.7255 0.3012 0.7235 0.2794 0.7325 0.3013
3 16 30.0218 -1.18 0 29.2551 0.0177 3.8337 29.2608 -1.6359 3.8374 0.7325 0.3013 0.7235 0.2794 0.7328 0.2778
3 16 29.2551 0.0177 3.8337 27.0835 0.0177 7.0837 29.2608 -1.6359 3.8374 0.7235 0.2794 0.7186 0.2579 0.7328 0.2778
3 16 29.2608 -1.6359 3.8374 27.0835 0.0177 7.0837 27.0875 -2.4965 7.0897 0.7328 0.2778 0.7186 0.2579 0.7326 0.254
3 16 -9.2551 -8.0177 3.8336 -9.2551 0.0177 3.8336 -10.0224 -8.0112 0 0.6729 0.0287 0.6303 0.0473 0.6638 0.0078
3 16 -10.0224 -8.0112 0 -9.2551 0.0177 3.8336 -10.0224 0.0112 0 0.6638 0.0078 0.6303 0.0473 0.6212 0.0264
3 16 -7.0836 -8.0177 7.0836 -7.0836 0.0177 7.0836 -9.2551 -8.0177 3.8336 0.682 0.0495 0.6394 0.0681 0.6729 0.0287
3 16 -9.2551 -8.0177 3.8336 -7.0836 0.0177 7.0836 -9.2551 0.0177 3.8336 0.6729 0.0287 0.6394 0.0681 0.6303 0.0473
3 16 -3.8336 -8.0177 9.2551 -3.8336 0.0177 9.2551 -7.0836 -8.0177 7.0836 0.6911 0.0704 0.6485 0.089 0.682 0.0495
3 16 -7.0836 -8.0177 7.0836 -3.8336 0.0177 9.2551 -7.0836 0.0177 7.0836 0.682 0.0495 0.6485 0.089 0.6394 0.0681
3 16 20 -8.0176 6.3884 21.2134 -8.0175 8.6912 16.8058 -8.0177 5.5325 0.7994 0.0289 0.7923 0.0154 0.8179 0.0339
3 16 16.8058 -8.0177 5.5325 21.2134 -8.0175 8.6912 10.1766 -8.0183 10.0081 0.8179 0.0339 0.7923 0.0154 0.8563 0.0078
3 16 13.6069 -8.0112 0 14.4675 -8.0177 3.1942 6.3931 -8.0112 0 0.8364 0.0659 0.8314 0.0474 0.8785 0.0659
3 16 6.3931 -8.0112 0 14.4675 -8.0177 3.1942 5.5325 -8.0177 3.1942 0.8785 0.0659 0.8314 0.0474 0.8835 0.0474
3 16 3.1942 -8.0177 5.5325 5.5325 -8.0177 3.1942 10.1766 -8.0183 10.0081 0.897 0.0339 0.8835 0.0474 0.8563 0.0078
3 16 -5.5325 -8.0177 3.1942 -9.2551 -8.0177 3.8336 -6.3884 -8.0177 0 0.9476 0.0474 0.9692 0.0437 0.9525 0.0659
3 16 -6.3884 -8.0177 0 -9.2551 -8.0177 3.8336 -10.0224 -8.0112 0 0.9525 0.0659 0.9692 0.0437 0.9736 0.0659
3 16 25.5331 -8.0172 3.1941 26.389 -8.017 0 30.7023 -7.6726 3.9434 0.7674 0.0475 0.7625 0.0659 0.7371 0.0432
3 16 30.7023 -7.6726 3.9434 26.389 -8.017 0 31.6312 -7.569 0 0.7371 0.0432 0.7625 0.0659 0.7318 0.0659
3 16 20 -8.0176 6.3884 23.1943 -8.0175 5.5326 21.2134 -8.0175 8.6912 0.7994 0.0289 0.7809 0.0339 0.7923 0.0154
3 16 21.2134 -8.0175 8.6912 23.1943 -8.0175 5.5326 27.3751 -7.9451 7.1742 0.7923 0.0154 0.7809 0.0339 0.7564 0.0244
3 16 21.2134 -8.0175 8.6912 21.6467 -8.0219 9.9911 10.1766 -8.0183 10.0081 0.7923 0.0154 0.7897 0.0079 0.8563 0.0078
3 16 0 -8.0177 6.3884 3.1942 -8.0177 5.5325 -0.001 -8.0177 10.0177 0.9155 0.0289 0.897 0.0339 0.9155 0.0078
3 16 -0.001 -8.0177 10.0177 3.1942 -8.0177 5.5325 10.1766 -8.0183 10.0081 0.9155 0.0078 0.897 0.0339 0.8563 0.0078
3 16 -0.001 -8.0177 10.0177 -0.001 0.0177 10.0177 -3.8336 -8.0177 9.2551 0.7002 0.0913 0.6576 0.1099 0.6911 0.0704
3 16 -3.8336 -8.0177 9.2551 -0.001 0.0177 10.0177 -3.8336 0.0177 9.2551 0.6911 0.0704 0.6576 0.1099 0.6485 0.089
3 16 -7.0836 -8.0177 7.0836 -9.2551 -8.0177 3.8336 -5.5325 -8.0177 3.1942 0.9566 0.0249 0.9692 0.0437 0.9476 0.0474
3 16 -3.1942 -8.0177 5.5325 0 -8.0177 6.3884 -3.8336 -8.0177 9.2551 0.934 0.0339 0.9155 0.0289 0.9378 0.0123
3 16 -3.8336 -8.0177 9.2551 0 -8.0177 6.3884 -0.001 -8.0177 10.0177 0.9378 0.0123 0.9155 0.0289 0.9155 0.0078
3 16 -6.2331 -5.2323 1.2448 -6.2276 -5.2388 0 -6.2331 0.0177 1.2448 0.8421 0.3617 0.8421 0.369 0.8116 0.3617
3 16 -6.2331 0.0177 1.2448 -6.2276 -5.2388 0 -6.2276 0.0112 0 0.8116 0.3617 0.8421 0.369 0.8116 0.369
3 16 -6.2331 -5.2323 1.2448 -6.2331 0.0177 1.2448 -4.773 -5.2323 4.773 0.8421 0.3617 0.8116 0.3617 0.8421 0.3391
3 16 -4.773 -5.2323 4.773 -6.2331 0.0177 1.2448 -4.773 0.0177 4.773 0.8421 0.3391 0.8116 0.3617 0.8116 0.3391
3 16 0 -5.2323 3.9823 -1.9912 -5.2323 3.4488 -1.2483 -5.2323 6.2324 0.0351 0.3508 0.0382 0.3624 0.022 0.3581
3 16 -1.2483 -5.2323 6.2324 -1.9912 -5.2323 3.4488 -4.773 -5.2323 4.773 0.022 0.3581 0.0382 0.3624 0.0305 0.3786
3 16 26.2276 0.0112 0 26.2276 -5.2388 0 26.2331 0.0177 1.2003 0.8117 0.1331 0.8422 0.1331 0.8117 0.1401
3 16 26.2331 0.0177 1.2003 26.2276 -5.2388 0 26.2331 -5.2323 1.2448 0.8117 0.1401 0.8422 0.1331 0.8422 0.1404
3 16 -1.2483 -5.2323 6.2324 -4.773 -5.2323 4.773 -1.2486 0.0177 6.2324 0.8421 0.3164 0.8421 0.3391 0.8116 0.3164
3 16 -1.2486 0.0177 6.2324 -4.773 -5.2323 4.773 -4.773 0.0177 4.773 0.8116 0.3164 0.8421 0.3391 0.8116 0.3391
3 16 24.773 0.0177 4.7731 24.773 -5.2323 4.773 21.2486 0.0177 6.2324 0.8117 0.1631 0.8421 0.1631 0.8117 0.1857
3 16 21.2486 0.0177 6.2324 24.773 -5.2323 4.773 21.2483 -5.2323 6.2324 0.8117 0.1857 0.8421 0.1631 0.8421 0.1857
3 16 26.2276 0.0112 0 26.2331 0.0177 1.2003 30.0177 0.0177 0 0.934 0.3428 0.941 0.3428 0.934 0.3646
3 16 30.0177 0.0177 0 26.2331 0.0177 1.2003 29.2551 0.0177 3.8337 0.934 0.3646 0.941 0.3428 0.9562 0.3601
3 16 26.2276 -5.2388 0 23.9776 -5.2388 0 26.2331 -5.2323 1.2448 0.0584 0.1983 0.0584 0.2114 0.0511 0.1983
3 16 26.2331 -5.2323 1.2448 23.9776 -5.2388 0 23.4488 -5.2323 1.9912 0.0511 0.1983 0.0584 0.2114 0.0467 0.2145
3 16 26.2331 0.0177 1.2003 26.2331 -5.2323 1.2448 24.773 0.0177 4.7731 0.8117 0.1401 0.8422 0.1404 0.8117 0.1631
3 16 24.773 0.0177 4.7731 26.2331 -5.2323 1.2448 24.773 -5.2323 4.773 0.8117 0.1631 0.8422 0.1404 0.8421 0.1631
3 16 -9.2551 0.0177 3.8336 -6.2331 0.0177 1.2448 -10.0224 0.0112 0 0.9562 0.1367 0.9413 0.154 0.934 0.1322
3 16 -10.0224 0.0112 0 -6.2331 0.0177 1.2448 -6.2276 0.0112 0 0.934 0.1322 0.9413 0.154 0.934 0.154
3 16 -6.2331 0.0177 1.2448 -9.2551 0.0177 3.8336 -4.773 0.0177 4.773 0.9413 0.154 0.9562 0.1367 0.9618 0.1625
3 16 -4.773 0.0177 4.773 -9.2551 0.0177 3.8336 -7.0836 0.0177 7.0836 0.9618 0.1625 0.9562 0.1367 0.9751 0.1492
3 16 -1.2486 0.0177 6.2324 -4.773 0.0177 4.773 -3.8336 0.0177 9.2551 0.9703 0.1831 0.9618 0.1625 0.9877 0.1681
3 16 -3.8336 0.0177 9.2551 -4.773 0.0177 4.773 -7.0836 0.0177 7.0836 0.9877 0.1681 0.9618 0.1625 0.9751 0.1492
3 16 10.0502 -5.2323 6.2323 21.2486 0.0177 6.2324 21.2483 -5.2323 6.2324 0.8421 0.2508 0.8117 0.1857 0.8421 0.1857
3 16 -1.2486 0.0177 6.2324 -0.001 0.0177 10.0177 21.2486 0.0177 6.2324 0.9703 0.1831 0.9921 0.1903 0.9703 0.3137
3 16 21.2486 0.0177 6.2324 -0.001 0.0177 10.0177 20.0008 0.0177 10.0177 0.9703 0.3137 0.9921 0.1903 0.9921 0.3065
3 16 20 -5.2323 3.9823 21.2483 -5.2323 6.2324 21.9912 -5.2323 3.4488 0.0351 0.2346 0.022 0.2274 0.0382 0.223
3 16 21.9912 -5.2323 3.4488 21.2483 -5.2323 6.2324 24.773 -5.2323 4.773 0.0382 0.223 0.022 0.2274 0.0306 0.2068
3 16 29.2608 -1.6359 3.8374 29.7568 -2.3805 4.0451 30.0218 -1.18 0 0.7328 0.2778 0.7384 0.2771 0.7325 0.3013
3 16 30.0218 -1.18 0 29.7568 -2.3805 4.0451 31.1945 -1.9247 -0.0034 0.7325 0.3013 0.7384 0.2771 0.7411 0.3014
3 16 26.2331 0.0177 1.2003 24.773 0.0177 4.7731 29.2551 0.0177 3.8337 0.941 0.3428 0.9618 0.3343 0.9562 0.3601
3 16 29.2551 0.0177 3.8337 24.773 0.0177 4.7731 27.0835 0.0177 7.0837 0.9562 0.3601 0.9618 0.3343 0.9751 0.3475
3 16 23.8334 0.0177 9.2552 21.2486 0.0177 6.2324 20.0008 0.0177 10.0177 0.9877 0.3287 0.9703 0.3137 0.9921 0.3065
3 16 109.5675 17.6882 0 104.5864 15.3439 0 109.4325 17.4213 0.8134 0.6115 0.2473 0.5797 0.2473 0.6102 0.2425
3 16 109.4325 17.4213 0.8134 104.5864 15.3439 0 104.5337 15.1906 0.6128 0.6102 0.2425 0.5797 0.2473 0.579 0.2437
3 16 101.3728 10.5415 0 101.4267 10.3565 0.8845 88.4361 5.5878 0 0.0613 0.4955 0.0614 0.4902 0.1428 0.4955
3 16 88.4361 5.5878 0 101.4267 10.3565 0.8845 88.54 5.3701 1.1295 0.1428 0.4955 0.0614 0.4902 0.1427 0.4887
3 16 -3.4488 -5.2323 1.9912 -3.9776 -5.2388 0 -6.2331 -5.2323 1.2448 0.0467 0.3709 0.0583 0.374 0.0511 0.3871
3 16 -6.2331 -5.2323 1.2448 -3.9776 -5.2388 0 -6.2276 -5.2388 0 0.0511 0.3871 0.0583 0.374 0.0583 0.3871
3 16 27.0875 -2.4965 7.0897 23.8355 -3.5394 9.2622 27.3406 -3.0142 7.3476 0.7326 0.254 0.7311 0.2299 0.7363 0.2531
3 16 27.3406 -3.0142 7.3476 23.8355 -3.5394 9.2622 23.96 -3.9404 9.5217 0.7363 0.2531 0.7311 0.2299 0.734 0.2291
3 16 23.8355 -3.5394 9.2622 20.0012 -3.9223 10.0249 23.96 -3.9404 9.5217 0.7311 0.2299 0.7248 0.2075 0.734 0.2291
3 16 23.96 -3.9404 9.5217 20.0012 -3.9223 10.0249 20.0171 -4.2871 10.3122 0.734 0.2291 0.7248 0.2075 0.7274 0.2065
3 16 27.0835 0.0177 7.0837 23.8334 0.0177 9.2552 27.0875 -2.4965 7.0897 0.7186 0.2579 0.7118 0.2369 0.7326 0.254
3 16 27.0875 -2.4965 7.0897 23.8334 0.0177 9.2552 23.8355 -3.5394 9.2622 0.7326 0.254 0.7118 0.2369 0.7311 0.2299
3 16 23.8334 0.0177 9.2552 20.0008 0.0177 10.0177 23.8355 -3.5394 9.2622 0.7118 0.2369 0.7038 0.2162 0.7311 0.2299
3 16 23.8355 -3.5394 9.2622 20.0008 0.0177 10.0177 20.0012 -3.9223 10.0249 0.7311 0.2299 0.7038 0.2162 0.7248 0.2075
3 16 35.59 -0.5547 0 31.1945 -1.9247 -0.0034 35.3958 -0.9348 2.0392 0.1584 0.2473 0.1317 0.2473 0.157 0.2357
3 16 35.3958 -0.9348 2.0392 31.1945 -1.9247 -0.0034 29.7568 -2.3805 4.0451 0.157 0.2357 0.1317 0.2473 0.1229 0.2239
3 16 49.2146 0.2062 0 35.59 -0.5547 0 49.0839 -0.1723 1.7315 0.2383 0.2473 0.1584 0.2473 0.2373 0.237
3 16 49.0839 -0.1723 1.7315 35.59 -0.5547 0 35.3958 -0.9348 2.0392 0.2373 0.237 0.1584 0.2473 0.157 0.2357
3 16 23.513 -6.5263 16.4784 31.776 -5.2095 12.2634 23.96 -3.9404 9.5217 0.084 0.1492 0.133 0.173 0.0881 0.1922
3 16 23.96 -3.9404 9.5217 31.776 -5.2095 12.2634 27.3406 -3.0142 7.3476 0.0881 0.1922 0.133 0.173 0.1082 0.2052
3 16 33.5453 -6.0864 4.8841 28.9955 -7.4154 8.2948 30.7023 -7.6726 3.9434 0.7183 0.0373 0.7465 0.0177 0.7371 0.0432
3 16 30.7023 -7.6726 3.9434 28.9955 -7.4154 8.2948 27.3751 -7.9451 7.1742 0.7371 0.0432 0.7465 0.0177 0.7564 0.0244
3 16 27.3751 -7.9451 -7.1742 23.1943 -8.0175 -5.5326 21.2134 -8.0175 -8.6912 0.7564 0.1075 0.7809 0.0979 0.7923 0.1164
3 16 21.2134 -8.0175 -8.6912 23.1943 -8.0175 -5.5326 20 -8.0176 -6.3884 0.7923 0.1164 0.7809 0.0979 0.7994 0.1029
3 16 21.2134 -8.0175 -8.6912 21.6467 -8.0219 -9.9911 27.3751 -7.9451 -7.1742 0.7923 0.1164 0.7897 0.124 0.7564 0.1075
3 16 27.3751 -7.9451 -7.1742 21.6467 -8.0219 -9.9911 28.9954 -7.415 -8.2949 0.7564 0.1075 0.7897 0.124 0.7466 0.1142
3 16 109.5675 17.6882 0 109.4325 17.4213 -0.8134 104.5864 15.3439 0 0.6115 0.5045 0.6102 0.5093 0.5796 0.5045
3 16 104.5864 15.3439 0 109.4325 17.4213 -0.8134 104.5337 15.1906 -0.6128 0.5796 0.5045 0.6102 0.5093 0.579 0.5081
3 16 22.7983 -10.0518 -15.3854 21.6467 -8.0219 -9.9911 10.5384 -9.7443 -14.5706 0.6723 0.8436 0.6773 0.8098 0.7431 0.8351
3 16 10.5384 -9.7443 -14.5706 21.6467 -8.0219 -9.9911 10.1766 -8.0183 -10.0081 0.7431 0.8351 0.6773 0.8098 0.7439 0.8067
3 16 10.5384 -9.7443 -14.5706 10.1766 -8.0183 -10.0081 10.7209 -6.455 -15.6063 0.7533 0.1647 0.7533 0.1321 0.773 0.1647
3 16 10.7209 -6.455 -15.6063 10.1766 -8.0183 -10.0081 10.175 -4.2535 -10.0183 0.773 0.1647 0.7533 0.1321 0.773 0.1321
3 16 22.1069 -11.3042 33.4008 17.5369 -10.4338 29.246 21.6747 -14.9715 33.064 0.8024 0.7575 0.8024 0.7916 0.7823 0.7575
3 16 21.6747 -14.9715 33.064 17.5369 -10.4338 29.246 17.1824 -14.0472 28.8209 0.7823 0.7575 0.8024 0.7916 0.7823 0.7916
3 16 101.4267 10.3565 0.8845 101.3728 10.5415 0 109.3889 13.99 0.787 0.0614 0.4902 0.0613 0.4955 0.0106 0.4908
3 16 109.3889 13.99 0.787 101.3728 10.5415 0 109.5259 14.2376 0 0.0106 0.4908 0.0613 0.4955 0.0092 0.4955
3 16 109.4325 17.4213 -0.8134 109.3889 13.99 -0.787 105.7433 13.2934 -6.3376 0.773 0.9174 0.7533 0.9174 0.773 0.8766
3 16 105.7433 13.2934 -6.3376 109.3889 13.99 -0.787 106.1288 10.1146 -5.8178 0.773 0.8766 0.7533 0.9174 0.7533 0.8766
3 16 92.1166 1.6481 -12.2172 91.4563 -1.8048 -21.0166 97.5007 2.1417 -15.7943 0.2618 0.8299 0.2718 0.8829 0.2313 0.8519
3 16 95.7178 8.2228 -8.2791 101.3489 9.1499 -11.5613 96.6267 5.28 -16.5997 0.5164 0.5559 0.5485 0.5754 0.516 0.6072
3 16 101.3489 9.1499 -11.5613 101.979 5.9913 -10.8982 96.6267 5.28 -16.5997 0.773 0.8335 0.7533 0.8335 0.773 0.7903
3 16 96.6267 5.28 -16.5997 101.979 5.9913 -10.8982 97.5007 2.1417 -15.7943 0.773 0.7903 0.7533 0.8335 0.7533 0.7903
3 16 66.0373 -9.3334 -23.4867 67.494 -11.602 -34.6388 76.4706 -8.7695 -30.5734 0.4234 0.8995 0.4181 0.966 0.3651 0.9399
3 16 90.4691 1.3077 -21.7749 95.7178 8.2228 -8.2791 96.6267 5.28 -16.5997 0.475 0.638 0.5164 0.5559 0.516 0.6072
3 16 96.6267 5.28 -16.5997 97.5007 2.1417 -15.7943 90.4691 1.3077 -21.7749 0.773 0.7903 0.7533 0.7903 0.773 0.7393
3 16 90.4691 1.3077 -21.7749 97.5007 2.1417 -15.7943 91.4563 -1.8048 -21.0166 0.773 0.7393 0.7533 0.7903 0.7533 0.7393
3 16 66.4201 -4.1477 -17.7866 75.6426 -5.621 -31.0589 66.9379 -8.3921 -34.8987 0.3336 0.6159 0.3828 0.6936 0.3317 0.7185
3 16 75.6426 -5.621 -31.0589 76.4706 -8.7695 -30.5734 66.9379 -8.3921 -34.8987 0.773 0.629 0.7533 0.629 0.773 0.5698
3 16 66.9379 -8.3921 -34.8987 76.4706 -8.7695 -30.5734 67.494 -11.602 -34.6388 0.773 0.5698 0.7533 0.629 0.7533 0.5698
3 16 66.0373 -9.3334 -23.4867 58.9781 -13.4149 -37.0407 67.494 -11.602 -34.6388 0.4234 0.8995 0.4688 0.9777 0.4181 0.966
3 16 58.5963 -10.1475 -37.2004 66.4201 -4.1477 -17.7866 66.9379 -8.3921 -34.8987 0.2821 0.7299 0.3336 0.6159 0.3317 0.7185
3 16 66.9379 -8.3921 -34.8987 67.494 -11.602 -34.6388 58.5963 -10.1475 -37.2004 0.773 0.5698 0.7533 0.5698 0.773 0.5168
3 16 58.5963 -10.1475 -37.2004 67.494 -11.602 -34.6388 58.9781 -13.4149 -37.0407 0.773 0.5168 0.7533 0.5698 0.7533 0.5168
3 16 35.5405 -13.184 -25.6003 34.7407 -15.848 -38.9081 42.4947 -15.4708 -39.3115 0.6014 0.9089 0.6099 0.9883 0.5647 0.9888
3 16 32.9968 -8.0894 -20.3178 42.3603 -12.0054 -39.3504 34.6779 -12.2422 -38.9268 0.1381 0.6285 0.188 0.7409 0.1435 0.7405
3 16 42.3603 -12.0054 -39.3504 42.4947 -15.4708 -39.3115 34.6779 -12.2422 -38.9268 0.773 0.4178 0.7533 0.4178 0.773 0.3718
3 16 34.6779 -12.2422 -38.9268 42.4947 -15.4708 -39.3115 34.7407 -15.848 -38.9081 0.773 0.3718 0.7533 0.4178 0.7533 0.3718
3 16 35.5405 -13.184 -25.6003 27.9036 -15.6492 -36.7601 34.7407 -15.848 -38.9081 0.6014 0.9089 0.647 0.9697 0.6099 0.9883
3 16 28.2108 -12.0222 -36.9907 32.9968 -8.0894 -20.3178 34.6779 -12.2422 -38.9268 0.1084 0.7235 0.1381 0.6285 0.1435 0.7405
3 16 34.6779 -12.2422 -38.9268 34.7407 -15.848 -38.9081 28.2108 -12.0222 -36.9907 0.773 0.3718 0.7533 0.3718 0.773 0.3316
3 16 28.2108 -12.0222 -36.9907 34.7407 -15.848 -38.9081 27.9036 -15.6492 -36.7601 0.773 0.3316 0.7533 0.3718 0.7533 0.3307
3 16 17.1845 -14.06 -28.8166 13.7107 -12.7668 -23.7376 17.539 -10.4467 -29.2418 0.7533 0.2535 0.7533 0.2181 0.773 0.2535
3 16 17.539 -10.4467 -29.2418 13.7107 -12.7668 -23.7376 13.987 -9.2075 -24.2516 0.773 0.2535 0.7533 0.2181 0.773 0.2181
3 16 23.2649 -12.652 -23.3671 13.7107 -12.7668 -23.7376 17.1845 -14.06 -28.8166 0.6719 0.8923 0.7279 0.8922 0.7063 0.9215
3 16 22.7983 -10.0518 -15.3854 11.8109 -11.4345 -19.2281 23.2649 -12.652 -23.3671 0.6723 0.8436 0.7355 0.8637 0.6719 0.8923
3 16 23.2649 -12.652 -23.3671 11.8109 -11.4345 -19.2281 13.7107 -12.7668 -23.7376 0.6719 0.8923 0.7355 0.8637 0.7279 0.8922
3 16 12.0403 -8.0103 -20.0036 13.987 -9.2075 -24.2516 11.8109 -11.4345 -19.2281 0.773 0.1914 0.773 0.2181 0.7533 0.1914
3 16 11.8109 -11.4345 -19.2281 13.987 -9.2075 -24.2516 13.7107 -12.7668 -23.7376 0.7533 0.1914 0.773 0.2181 0.7533 0.2181
3 16 10.175 -4.2535 -10.0183 20.0171 -4.2871 -10.3122 10.7209 -6.455 -15.6063 0.0078 0.5604 0.0649 0.5638 0.0099 0.5954
3 16 23.1951 -8.3778 21.4566 17.5369 -10.4338 29.246 22.1069 -11.3042 33.4008 0.081 0.1184 0.0489 0.0746 0.0713 0.0463
3 16 10.5384 -9.7443 14.5706 10.7209 -6.455 15.6062 10.1766 -8.0183 10.0081 0.7823 0.8766 0.8024 0.8766 0.7823 0.9076
3 16 10.1766 -8.0183 10.0081 10.7209 -6.455 15.6062 10.175 -4.2535 10.0183 0.7823 0.9076 0.8024 0.8766 0.8024 0.9076
3 16 109.3889 13.99 0.787 109.5259 14.2376 0 109.4325 17.4213 0.8134 0.7823 0.138 0.7823 0.1331 0.8024 0.138
3 16 109.4325 17.4213 0.8134 109.5259 14.2376 0 109.5675 17.6882 0 0.8024 0.138 0.7823 0.1331 0.8024 0.1331
3 16 101.3987 9.0861 11.5808 96.6265 5.28 16.5997 102.0287 5.9276 10.9177 0.8024 0.2221 0.8024 0.2653 0.7823 0.2221
3 16 102.0287 5.9276 10.9177 96.6265 5.28 16.5997 97.5007 2.1417 15.7943 0.7823 0.2221 0.8024 0.2653 0.7823 0.2653
3 16 90.5201 1.1872 21.7617 83.8671 -2.3037 26.6218 91.5071 -1.9254 21.0032 0.8024 0.3161 0.8024 0.3668 0.7823 0.3161
3 16 91.5071 -1.9254 21.0032 83.8671 -2.3037 26.6218 84.966 -5.3907 25.911 0.7823 0.3161 0.8024 0.3668 0.7823 0.3668
3 16 84.966 -5.3907 25.911 83.8671 -2.3037 26.6218 76.4929 -8.7807 30.6109 0.7823 0.3668 0.8024 0.3668 0.7823 0.4253
3 16 76.4929 -8.7807 30.6109 83.8671 -2.3037 26.6218 75.665 -5.6322 31.0964 0.7823 0.4253 0.8024 0.3668 0.8024 0.4253
3 16 58.6199 -10.2421 37.248 50.0539 -11.4928 38.8814 59.0016 -13.5094 37.0883 0.8024 0.5358 0.8024 0.5878 0.7823 0.5358
3 16 59.0016 -13.5094 37.0883 50.0539 -11.4928 38.8814 50.2601 -14.8177 38.8222 0.7823 0.5358 0.8024 0.5878 0.7823 0.5878
3 16 50.0539 -11.4928 38.8814 42.3549 -11.8715 39.3458 50.2601 -14.8177 38.8222 0.8024 0.5878 0.8024 0.6326 0.7823 0.5878
3 16 50.2601 -14.8177 38.8222 42.3549 -11.8715 39.3458 42.4894 -15.3368 39.307 0.7823 0.5878 0.8024 0.6326 0.7823 0.6326
3 16 28.0719 -11.9539 36.8538 22.1069 -11.3042 33.4008 27.8866 -15.5904 36.6759 0.8024 0.7175 0.8024 0.7575 0.7823 0.7175
3 16 27.8866 -15.5904 36.6759 22.1069 -11.3042 33.4008 21.6747 -14.9715 33.064 0.7823 0.7175 0.8024 0.7575 0.7823 0.7575
3 16 11.8009 -11.4144 19.2368 12.0304 -7.9902 20.0122 10.5384 -9.7443 14.5706 0.7823 0.8511 0.8024 0.8511 0.7823 0.8766
3 16 10.5384 -9.7443 14.5706 12.0304 -7.9902 20.0122 10.7209 -6.455 15.6062 0.7823 0.8766 0.8024 0.8511 0.8024 0.8766
3 16 10.7209 -6.455 15.6062 23.513 -6.5263 16.4784 20.0171 -4.2871 10.3122 0.0099 0.1565 0.084 0.1492 0.0649 0.188
3 16 20.0171 -4.2871 10.3122 23.513 -6.5263 16.4784 23.96 -3.9404 9.5217 0.0649 0.188 0.084 0.1492 0.0881 0.1922
3 16 20.0171 -4.2871 10.3122 20.0012 -3.9223 10.0249 10.175 -4.2535 10.0183 0.7274 0.2065 0.7248 0.2075 0.704 0.1542
3 16 10.1766 -8.0183 -10.0081 -0.001 -8.0177 -10.0177 10.175 -4.2535 -10.0183 0.721 0.4569 0.6964 0.5107 0.7013 0.4479
3 16 10.175 -4.2535 -10.0183 -0.001 -8.0177 -10.0177 -0.001 0.0177 -10.0177 0.7013 0.4479 0.6964 0.5107 0.6541 0.4913
3 16 21.2486 0.0177 -6.2324 20.0008 0.0177 -10.0177 -1.2486 0.0177 -6.2324 0.8977 0.3137 0.8759 0.3065 0.8977 0.1831
3 16 -1.2486 0.0177 -6.2324 20.0008 0.0177 -10.0177 -0.001 0.0177 -10.0177 0.8977 0.1831 0.8759 0.3065 0.8759 0.1903
3 16 -0.001 0.0177 10.0177 -0.001 -8.0177 10.0177 10.175 -4.2535 10.0183 0.6576 0.1099 0.7002 0.0913 0.704 0.1542
3 16 10.175 -4.2535 10.0183 -0.001 -8.0177 10.0177 10.1766 -8.0183 10.0081 0.704 0.1542 0.7002 0.0913 0.7239 0.1455
3 16 10.175 -4.2535 -10.0183 20.0012 -3.9223 -10.0249 20.0171 -4.2871 -10.3122 0.7013 0.4479 0.7231 0.395 0.7256 0.396
3 16 20.0008 0.0177 10.0177 10.175 -4.2535 10.0183 20.0012 -3.9223 10.0249 0.7038 0.2162 0.704 0.1542 0.7248 0.2075
3 16 26.2331 -5.2323 1.2448 23.4488 -5.2323 1.9912 24.773 -5.2323 4.773 0.0511 0.1983 0.0467 0.2145 0.0306 0.2068
3 16 24.773 -5.2323 4.773 23.4488 -5.2323 1.9912 21.9912 -5.2323 3.4488 0.0306 0.2068 0.0467 0.2145 0.0382 0.223
3 16 -6.2331 -5.2323 1.2448 -4.773 -5.2323 4.773 -3.4488 -5.2323 1.9912 0.0511 0.3871 0.0305 0.3786 0.0467 0.3709
3 16 -3.4488 -5.2323 1.9912 -4.773 -5.2323 4.773 -1.9912 -5.2323 3.4488 0.0467 0.3709 0.0305 0.3786 0.0382 0.3624
3 16 16.0177 -5.2323 0 16.5512 -5.2323 -1.9912 14.0177 -5.2323 0 0.0583 0.2579 0.07 0.2548 0.0583 0.2695
3 16 14.0177 -5.2323 0 16.5512 -5.2323 -1.9912 13.4794 -5.2323 -2.0088 0.0583 0.2695 0.07 0.2548 0.07 0.2726
3 16 20 -5.2323 -3.9823 21.9912 -5.2323 -3.4488 21.2483 -5.2323 -6.2324 0.0816 0.2347 0.0785 0.223 0.0946 0.2274
3 16 21.2483 -5.2323 -6.2324 21.9912 -5.2323 -3.4488 24.773 -5.2323 -4.773 0.0946 0.2274 0.0785 0.223 0.0861 0.2069
3 16 16.5512 -5.2323 -1.9912 18.0088 -5.2323 -3.4488 13.4794 -5.2323 -2.0088 0.07 0.2548 0.0785 0.2463 0.07 0.2726
3 16 13.4794 -5.2323 -2.0088 18.0088 -5.2323 -3.4488 12.0088 -5.2323 -3.4794 0.07 0.2726 0.0785 0.2463 0.0785 0.2811
3 16 16.5512 -5.2323 1.9912 16.0177 -5.2323 0 13.4794 -5.2323 2.0088 0.0467 0.2548 0.0583 0.2579 0.0467 0.2726
3 16 13.4794 -5.2323 2.0088 16.0177 -5.2323 0 14.0177 -5.2323 0 0.0467 0.2726 0.0583 0.2579 0.0583 0.2695
3 16 18.0088 -5.2323 3.4488 16.5512 -5.2323 1.9912 12.0088 -5.2323 3.4794 0.0382 0.2463 0.0467 0.2548 0.0382 0.2811
3 16 12.0088 -5.2323 3.4794 16.5512 -5.2323 1.9912 13.4794 -5.2323 2.0088 0.0382 0.2811 0.0467 0.2548 0.0467 0.2726
3 16 -5.5325 -8.0177 3.1942 -3.1942 -8.0177 5.5325 -7.0836 -8.0177 7.0836 0.9476 0.0474 0.934 0.0339 0.9566 0.0249
3 16 -7.0836 -8.0177 7.0836 -3.1942 -8.0177 5.5325 -3.8336 -8.0177 9.2551 0.9566 0.0249 0.934 0.0339 0.9378 0.0123
3 16 -3.1942 -8.0177 -5.5325 -3.8336 -8.0177 -9.2551 0 -8.0177 -6.3884 0.934 0.098 0.9377 0.1196 0.9155 0.1029
3 16 0 -8.0177 -6.3884 -3.8336 -8.0177 -9.2551 -0.001 -8.0177 -10.0177 0.9155 0.1029 0.9377 0.1196 0.9155 0.124
3 16 20 -8.0176 -6.3884 16.8058 -8.0177 -5.5325 21.2134 -8.0175 -8.6912 0.7994 0.1029 0.8179 0.098 0.7923 0.1164
3 16 21.2134 -8.0175 -8.6912 16.8058 -8.0177 -5.5325 10.1766 -8.0183 -10.0081 0.7923 0.1164 0.8179 0.098 0.8563 0.124
3 16 14.4675 -8.0177 3.1942 16.8058 -8.0177 5.5325 10.1766 -8.0183 10.0081 0.8314 0.0474 0.8179 0.0339 0.8563 0.0078
3 16 -3.4488 -5.2323 -1.9912 -6.2331 -5.2323 -1.2448 -3.9776 -5.2388 0 0.0699 0.3709 0.0656 0.3871 0.0583 0.374
3 16 -3.9776 -5.2388 0 -6.2331 -5.2323 -1.2448 -6.2276 -5.2388 0 0.0583 0.374 0.0656 0.3871 0.0583 0.3871
3 16 0 -5.2323 -3.9823 -1.2483 -5.2323 -6.2324 -1.9912 -5.2323 -3.4488 0.0816 0.3508 0.0946 0.3581 0.0784 0.3624
3 16 -1.9912 -5.2323 -3.4488 -1.2483 -5.2323 -6.2324 -4.773 -5.2323 -4.773 0.0784 0.3624 0.0946 0.3581 0.0861 0.3786
3 16 10 -5.2388 4.0224 10.0502 -5.2323 6.2323 20 -5.2323 3.9823 0.0351 0.2927 0.022 0.2924 0.0351 0.2346
3 16 20 -5.2323 3.9823 10.0502 -5.2323 6.2323 21.2483 -5.2323 6.2324 0.0351 0.2346 0.022 0.2924 0.022 0.2274
3 16 10 -5.2323 -4.0177 10.0502 -5.2323 -6.2323 0 -5.2323 -3.9823 0.0816 0.2927 0.0946 0.2924 0.0816 0.3508
3 16 0 -5.2323 -3.9823 10.0502 -5.2323 -6.2323 -1.2483 -5.2323 -6.2324 0.0816 0.3508 0.0946 0.2924 0.0946 0.3581
3 16 12.0088 -5.2323 3.4794 10 -5.2388 4.0224 18.0088 -5.2323 3.4488 0.0382 0.2811 0.0351 0.2927 0.0382 0.2463
3 16 18.0088 -5.2323 3.4488 10 -5.2388 4.0224 20 -5.2323 3.9823 0.0382 0.2463 0.0351 0.2927 0.0351 0.2346
3 16 -9.2551 -8.0177 -3.8336 -7.0836 -8.0177 -7.0836 -5.5325 -8.0177 -3.1942 0.9692 0.0882 0.9566 0.107 0.9476 0.0844
3 16 33.7882 -2.411 -5.5367 49.083 -7.1944 -19.3997 31.776 -5.2095 -12.2634 0.1466 0.5374 0.2317 0.6253 0.133 0.5788
3 16 49.083 -7.1944 -19.3997 32.9968 -8.0894 -20.3178 31.776 -5.2095 -12.2634 0.2317 0.6253 0.1381 0.6285 0.133 0.5788
3 16 23.1943 -8.0175 5.5326 25.5331 -8.0172 3.1941 27.3751 -7.9451 7.1742 0.7809 0.0339 0.7674 0.0475 0.7564 0.0244
3 16 27.3751 -7.9451 7.1742 25.5331 -8.0172 3.1941 30.7023 -7.6726 3.9434 0.7564 0.0244 0.7674 0.0475 0.7371 0.0432
3 16 13.987 -9.2075 -24.2516 23.1951 -8.3778 -21.4566 17.539 -10.4467 -29.2418 0.0265 0.6488 0.081 0.6334 0.0489 0.6772
3 16 23.513 -6.5263 16.4784 10.7209 -6.455 15.6062 12.0304 -7.9902 20.0122 0.084 0.1492 0.0099 0.1565 0.0182 0.1297
3 16 -1.2486 0.0177 -6.2324 -3.8336 0.0177 -9.2551 -4.773 0.0177 -4.773 0.8977 0.1831 0.8804 0.1681 0.9062 0.1625
3 16 -4.773 0.0177 -4.773 -3.8336 0.0177 -9.2551 -7.0836 0.0177 -7.0836 0.9062 0.1625 0.8804 0.1681 0.8929 0.1492
3 16 -1.2486 0.0177 6.2324 -3.8336 0.0177 9.2551 -0.001 0.0177 10.0177 0.9703 0.1831 0.9877 0.1681 0.9921 0.1903
3 16 21.2486 0.0177 -6.2324 23.8334 0.0177 -9.2552 20.0008 0.0177 -10.0177 0.8977 0.3137 0.8803 0.3287 0.8759 0.3065
3 16 21.2486 0.0177 6.2324 23.8334 0.0177 9.2552 24.773 0.0177 4.7731 0.9703 0.3137 0.9877 0.3287 0.9618 0.3343
3 16 24.773 0.0177 4.7731 23.8334 0.0177 9.2552 27.0835 0.0177 7.0837 0.9618 0.3343 0.9877 0.3287 0.9751 0.3475
3 16 14.4675 -8.0177 -3.1942 13.6069 -8.0112 0 5.5325 -8.0177 -3.1942 0.8314 0.0844 0.8364 0.0659 0.8835 0.0844
3 16 5.5325 -8.0177 -3.1942 13.6069 -8.0112 0 6.3931 -8.0112 0 0.8835 0.0844 0.8364 0.0659 0.8785 0.0659
3 16 5.5325 -8.0177 3.1942 14.4675 -8.0177 3.1942 10.1766 -8.0183 10.0081 0.8835 0.0474 0.8314 0.0474 0.8563 0.0078
3 16 28.9955 -7.4154 8.2948 33.5453 -6.0864 4.8841 35.2251 -9.7124 14.6632 0.5018 0.4472 0.4742 0.4669 0.4675 0.4061
3 16 35.2251 -9.7124 14.6632 33.5453 -6.0864 4.8841 48.8862 -8.1154 12.7537 0.4675 0.4061 0.4742 0.4669 0.3873 0.4159
3 16 23.1951 -8.3778 21.4566 32.9967 -8.0894 20.3177 23.513 -6.5263 16.4784 0.081 0.1184 0.1381 0.1233 0.084 0.1492
3 16 23.513 -6.5263 16.4784 32.9967 -8.0894 20.3177 31.776 -5.2095 12.2634 0.084 0.1492 0.1381 0.1233 0.133 0.173
3 16 23.5129 -6.5263 -16.4785 23.96 -3.9404 -9.5217 31.776 -5.2095 -12.2634 0.084 0.6027 0.0881 0.5596 0.133 0.5788
3 16 31.776 -5.2095 -12.2634 23.96 -3.9404 -9.5217 27.3406 -3.0141 -7.3477 0.133 0.5788 0.0881 0.5596 0.1082 0.5467
3 16 10.7209 -6.455 -15.6063 20.0171 -4.2871 -10.3122 23.5129 -6.5263 -16.4785 0.0099 0.5954 0.0649 0.5638 0.084 0.6027
3 16 23.5129 -6.5263 -16.4785 20.0171 -4.2871 -10.3122 23.96 -3.9404 -9.5217 0.084 0.6027 0.0649 0.5638 0.0881 0.5596
3 16 10.175 -4.2535 10.0183 10.7209 -6.455 15.6062 20.0171 -4.2871 10.3122 0.0078 0.1915 0.0099 0.1565 0.0649 0.188
3 16 20.0008 0.0177 -10.0177 20.0012 -3.9223 -10.0249 10.175 -4.2535 -10.0183 0.7022 0.3858 0.7231 0.395 0.7013 0.4479
3 16 -0.001 0.0177 10.0177 10.175 -4.2535 10.0183 20.0008 0.0177 10.0177 0.6576 0.1099 0.704 0.1542 0.7038 0.2162
3 16 109.3889 13.99 -0.787 109.4325 17.4213 -0.8134 109.5259 14.2376 0 0.7533 0.9174 0.773 0.9174 0.7533 0.9223
3 16 109.5259 14.2376 0 109.4325 17.4213 -0.8134 109.5675 17.6882 0 0.7533 0.9223 0.773 0.9174 0.773 0.9223
3 16 106.1289 10.1147 5.8177 109.3889 13.99 0.787 105.7433 13.2934 6.3377 0.7823 0.1788 0.7823 0.138 0.8024 0.1788
3 16 105.7433 13.2934 6.3377 109.3889 13.99 0.787 109.4325 17.4213 0.8134 0.8024 0.1788 0.7823 0.138 0.8024 0.138
3 16 106.1289 10.1147 5.8177 101.4267 10.3565 0.8845 109.3889 13.99 0.787 0.0368 0.4593 0.0614 0.4902 0.0106 0.4908
3 16 92.1165 1.6481 12.2171 102.0287 5.9276 10.9177 97.5007 2.1417 15.7943 0.1295 0.4187 0.0679 0.428 0.099 0.3967
3 16 101.4267 10.3565 0.8845 92.1165 1.6481 12.2171 88.54 5.3701 1.1295 0.0614 0.4902 0.1295 0.4187 0.1427 0.4887
3 16 88.54 5.3701 1.1295 92.1165 1.6481 12.2171 86.3721 1.1244 9.0344 0.1427 0.4887 0.1295 0.4187 0.1622 0.4386
3 16 88.54 5.3701 1.1295 86.3721 1.1244 9.0344 80.7815 2.8527 1.3742 0.1427 0.4887 0.1622 0.4386 0.1908 0.4872
3 16 80.7815 2.8527 1.3742 86.3721 1.1244 9.0344 80.7365 -1.1217 10.3354 0.1908 0.4872 0.1622 0.4386 0.1973 0.4303
3 16 80.7815 2.8527 1.3742 80.7365 -1.1217 10.3354 63.898 -1.3172 1.8033 0.1908 0.4872 0.1973 0.4303 0.2938 0.4846
3 16 63.898 -1.3172 1.8033 80.7365 -1.1217 10.3354 64.9972 -5.4043 11.7634 0.2938 0.4846 0.1973 0.4303 0.2922 0.4214
3 16 47.5334 -3.7999 2.2531 63.898 -1.3172 1.8033 48.8862 -8.1154 12.7537 0.3914 0.482 0.2938 0.4846 0.3873 0.4159
3 16 48.8862 -8.1154 12.7537 63.898 -1.3172 1.8033 64.9972 -5.4043 11.7634 0.3873 0.4159 0.2938 0.4846 0.2922 0.4214
3 16 34.9315 -5.2072 2.2894 47.5334 -3.7999 2.2531 33.5453 -6.0864 4.8841 0.4655 0.4822 0.3914 0.482 0.4742 0.4669
3 16 33.5453 -6.0864 4.8841 47.5334 -3.7999 2.2531 48.8862 -8.1154 12.7537 0.4742 0.4669 0.3914 0.482 0.3873 0.4159
3 16 33.5453 -6.0864 4.8841 30.7023 -7.6726 3.9434 34.9315 -5.2072 2.2894 0.7183 0.0373 0.7371 0.0432 0.7084 0.0525
3 16 34.9315 -5.2072 -2.2894 33.5454 -6.0865 -4.8841 47.5334 -3.7999 -2.2531 0.5978 0.7664 0.6065 0.7817 0.5238 0.7666
3 16 47.5334 -3.7999 -2.2531 33.5454 -6.0865 -4.8841 48.8862 -8.1154 -12.7537 0.5238 0.7666 0.6065 0.7817 0.5196 0.8327
3 16 47.5334 -3.7999 -2.2531 48.8862 -8.1154 -12.7537 63.898 -1.3172 -1.8033 0.5238 0.7666 0.5196 0.8327 0.4261 0.7639
3 16 63.898 -1.3172 -1.8033 48.8862 -8.1154 -12.7537 64.9972 -5.4043 -11.7634 0.4261 0.7639 0.5196 0.8327 0.4245 0.8272
3 16 80.7815 2.8527 -1.3742 63.898 -1.3172 -1.8033 80.7365 -1.1217 -10.3354 0.3232 0.7614 0.4261 0.7639 0.3296 0.8183
3 16 80.7365 -1.1217 -10.3354 63.898 -1.3172 -1.8033 64.9972 -5.4043 -11.7634 0.3296 0.8183 0.4261 0.7639 0.4245 0.8272
3 16 88.54 5.3701 -1.1295 80.7815 2.8527 -1.3742 86.3721 1.1244 -9.0344 0.275 0.7599 0.3232 0.7614 0.2945 0.81
3 16 86.3721 1.1244 -9.0344 80.7815 2.8527 -1.3742 80.7365 -1.1217 -10.3354 0.2945 0.81 0.3232 0.7614 0.3296 0.8183
3 16 101.4267 10.3565 -0.8845 88.54 5.3701 -1.1295 92.1166 1.6481 -12.2172 0.1938 0.7584 0.275 0.7599 0.2618 0.8299
3 16 92.1166 1.6481 -12.2172 88.54 5.3701 -1.1295 86.3721 1.1244 -9.0344 0.2618 0.8299 0.275 0.7599 0.2945 0.81
3 16 101.979 5.9913 -10.8982 92.1166 1.6481 -12.2172 97.5007 2.1417 -15.7943 0.2002 0.8206 0.2618 0.8299 0.2313 0.8519
3 16 109.3889 13.99 -0.787 101.4267 10.3565 -0.8845 106.1288 10.1146 -5.8178 0.1429 0.7577 0.1938 0.7584 0.1691 0.7893
3 16 103.2829 13.3912 -3.5435 104.5337 15.1906 -0.6128 105.7433 13.2934 -6.3376 0.5682 0.5263 0.579 0.5081 0.581 0.5435
3 16 105.7433 13.2934 -6.3376 104.5337 15.1906 -0.6128 109.4325 17.4213 -0.8134 0.581 0.5435 0.579 0.5081 0.6102 0.5093
3 16 104.5337 15.1906 -0.6128 103.2829 13.3912 -3.5435 93.8621 10.7232 -0.7145 0.579 0.5081 0.5682 0.5263 0.5112 0.5087
3 16 93.8621 10.7232 -0.7145 103.2829 13.3912 -3.5435 95.7178 8.2228 -8.2791 0.5112 0.5087 0.5682 0.5263 0.5164 0.5559
3 16 93.8621 10.7232 -0.7145 95.7178 8.2228 -8.2791 81.2406 6.3488 -1.0003 0.5112 0.5087 0.5164 0.5559 0.4322 0.5105
3 16 81.2406 6.3488 -1.0003 95.7178 8.2228 -8.2791 83.1848 1.8136 -13.208 0.4322 0.5105 0.5164 0.5559 0.4359 0.5871
3 16 81.2406 6.3488 -1.0003 83.1848 1.8136 -13.208 66.1779 2.4443 -1.3714 0.4322 0.5105 0.4359 0.5871 0.3398 0.5127
3 16 66.1779 2.4443 -1.3714 83.1848 1.8136 -13.208 66.4201 -4.1477 -17.7866 0.3398 0.5127 0.4359 0.5871 0.3336 0.6159
3 16 66.1779 2.4443 -1.3714 66.4201 -4.1477 -17.7866 49.0839 -0.1723 -1.7315 0.3398 0.5127 0.3336 0.6159 0.2373 0.5148
3 16 49.0839 -0.1723 -1.7315 66.4201 -4.1477 -17.7866 49.083 -7.1944 -19.3997 0.2373 0.5148 0.3336 0.6159 0.2317 0.6253
3 16 35.3958 -0.9348 -2.0392 49.0839 -0.1723 -1.7315 33.7882 -2.411 -5.5367 0.157 0.5162 0.2373 0.5148 0.1466 0.5374
3 16 33.7882 -2.411 -5.5367 49.0839 -0.1723 -1.7315 49.083 -7.1944 -19.3997 0.1466 0.5374 0.2373 0.5148 0.2317 0.6253
3 16 29.7568 -2.3805 -4.0452 35.3958 -0.9348 -2.0392 33.7882 -2.411 -5.5367 0.1229 0.5279 0.157 0.5162 0.1466 0.5374
3 16 35.3958 -0.9348 2.0392 33.7882 -2.411 5.5367 49.0839 -0.1723 1.7315 0.157 0.2357 0.1466 0.2144 0.2373 0.237
3 16 49.0839 -0.1723 1.7315 33.7882 -2.411 5.5367 49.083 -7.1944 19.3997 0.2373 0.237 0.1466 0.2144 0.2317 0.1265
3 16 66.1779 2.4443 1.3714 49.0839 -0.1723 1.7315 66.4201 -4.1478 17.7866 0.3398 0.2391 0.2373 0.237 0.3336 0.136
3 16 66.4201 -4.1478 17.7866 49.0839 -0.1723 1.7315 49.083 -7.1944 19.3997 0.3336 0.136 0.2373 0.237 0.2317 0.1265
3 16 81.2406 6.3488 1.0003 66.1779 2.4443 1.3714 83.1848 1.8136 13.208 0.4322 0.2414 0.3398 0.2391 0.4359 0.1647
3 16 83.1848 1.8136 13.208 66.1779 2.4443 1.3714 66.4201 -4.1478 17.7866 0.4359 0.1647 0.3398 0.2391 0.3336 0.136
3 16 93.8621 10.7232 0.7145 81.2406 6.3488 1.0003 95.7179 8.2228 8.2792 0.5112 0.2431 0.4322 0.2414 0.5164 0.1959
3 16 95.7179 8.2228 8.2792 81.2406 6.3488 1.0003 83.1848 1.8136 13.208 0.5164 0.1959 0.4322 0.2414 0.4359 0.1647
3 16 104.5337 15.1906 0.6128 93.8621 10.7232 0.7145 103.2829 13.3912 3.5436 0.579 0.2437 0.5112 0.2431 0.5682 0.2255
3 16 103.2829 13.3912 3.5436 93.8621 10.7232 0.7145 95.7179 8.2228 8.2792 0.5682 0.2255 0.5112 0.2431 0.5164 0.1959
3 16 109.4325 17.4213 0.8134 104.5337 15.1906 0.6128 105.7433 13.2934 6.3377 0.6102 0.2425 0.579 0.2437 0.581 0.2083
3 16 105.7433 13.2934 6.3377 104.5337 15.1906 0.6128 103.2829 13.3912 3.5436 0.581 0.2083 0.579 0.2437 0.5682 0.2255
3 16 33.7882 -2.411 5.5367 35.3958 -0.9348 2.0392 29.7568 -2.3805 4.0451 0.1466 0.2144 0.157 0.2357 0.1229 0.2239
3 16 34.9315 -5.2072 -2.2894 30.7023 -7.6726 -3.9434 33.5454 -6.0865 -4.8841 0.7085 0.0794 0.7372 0.0887 0.7184 0.0946
3 16 0 -5.2323 -3.9823 1.9912 -5.2323 -3.4488 10 -5.2323 -4.0177 0.0816 0.3508 0.0785 0.3392 0.0816 0.2927
3 16 10 -5.2323 -4.0177 1.9912 -5.2323 -3.4488 7.9912 -5.2323 -3.4794 0.0816 0.2927 0.0785 0.3392 0.0785 0.3043
3 16 6.5206 -5.2323 -2.0088 7.9912 -5.2323 -3.4794 3.4488 -5.2323 -1.9912 0.07 0.3128 0.0785 0.3043 0.0699 0.3307
3 16 3.4488 -5.2323 -1.9912 7.9912 -5.2323 -3.4794 1.9912 -5.2323 -3.4488 0.0699 0.3307 0.0785 0.3043 0.0785 0.3392
3 16 5.9823 -5.2323 0 6.5206 -5.2323 -2.0088 3.9823 -5.2323 0 0.0583 0.316 0.07 0.3128 0.0583 0.3276
3 16 3.9823 -5.2323 0 6.5206 -5.2323 -2.0088 3.4488 -5.2323 -1.9912 0.0583 0.3276 0.07 0.3128 0.0699 0.3307
3 16 6.5206 -5.2323 2.0088 5.9823 -5.2323 0 3.4488 -5.2323 1.9912 0.0467 0.3128 0.0583 0.316 0.0467 0.3307
3 16 3.4488 -5.2323 1.9912 5.9823 -5.2323 0 3.9823 -5.2323 0 0.0467 0.3307 0.0583 0.316 0.0583 0.3276
3 16 7.9912 -5.2323 3.4794 6.5206 -5.2323 2.0088 1.9912 -5.2323 3.4488 0.0382 0.3043 0.0467 0.3128 0.0382 0.3392
3 16 1.9912 -5.2323 3.4488 6.5206 -5.2323 2.0088 3.4488 -5.2323 1.9912 0.0382 0.3392 0.0467 0.3128 0.0467 0.3307
3 16 1.9912 -5.2323 3.4488 0 -5.2323 3.9823 7.9912 -5.2323 3.4794 0.0382 0.3392 0.0351 0.3508 0.0382 0.3043
3 16 7.9912 -5.2323 3.4794 0 -5.2323 3.9823 10 -5.2388 4.0224 0.0382 0.3043 0.0351 0.3508 0.0351 0.2927
3 16 10 -5.2388 4.0224 0 -5.2323 3.9823 10.0502 -5.2323 6.2323 0.0351 0.2927 0.0351 0.3508 0.022 0.2924
3 16 10.0502 -5.2323 6.2323 0 -5.2323 3.9823 -1.2483 -5.2323 6.2324 0.022 0.2924 0.0351 0.3508 0.022 0.3581
3 16 -1.2483 -5.2323 6.2324 -1.2486 0.0177 6.2324 10.0502 -5.2323 6.2323 0.8421 0.3164 0.8116 0.3164 0.8421 0.2508
3 16 10.0502 -5.2323 6.2323 -1.2486 0.0177 6.2324 21.2486 0.0177 6.2324 0.8421 0.2508 0.8116 0.3164 0.8117 0.1857
3 16 10 -5.2323 -4.0177 20 -5.2323 -3.9823 10.0502 -5.2323 -6.2323 0.0816 0.2927 0.0816 0.2347 0.0946 0.2924
3 16 10.0502 -5.2323 -6.2323 20 -5.2323 -3.9823 21.2483 -5.2323 -6.2324 0.0946 0.2924 0.0816 0.2347 0.0946 0.2274
3 16 21.2483 -5.2323 -6.2324 21.2486 0.0177 -6.2324 10.0502 -5.2323 -6.2323 0.6512 0.3089 0.6207 0.3089 0.6512 0.2438
3 16 13.4794 0.0177 2.0088 12.0088 0.0177 3.4794 13.4794 -5.2323 2.0088 0.8701 0.8224 0.8701 0.8351 0.8379 0.8224
3 16 13.4794 -5.2323 2.0088 12.0088 0.0177 3.4794 12.0088 -5.2323 3.4794 0.8379 0.8224 0.8701 0.8351 0.8379 0.8351
3 16 12.0088 0.0177 3.4794 10 0.0112 4.0224 12.0088 -5.2323 3.4794 0.8701 0.8351 0.8701 0.8478 0.8379 0.8351
3 16 12.0088 -5.2323 3.4794 10 0.0112 4.0224 10 -5.2388 4.0224 0.8379 0.8351 0.8701 0.8478 0.8379 0.8478
3 16 10 0.0112 4.0224 7.9912 0.0177 3.4794 10 -5.2388 4.0224 0.8701 0.6954 0.8701 0.7081 0.8379 0.6954
3 16 10 -5.2388 4.0224 7.9912 0.0177 3.4794 7.9912 -5.2323 3.4794 0.8379 0.6954 0.8701 0.7081 0.8379 0.7081
3 16 7.9912 0.0177 3.4794 6.5206 0.0177 2.0088 7.9912 -5.2323 3.4794 0.8701 0.7081 0.8701 0.7208 0.8379 0.7081
3 16 7.9912 -5.2323 3.4794 6.5206 0.0177 2.0088 6.5206 -5.2323 2.0088 0.8379 0.7081 0.8701 0.7208 0.8379 0.7208
3 16 6.5206 0.0177 2.0088 5.9823 0.0177 0 6.5206 -5.2323 2.0088 0.8701 0.7208 0.8701 0.7335 0.8379 0.7208
3 16 6.5206 -5.2323 2.0088 5.9823 0.0177 0 5.9823 -5.2323 0 0.8379 0.7208 0.8701 0.7335 0.8379 0.7335
3 16 5.9823 0.0177 0 6.5206 0.0177 -2.0088 5.9823 -5.2323 0 0.8701 0.7335 0.8701 0.7462 0.8379 0.7335
3 16 5.9823 -5.2323 0 6.5206 0.0177 -2.0088 6.5206 -5.2323 -2.0088 0.8379 0.7335 0.8701 0.7462 0.8379 0.7462
3 16 6.5206 0.0177 -2.0088 7.9912 0.0177 -3.4794 6.5206 -5.2323 -2.0088 0.8701 0.7462 0.8701 0.7589 0.8379 0.7462
3 16 6.5206 -5.2323 -2.0088 7.9912 0.0177 -3.4794 7.9912 -5.2323 -3.4794 0.8379 0.7462 0.8701 0.7589 0.8379 0.7589
3 16 7.9912 0.0177 -3.4794 10 0.0177 -4.0177 7.9912 -5.2323 -3.4794 0.8701 0.7589 0.8701 0.7716 0.8379 0.7589
3 16 7.9912 -5.2323 -3.4794 10 0.0177 -4.0177 10 -5.2323 -4.0177 0.8379 0.7589 0.8701 0.7716 0.8379 0.7716
3 16 10 0.0177 -4.0177 12.0088 0.0177 -3.4794 10 -5.2323 -4.0177 0.8701 0.7716 0.8701 0.7843 0.8379 0.7716
3 16 10 -5.2323 -4.0177 12.0088 0.0177 -3.4794 12.0088 -5.2323 -3.4794 0.8379 0.7716 0.8701 0.7843 0.8379 0.7843
3 16 12.0088 0.0177 -3.4794 13.4794 0.0177 -2.0088 12.0088 -5.2323 -3.4794 0.8701 0.7843 0.8701 0.797 0.8379 0.7843
3 16 12.0088 -5.2323 -3.4794 13.4794 0.0177 -2.0088 13.4794 -5.2323 -2.0088 0.8379 0.7843 0.8701 0.797 0.8379 0.797
3 16 13.4794 0.0177 -2.0088 14.0177 0.0177 0 13.4794 -5.2323 -2.0088 0.8701 0.797 0.8701 0.8097 0.8379 0.797
3 16 13.4794 -5.2323 -2.0088 14.0177 0.0177 0 14.0177 -5.2323 0 0.8379 0.797 0.8701 0.8097 0.8379 0.8097
3 16 14.0177 0.0177 0 13.4794 0.0177 2.0088 14.0177 -5.2323 0 0.8701 0.8097 0.8701 0.8224 0.8379 0.8097
3 16 14.0177 -5.2323 0 13.4794 0.0177 2.0088 13.4794 -5.2323 2.0088 0.8379 0.8097 0.8701 0.8224 0.8379 0.8224
3 16 12.0088 0.0177 3.4794 13.4794 0.0177 2.0088 10 0.025 0 0.9556 0.7751 0.9556 0.7884 0.9307 0.7818
3 16 10 0.0112 4.0224 12.0088 0.0177 3.4794 10 0.025 0 0.9489 0.7636 0.9556 0.7751 0.9307 0.7818
3 16 7.9912 0.0177 3.4794 10 0.0112 4.0224 10 0.025 0 0.9374 0.7569 0.9489 0.7636 0.9307 0.7818
3 16 6.5206 0.0177 2.0088 7.9912 0.0177 3.4794 10 0.025 0 0.9241 0.7569 0.9374 0.7569 0.9307 0.7818
3 16 5.9823 0.0177 0 6.5206 0.0177 2.0088 10 0.025 0 0.9126 0.7636 0.9241 0.7569 0.9307 0.7818
3 16 6.5206 0.0177 -2.0088 5.9823 0.0177 0 10 0.025 0 0.9059 0.7751 0.9126 0.7636 0.9307 0.7818
3 16 7.9912 0.0177 -3.4794 6.5206 0.0177 -2.0088 10 0.025 0 0.9059 0.7884 0.9059 0.7751 0.9307 0.7818
3 16 10 0.0177 -4.0177 7.9912 0.0177 -3.4794 10 0.025 0 0.9125 0.7999 0.9059 0.7884 0.9307 0.7818
3 16 12.0088 0.0177 -3.4794 10 0.0177 -4.0177 10 0.025 0 0.9241 0.8066 0.9125 0.7999 0.9307 0.7818
3 16 13.4794 0.0177 -2.0088 12.0088 0.0177 -3.4794 10 0.025 0 0.9374 0.8066 0.9241 0.8066 0.9307 0.7818
3 16 14.0177 0.0177 0 13.4794 0.0177 -2.0088 10 0.025 0 0.9489 0.7999 0.9374 0.8066 0.9307 0.7818
3 16 13.4794 0.0177 2.0088 14.0177 0.0177 0 10 0.025 0 0.9556 0.7884 0.9489 0.7999 0.9307 0.7818
3 16 17.539 -10.4467 -29.2418 23.1951 -8.3778 -21.4566 22.0806 -11.3045 -33.4378 0.0489 0.6772 0.081 0.6334 0.0713 0.7055
3 16 22.0806 -11.3045 -33.4378 21.6483 -14.9717 -33.101 17.539 -10.4467 -29.2418 0.773 0.289 0.7533 0.289 0.773 0.2535
3 16 17.539 -10.4467 -29.2418 21.6483 -14.9717 -33.101 17.1845 -14.06 -28.8166 0.773 0.2535 0.7533 0.289 0.7533 0.2535
3 16 23.2649 -12.652 -23.3671 17.1845 -14.06 -28.8166 21.6483 -14.9717 -33.101 0.6719 0.8923 0.7063 0.9215 0.6847 0.9507
3 16 21.6483 -14.9717 -33.101 27.9036 -15.6492 -36.7601 23.2649 -12.652 -23.3671 0.6847 0.9507 0.647 0.9697 0.6719 0.8923
3 16 23.2649 -12.652 -23.3671 27.9036 -15.6492 -36.7601 35.5405 -13.184 -25.6003 0.6719 0.8923 0.647 0.9697 0.6014 0.9089
3 16 28.2108 -12.0222 -36.9907 27.9036 -15.6492 -36.7601 22.0806 -11.3045 -33.4378 0.773 0.3316 0.7533 0.3307 0.773 0.289
3 16 22.0806 -11.3045 -33.4378 27.9036 -15.6492 -36.7601 21.6483 -14.9717 -33.101 0.773 0.289 0.7533 0.3307 0.7533 0.289
3 16 32.9968 -8.0894 -20.3178 28.2108 -12.0222 -36.9907 23.1951 -8.3778 -21.4566 0.1381 0.6285 0.1084 0.7235 0.081 0.6334
3 16 23.1951 -8.3778 -21.4566 28.2108 -12.0222 -36.9907 22.0806 -11.3045 -33.4378 0.081 0.6334 0.1084 0.7235 0.0713 0.7055
3 16 32.9968 -8.0894 -20.3178 49.083 -7.1944 -19.3997 42.3603 -12.0054 -39.3504 0.1381 0.6285 0.2317 0.6253 0.188 0.7409
3 16 42.3603 -12.0054 -39.3504 49.083 -7.1944 -19.3997 50.0537 -11.4928 -38.8814 0.188 0.7409 0.2317 0.6253 0.2326 0.7413
3 16 50.0537 -11.4928 -38.8814 50.2604 -14.8176 -38.8221 42.3603 -12.0054 -39.3504 0.773 0.4638 0.7533 0.4638 0.773 0.4178
3 16 42.3603 -12.0054 -39.3504 50.2604 -14.8176 -38.8221 42.4947 -15.4708 -39.3115 0.773 0.4178 0.7533 0.4638 0.7533 0.4178
3 16 35.5405 -13.184 -25.6003 42.4947 -15.4708 -39.3115 49.3551 -12.3975 -25.9287 0.6014 0.9089 0.5647 0.9888 0.5214 0.9131
3 16 49.3551 -12.3975 -25.9287 42.4947 -15.4708 -39.3115 50.2604 -14.8176 -38.8221 0.5214 0.9131 0.5647 0.9888 0.5196 0.9894
3 16 50.2604 -14.8176 -38.8221 58.9781 -13.4149 -37.0407 49.3551 -12.3975 -25.9287 0.5196 0.9894 0.4688 0.9777 0.5214 0.9131
3 16 49.3551 -12.3975 -25.9287 58.9781 -13.4149 -37.0407 66.0373 -9.3334 -23.4867 0.5214 0.9131 0.4688 0.9777 0.4234 0.8995
3 16 58.5963 -10.1475 -37.2004 58.9781 -13.4149 -37.0407 50.0537 -11.4928 -38.8814 0.773 0.5168 0.7533 0.5168 0.773 0.4638
3 16 50.0537 -11.4928 -38.8814 58.9781 -13.4149 -37.0407 50.2604 -14.8176 -38.8221 0.773 0.4638 0.7533 0.5168 0.7533 0.4638
3 16 66.4201 -4.1477 -17.7866 58.5963 -10.1475 -37.2004 49.083 -7.1944 -19.3997 0.3336 0.6159 0.2821 0.7299 0.2317 0.6253
3 16 49.083 -7.1944 -19.3997 58.5963 -10.1475 -37.2004 50.0537 -11.4928 -38.8814 0.2317 0.6253 0.2821 0.7299 0.2326 0.7413
3 16 83.1848 1.8136 -13.208 83.8671 -2.3038 -26.6218 66.4201 -4.1477 -17.7866 0.4359 0.5871 0.4339 0.6687 0.3336 0.6159
3 16 66.4201 -4.1477 -17.7866 83.8671 -2.3038 -26.6218 75.6426 -5.621 -31.0589 0.3336 0.6159 0.4339 0.6687 0.3828 0.6936
3 16 84.9661 -5.3907 -25.911 76.4706 -8.7695 -30.5734 83.8671 -2.3038 -26.6218 0.7533 0.6883 0.7533 0.629 0.773 0.6883
3 16 83.8671 -2.3038 -26.6218 76.4706 -8.7695 -30.5734 75.6426 -5.621 -31.0589 0.773 0.6883 0.7533 0.629 0.773 0.629
3 16 66.0373 -9.3334 -23.4867 76.4706 -8.7695 -30.5734 81.4647 -4.2902 -18.9868 0.4234 0.8995 0.3651 0.9399 0.3302 0.8721
3 16 81.4647 -4.2902 -18.9868 76.4706 -8.7695 -30.5734 84.9661 -5.3907 -25.911 0.3302 0.8721 0.3651 0.9399 0.3122 0.9139
3 16 84.9661 -5.3907 -25.911 91.4563 -1.8048 -21.0166 81.4647 -4.2902 -18.9868 0.3122 0.9139 0.2718 0.8829 0.3302 0.8721
3 16 81.4647 -4.2902 -18.9868 91.4563 -1.8048 -21.0166 92.1166 1.6481 -12.2172 0.3302 0.8721 0.2718 0.8829 0.2618 0.8299
3 16 90.4691 1.3077 -21.7749 91.4563 -1.8048 -21.0166 83.8671 -2.3038 -26.6218 0.773 0.7393 0.7533 0.7393 0.773 0.6883
3 16 83.8671 -2.3038 -26.6218 91.4563 -1.8048 -21.0166 84.9661 -5.3907 -25.911 0.773 0.6883 0.7533 0.7393 0.7533 0.6883
3 16 95.7178 8.2228 -8.2791 90.4691 1.3077 -21.7749 83.1848 1.8136 -13.208 0.5164 0.5559 0.475 0.638 0.4359 0.5871
3 16 83.1848 1.8136 -13.208 90.4691 1.3077 -21.7749 83.8671 -2.3038 -26.6218 0.4359 0.5871 0.475 0.638 0.4339 0.6687
3 16 95.7178 8.2228 -8.2791 103.2829 13.3912 -3.5435 101.3489 9.1499 -11.5613 0.5164 0.5559 0.5682 0.5263 0.5485 0.5754
3 16 101.3489 9.1499 -11.5613 103.2829 13.3912 -3.5435 105.7433 13.2934 -6.3376 0.5485 0.5754 0.5682 0.5263 0.581 0.5435
3 16 105.7433 13.2934 -6.3376 106.1288 10.1146 -5.8178 101.3489 9.1499 -11.5613 0.773 0.8766 0.7533 0.8766 0.773 0.8335
3 16 101.3489 9.1499 -11.5613 106.1288 10.1146 -5.8178 101.979 5.9913 -10.8982 0.773 0.8335 0.7533 0.8766 0.7533 0.8335
3 16 92.1166 1.6481 -12.2172 101.979 5.9913 -10.8982 101.4267 10.3565 -0.8845 0.2618 0.8299 0.2002 0.8206 0.1938 0.7584
3 16 101.4267 10.3565 -0.8845 101.979 5.9913 -10.8982 106.1288 10.1146 -5.8178 0.1938 0.7584 0.2002 0.8206 0.1691 0.7893
3 16 22.7983 -10.0518 -15.3854 10.5384 -9.7443 -14.5706 11.8109 -11.4345 -19.2281 0.6723 0.8436 0.7431 0.8351 0.7355 0.8637
3 16 10.7209 -6.455 -15.6063 12.0403 -8.0103 -20.0036 10.5384 -9.7443 -14.5706 0.773 0.1647 0.773 0.1914 0.7533 0.1647
3 16 10.5384 -9.7443 -14.5706 12.0403 -8.0103 -20.0036 11.8109 -11.4345 -19.2281 0.7533 0.1647 0.773 0.1914 0.7533 0.1914
3 16 23.5129 -6.5263 -16.4785 12.0403 -8.0103 -20.0036 10.7209 -6.455 -15.6063 0.084 0.6027 0.0182 0.6221 0.0099 0.5954
3 16 22.7983 -10.0518 15.3854 23.2649 -12.652 23.3671 11.8009 -11.4144 19.2368 0.5399 0.405 0.5396 0.3562 0.6032 0.3849
3 16 11.8009 -11.4144 19.2368 23.2649 -12.652 23.3671 13.789 -12.7666 23.6935 0.6032 0.3849 0.5396 0.3562 0.5956 0.3563
3 16 12.0304 -7.9902 20.0122 11.8009 -11.4144 19.2368 14.0654 -9.2073 24.2077 0.8024 0.8511 0.7823 0.8511 0.8024 0.8257
3 16 14.0654 -9.2073 24.2077 11.8009 -11.4144 19.2368 13.789 -12.7666 23.6935 0.8024 0.8257 0.7823 0.8511 0.7823 0.8257
3 16 23.513 -6.5263 16.4784 12.0304 -7.9902 20.0122 23.1951 -8.3778 21.4566 0.084 0.1492 0.0182 0.1297 0.081 0.1184
3 16 23.1951 -8.3778 21.4566 12.0304 -7.9902 20.0122 14.0654 -9.2073 24.2077 0.081 0.1184 0.0182 0.1297 0.0265 0.103
3 16 14.0654 -9.2073 24.2077 17.5369 -10.4338 29.246 23.1951 -8.3778 21.4566 0.0265 0.103 0.0489 0.0746 0.081 0.1184
3 16 17.1824 -14.0472 28.8209 17.5369 -10.4338 29.246 13.789 -12.7666 23.6935 0.7823 0.7916 0.8024 0.7916 0.7823 0.8257
3 16 13.789 -12.7666 23.6935 17.5369 -10.4338 29.246 14.0654 -9.2073 24.2077 0.7823 0.8257 0.8024 0.7916 0.8024 0.8257
3 16 23.2649 -12.652 23.3671 17.1824 -14.0472 28.8209 13.789 -12.7666 23.6935 0.5396 0.3562 0.574 0.3271 0.5956 0.3563
3 16 27.8866 -15.5904 36.6759 35.5406 -13.1841 25.6003 34.7594 -15.8472 38.8115 0.515 0.279 0.4691 0.3397 0.4776 0.2602
3 16 34.7594 -15.8472 38.8115 34.6963 -12.2415 38.8302 27.8866 -15.5904 36.6759 0.7823 0.6774 0.8024 0.6774 0.7823 0.7175
3 16 27.8866 -15.5904 36.6759 34.6963 -12.2415 38.8302 28.0719 -11.9539 36.8538 0.7823 0.7175 0.8024 0.6774 0.8024 0.7175
3 16 34.6963 -12.2415 38.8302 32.9967 -8.0894 20.3177 28.0719 -11.9539 36.8538 0.1435 0.0113 0.1381 0.1233 0.1074 0.0288
3 16 42.3549 -11.8715 39.3458 32.9967 -8.0894 20.3177 34.6963 -12.2415 38.8302 0.1881 0.0109 0.1381 0.1233 0.1435 0.0113
3 16 42.3549 -11.8715 39.3458 34.6963 -12.2415 38.8302 42.4894 -15.3368 39.307 0.8024 0.6326 0.8024 0.6774 0.7823 0.6326
3 16 42.4894 -15.3368 39.307 34.6963 -12.2415 38.8302 34.7594 -15.8472 38.8115 0.7823 0.6326 0.8024 0.6774 0.7823 0.6774
3 16 35.5406 -13.1841 25.6003 42.4894 -15.3368 39.307 34.7594 -15.8472 38.8115 0.4691 0.3397 0.4324 0.2597 0.4776 0.2602
3 16 59.0016 -13.5094 37.0883 66.0373 -9.3334 23.4867 67.4941 -11.602 34.6388 0.3365 0.2709 0.2911 0.349 0.2858 0.2826
3 16 66.9378 -8.3921 34.8987 58.6199 -10.2421 37.248 67.4941 -11.602 34.6388 0.8024 0.4838 0.8024 0.5358 0.7823 0.4838
3 16 67.4941 -11.602 34.6388 58.6199 -10.2421 37.248 59.0016 -13.5094 37.0883 0.7823 0.4838 0.8024 0.5358 0.7823 0.5358
3 16 66.9378 -8.3921 34.8987 66.4201 -4.1478 17.7866 58.6199 -10.2421 37.248 0.3317 0.0333 0.3336 0.136 0.2822 0.0219
3 16 75.665 -5.6322 31.0964 66.4201 -4.1478 17.7866 66.9378 -8.3921 34.8987 0.3828 0.0582 0.3336 0.136 0.3317 0.0333
3 16 75.665 -5.6322 31.0964 66.9378 -8.3921 34.8987 76.4929 -8.7807 30.6109 0.8024 0.4253 0.8024 0.4838 0.7823 0.4253
3 16 76.4929 -8.7807 30.6109 66.9378 -8.3921 34.8987 67.4941 -11.602 34.6388 0.7823 0.4253 0.8024 0.4838 0.7823 0.4838
3 16 66.0373 -9.3334 23.4867 76.4929 -8.7807 30.6109 67.4941 -11.602 34.6388 0.2911 0.349 0.2328 0.3086 0.2858 0.2826
3 16 91.5071 -1.9254 21.0032 92.1165 1.6481 12.2171 97.5007 2.1417 15.7943 0.1394 0.3657 0.1295 0.4187 0.099 0.3967
3 16 96.6265 5.28 16.5997 90.5201 1.1872 21.7617 97.5007 2.1417 15.7943 0.8024 0.2653 0.8024 0.3161 0.7823 0.2653
3 16 97.5007 2.1417 15.7943 90.5201 1.1872 21.7617 91.5071 -1.9254 21.0032 0.7823 0.2653 0.8024 0.3161 0.7823 0.3161
3 16 96.6265 5.28 16.5997 95.7179 8.2228 8.2792 90.5201 1.1872 21.7617 0.516 0.1446 0.5164 0.1959 0.475 0.1138
3 16 92.1165 1.6481 12.2171 101.4267 10.3565 0.8845 102.0287 5.9276 10.9177 0.1295 0.4187 0.0614 0.4902 0.0679 0.428
3 16 102.0287 5.9276 10.9177 101.4267 10.3565 0.8845 106.1289 10.1147 5.8177 0.0679 0.428 0.0614 0.4902 0.0368 0.4593
3 16 105.7433 13.2934 6.3377 101.3987 9.0861 11.5808 106.1289 10.1147 5.8177 0.8024 0.1788 0.8024 0.2221 0.7823 0.1788
3 16 106.1289 10.1147 5.8177 101.3987 9.0861 11.5808 102.0287 5.9276 10.9177 0.7823 0.1788 0.8024 0.2221 0.7823 0.2221
3 16 105.7433 13.2934 6.3377 103.2829 13.3912 3.5436 101.3987 9.0861 11.5808 0.581 0.2083 0.5682 0.2255 0.5485 0.1765
3 16 101.3987 9.0861 11.5808 103.2829 13.3912 3.5436 95.7179 8.2228 8.2792 0.5485 0.1765 0.5682 0.2255 0.5164 0.1959
0 STEP
