0 Untitled Model
0 Name: Untitled Model
0 Author: 
0 BFC CERTIFY CCW
3 16 -9.8062 22.799 -14.4855 -9.4405 23.6828 -14.4855 -8.4913 22.7367 -14.4852
3 16 -8.4913 22.7367 -14.4852 -9.4405 23.6828 -14.4855 -8.5562 24.049 -14.4855
3 16 -9.8062 11.799 -10.3612 0 17.3117 -10.3614 -9.8062 22.799 -10.3612
3 16 -9.4405 23.6828 -10.3612 -9.4405 23.6828 -14.4855 -9.8062 22.799 -10.3612
3 16 -9.8062 22.799 -10.3612 -9.4405 23.6828 -14.4855 -9.8062 22.799 -14.4855
3 16 -9.8062 22.799 -10.3612 0 17.3117 -10.3614 -9.4405 23.6828 -10.3612
3 16 -9.4405 23.6828 -10.3612 0 17.3117 -10.3614 -8.5562 24.049 -10.3612
3 16 -8.5562 24.049 -10.3612 -8.5562 24.049 -14.4855 -9.4405 23.6828 -10.3612
3 16 -9.4405 23.6828 -10.3612 -8.5562 24.049 -14.4855 -9.4405 23.6828 -14.4855
3 16 -9.8062 11.799 -10.3612 -9.4405 10.9153 -10.3612 0 17.3117 -10.3614
3 16 -9.4405 10.9153 -10.3612 -8.5562 10.549 -10.3612 0 17.3117 -10.3614
3 16 -12.1879 -3.8369 0 -12.0837 0 0 -12.4398 -3.4228 -5.5625
3 16 -12.4398 -3.4228 -5.5625 -12.0837 0 0 -11.9945 0 -5.4875
3 16 -8.077 -2.813 -4.7499 -8.1661 -2.6627 -2.3643 -9.7323 -3.5239 -4.7917
3 16 -9.7323 -3.5239 -4.7917 -8.1661 -2.6627 -2.3643 -10.9043 -3.7891 -2.5319
3 16 0 -3.8335 11.2547 -5.6603 -3.8306 9.6627 0 -2.5107 8.3987
3 16 0 -2.5107 8.3987 -5.6603 -3.8306 9.6627 -4.2279 -2.4911 7.083
3 16 0 -3.8369 12.155 -6.1064 -3.834 10.5149 0 -3.8335 11.2547
3 16 0 -3.8335 11.2547 -6.1064 -3.834 10.5149 -5.6603 -3.8306 9.6627
3 16 -8.1914 -3.265 -6.4235 -8.077 -2.813 -4.7499 -9.7323 -3.5239 -4.7917
3 16 -11.2236 -3.8335 0 -10.9043 -3.7891 -2.5319 -8.2076 -2.5107 0
3 16 -8.2076 -2.5107 0 -10.9043 -3.7891 -2.5319 -8.1661 -2.6627 -2.3643
3 16 -11.2236 -3.8335 0 -9.8091 -3.8306 5.4623 -12.1879 -3.8369 0
3 16 -12.1879 -3.8369 0 -9.8091 -3.8306 5.4623 -10.6307 -3.834 5.9328
3 16 -11.2236 -3.8335 0 -8.2076 -2.5107 0 -9.8091 -3.8306 5.4623
3 16 -9.8091 -3.8306 5.4623 -8.2076 -2.5107 0 -7.2054 -2.4912 4.1349
3 16 -9.8091 -3.8306 5.4623 -5.6603 -3.8306 9.6627 -10.6307 -3.834 5.9328
3 16 -10.6307 -3.834 5.9328 -5.6603 -3.8306 9.6627 -6.1064 -3.834 10.5149
3 16 -4.2279 -2.4911 7.083 -5.6603 -3.8306 9.6627 -7.2054 -2.4912 4.1349
3 16 -7.2054 -2.4912 4.1349 -5.6603 -3.8306 9.6627 -9.8091 -3.8306 5.4623
3 16 -7.7821 -1.8875 -12.2669 -6.8692 -0.0585 -12.9874 -6.5347 0.3454 -9.8092
3 16 -6.5347 0.3454 -9.8092 -6.8692 -0.0585 -12.9874 -6.1167 1.0653 -10.1936
3 16 -6.8692 -0.0585 -12.9874 -7.7821 -1.8875 -12.2669 -11.7859 -0.0431 -12.9873
3 16 -11.7859 -0.0431 -12.9873 -7.7821 -1.8875 -12.2669 -12.3931 -1.8915 -12.2666
3 16 -7.7821 -1.8875 -12.2669 -8.119 -2.7612 -10.6029 -12.3931 -1.8915 -12.2666
3 16 -12.3931 -1.8915 -12.2666 -8.119 -2.7612 -10.6029 -12.6079 -2.7526 -10.6037
3 16 -6.9796 0 -8.9297 -8.119 -2.7612 -10.6029 -6.5347 0.3454 -9.8092
3 16 -6.5347 0.3454 -9.8092 -8.119 -2.7612 -10.6029 -7.7821 -1.8875 -12.2669
3 16 -7.6078 -0.0297 -5.3031 -8.1914 -3.265 -6.4235 -6.9796 0 -8.9297
3 16 -6.9796 0 -8.9297 -8.1914 -3.265 -6.4235 -8.119 -2.7612 -10.6029
3 16 -8.5562 24.049 -14.4855 -8.5562 24.049 -10.3612 0 24.049 -14.4796
3 16 0 24.049 -14.4796 -8.5562 24.049 -10.3612 0 24.049 -10.3612
3 16 -8.5562 24.049 -14.4855 0 24.049 -14.4796 -8.4913 22.7367 -14.4852
3 16 -8.4913 22.7367 -14.4852 0 24.049 -14.4796 0 22.7992 -14.4796
3 16 -9.8062 11.799 -14.4857 -9.8062 11.799 -10.3612 -9.8062 22.799 -14.4855
3 16 -9.8062 22.799 -14.4855 -9.8062 11.799 -10.3612 -9.8062 22.799 -10.3612
3 16 -9.8062 11.799 -14.4857 -9.4405 10.9153 -14.4857 -9.8062 11.799 -10.3612
3 16 -9.8062 11.799 -10.3612 -9.4405 10.9153 -14.4857 -9.4405 10.9153 -10.3612
3 16 -9.8062 11.799 -14.4857 -8.4913 11.8614 -14.4853 -9.4405 10.9153 -14.4857
3 16 -9.4405 10.9153 -14.4857 -8.4913 11.8614 -14.4853 -8.5562 10.549 -14.4857
3 16 -8.5562 10.549 -14.4857 -8.4913 11.8614 -14.4853 0 10.5673 -14.4796
3 16 0 10.5673 -14.4796 -8.4913 11.8614 -14.4853 0 11.8968 -14.4796
3 16 -9.4405 10.9153 -14.4857 -8.5562 10.549 -14.4857 -9.4405 10.9153 -10.3612
3 16 -9.4405 10.9153 -10.3612 -8.5562 10.549 -14.4857 -8.5562 10.549 -10.3612
3 16 -8.4913 11.8614 -14.4853 -8.4913 22.7367 -14.4852 0 11.8968 -14.4796
3 16 0 11.8968 -14.4796 -8.4913 22.7367 -14.4852 0 22.7992 -14.4796
3 16 0 10.5559 -12.9874 -6.8692 -0.0585 -12.9874 -5.151 10.5673 -12.9874
3 16 -5.151 10.5673 -12.9874 -6.8692 -0.0585 -12.9874 -11.7859 -0.0431 -12.9873
3 16 -8.5562 10.549 -14.4857 0 10.5673 -14.4796 -5.151 10.5673 -12.9874
3 16 -5.151 10.5673 -12.9874 0 10.5673 -14.4796 0 10.5559 -12.9874
3 16 -6.1064 -3.834 10.5149 0 -3.8369 12.155 -6.1064 0 10.5149
3 16 -6.1064 0 10.5149 0 -3.8369 12.155 0 0 12.155
3 16 -8.5562 24.049 -10.3612 0 17.3117 -10.3614 0 24.049 -10.3612
3 16 -11.7859 -0.0431 -12.9873 -11.3176 1.1693 -10.1936 -5.151 10.5673 -12.9874
3 16 -5.151 10.5673 -12.9874 -11.3176 1.1693 -10.1936 -5.151 10.5065 -10.3612
3 16 -12.1879 -3.8369 0 -10.6307 -3.834 5.9328 -12.0837 0 0
3 16 -12.0837 0 0 -10.6307 -3.834 5.9328 -10.6307 0 5.9328
3 16 -10.6307 -3.834 5.9328 -6.1064 -3.834 10.5149 -10.6307 0 5.9328
3 16 -10.6307 0 5.9328 -6.1064 -3.834 10.5149 -6.1064 0 10.5149
3 16 -5.151 10.5673 -12.9874 -5.151 10.5065 -10.3612 -8.5562 10.549 -14.4857
3 16 -8.2522 0 -0.0076 -8.1661 -2.6627 -2.3643 -7.6078 -0.0297 -5.3031
3 16 -7.6078 -0.0297 -5.3031 -8.1661 -2.6627 -2.3643 -8.077 -2.813 -4.7499
3 16 -7.6078 -0.0297 -5.3031 -8.077 -2.813 -4.7499 -8.1914 -3.265 -6.4235
3 16 -8.2522 0 -0.0076 -8.2076 -2.5107 0 -8.1661 -2.6627 -2.3643
3 16 -12.0837 0 0 -8.2522 0 -0.0076 -11.9945 0 -5.4875
3 16 -11.9945 0 -5.4875 -8.2522 0 -0.0076 -7.6078 -0.0297 -5.3031
3 16 -7.2054 -2.4912 4.1349 -8.2076 -2.5107 0 -7.2054 0 4.0151
3 16 -7.2054 0 4.0151 -8.2076 -2.5107 0 -8.2522 0 -0.0076
3 16 -10.6307 0 5.9328 -7.2054 0 4.0151 -12.0837 0 0
3 16 -12.0837 0 0 -7.2054 0 4.0151 -8.2522 0 -0.0076
3 16 -4.2279 -2.4911 7.083 -7.2054 -2.4912 4.1349 -4.2279 0 7.083
3 16 -4.2279 0 7.083 -7.2054 -2.4912 4.1349 -7.2054 0 4.0151
3 16 -6.1064 0 10.5149 -4.2279 0 7.083 -10.6307 0 5.9328
3 16 -10.6307 0 5.9328 -4.2279 0 7.083 -7.2054 0 4.0151
3 16 0 0 12.155 0 0 8.3987 -6.1064 0 10.5149
3 16 -6.1064 0 10.5149 0 0 8.3987 -4.2279 0 7.083
3 16 -4.2279 0 7.083 0 0 8.3987 -4.2279 -2.4911 7.083
3 16 -4.2279 -2.4911 7.083 0 0 8.3987 0 -2.5107 8.3987
3 16 -12.0296 -0.0016 -8.9461 -6.9796 0 -8.9297 -11.8122 0.3375 -9.8017
3 16 -11.8122 0.3375 -9.8017 -6.9796 0 -8.9297 -6.5347 0.3454 -9.8092
3 16 -11.8122 0.3375 -9.8017 -6.5347 0.3454 -9.8092 -11.3176 1.1693 -10.1936
3 16 -11.3176 1.1693 -10.1936 -6.5347 0.3454 -9.8092 -6.1167 1.0653 -10.1936
3 16 -11.9945 0 -5.4875 -7.6078 -0.0297 -5.3031 -12.0296 -0.0016 -8.9461
3 16 -12.0296 -0.0016 -8.9461 -7.6078 -0.0297 -5.3031 -6.9796 0 -8.9297
3 16 0 10.5559 -10.3612 -6.1167 1.0653 -10.1936 0 10.5559 -12.9874
3 16 0 10.5559 -12.9874 -6.1167 1.0653 -10.1936 -6.8692 -0.0585 -12.9874
3 16 -5.151 10.5065 -10.3612 0 17.3117 -10.3614 -8.5562 10.549 -10.3612
3 16 -8.4913 11.8614 -14.4853 -9.8062 11.799 -14.4857 -8.4913 22.7367 -14.4852
3 16 -8.4913 22.7367 -14.4852 -9.8062 11.799 -14.4857 -9.8062 22.799 -14.4855
3 16 -8.5562 10.549 -14.4857 -5.151 10.5065 -10.3612 -8.5562 10.549 -10.3612
3 16 -12.1879 -3.8369 0 -12.4398 -3.4228 -5.5625 -10.9043 -3.7891 -2.5319
3 16 -10.9043 -3.7891 -2.5319 -12.4398 -3.4228 -5.5625 -9.7323 -3.5239 -4.7917
3 16 -11.2236 -3.8335 0 -12.1879 -3.8369 0 -10.9043 -3.7891 -2.5319
3 16 -12.4398 -3.4228 -5.5625 -8.1914 -3.265 -6.4235 -9.7323 -3.5239 -4.7917
3 16 -12.0296 -0.0016 -8.9461 -11.8122 0.3375 -9.8017 -12.6079 -2.7526 -10.6037
3 16 -12.6079 -2.7526 -10.6037 -11.8122 0.3375 -9.8017 -12.3931 -1.8915 -12.2666
3 16 -12.4398 -3.4228 -5.5625 -12.6079 -2.7526 -10.6037 -8.1914 -3.265 -6.4235
3 16 -8.1914 -3.265 -6.4235 -12.6079 -2.7526 -10.6037 -8.119 -2.7612 -10.6029
3 16 -11.9945 0 -5.4875 -12.0296 -0.0016 -8.9461 -12.4398 -3.4228 -5.5625
3 16 -12.4398 -3.4228 -5.5625 -12.0296 -0.0016 -8.9461 -12.6079 -2.7526 -10.6037
3 16 -12.3931 -1.8915 -12.2666 -11.8122 0.3375 -9.8017 -11.7859 -0.0431 -12.9873
3 16 -11.7859 -0.0431 -12.9873 -11.8122 0.3375 -9.8017 -11.3176 1.1693 -10.1936
3 16 -5.151 10.5065 -10.3612 0 10.5559 -10.3612 0 17.3117 -10.3614
3 16 -11.3176 1.1693 -10.1936 -6.1167 1.0653 -10.1936 -5.151 10.5065 -10.3612
3 16 -5.151 10.5065 -10.3612 -6.1167 1.0653 -10.1936 0 10.5559 -10.3612
3 16 8.5562 24.049 -14.4855 9.4405 23.6828 -14.4855 8.4913 22.7367 -14.4852
3 16 8.4913 22.7367 -14.4852 9.4405 23.6828 -14.4855 9.8062 22.799 -14.4855
3 16 9.8062 11.799 -10.3612 9.8062 22.799 -10.3612 0 17.3117 -10.3614
3 16 9.4405 23.6828 -10.3612 9.8062 22.799 -10.3612 9.4405 23.6828 -14.4855
3 16 9.4405 23.6828 -14.4855 9.8062 22.799 -10.3612 9.8062 22.799 -14.4855
3 16 9.8062 22.799 -10.3612 9.4405 23.6828 -10.3612 0 17.3117 -10.3614
3 16 9.4405 23.6828 -10.3612 8.5562 24.049 -10.3612 0 17.3117 -10.3614
3 16 8.5562 24.049 -10.3612 9.4405 23.6828 -10.3612 8.5562 24.049 -14.4855
3 16 8.5562 24.049 -14.4855 9.4405 23.6828 -10.3612 9.4405 23.6828 -14.4855
3 16 9.8062 11.799 -10.3612 0 17.3117 -10.3614 9.4405 10.9153 -10.3612
3 16 9.4405 10.9153 -10.3612 0 17.3117 -10.3614 8.5562 10.549 -10.3612
3 16 8.077 -2.813 -4.7499 9.7323 -3.5239 -4.7917 8.1661 -2.6627 -2.3643
3 16 8.1661 -2.6627 -2.3643 9.7323 -3.5239 -4.7917 10.9043 -3.7891 -2.5319
3 16 8.1914 -3.265 -6.4235 9.7323 -3.5239 -4.7917 8.077 -2.813 -4.7499
3 16 11.2236 -3.8335 0 8.2076 -2.5107 0 10.9043 -3.7891 -2.5319
3 16 10.9043 -3.7891 -2.5319 8.2076 -2.5107 0 8.1661 -2.6627 -2.3643
3 16 9.8091 -3.8306 5.4623 5.6603 -3.8306 9.6627 7.2054 -2.4912 4.1349
3 16 7.2054 -2.4912 4.1349 5.6603 -3.8306 9.6627 4.2279 -2.4911 7.083
3 16 9.8091 -3.8306 5.4623 10.6307 -3.834 5.9328 5.6603 -3.8306 9.6627
3 16 5.6603 -3.8306 9.6627 10.6307 -3.834 5.9328 6.1064 -3.834 10.5149
3 16 10.6307 -3.834 5.9328 9.8091 -3.8306 5.4623 12.1879 -3.8369 0
3 16 12.1879 -3.8369 0 9.8091 -3.8306 5.4623 11.2236 -3.8335 0
3 16 11.2236 -3.8335 0 9.8091 -3.8306 5.4623 8.2076 -2.5107 0
3 16 8.2076 -2.5107 0 9.8091 -3.8306 5.4623 7.2054 -2.4912 4.1349
3 16 5.6603 -3.8306 9.6627 6.1064 -3.834 10.5149 0 -3.8335 11.2547
3 16 0 -3.8335 11.2547 6.1064 -3.834 10.5149 0 -3.8369 12.155
3 16 4.2279 -2.4911 7.083 5.6603 -3.8306 9.6627 0 -2.5107 8.3987
3 16 0 -2.5107 8.3987 5.6603 -3.8306 9.6627 0 -3.8335 11.2547
3 16 6.1167 1.0653 -10.1936 6.8692 -0.0585 -12.9874 6.5347 0.3454 -9.8092
3 16 6.5347 0.3454 -9.8092 6.8692 -0.0585 -12.9874 7.7821 -1.8875 -12.2669
3 16 6.8692 -0.0585 -12.9874 11.7859 -0.0431 -12.9873 7.7821 -1.8875 -12.2669
3 16 7.7821 -1.8875 -12.2669 11.7859 -0.0431 -12.9873 12.3931 -1.8915 -12.2666
3 16 7.7821 -1.8875 -12.2669 12.3931 -1.8915 -12.2666 8.119 -2.7612 -10.6029
3 16 8.119 -2.7612 -10.6029 12.3931 -1.8915 -12.2666 12.6079 -2.7526 -10.6037
3 16 6.9796 0 -8.9297 6.5347 0.3454 -9.8092 8.119 -2.7612 -10.6029
3 16 8.119 -2.7612 -10.6029 6.5347 0.3454 -9.8092 7.7821 -1.8875 -12.2669
3 16 7.6078 -0.0297 -5.3031 6.9796 0 -8.9297 8.1914 -3.265 -6.4235
3 16 8.1914 -3.265 -6.4235 6.9796 0 -8.9297 8.119 -2.7612 -10.6029
3 16 8.5562 24.049 -14.4855 0 24.049 -14.4796 8.5562 24.049 -10.3612
3 16 8.5562 24.049 -10.3612 0 24.049 -14.4796 0 24.049 -10.3612
3 16 0 22.7992 -14.4796 0 24.049 -14.4796 8.4913 22.7367 -14.4852
3 16 8.4913 22.7367 -14.4852 0 24.049 -14.4796 8.5562 24.049 -14.4855
3 16 9.8062 11.799 -14.4857 9.8062 22.799 -14.4855 9.8062 11.799 -10.3612
3 16 9.8062 11.799 -10.3612 9.8062 22.799 -14.4855 9.8062 22.799 -10.3612
3 16 9.8062 11.799 -14.4857 9.8062 11.799 -10.3612 9.4405 10.9153 -14.4857
3 16 9.4405 10.9153 -14.4857 9.8062 11.799 -10.3612 9.4405 10.9153 -10.3612
3 16 8.5562 10.549 -14.4857 8.4913 11.8614 -14.4853 9.4405 10.9153 -14.4857
3 16 9.4405 10.9153 -14.4857 8.4913 11.8614 -14.4853 9.8062 11.799 -14.4857
3 16 8.5562 10.549 -14.4857 0 10.5673 -14.4796 8.4913 11.8614 -14.4853
3 16 8.4913 11.8614 -14.4853 0 10.5673 -14.4796 0 11.8968 -14.4796
3 16 9.4405 10.9153 -14.4857 9.4405 10.9153 -10.3612 8.5562 10.549 -14.4857
3 16 8.5562 10.549 -14.4857 9.4405 10.9153 -10.3612 8.5562 10.549 -10.3612
3 16 0 22.7992 -14.4796 8.4913 22.7367 -14.4852 0 11.8968 -14.4796
3 16 0 11.8968 -14.4796 8.4913 22.7367 -14.4852 8.4913 11.8614 -14.4853
3 16 0 10.5559 -12.9874 5.151 10.5673 -12.9874 6.8692 -0.0585 -12.9874
3 16 6.8692 -0.0585 -12.9874 5.151 10.5673 -12.9874 11.7859 -0.0431 -12.9873
3 16 8.5562 10.549 -14.4857 5.151 10.5673 -12.9874 0 10.5673 -14.4796
3 16 0 10.5673 -14.4796 5.151 10.5673 -12.9874 0 10.5559 -12.9874
3 16 8.5562 24.049 -10.3612 0 24.049 -10.3612 0 17.3117 -10.3614
3 16 11.7859 -0.0431 -12.9873 5.151 10.5673 -12.9874 11.3176 1.1693 -10.1936
3 16 11.3176 1.1693 -10.1936 5.151 10.5673 -12.9874 5.151 10.5065 -10.3612
3 16 6.1064 -3.834 10.5149 10.6307 -3.834 5.9328 6.1064 0 10.5149
3 16 6.1064 0 10.5149 10.6307 -3.834 5.9328 10.6307 0 5.9328
3 16 10.6307 0 5.9328 10.6307 -3.834 5.9328 12.0837 0 0
3 16 12.0837 0 0 10.6307 -3.834 5.9328 12.1879 -3.8369 0
3 16 0 -3.8369 12.155 6.1064 -3.834 10.5149 0 0 12.155
3 16 0 0 12.155 6.1064 -3.834 10.5149 6.1064 0 10.5149
3 16 5.151 10.5673 -12.9874 8.5562 10.549 -14.4857 5.151 10.5065 -10.3612
3 16 8.077 -2.813 -4.7499 8.1661 -2.6627 -2.3643 7.6078 -0.0297 -5.3031
3 16 7.6078 -0.0297 -5.3031 8.1661 -2.6627 -2.3643 8.2522 0 -0.0076
3 16 12.0837 0 0 11.9945 0 -5.4875 8.2522 0 -0.0076
3 16 8.2522 0 -0.0076 11.9945 0 -5.4875 7.6078 -0.0297 -5.3031
3 16 7.6078 -0.0297 -5.3031 8.1914 -3.265 -6.4235 8.077 -2.813 -4.7499
3 16 8.2522 0 -0.0076 8.1661 -2.6627 -2.3643 8.2076 -2.5107 0
3 16 10.6307 0 5.9328 12.0837 0 0 7.2054 0 4.0151
3 16 7.2054 0 4.0151 12.0837 0 0 8.2522 0 -0.0076
3 16 7.2054 -2.4912 4.1349 7.2054 0 4.0151 8.2076 -2.5107 0
3 16 8.2076 -2.5107 0 7.2054 0 4.0151 8.2522 0 -0.0076
3 16 4.2279 0 7.083 4.2279 -2.4911 7.083 0 0 8.3987
3 16 0 0 8.3987 4.2279 -2.4911 7.083 0 -2.5107 8.3987
3 16 0 0 12.155 6.1064 0 10.5149 0 0 8.3987
3 16 0 0 8.3987 6.1064 0 10.5149 4.2279 0 7.083
3 16 6.1064 0 10.5149 10.6307 0 5.9328 4.2279 0 7.083
3 16 4.2279 0 7.083 10.6307 0 5.9328 7.2054 0 4.0151
3 16 7.2054 0 4.0151 7.2054 -2.4912 4.1349 4.2279 0 7.083
3 16 4.2279 0 7.083 7.2054 -2.4912 4.1349 4.2279 -2.4911 7.083
3 16 12.0296 -0.0016 -8.9461 11.8122 0.3375 -9.8017 6.9796 0 -8.9297
3 16 6.9796 0 -8.9297 11.8122 0.3375 -9.8017 6.5347 0.3454 -9.8092
3 16 11.8122 0.3375 -9.8017 11.3176 1.1693 -10.1936 6.5347 0.3454 -9.8092
3 16 6.5347 0.3454 -9.8092 11.3176 1.1693 -10.1936 6.1167 1.0653 -10.1936
3 16 11.9945 0 -5.4875 12.0296 -0.0016 -8.9461 7.6078 -0.0297 -5.3031
3 16 7.6078 -0.0297 -5.3031 12.0296 -0.0016 -8.9461 6.9796 0 -8.9297
3 16 0 10.5559 -10.3612 0 10.5559 -12.9874 6.1167 1.0653 -10.1936
3 16 6.1167 1.0653 -10.1936 0 10.5559 -12.9874 6.8692 -0.0585 -12.9874
3 16 5.151 10.5065 -10.3612 8.5562 10.549 -10.3612 0 17.3117 -10.3614
3 16 8.4913 11.8614 -14.4853 8.4913 22.7367 -14.4852 9.8062 11.799 -14.4857
3 16 9.8062 11.799 -14.4857 8.4913 22.7367 -14.4852 9.8062 22.799 -14.4855
3 16 8.5562 10.549 -14.4857 8.5562 10.549 -10.3612 5.151 10.5065 -10.3612
3 16 12.1879 -3.8369 0 12.4398 -3.4228 -5.5625 12.0837 0 0
3 16 12.0837 0 0 12.4398 -3.4228 -5.5625 11.9945 0 -5.4875
3 16 9.7323 -3.5239 -4.7917 12.4398 -3.4228 -5.5625 10.9043 -3.7891 -2.5319
3 16 10.9043 -3.7891 -2.5319 12.4398 -3.4228 -5.5625 12.1879 -3.8369 0
3 16 11.2236 -3.8335 0 10.9043 -3.7891 -2.5319 12.1879 -3.8369 0
3 16 12.4398 -3.4228 -5.5625 9.7323 -3.5239 -4.7917 8.1914 -3.265 -6.4235
3 16 12.3931 -1.8915 -12.2666 11.8122 0.3375 -9.8017 12.6079 -2.7526 -10.6037
3 16 12.6079 -2.7526 -10.6037 11.8122 0.3375 -9.8017 12.0296 -0.0016 -8.9461
3 16 8.119 -2.7612 -10.6029 12.6079 -2.7526 -10.6037 8.1914 -3.265 -6.4235
3 16 8.1914 -3.265 -6.4235 12.6079 -2.7526 -10.6037 12.4398 -3.4228 -5.5625
3 16 12.6079 -2.7526 -10.6037 12.0296 -0.0016 -8.9461 12.4398 -3.4228 -5.5625
3 16 12.4398 -3.4228 -5.5625 12.0296 -0.0016 -8.9461 11.9945 0 -5.4875
3 16 12.3931 -1.8915 -12.2666 11.7859 -0.0431 -12.9873 11.8122 0.3375 -9.8017
3 16 11.8122 0.3375 -9.8017 11.7859 -0.0431 -12.9873 11.3176 1.1693 -10.1936
3 16 5.151 10.5065 -10.3612 0 17.3117 -10.3614 0 10.5559 -10.3612
3 16 0 10.5559 -10.3612 6.1167 1.0653 -10.1936 5.151 10.5065 -10.3612
3 16 5.151 10.5065 -10.3612 6.1167 1.0653 -10.1936 11.3176 1.1693 -10.1936
2 24 -9.8062 22.799 -14.4855 -9.4405 23.6828 -14.4855
2 24 -9.4405 23.6828 -14.4855 -8.5562 24.049 -14.4855
2 24 -9.8062 11.799 -10.3612 -9.8062 22.799 -10.3612
2 24 -9.4405 23.6828 -10.3612 -9.4405 23.6828 -14.4855
2 24 -9.4405 23.6828 -10.3612 -9.8062 22.799 -10.3612
2 24 -9.4405 23.6828 -14.4855 -9.8062 22.799 -14.4855
2 24 -9.8062 22.799 -10.3612 -9.4405 23.6828 -10.3612
2 24 -9.4405 23.6828 -10.3612 -8.5562 24.049 -10.3612
2 24 -9.4405 23.6828 -10.3612 -8.5562 24.049 -10.3612
2 24 -9.4405 23.6828 -14.4855 -8.5562 24.049 -14.4855
2 24 -9.8062 11.799 -10.3612 -9.4405 10.9153 -10.3612
2 24 -9.4405 10.9153 -10.3612 -8.5562 10.549 -10.3612
2 24 -12.1879 -3.8369 0 -12.4398 -3.4228 -5.5625
2 24 -12.0837 0 0 -11.9945 0 -5.4875
2 24 -8.077 -2.813 -4.7499 -8.1661 -2.6627 -2.3643
2 24 -9.7323 -3.5239 -4.7917 -10.9043 -3.7891 -2.5319
2 24 0 -3.8335 11.2547 -5.6603 -3.8306 9.6627
2 24 0 -2.5107 8.3987 -4.2279 -2.4911 7.083
2 24 0 -3.8369 12.155 -6.1064 -3.834 10.5149
2 24 0 -3.8335 11.2547 -5.6603 -3.8306 9.6627
2 24 -8.077 -2.813 -4.7499 -8.1914 -3.265 -6.4235
2 24 -9.7323 -3.5239 -4.7917 -8.1914 -3.265 -6.4235
2 24 -10.9043 -3.7891 -2.5319 -11.2236 -3.8335 0
2 24 -8.1661 -2.6627 -2.3643 -8.2076 -2.5107 0
2 24 -11.2236 -3.8335 0 -9.8091 -3.8306 5.4623
2 24 -12.1879 -3.8369 0 -10.6307 -3.834 5.9328
2 24 -11.2236 -3.8335 0 -9.8091 -3.8306 5.4623
2 24 -8.2076 -2.5107 0 -7.2054 -2.4912 4.1349
2 24 -5.6603 -3.8306 9.6627 -9.8091 -3.8306 5.4623
2 24 -6.1064 -3.834 10.5149 -10.6307 -3.834 5.9328
2 24 -4.2279 -2.4911 7.083 -7.2054 -2.4912 4.1349
2 24 -5.6603 -3.8306 9.6627 -9.8091 -3.8306 5.4623
2 24 -7.7821 -1.8875 -12.2669 -6.8692 -0.0585 -12.9874
2 24 -6.5347 0.3454 -9.8092 -6.1167 1.0653 -10.1936
2 24 -6.8692 -0.0585 -12.9874 -7.7821 -1.8875 -12.2669
2 24 -11.7859 -0.0431 -12.9873 -12.3931 -1.8915 -12.2666
2 24 -7.7821 -1.8875 -12.2669 -8.119 -2.7612 -10.6029
2 24 -12.3931 -1.8915 -12.2666 -12.6079 -2.7526 -10.6037
2 24 -6.5347 0.3454 -9.8092 -6.9796 0 -8.9297
2 24 -7.7821 -1.8875 -12.2669 -8.119 -2.7612 -10.6029
2 24 -6.9796 0 -8.9297 -7.6078 -0.0297 -5.3031
2 24 -8.119 -2.7612 -10.6029 -8.1914 -3.265 -6.4235
2 24 -8.5562 24.049 -14.4855 0 24.049 -14.4796
2 24 -8.5562 24.049 -10.3612 0 24.049 -10.3612
2 24 -8.5562 24.049 -14.4855 0 24.049 -14.4796
2 24 -9.8062 22.799 -14.4855 -9.8062 11.799 -14.4857
2 24 -9.8062 22.799 -10.3612 -9.8062 11.799 -10.3612
2 24 -9.8062 11.799 -14.4857 -9.4405 10.9153 -14.4857
2 24 -9.4405 10.9153 -14.4857 -9.4405 10.9153 -10.3612
2 24 -9.8062 11.799 -10.3612 -9.4405 10.9153 -10.3612
2 24 -9.8062 11.799 -14.4857 -9.4405 10.9153 -14.4857
2 24 -9.4405 10.9153 -14.4857 -8.5562 10.549 -14.4857
2 24 -8.5562 10.549 -14.4857 0 10.5673 -14.4796
2 24 -9.4405 10.9153 -14.4857 -8.5562 10.549 -14.4857
2 24 -9.4405 10.9153 -10.3612 -8.5562 10.549 -10.3612
2 24 -6.8692 -0.0585 -12.9874 0 10.5559 -12.9874
2 24 0 10.5559 -12.9874 -5.151 10.5673 -12.9874
2 24 -11.7859 -0.0431 -12.9873 -5.151 10.5673 -12.9874
2 24 -8.5562 10.549 -14.4857 0 10.5673 -14.4796
2 24 -5.151 10.5673 -12.9874 0 10.5559 -12.9874
2 24 -6.1064 -3.834 10.5149 0 -3.8369 12.155
2 24 -6.1064 0 10.5149 0 0 12.155
2 24 -8.5562 24.049 -10.3612 0 24.049 -10.3612
2 24 -11.7859 -0.0431 -12.9873 -5.151 10.5673 -12.9874
2 24 -11.3176 1.1693 -10.1936 -5.151 10.5065 -10.3612
2 24 -5.151 10.5673 -12.9874 -5.151 10.5065 -10.3612
2 24 -12.1879 -3.8369 0 -10.6307 -3.834 5.9328
2 24 -12.0837 0 0 -10.6307 0 5.9328
2 24 -6.1064 -3.834 10.5149 -10.6307 -3.834 5.9328
2 24 -6.1064 0 10.5149 -10.6307 0 5.9328
2 24 -5.151 10.5673 -12.9874 -5.151 10.5065 -10.3612
2 24 -7.6078 -0.0297 -5.3031 -8.2522 0 -0.0076
2 24 -8.1661 -2.6627 -2.3643 -8.077 -2.813 -4.7499
2 24 -8.1914 -3.265 -6.4235 -8.077 -2.813 -4.7499
2 24 -8.1661 -2.6627 -2.3643 -8.2076 -2.5107 0
2 24 -12.0837 0 0 -11.9945 0 -5.4875
2 24 -8.2522 0 -0.0076 -7.6078 -0.0297 -5.3031
2 24 -8.2076 -2.5107 0 -7.2054 -2.4912 4.1349
2 24 -8.2522 0 -0.0076 -7.2054 0 4.0151
2 24 -12.0837 0 0 -10.6307 0 5.9328
2 24 -8.2522 0 -0.0076 -7.2054 0 4.0151
2 24 -7.2054 -2.4912 4.1349 -4.2279 -2.4911 7.083
2 24 -7.2054 0 4.0151 -4.2279 0 7.083
2 24 -10.6307 0 5.9328 -6.1064 0 10.5149
2 24 -7.2054 0 4.0151 -4.2279 0 7.083
2 24 -6.1064 0 10.5149 0 0 12.155
2 24 -4.2279 0 7.083 0 0 8.3987
2 24 -4.2279 0 7.083 0 0 8.3987
2 24 -4.2279 -2.4911 7.083 0 -2.5107 8.3987
2 24 -12.0296 -0.0016 -8.9461 -11.8122 0.3375 -9.8017
2 24 -6.9796 0 -8.9297 -6.5347 0.3454 -9.8092
2 24 -11.8122 0.3375 -9.8017 -11.3176 1.1693 -10.1936
2 24 -6.5347 0.3454 -9.8092 -6.1167 1.0653 -10.1936
2 24 -11.9945 0 -5.4875 -12.0296 -0.0016 -8.9461
2 24 -7.6078 -0.0297 -5.3031 -6.9796 0 -8.9297
2 24 -6.1167 1.0653 -10.1936 0 10.5559 -10.3612
2 24 0 10.5559 -10.3612 0 10.5559 -12.9874
2 24 -6.8692 -0.0585 -12.9874 0 10.5559 -12.9874
2 24 -8.5562 10.549 -10.3612 -5.151 10.5065 -10.3612
2 24 -9.8062 22.799 -14.4855 -9.8062 11.799 -14.4857
2 24 -8.5562 10.549 -10.3612 -5.151 10.5065 -10.3612
2 24 -12.1879 -3.8369 0 -12.4398 -3.4228 -5.5625
2 24 -10.9043 -3.7891 -2.5319 -9.7323 -3.5239 -4.7917
2 24 -11.2236 -3.8335 0 -10.9043 -3.7891 -2.5319
2 24 -9.7323 -3.5239 -4.7917 -8.1914 -3.265 -6.4235
2 24 -12.0296 -0.0016 -8.9461 -11.8122 0.3375 -9.8017
2 24 -12.6079 -2.7526 -10.6037 -12.3931 -1.8915 -12.2666
2 24 -12.6079 -2.7526 -10.6037 -12.4398 -3.4228 -5.5625
2 24 -8.119 -2.7612 -10.6029 -8.1914 -3.265 -6.4235
2 24 -11.9945 0 -5.4875 -12.0296 -0.0016 -8.9461
2 24 -12.4398 -3.4228 -5.5625 -12.6079 -2.7526 -10.6037
2 24 -11.7859 -0.0431 -12.9873 -12.3931 -1.8915 -12.2666
2 24 -11.3176 1.1693 -10.1936 -11.8122 0.3375 -9.8017
2 24 -11.3176 1.1693 -10.1936 -5.151 10.5065 -10.3612
2 24 -6.1167 1.0653 -10.1936 0 10.5559 -10.3612
2 24 8.5562 24.049 -14.4855 9.4405 23.6828 -14.4855
2 24 9.4405 23.6828 -14.4855 9.8062 22.799 -14.4855
2 24 9.8062 11.799 -10.3612 9.8062 22.799 -10.3612
2 24 9.4405 23.6828 -10.3612 9.8062 22.799 -10.3612
2 24 9.4405 23.6828 -10.3612 9.4405 23.6828 -14.4855
2 24 9.4405 23.6828 -14.4855 9.8062 22.799 -14.4855
2 24 9.8062 22.799 -10.3612 9.4405 23.6828 -10.3612
2 24 9.4405 23.6828 -10.3612 8.5562 24.049 -10.3612
2 24 9.4405 23.6828 -10.3612 8.5562 24.049 -10.3612
2 24 9.4405 23.6828 -14.4855 8.5562 24.049 -14.4855
2 24 9.8062 11.799 -10.3612 9.4405 10.9153 -10.3612
2 24 9.4405 10.9153 -10.3612 8.5562 10.549 -10.3612
2 24 8.077 -2.813 -4.7499 8.1661 -2.6627 -2.3643
2 24 9.7323 -3.5239 -4.7917 10.9043 -3.7891 -2.5319
2 24 9.7323 -3.5239 -4.7917 8.1914 -3.265 -6.4235
2 24 8.077 -2.813 -4.7499 8.1914 -3.265 -6.4235
2 24 10.9043 -3.7891 -2.5319 11.2236 -3.8335 0
2 24 8.1661 -2.6627 -2.3643 8.2076 -2.5107 0
2 24 9.8091 -3.8306 5.4623 5.6603 -3.8306 9.6627
2 24 7.2054 -2.4912 4.1349 4.2279 -2.4911 7.083
2 24 9.8091 -3.8306 5.4623 5.6603 -3.8306 9.6627
2 24 10.6307 -3.834 5.9328 6.1064 -3.834 10.5149
2 24 10.6307 -3.834 5.9328 12.1879 -3.8369 0
2 24 9.8091 -3.8306 5.4623 11.2236 -3.8335 0
2 24 11.2236 -3.8335 0 9.8091 -3.8306 5.4623
2 24 8.2076 -2.5107 0 7.2054 -2.4912 4.1349
2 24 0 -3.8335 11.2547 5.6603 -3.8306 9.6627
2 24 0 -3.8369 12.155 6.1064 -3.834 10.5149
2 24 0 -2.5107 8.3987 4.2279 -2.4911 7.083
2 24 0 -3.8335 11.2547 5.6603 -3.8306 9.6627
2 24 6.1167 1.0653 -10.1936 6.5347 0.3454 -9.8092
2 24 6.8692 -0.0585 -12.9874 7.7821 -1.8875 -12.2669
2 24 6.8692 -0.0585 -12.9874 7.7821 -1.8875 -12.2669
2 24 11.7859 -0.0431 -12.9873 12.3931 -1.8915 -12.2666
2 24 7.7821 -1.8875 -12.2669 8.119 -2.7612 -10.6029
2 24 12.3931 -1.8915 -12.2666 12.6079 -2.7526 -10.6037
2 24 6.5347 0.3454 -9.8092 6.9796 0 -8.9297
2 24 7.7821 -1.8875 -12.2669 8.119 -2.7612 -10.6029
2 24 6.9796 0 -8.9297 7.6078 -0.0297 -5.3031
2 24 8.119 -2.7612 -10.6029 8.1914 -3.265 -6.4235
2 24 0 24.049 -14.4796 8.5562 24.049 -14.4855
2 24 0 24.049 -10.3612 8.5562 24.049 -10.3612
2 24 0 24.049 -14.4796 8.5562 24.049 -14.4855
2 24 9.8062 22.799 -14.4855 9.8062 11.799 -14.4857
2 24 9.8062 22.799 -10.3612 9.8062 11.799 -10.3612
2 24 9.8062 11.799 -14.4857 9.4405 10.9153 -14.4857
2 24 9.8062 11.799 -10.3612 9.4405 10.9153 -10.3612
2 24 9.4405 10.9153 -14.4857 9.4405 10.9153 -10.3612
2 24 8.5562 10.549 -14.4857 9.4405 10.9153 -14.4857
2 24 9.4405 10.9153 -14.4857 9.8062 11.799 -14.4857
2 24 0 10.5673 -14.4796 8.5562 10.549 -14.4857
2 24 9.4405 10.9153 -14.4857 8.5562 10.549 -14.4857
2 24 9.4405 10.9153 -10.3612 8.5562 10.549 -10.3612
2 24 0 10.5559 -12.9874 5.151 10.5673 -12.9874
2 24 0 10.5559 -12.9874 6.8692 -0.0585 -12.9874
2 24 11.7859 -0.0431 -12.9873 5.151 10.5673 -12.9874
2 24 0 10.5673 -14.4796 8.5562 10.549 -14.4857
2 24 0 10.5559 -12.9874 5.151 10.5673 -12.9874
2 24 0 24.049 -10.3612 8.5562 24.049 -10.3612
2 24 11.7859 -0.0431 -12.9873 5.151 10.5673 -12.9874
2 24 5.151 10.5673 -12.9874 5.151 10.5065 -10.3612
2 24 11.3176 1.1693 -10.1936 5.151 10.5065 -10.3612
2 24 6.1064 -3.834 10.5149 10.6307 -3.834 5.9328
2 24 6.1064 0 10.5149 10.6307 0 5.9328
2 24 10.6307 0 5.9328 12.0837 0 0
2 24 10.6307 -3.834 5.9328 12.1879 -3.8369 0
2 24 0 -3.8369 12.155 6.1064 -3.834 10.5149
2 24 0 0 12.155 6.1064 0 10.5149
2 24 5.151 10.5673 -12.9874 5.151 10.5065 -10.3612
2 24 8.077 -2.813 -4.7499 8.1661 -2.6627 -2.3643
2 24 7.6078 -0.0297 -5.3031 8.2522 0 -0.0076
2 24 12.0837 0 0 11.9945 0 -5.4875
2 24 8.2522 0 -0.0076 7.6078 -0.0297 -5.3031
2 24 8.1914 -3.265 -6.4235 8.077 -2.813 -4.7499
2 24 8.1661 -2.6627 -2.3643 8.2076 -2.5107 0
2 24 12.0837 0 0 10.6307 0 5.9328
2 24 8.2522 0 -0.0076 7.2054 0 4.0151
2 24 8.2076 -2.5107 0 7.2054 -2.4912 4.1349
2 24 8.2522 0 -0.0076 7.2054 0 4.0151
2 24 0 0 8.3987 4.2279 0 7.083
2 24 0 -2.5107 8.3987 4.2279 -2.4911 7.083
2 24 0 0 12.155 6.1064 0 10.5149
2 24 0 0 8.3987 4.2279 0 7.083
2 24 10.6307 0 5.9328 6.1064 0 10.5149
2 24 7.2054 0 4.0151 4.2279 0 7.083
2 24 7.2054 0 4.0151 4.2279 0 7.083
2 24 7.2054 -2.4912 4.1349 4.2279 -2.4911 7.083
2 24 12.0296 -0.0016 -8.9461 11.8122 0.3375 -9.8017
2 24 6.9796 0 -8.9297 6.5347 0.3454 -9.8092
2 24 11.8122 0.3375 -9.8017 11.3176 1.1693 -10.1936
2 24 6.5347 0.3454 -9.8092 6.1167 1.0653 -10.1936
2 24 11.9945 0 -5.4875 12.0296 -0.0016 -8.9461
2 24 7.6078 -0.0297 -5.3031 6.9796 0 -8.9297
2 24 0 10.5559 -10.3612 0 10.5559 -12.9874
2 24 6.1167 1.0653 -10.1936 0 10.5559 -10.3612
2 24 6.8692 -0.0585 -12.9874 0 10.5559 -12.9874
2 24 8.5562 10.549 -10.3612 5.151 10.5065 -10.3612
2 24 9.8062 22.799 -14.4855 9.8062 11.799 -14.4857
2 24 8.5562 10.549 -10.3612 5.151 10.5065 -10.3612
2 24 12.1879 -3.8369 0 12.4398 -3.4228 -5.5625
2 24 12.0837 0 0 11.9945 0 -5.4875
2 24 9.7323 -3.5239 -4.7917 10.9043 -3.7891 -2.5319
2 24 12.1879 -3.8369 0 12.4398 -3.4228 -5.5625
2 24 11.2236 -3.8335 0 10.9043 -3.7891 -2.5319
2 24 9.7323 -3.5239 -4.7917 8.1914 -3.265 -6.4235
2 24 12.3931 -1.8915 -12.2666 12.6079 -2.7526 -10.6037
2 24 11.8122 0.3375 -9.8017 12.0296 -0.0016 -8.9461
2 24 8.119 -2.7612 -10.6029 8.1914 -3.265 -6.4235
2 24 12.6079 -2.7526 -10.6037 12.4398 -3.4228 -5.5625
2 24 12.4398 -3.4228 -5.5625 12.6079 -2.7526 -10.6037
2 24 11.9945 0 -5.4875 12.0296 -0.0016 -8.9461
2 24 11.7859 -0.0431 -12.9873 12.3931 -1.8915 -12.2666
2 24 11.3176 1.1693 -10.1936 11.8122 0.3375 -9.8017
2 24 0 10.5559 -10.3612 6.1167 1.0653 -10.1936
2 24 11.3176 1.1693 -10.1936 5.151 10.5065 -10.3612
2 24 -9.8239 22.7996 -14.5032 -9.453 23.6953 -14.5032
2 24 -9.453 23.6953 -14.5032 -8.5569 24.0667 -14.5032
2 24 -9.8239 11.7985 -10.3436 -9.8239 22.7996 -10.3436
2 24 -9.453 23.6953 -10.3436 -9.453 23.6953 -14.5032
2 24 -9.453 23.6953 -10.3436 -9.8239 22.7996 -10.3436
2 24 -9.453 23.6953 -14.5032 -9.8239 22.7996 -14.5032
2 24 -9.8239 22.7996 -10.3436 -9.453 23.6953 -10.3436
2 24 -9.453 23.6953 -10.3436 -8.5569 24.0667 -10.3436
2 24 -9.453 23.6953 -10.3436 -8.5569 24.0667 -10.3436
2 24 -9.453 23.6953 -14.5032 -8.5569 24.0667 -14.5032
2 24 -9.8239 11.7985 -10.3436 -9.453 10.9028 -10.3436
2 24 -9.453 10.9028 -10.3436 -8.5579 10.5314 -10.3436
2 24 -12.2059 -3.8541 0.0024 -12.4584 -3.4393 -5.5645
2 24 -12.1009 0.018 0.0025 -12.011 0.0188 -5.4877
2 24 -8.0574 -2.8283 -4.7478 -8.146 -2.6773 -2.3619
2 24 -9.7273 -3.5485 -4.7921 -10.9002 -3.8138 -2.5321
2 24 0 -3.8579 11.2492 -5.6576 -3.855 9.6581
2 24 0 -2.5242 8.3776 -4.2172 -2.5046 7.0649
2 24 0 -3.8546 12.1726 -6.1153 -3.8517 10.5301
2 24 0 -3.8579 11.2492 -5.6576 -3.855 9.6581
2 24 -8.0574 -2.8283 -4.7478 -8.1782 -3.2862 -6.4221
2 24 -9.7273 -3.5485 -4.7921 -8.1782 -3.2862 -6.4221
2 24 -10.9002 -3.8138 -2.5321 -11.2185 -3.8579 -0.0008
2 24 -8.146 -2.6773 -2.3619 -8.1868 -2.5242 -0.0031
2 24 -11.2185 -3.8579 -0.0008 -9.8045 -3.855 5.4596
2 24 -12.2059 -3.8541 0.0024 -10.646 -3.8517 5.9416
2 24 -11.2185 -3.8579 -0.0008 -9.8045 -3.855 5.4596
2 24 -8.1868 -2.5242 -0.0031 -7.1873 -2.5049 4.1244
2 24 -5.6576 -3.855 9.6581 -9.8045 -3.855 5.4596
2 24 -6.1153 -3.8517 10.5301 -10.646 -3.8517 5.9416
2 24 -4.2172 -2.5046 7.0649 -7.1873 -2.5049 4.1244
2 24 -5.6576 -3.855 9.6581 -9.8045 -3.855 5.4596
2 24 -7.7683 -1.9038 -12.2799 -6.8544 -0.0683 -13.0051
2 24 -6.5161 0.3497 -9.793 -6.1016 1.0563 -10.1759
2 24 -6.8544 -0.0683 -13.0051 -7.7683 -1.9038 -12.2799
2 24 -11.801 -0.0362 -13.006 -12.4119 -1.8998 -12.281
2 24 -7.7683 -1.9038 -12.2799 -8.1052 -2.7817 -10.6069
2 24 -12.4119 -1.8998 -12.281 -12.6273 -2.7679 -10.6074
2 24 -6.5161 0.3497 -9.793 -6.9593 0.0141 -8.9255
2 24 -7.7683 -1.9038 -12.2799 -8.1052 -2.7817 -10.6069
2 24 -6.9593 0.0141 -8.9255 -7.5888 -0.0136 -5.3007
2 24 -8.1052 -2.7817 -10.6069 -8.1782 -3.2862 -6.4221
2 24 -8.5569 24.0667 -14.5032 0 24.0667 -14.4973
2 24 -8.5569 24.0667 -10.3436 0 24.0667 -10.3436
2 24 -8.5569 24.0667 -14.5032 0 24.0667 -14.4973
2 24 -9.8239 22.7996 -14.5032 -9.8239 11.7985 -14.5033
2 24 -9.8239 22.7996 -10.3436 -9.8239 11.7985 -10.3436
2 24 -9.8239 11.7985 -14.5033 -9.453 10.9028 -14.5033
2 24 -9.453 10.9028 -14.5033 -9.453 10.9028 -10.3436
2 24 -9.8239 11.7985 -10.3436 -9.453 10.9028 -10.3436
2 24 -9.8239 11.7985 -14.5033 -9.453 10.9028 -14.5033
2 24 -9.453 10.9028 -14.5033 -8.5579 10.5314 -14.5034
2 24 -8.5579 10.5314 -14.5034 0 10.5496 -14.4973
2 24 -9.453 10.9028 -14.5033 -8.5579 10.5314 -14.5034
2 24 -9.453 10.9028 -10.3436 -8.5579 10.5314 -10.3436
2 24 -6.8544 -0.0683 -13.0051 0 10.5379 -13.0048
2 24 0 10.5379 -13.0048 -5.166 10.5591 -13.0057
2 24 -11.801 -0.0362 -13.006 -5.166 10.5591 -13.0057
2 24 -8.5579 10.5314 -14.5034 0 10.5496 -14.4973
2 24 -5.166 10.5591 -13.0057 0 10.5379 -13.0048
2 24 -6.1153 -3.8517 10.5301 0 -3.8546 12.1726
2 24 -6.1153 0.0177 10.5302 0 0.0177 12.1726
2 24 -8.5569 24.0667 -10.3436 0 24.0667 -10.3436
2 24 -11.801 -0.0362 -13.006 -5.166 10.5591 -13.0057
2 24 -11.3328 1.1803 -10.1771 -5.1662 10.4986 -10.343
2 24 -5.166 10.5591 -13.0057 -5.1662 10.4986 -10.343
2 24 -12.2059 -3.8541 0.0024 -10.646 -3.8517 5.9416
2 24 -12.1009 0.018 0.0025 -10.646 0.0177 5.9416
2 24 -6.1153 -3.8517 10.5301 -10.646 -3.8517 5.9416
2 24 -6.1153 0.0177 10.5302 -10.646 0.0177 5.9416
2 24 -5.166 10.5591 -13.0057 -5.1662 10.4986 -10.343
2 24 -7.5888 -0.0136 -5.3007 -8.2344 0.0175 -0.009
2 24 -8.146 -2.6773 -2.3619 -8.0574 -2.8283 -4.7478
2 24 -8.1782 -3.2862 -6.4221 -8.0574 -2.8283 -4.7478
2 24 -8.146 -2.6773 -2.3619 -8.1868 -2.5242 -0.0031
2 24 -12.1009 0.018 0.0025 -12.011 0.0188 -5.4877
2 24 -8.2344 0.0175 -0.009 -7.5888 -0.0136 -5.3007
2 24 -8.1868 -2.5242 -0.0031 -7.1873 -2.5049 4.1244
2 24 -8.2344 0.0175 -0.009 -7.1898 0.0175 4.0066
2 24 -12.1009 0.018 0.0025 -10.646 0.0177 5.9416
2 24 -8.2344 0.0175 -0.009 -7.1898 0.0175 4.0066
2 24 -7.1873 -2.5049 4.1244 -4.2172 -2.5046 7.0649
2 24 -7.1898 0.0175 4.0066 -4.2188 0.0176 7.0678
2 24 -10.646 0.0177 5.9416 -6.1153 0.0177 10.5302
2 24 -7.1898 0.0175 4.0066 -4.2188 0.0176 7.0678
2 24 -6.1153 0.0177 10.5302 0 0.0177 12.1726
2 24 -4.2188 0.0176 7.0678 0 0.0177 8.381
2 24 -4.2188 0.0176 7.0678 0 0.0177 8.381
2 24 -4.2172 -2.5046 7.0649 0 -2.5242 8.3776
2 24 -12.0456 0.0175 -8.9446 -11.8272 0.3554 -9.7929
2 24 -6.9593 0.0141 -8.9255 -6.5161 0.3497 -9.793
2 24 -11.8272 0.3554 -9.7929 -11.3328 1.1803 -10.1771
2 24 -6.5161 0.3497 -9.793 -6.1016 1.0563 -10.1759
2 24 -12.011 0.0188 -5.4877 -12.0456 0.0175 -8.9446
2 24 -7.5888 -0.0136 -5.3007 -6.9593 0.0141 -8.9255
2 24 -6.1016 1.0563 -10.1759 0 10.5376 -10.3442
2 24 0 10.5376 -10.3442 0 10.5379 -13.0048
2 24 -6.8544 -0.0683 -13.0051 0 10.5379 -13.0048
2 24 -8.5579 10.5314 -10.3436 -5.1662 10.4986 -10.343
2 24 -9.8239 22.7996 -14.5032 -9.8239 11.7985 -14.5033
2 24 -8.5579 10.5314 -10.3436 -5.1662 10.4986 -10.343
2 24 -12.2059 -3.8541 0.0024 -12.4584 -3.4393 -5.5645
2 24 -10.9002 -3.8138 -2.5321 -9.7273 -3.5485 -4.7921
2 24 -11.2185 -3.8579 -0.0008 -10.9002 -3.8138 -2.5321
2 24 -9.7273 -3.5485 -4.7921 -8.1782 -3.2862 -6.4221
2 24 -12.0456 0.0175 -8.9446 -11.8272 0.3554 -9.7929
2 24 -12.6273 -2.7679 -10.6074 -12.4119 -1.8998 -12.281
2 24 -12.6273 -2.7679 -10.6074 -12.4584 -3.4393 -5.5645
2 24 -8.1052 -2.7817 -10.6069 -8.1782 -3.2862 -6.4221
2 24 -12.011 0.0188 -5.4877 -12.0456 0.0175 -8.9446
2 24 -12.4584 -3.4393 -5.5645 -12.6273 -2.7679 -10.6074
2 24 -11.801 -0.0362 -13.006 -12.4119 -1.8998 -12.281
2 24 -11.3328 1.1803 -10.1771 -11.8272 0.3554 -9.7929
2 24 -11.3328 1.1803 -10.1771 -5.1662 10.4986 -10.343
2 24 -6.1016 1.0563 -10.1759 0 10.5376 -10.3442
2 24 8.5569 24.0667 -14.5032 9.453 23.6953 -14.5032
2 24 9.453 23.6953 -14.5032 9.8239 22.7996 -14.5032
2 24 9.8239 11.7985 -10.3436 9.8239 22.7996 -10.3436
2 24 9.453 23.6953 -10.3436 9.8239 22.7996 -10.3436
2 24 9.453 23.6953 -10.3436 9.453 23.6953 -14.5032
2 24 9.453 23.6953 -14.5032 9.8239 22.7996 -14.5032
2 24 9.8239 22.7996 -10.3436 9.453 23.6953 -10.3436
2 24 9.453 23.6953 -10.3436 8.5569 24.0667 -10.3436
2 24 9.453 23.6953 -10.3436 8.5569 24.0667 -10.3436
2 24 9.453 23.6953 -14.5032 8.5569 24.0667 -14.5032
2 24 9.8239 11.7985 -10.3436 9.453 10.9028 -10.3436
2 24 9.453 10.9028 -10.3436 8.5579 10.5314 -10.3436
2 24 8.0574 -2.8283 -4.7478 8.146 -2.6773 -2.3619
2 24 9.7273 -3.5485 -4.7921 10.9002 -3.8138 -2.5321
2 24 9.7273 -3.5485 -4.7921 8.1782 -3.2862 -6.4221
2 24 8.0574 -2.8283 -4.7478 8.1782 -3.2862 -6.4221
2 24 10.9002 -3.8138 -2.5321 11.2185 -3.8579 -0.0008
2 24 8.146 -2.6773 -2.3619 8.1868 -2.5242 -0.0031
2 24 9.8045 -3.855 5.4596 5.6576 -3.855 9.6581
2 24 7.1873 -2.5049 4.1244 4.2172 -2.5046 7.0649
2 24 9.8045 -3.855 5.4596 5.6576 -3.855 9.6581
2 24 10.646 -3.8517 5.9416 6.1153 -3.8517 10.5301
2 24 10.646 -3.8517 5.9416 12.2059 -3.8541 0.0024
2 24 9.8045 -3.855 5.4596 11.2185 -3.8579 -0.0008
2 24 11.2185 -3.8579 -0.0008 9.8045 -3.855 5.4596
2 24 8.1868 -2.5242 -0.0031 7.1873 -2.5049 4.1244
2 24 0 -3.8579 11.2492 5.6576 -3.855 9.6581
2 24 0 -3.8546 12.1726 6.1153 -3.8517 10.5301
2 24 0 -2.5242 8.3776 4.2172 -2.5046 7.0649
2 24 0 -3.8579 11.2492 5.6576 -3.855 9.6581
2 24 6.1016 1.0563 -10.1759 6.5161 0.3497 -9.793
2 24 6.8544 -0.0683 -13.0051 7.7683 -1.9038 -12.2799
2 24 6.8544 -0.0683 -13.0051 7.7683 -1.9038 -12.2799
2 24 11.801 -0.0362 -13.006 12.4119 -1.8998 -12.281
2 24 7.7683 -1.9038 -12.2799 8.1052 -2.7817 -10.6069
2 24 12.4119 -1.8998 -12.281 12.6273 -2.7679 -10.6074
2 24 6.5161 0.3497 -9.793 6.9593 0.0141 -8.9255
2 24 7.7683 -1.9038 -12.2799 8.1052 -2.7817 -10.6069
2 24 6.9593 0.0141 -8.9255 7.5888 -0.0136 -5.3007
2 24 8.1052 -2.7817 -10.6069 8.1782 -3.2862 -6.4221
2 24 0 24.0667 -14.4973 8.5569 24.0667 -14.5032
2 24 0 24.0667 -10.3436 8.5569 24.0667 -10.3436
2 24 0 24.0667 -14.4973 8.5569 24.0667 -14.5032
2 24 9.8239 22.7996 -14.5032 9.8239 11.7985 -14.5033
2 24 9.8239 22.7996 -10.3436 9.8239 11.7985 -10.3436
2 24 9.8239 11.7985 -14.5033 9.453 10.9028 -14.5033
2 24 9.8239 11.7985 -10.3436 9.453 10.9028 -10.3436
2 24 9.453 10.9028 -14.5033 9.453 10.9028 -10.3436
2 24 8.5579 10.5314 -14.5034 9.453 10.9028 -14.5033
2 24 9.453 10.9028 -14.5033 9.8239 11.7985 -14.5033
2 24 0 10.5496 -14.4973 8.5579 10.5314 -14.5034
2 24 9.453 10.9028 -14.5033 8.5579 10.5314 -14.5034
2 24 9.453 10.9028 -10.3436 8.5579 10.5314 -10.3436
2 24 0 10.5379 -13.0048 5.166 10.5591 -13.0057
2 24 0 10.5379 -13.0048 6.8544 -0.0683 -13.0051
2 24 11.801 -0.0362 -13.006 5.166 10.5591 -13.0057
2 24 0 10.5496 -14.4973 8.5579 10.5314 -14.5034
2 24 0 10.5379 -13.0048 5.166 10.5591 -13.0057
2 24 0 24.0667 -10.3436 8.5569 24.0667 -10.3436
2 24 11.801 -0.0362 -13.006 5.166 10.5591 -13.0057
2 24 5.166 10.5591 -13.0057 5.1662 10.4986 -10.343
2 24 11.3328 1.1803 -10.1771 5.1662 10.4986 -10.343
2 24 6.1153 -3.8517 10.5301 10.646 -3.8517 5.9416
2 24 6.1153 0.0177 10.5302 10.646 0.0177 5.9416
2 24 10.646 0.0177 5.9416 12.1009 0.018 0.0025
2 24 10.646 -3.8517 5.9416 12.2059 -3.8541 0.0024
2 24 0 -3.8546 12.1726 6.1153 -3.8517 10.5301
2 24 0 0.0177 12.1726 6.1153 0.0177 10.5302
2 24 5.166 10.5591 -13.0057 5.1662 10.4986 -10.343
2 24 8.0574 -2.8283 -4.7478 8.146 -2.6773 -2.3619
2 24 7.5888 -0.0136 -5.3007 8.2344 0.0175 -0.009
2 24 12.1009 0.018 0.0025 12.011 0.0188 -5.4877
2 24 8.2344 0.0175 -0.009 7.5888 -0.0136 -5.3007
2 24 8.1782 -3.2862 -6.4221 8.0574 -2.8283 -4.7478
2 24 8.146 -2.6773 -2.3619 8.1868 -2.5242 -0.0031
2 24 12.1009 0.018 0.0025 10.646 0.0177 5.9416
2 24 8.2344 0.0175 -0.009 7.1898 0.0175 4.0066
2 24 8.1868 -2.5242 -0.0031 7.1873 -2.5049 4.1244
2 24 8.2344 0.0175 -0.009 7.1898 0.0175 4.0066
2 24 0 0.0177 8.381 4.2188 0.0176 7.0678
2 24 0 -2.5242 8.3776 4.2172 -2.5046 7.0649
2 24 0 0.0177 12.1726 6.1153 0.0177 10.5302
2 24 0 0.0177 8.381 4.2188 0.0176 7.0678
2 24 10.646 0.0177 5.9416 6.1153 0.0177 10.5302
2 24 7.1898 0.0175 4.0066 4.2188 0.0176 7.0678
2 24 7.1898 0.0175 4.0066 4.2188 0.0176 7.0678
2 24 7.1873 -2.5049 4.1244 4.2172 -2.5046 7.0649
2 24 12.0456 0.0175 -8.9446 11.8272 0.3554 -9.7929
2 24 6.9593 0.0141 -8.9255 6.5161 0.3497 -9.793
2 24 11.8272 0.3554 -9.7929 11.3328 1.1803 -10.1771
2 24 6.5161 0.3497 -9.793 6.1016 1.0563 -10.1759
2 24 12.011 0.0188 -5.4877 12.0456 0.0175 -8.9446
2 24 7.5888 -0.0136 -5.3007 6.9593 0.0141 -8.9255
2 24 0 10.5376 -10.3442 0 10.5379 -13.0048
2 24 6.1016 1.0563 -10.1759 0 10.5376 -10.3442
2 24 6.8544 -0.0683 -13.0051 0 10.5379 -13.0048
2 24 8.5579 10.5314 -10.3436 5.1662 10.4986 -10.343
2 24 9.8239 22.7996 -14.5032 9.8239 11.7985 -14.5033
2 24 8.5579 10.5314 -10.3436 5.1662 10.4986 -10.343
2 24 12.2059 -3.8541 0.0024 12.4584 -3.4393 -5.5645
2 24 12.1009 0.018 0.0025 12.011 0.0188 -5.4877
2 24 9.7273 -3.5485 -4.7921 10.9002 -3.8138 -2.5321
2 24 12.2059 -3.8541 0.0024 12.4584 -3.4393 -5.5645
2 24 11.2185 -3.8579 -0.0008 10.9002 -3.8138 -2.5321
2 24 9.7273 -3.5485 -4.7921 8.1782 -3.2862 -6.4221
2 24 12.4119 -1.8998 -12.281 12.6273 -2.7679 -10.6074
2 24 11.8272 0.3554 -9.7929 12.0456 0.0175 -8.9446
2 24 8.1052 -2.7817 -10.6069 8.1782 -3.2862 -6.4221
2 24 12.6273 -2.7679 -10.6074 12.4584 -3.4393 -5.5645
2 24 12.4584 -3.4393 -5.5645 12.6273 -2.7679 -10.6074
2 24 12.011 0.0188 -5.4877 12.0456 0.0175 -8.9446
2 24 11.801 -0.0362 -13.006 12.4119 -1.8998 -12.281
2 24 11.3328 1.1803 -10.1771 11.8272 0.3554 -9.7929
2 24 0 10.5376 -10.3442 6.1016 1.0563 -10.1759
2 24 11.3328 1.1803 -10.1771 5.1662 10.4986 -10.343
0 STEP
