0 Untitled Model
0 Name: Untitled Model
0 Author: 
0 BFC CERTIFY CCW
3 16 -4.6627 -11.5078 -10.0124 -4.6563 -120.0177 -10.0088 -8.5171 -11.5372 -0.3216 0.0924 0.0522 0.0922 0.519 0.0474 0.0523
3 16 -8.5171 -11.5372 -0.3216 -4.6563 -120.0177 -10.0088 -8.504 -120.0177 -0.3212 0.0474 0.0523 0.0922 0.519 0.0472 0.5189
3 16 -8.504 -120.0177 -0.3212 -10.0158 -120.0152 10.0129 -8.5171 -11.5372 -0.3216 0.0472 0.5189 0.0021 0.5189 0.0474 0.0523
3 16 -8.5171 -11.5372 -0.3216 -10.0158 -120.0152 10.0129 -10.0236 -11.4802 9.9965 0.0474 0.0523 0.0021 0.5189 0.0023 0.0521
3 16 1.8057 -11.5078 -18.1943 9.9876 -11.5078 -24.6627 1.8108 -120.0177 -18.1892 0.1375 0.0522 0.1825 0.0522 0.1372 0.519
3 16 1.8108 -120.0177 -18.1892 9.9876 -11.5078 -24.6627 9.9912 -120.0177 -24.6563 0.1372 0.519 0.1825 0.0522 0.1823 0.519
3 16 19.682 -120.0177 -28.5071 9.9912 -120.0177 -24.6563 19.6792 -11.5078 -28.5139 0.2273 0.519 0.1823 0.519 0.2276 0.0523
3 16 19.6792 -11.5078 -28.5139 9.9912 -120.0177 -24.6563 9.9876 -11.5078 -24.6627 0.2276 0.0523 0.1823 0.519 0.1825 0.0522
3 16 30 -9.9354 -27.8962 30 -13.7457 -28.2571 27.3976 -12.5379 -28.2571 0.7733 0.269 0.7732 0.2842 0.7628 0.2793
3 16 30 -9.9354 -27.8962 26.1897 -9.9354 -28.2571 27.3976 -7.333 -28.2571 0.7733 0.269 0.7581 0.2688 0.763 0.2585
3 16 30 -9.9354 -27.8962 27.3976 -7.333 -28.2571 30 -6.1251 -28.2571 0.7733 0.269 0.763 0.2585 0.7735 0.2537
3 16 30 -15.2722 -28.528 26.3541 -13.5812 -28.53 30 -13.7457 -28.2571 0.7732 0.2905 0.7585 0.2836 0.7732 0.2842
3 16 30 -13.7457 -28.2571 26.3541 -13.5812 -28.53 27.3976 -12.5379 -28.2571 0.7732 0.2842 0.7585 0.2836 0.7628 0.2793
3 16 24.6581 -9.9354 -28.5331 26.1897 -9.9354 -28.2571 26.3541 -13.5812 -28.53 0.7518 0.2688 0.7581 0.2688 0.7585 0.2836
3 16 26.3541 -13.5812 -28.53 26.1897 -9.9354 -28.2571 27.3976 -12.5379 -28.2571 0.7585 0.2836 0.7581 0.2688 0.7628 0.2793
3 16 24.6581 -9.9354 -28.5331 26.3541 -6.2897 -28.53 26.1897 -9.9354 -28.2571 0.7518 0.2688 0.7588 0.2541 0.7581 0.2688
3 16 26.1897 -9.9354 -28.2571 26.3541 -6.2897 -28.53 27.3976 -7.333 -28.2571 0.7581 0.2688 0.7588 0.2541 0.763 0.2585
3 16 30 -4.5986 -28.528 30 -6.1251 -28.2571 26.3541 -6.2897 -28.53 0.7735 0.2474 0.7735 0.2537 0.7588 0.2541
3 16 26.3541 -6.2897 -28.53 30 -6.1251 -28.2571 27.3976 -7.333 -28.2571 0.7588 0.2541 0.7735 0.2537 0.763 0.2585
3 16 26.3541 -13.5812 -28.53 30 -15.2722 -28.528 26.2767 -13.655 -29.4729 0.5666 0.7885 0.5826 0.7894 0.5663 0.7921
3 16 26.2767 -13.655 -29.4729 30 -15.2722 -28.528 30 -15.3833 -30.0183 0.5663 0.7921 0.5826 0.7894 0.5825 0.7951
3 16 24.6581 -9.9354 -28.5331 26.3541 -13.5812 -28.53 24.5501 -9.9354 -29.2207 0.5508 0.7863 0.5666 0.7885 0.5503 0.7889
3 16 24.5501 -9.9354 -29.2207 26.3541 -13.5812 -28.53 26.2767 -13.655 -29.4729 0.5503 0.7889 0.5666 0.7885 0.5663 0.7921
3 16 24.6581 -9.9354 -28.5331 24.5501 -9.9354 -29.2207 26.3541 -6.2897 -28.53 0.5508 0.7863 0.5503 0.7889 0.5354 0.7824
3 16 26.3541 -6.2897 -28.53 24.5501 -9.9354 -29.2207 26.2767 -6.2158 -29.4729 0.5354 0.7824 0.5503 0.7889 0.5344 0.7859
3 16 26.3541 -6.2897 -28.53 26.2767 -6.2158 -29.4729 30 -4.5986 -28.528 0.5354 0.7824 0.5344 0.7859 0.5202 0.7775
3 16 30 -4.5986 -28.528 26.2767 -6.2158 -29.4729 30 -4.4922 -30.0124 0.5202 0.7775 0.5344 0.7859 0.5182 0.7829
3 16 9.9927 0.0177 -24.6571 19.6815 0.0177 -28.507 9.9876 -11.5078 -24.6627 0.1825 0.0027 0.2275 0.0027 0.1825 0.0522
3 16 9.9876 -11.5078 -24.6627 19.6815 0.0177 -28.507 19.6792 -11.5078 -28.5139 0.1825 0.0522 0.2275 0.0027 0.2276 0.0523
3 16 -8.5171 -11.5372 -0.3216 -10.0236 -11.4802 9.9965 -8.504 0.0177 -0.3156 0.0474 0.0523 0.0023 0.0521 0.0474 0.0027
3 16 -8.504 0.0177 -0.3156 -10.0236 -11.4802 9.9965 -10.0142 0.0152 10.0131 0.0474 0.0027 0.0023 0.0521 0.0024 0.0027
3 16 -4.6571 0.0177 -10.0073 -4.6627 -11.5078 -10.0124 -8.504 0.0177 -0.3156 0.0924 0.0027 0.0924 0.0522 0.0474 0.0027
3 16 -8.504 0.0177 -0.3156 -4.6627 -11.5078 -10.0124 -8.5171 -11.5372 -0.3216 0.0474 0.0027 0.0924 0.0522 0.0474 0.0523
3 16 1.8057 -11.5078 -18.1943 1.8108 -120.0177 -18.1892 -4.6627 -11.5078 -10.0124 0.1375 0.0522 0.1372 0.519 0.0924 0.0522
3 16 -4.6627 -11.5078 -10.0124 1.8108 -120.0177 -18.1892 -4.6563 -120.0177 -10.0088 0.0924 0.0522 0.1372 0.519 0.0922 0.519
3 16 -4.6627 -11.5078 -10.0124 -4.6571 0.0177 -10.0073 -2.2725 -5.2347 -13.5658 0.0924 0.0522 0.0924 0.0027 0.1108 0.0253
3 16 -2.2725 -5.2347 -13.5658 -4.6571 0.0177 -10.0073 -2.273 0.0158 -13.5654 0.1108 0.0253 0.0924 0.0027 0.1108 0.0027
3 16 9.9876 -11.5078 -24.6627 1.8057 -11.5078 -18.1943 6.3598 -5.2349 -22.2234 0.1825 0.0522 0.1375 0.0522 0.1638 0.0253
3 16 6.3598 -5.2349 -22.2234 1.8057 -11.5078 -18.1943 1.8108 -5.2323 -18.1891 0.1638 0.0253 0.1375 0.0522 0.1375 0.0253
3 16 26.2767 -13.655 -29.4729 19.682 -120.0177 -28.5071 19.6792 -11.5078 -28.5139 0.2551 0.0602 0.2273 0.519 0.2276 0.0523
3 16 24.5501 -9.9354 -29.2207 26.2767 -13.655 -29.4729 19.6792 -11.5078 -28.5139 0.2491 0.0455 0.2551 0.0602 0.2276 0.0523
3 16 19.6815 0.0177 -28.507 30 0.0177 -30.0177 26.2767 -6.2158 -29.4729 0.2275 0.0027 0.2726 0.0027 0.2564 0.0296
3 16 26.2767 -6.2158 -29.4729 30 0.0177 -30.0177 30 -4.4922 -30.0124 0.2564 0.0296 0.2726 0.0027 0.2726 0.0219
3 16 19.6815 0.0177 -28.507 26.2767 -6.2158 -29.4729 19.6792 -11.5078 -28.5139 0.2275 0.0027 0.2564 0.0296 0.2276 0.0523
3 16 19.6792 -11.5078 -28.5139 26.2767 -6.2158 -29.4729 24.5501 -9.9354 -29.2207 0.2276 0.0523 0.2564 0.0296 0.2491 0.0455
3 16 9.9876 -11.5078 -24.6627 6.3598 -5.2349 -22.2234 9.9927 0.0177 -24.6571 0.1825 0.0522 0.1638 0.0253 0.1825 0.0027
3 16 9.9927 0.0177 -24.6571 6.3598 -5.2349 -22.2234 6.3603 0.0155 -22.2239 0.1825 0.0027 0.1638 0.0253 0.1637 0.0028
3 16 -4.6627 -11.5078 -10.0124 -2.2725 -5.2347 -13.5658 1.8057 -11.5078 -18.1943 0.0924 0.0522 0.1108 0.0253 0.1375 0.0522
3 16 1.8057 -11.5078 -18.1943 -2.2725 -5.2347 -13.5658 1.8108 -5.2323 -18.1891 0.1375 0.0522 0.1108 0.0253 0.1375 0.0253
3 16 26.2767 -13.655 -29.4729 30 -15.3833 -30.0183 19.682 -120.0177 -28.5071 0.2551 0.0602 0.2726 0.0691 0.2273 0.519
3 16 19.682 -120.0177 -28.5071 30 -15.3833 -30.0183 30 -120.0177 -30.0177 0.2273 0.519 0.2726 0.0691 0.2724 0.5191
3 16 30 -9.9354 -27.8962 27.3976 -12.5379 -28.2571 26.1897 -9.9354 -28.2571 0.7733 0.269 0.7628 0.2793 0.7581 0.2688
3 16 10.8186 0.0177 -20.7223 10.8186 -5.2323 -20.7223 10.8129 0.0144 -13.7644 0.5918 0.9468 0.5918 0.9242 0.6219 0.9469
3 16 10.8129 0.0144 -13.7644 10.8186 -5.2323 -20.7223 10.813 -5.2356 -13.7644 0.6219 0.9469 0.5918 0.9242 0.6219 0.9243
3 16 13.5962 0.0125 -22.3345 9.9927 0.0177 -24.6571 10.8186 0.0177 -20.7223 0.7092 0.3645 0.6941 0.3743 0.6975 0.3578
3 16 -10.0142 0.0152 10.0131 -6.4093 -8.0136 10.0162 10.0144 0.0144 10.0144 0.9883 0.0069 0.9731 0.041 0.9038 0.0069
3 16 10.0144 0.0144 10.0144 -6.4093 -8.0136 10.0162 10.0144 -8.0144 10.0144 0.9038 0.0069 0.9731 0.041 0.9038 0.041
3 16 10.0144 0.0144 10.0144 10.0144 -8.0144 10.0144 10.0144 0.0144 -9.9856 0.9603 0.4122 0.9601 0.4467 0.8748 0.4116
3 16 10.0144 0.0144 -9.9856 10.0144 -8.0144 10.0144 10.0144 -8.0144 -9.9856 0.8748 0.4116 0.9601 0.4467 0.8746 0.4462
3 16 30 -8.0177 -9.9823 30 0.0177 -9.9823 10.0144 -8.0144 -9.9856 0.7769 0.4459 0.777 0.4113 0.864 0.4462
3 16 10.0144 -8.0144 -9.9856 30 0.0177 -9.9823 10.0144 0.0144 -9.9856 0.864 0.4462 0.777 0.4113 0.8642 0.4116
3 16 10.0144 -120.0144 -9.9856 19.682 -120.0177 -28.5071 30 -120.0177 -9.9823 0.8618 0.1419 0.8196 0.2219 0.7755 0.1427
3 16 30 -120.0177 -9.9823 19.682 -120.0177 -28.5071 30 -120.0177 -30.0177 0.7755 0.1427 0.8196 0.2219 0.7754 0.2283
3 16 10.0144 -120.0144 -9.9856 9.9912 -120.0177 -24.6563 19.682 -120.0177 -28.5071 0.8618 0.1419 0.8611 0.2054 0.8196 0.2219
3 16 10.0144 -120.0144 -9.9856 -8.504 -120.0177 -0.3212 -4.6563 -120.0177 -10.0088 0.8618 0.1419 0.9398 0.1008 0.9237 0.1424
3 16 10.0144 -120.0144 -9.9856 1.8108 -120.0177 -18.1892 9.9912 -120.0177 -24.6563 0.8618 0.1419 0.8961 0.1776 0.8611 0.2054
3 16 -10.0142 0.0152 10.0131 -10.0158 -120.0152 10.0129 -6.4093 -8.0136 10.0162 0.9883 0.0069 0.9884 0.5186 0.9731 0.041
3 16 -6.4093 -8.0136 10.0162 -10.0158 -120.0152 10.0129 -6.4093 -116.2364 10.0162 0.9731 0.041 0.9884 0.5186 0.9732 0.5026
3 16 -10.0158 -120.0152 10.0129 10.0144 -120.0144 10.0144 -6.4093 -116.2364 10.0162 0.9884 0.5186 0.9038 0.5184 0.9732 0.5026
3 16 -6.4093 -116.2364 10.0162 10.0144 -120.0144 10.0144 10.0144 -116.2356 10.0144 0.9732 0.5026 0.9038 0.5184 0.9039 0.5024
3 16 -3.6471 -8.0177 -3.8652 10.0144 -8.0144 10.0144 -6.4093 -8.0136 10.0162 0.6878 0.6039 0.7423 0.6605 0.6756 0.6608
3 16 10.0144 -116.2356 10.0144 10.0144 -120.0144 10.0144 10.0144 -116.2356 -9.9856 0.9611 0.4639 0.9611 0.4801 0.8756 0.4639
3 16 10.0144 -116.2356 -9.9856 10.0144 -120.0144 10.0144 10.0144 -120.0144 -9.9856 0.8756 0.4639 0.9611 0.4801 0.8756 0.4801
3 16 -6.4093 -8.0136 10.0162 -6.4093 -116.2364 10.0162 -3.6471 -8.0177 -3.8652 0.4852 0.5249 0.4856 0.9883 0.425 0.5253
3 16 -3.6471 -8.0177 -3.8652 -6.4093 -116.2364 10.0162 -3.6471 -116.2323 -3.8652 0.425 0.5253 0.4856 0.9883 0.4252 0.9884
3 16 10.0144 -116.2356 10.0144 10.0144 -116.2356 -9.9856 -3.6471 -116.2323 -3.8652 0.7433 0.6744 0.7436 0.7561 0.6896 0.7311
3 16 -3.6471 -116.2323 -3.8652 10.0144 -116.2356 -9.9856 4.2077 -116.2323 -15.6205 0.6896 0.7311 0.7436 0.7561 0.7209 0.7799
3 16 10.0144 -116.2356 -9.9856 10.0144 -120.0144 -9.9856 30 -116.2323 -9.9823 0.8651 0.4639 0.8651 0.4801 0.778 0.4639
3 16 30 -116.2323 -9.9823 10.0144 -120.0144 -9.9856 30 -120.0177 -9.9823 0.778 0.4639 0.8651 0.4801 0.778 0.4801
3 16 30 -116.2323 -26.2323 30 -8.0177 -26.2323 15.9618 -116.2323 -23.4743 0.2429 0.9884 0.2428 0.5248 0.3041 0.9883
3 16 15.9618 -116.2323 -23.4743 30 -8.0177 -26.2323 15.9618 -8.0177 -23.4743 0.3041 0.9883 0.2428 0.5248 0.3042 0.5253
3 16 15.9618 -116.2323 -23.4743 15.9618 -8.0177 -23.4743 4.2077 -116.2323 -15.6205 0.3041 0.9883 0.3042 0.5253 0.3646 0.9884
3 16 4.2077 -116.2323 -15.6205 15.9618 -8.0177 -23.4743 4.2077 -8.0177 -15.6205 0.3646 0.9884 0.3042 0.5253 0.3645 0.5253
3 16 4.2077 -116.2323 -15.6205 4.2077 -8.0177 -15.6205 -3.6471 -116.2323 -3.8652 0.3646 0.9884 0.3645 0.5253 0.4252 0.9884
3 16 -3.6471 -116.2323 -3.8652 4.2077 -8.0177 -15.6205 -3.6471 -8.0177 -3.8652 0.4252 0.9884 0.3645 0.5253 0.425 0.5253
3 16 15.9618 -116.2323 -23.4743 30 -116.2323 -9.9823 30 -116.2323 -26.2323 0.7696 0.8112 0.827 0.7569 0.8269 0.823
3 16 8.9955 0.0133 -19.6472 6.3603 0.0155 -22.2239 8.9955 -5.2367 -19.6472 0.5346 0.9468 0.5215 0.9468 0.5346 0.9242
3 16 8.9955 -5.2367 -19.6472 6.3603 0.0155 -22.2239 6.3598 -5.2349 -22.2234 0.5346 0.9242 0.5215 0.9468 0.5216 0.9241
3 16 6.2356 0.0144 -13.7644 6.2356 0.0144 6.2356 10.0144 0.0144 -9.9856 0.678 0.3285 0.6764 0.2439 0.6929 0.3116
3 16 10.0144 0.0144 -9.9856 6.2356 0.0144 6.2356 10.0144 0.0144 10.0144 0.6929 0.3116 0.6764 0.2439 0.6912 0.2278
3 16 6.2356 0.0144 -13.7644 6.2356 -5.2356 -13.7644 6.2356 0.0144 6.2356 0.6802 0.947 0.6802 0.9243 0.7663 0.9472
3 16 6.2356 0.0144 6.2356 6.2356 -5.2356 -13.7644 6.2356 -5.2356 6.2356 0.7663 0.9472 0.6802 0.9243 0.7664 0.9246
3 16 -6.2372 0.0144 6.2356 -10.0142 0.0152 10.0131 6.2356 0.0144 6.2356 0.6235 0.2451 0.6073 0.2296 0.6764 0.2439
3 16 6.2356 0.0144 6.2356 -10.0142 0.0152 10.0131 10.0144 0.0144 10.0144 0.6764 0.2439 0.6073 0.2296 0.6912 0.2278
3 16 6.2356 0.0144 6.2356 6.2356 -5.2356 6.2356 -6.2372 0.0144 6.2356 0.7869 0.9472 0.787 0.9246 0.8401 0.9473
3 16 -6.2372 0.0144 6.2356 6.2356 -5.2356 6.2356 -6.2372 -5.2356 6.2356 0.8401 0.9473 0.787 0.9246 0.8401 0.9247
3 16 -6.2339 0.0177 0.0005 -8.504 0.0177 -0.3156 -6.2372 0.0144 6.2356 0.6234 0.2717 0.6147 0.2731 0.6235 0.2451
3 16 -6.2372 0.0144 6.2356 -8.504 0.0177 -0.3156 -10.0142 0.0152 10.0131 0.6235 0.2451 0.6147 0.2731 0.6073 0.2296
3 16 -6.2372 0.0144 6.2356 -6.2372 -5.2356 6.2356 -6.2339 0.0177 0.0005 0.8674 0.9473 0.8674 0.9247 0.8945 0.9474
3 16 -6.2339 0.0177 0.0005 -6.2372 -5.2356 6.2356 -6.2339 -5.2323 0.0005 0.8945 0.9474 0.8674 0.9247 0.8943 0.9248
3 16 -6.2339 0.0177 0.0005 -6.2339 -5.2323 0.0005 -5.973 0.0177 -2.2797 0.8945 0.9474 0.8943 0.9248 0.9043 0.9474
3 16 -5.973 0.0177 -2.2797 -6.2339 -5.2323 0.0005 -5.973 -5.2323 -2.2797 0.9043 0.9474 0.8943 0.9248 0.9044 0.9248
3 16 -5.973 0.0177 -2.2797 -5.973 -5.2323 -2.2797 -4.738 0.0177 -4.2426 0.9043 0.9474 0.9044 0.9248 0.9144 0.9474
3 16 -4.738 0.0177 -4.2426 -5.973 -5.2323 -2.2797 -4.738 -5.2323 -4.2426 0.9144 0.9474 0.9044 0.9248 0.9144 0.9248
3 16 -5.973 0.0177 -2.2797 -8.504 0.0177 -0.3156 -6.2339 0.0177 0.0005 0.6254 0.2812 0.6147 0.2731 0.6234 0.2717
3 16 -2.273 0.0158 -13.5654 -4.6571 0.0177 -10.0073 0.1803 0.0132 -10.8315 0.642 0.3286 0.6317 0.3137 0.6521 0.3169
3 16 0.1803 0.0132 -10.8315 -4.6571 0.0177 -10.0073 -2.8637 0.0177 -5.6236 0.6521 0.3169 0.6317 0.3137 0.6388 0.2951
3 16 -4.738 0.0177 -4.2426 -4.738 -5.2323 -4.2426 -2.8637 0.0177 -5.6236 0.9144 0.9474 0.9144 0.9248 0.9244 0.9475
3 16 -2.8637 0.0177 -5.6236 -4.738 -5.2323 -4.2426 -2.8637 -5.2323 -5.6236 0.9244 0.9475 0.9144 0.9248 0.9244 0.9248
3 16 -2.8637 0.0177 -5.6236 -2.8637 -5.2323 -5.6236 0.1803 0.0132 -10.8315 0.9244 0.9475 0.9244 0.9248 0.9503 0.9475
3 16 0.1803 0.0132 -10.8315 -2.8637 -5.2323 -5.6236 0.1803 -5.2368 -10.8315 0.9503 0.9475 0.9244 0.9248 0.9504 0.9249
3 16 -2.2725 -5.2347 -13.5658 -2.273 0.0158 -13.5654 0.1803 -5.2368 -10.8315 0.9882 0.9249 0.9881 0.9476 0.9725 0.9249
3 16 0.1803 -5.2368 -10.8315 -2.273 0.0158 -13.5654 0.1803 0.0132 -10.8315 0.9725 0.9249 0.9881 0.9476 0.9724 0.9475
3 16 6.2356 -5.2356 -13.7644 1.8108 -5.2323 -18.1891 0.1803 -5.2368 -10.8315 0.5524 0.6384 0.5334 0.6193 0.565 0.6123
3 16 0.1803 -5.2368 -10.8315 1.8108 -5.2323 -18.1891 -2.2725 -5.2347 -13.5658 0.565 0.6123 0.5334 0.6193 0.5534 0.6018
3 16 6.2356 -5.2356 -13.7644 8.9955 -5.2367 -19.6472 1.8108 -5.2323 -18.1891 0.5524 0.6384 0.5269 0.6502 0.5334 0.6193
3 16 1.8108 -5.2323 -18.1891 8.9955 -5.2367 -19.6472 6.3598 -5.2349 -22.2234 0.5334 0.6193 0.5269 0.6502 0.5159 0.6389
3 16 6.2356 -5.2356 -13.7644 0.1803 -5.2368 -10.8315 6.2356 -5.2356 6.2356 0.5524 0.6384 0.565 0.6123 0.6384 0.638
3 16 0.1803 -5.2368 -10.8315 -2.8637 -5.2323 -5.6236 6.2356 -5.2356 6.2356 0.565 0.6123 0.5874 0.5993 0.6384 0.638
3 16 -2.8637 -5.2323 -5.6236 -4.738 -5.2323 -4.2426 -6.2339 -5.2323 0.0005 0.5874 0.5993 0.5934 0.5912 0.6117 0.5848
3 16 -6.2339 -5.2323 0.0005 -4.738 -5.2323 -4.2426 -5.973 -5.2323 -2.2797 0.6117 0.5848 0.5934 0.5912 0.6019 0.5859
3 16 6.2356 -5.2356 6.2356 -2.8637 -5.2323 -5.6236 -6.2372 -5.2356 6.2356 0.6384 0.638 0.5874 0.5993 0.6386 0.5849
3 16 -6.2372 -5.2356 6.2356 -2.8637 -5.2323 -5.6236 -6.2339 -5.2323 0.0005 0.6386 0.5849 0.5874 0.5993 0.6117 0.5848
3 16 13.5962 0.0125 -22.3345 10.8186 0.0177 -20.7223 13.5918 0.0144 -13.7644 0.7092 0.3645 0.6975 0.3578 0.709 0.3281
3 16 13.5918 0.0144 -13.7644 10.8186 0.0177 -20.7223 10.8129 0.0144 -13.7644 0.709 0.3281 0.6975 0.3578 0.6974 0.3282
3 16 13.5962 -5.2375 -22.3345 13.5962 0.0125 -22.3345 13.5918 -5.2356 -13.7644 0.8917 0.9691 0.8918 0.9916 0.8548 0.9692
3 16 13.5918 -5.2356 -13.7644 13.5962 0.0125 -22.3345 13.5918 0.0144 -13.7644 0.8548 0.9692 0.8918 0.9916 0.8549 0.9918
3 16 19.828 -5.2323 -26.2323 30 -5.2388 -26.2276 19.828 0.0177 -26.2323 0.9452 0.9689 0.9889 0.9688 0.9453 0.9915
3 16 19.828 0.0177 -26.2323 30 -5.2388 -26.2276 30 0.0112 -26.2276 0.9453 0.9915 0.9889 0.9688 0.989 0.9913
3 16 17.5482 -5.2323 -25.8006 19.828 -5.2323 -26.2323 17.5482 0.0177 -25.8006 0.9352 0.969 0.9452 0.9689 0.9353 0.9915
3 16 17.5482 0.0177 -25.8006 19.828 -5.2323 -26.2323 19.828 0.0177 -26.2323 0.9353 0.9915 0.9452 0.9689 0.9453 0.9915
3 16 15.5848 -5.2323 -24.5654 17.5482 -5.2323 -25.8006 15.5848 0.0177 -24.5654 0.9252 0.969 0.9352 0.969 0.9253 0.9916
3 16 15.5848 0.0177 -24.5654 17.5482 -5.2323 -25.8006 17.5482 0.0177 -25.8006 0.9253 0.9916 0.9352 0.969 0.9353 0.9915
3 16 14.2064 -5.2323 -22.6935 15.5848 -5.2323 -24.5654 14.2064 0.0177 -22.6935 0.9152 0.969 0.9252 0.969 0.9153 0.9916
3 16 14.2064 0.0177 -22.6935 15.5848 -5.2323 -24.5654 15.5848 0.0177 -24.5654 0.9153 0.9916 0.9252 0.969 0.9253 0.9916
3 16 14.2064 0.0177 -22.6935 13.5962 0.0125 -22.3345 14.2064 -5.2323 -22.6935 0.9153 0.9916 0.9123 0.9916 0.9152 0.969
3 16 14.2064 -5.2323 -22.6935 13.5962 0.0125 -22.3345 13.5962 -5.2375 -22.3345 0.9152 0.969 0.9123 0.9916 0.9122 0.9691
3 16 9.9927 0.0177 -24.6571 6.3603 0.0155 -22.2239 10.8186 0.0177 -20.7223 0.6941 0.3743 0.6787 0.3642 0.6975 0.3578
3 16 10.8186 0.0177 -20.7223 6.3603 0.0155 -22.2239 8.9955 0.0133 -19.6472 0.6975 0.3578 0.6787 0.3642 0.6897 0.3533
3 16 10.8129 0.0144 -13.7644 10.813 -5.2356 -13.7644 6.2356 0.0144 -13.7644 0.6417 0.9469 0.6418 0.9243 0.6614 0.947
3 16 6.2356 0.0144 -13.7644 10.813 -5.2356 -13.7644 6.2356 -5.2356 -13.7644 0.6614 0.947 0.6418 0.9243 0.6615 0.9243
3 16 10.8186 -5.2323 -20.7223 10.8186 0.0177 -20.7223 8.9955 -5.2367 -19.6472 0.5675 0.9242 0.5675 0.9468 0.5582 0.9242
3 16 8.9955 -5.2367 -19.6472 10.8186 0.0177 -20.7223 8.9955 0.0133 -19.6472 0.5582 0.9242 0.5675 0.9468 0.5582 0.9468
3 16 6.2356 -5.2356 -13.7644 10.813 -5.2356 -13.7644 8.9955 -5.2367 -19.6472 0.5524 0.6384 0.5523 0.6581 0.5269 0.6502
3 16 8.9955 -5.2367 -19.6472 10.813 -5.2356 -13.7644 10.8186 -5.2323 -20.7223 0.5269 0.6502 0.5523 0.6581 0.5223 0.658
3 16 13.5918 -5.2356 -13.7644 13.5918 0.0144 -13.7644 30 -5.2323 -13.7677 0.8353 0.9692 0.8354 0.9918 0.7647 0.9693
3 16 30 -5.2323 -13.7677 13.5918 0.0144 -13.7644 30 0.0177 -13.7677 0.7647 0.9693 0.8354 0.9918 0.7647 0.9919
3 16 30 -5.2388 -26.2276 19.828 -5.2323 -26.2323 30 -5.2323 -13.7677 0.7743 0.0683 0.818 0.0683 0.7743 0.1221
3 16 14.2064 -5.2323 -22.6935 30 -5.2323 -13.7677 15.5848 -5.2323 -24.5654 0.8423 0.0836 0.7743 0.1221 0.8363 0.0755
3 16 10.0144 0.0144 -9.9856 30 0.0177 -9.9823 13.5918 0.0144 -13.7644 0.6929 0.3116 0.7784 0.312 0.709 0.3281
3 16 13.5918 0.0144 -13.7644 30 0.0177 -9.9823 30 0.0177 -13.7677 0.709 0.3281 0.7784 0.312 0.7785 0.3278
3 16 10.8129 0.0144 -13.7644 10.0144 0.0144 -9.9856 13.5918 0.0144 -13.7644 0.6974 0.3282 0.6929 0.3116 0.709 0.3281
3 16 13.5962 -5.2375 -22.3345 13.5918 -5.2356 -13.7644 14.2064 -5.2323 -22.6935 0.8449 0.0851 0.8449 0.1221 0.8423 0.0836
3 16 6.2356 0.0144 -13.7644 10.0144 0.0144 -9.9856 10.8129 0.0144 -13.7644 0.678 0.3285 0.6929 0.3116 0.6974 0.3282
3 16 30 0.0177 -30.0177 19.6815 0.0177 -28.507 30 0.0112 -26.2276 0.7788 0.3966 0.7351 0.3904 0.7787 0.3807
3 16 30 0.0112 -26.2276 19.6815 0.0177 -28.507 19.828 0.0177 -26.2323 0.7787 0.3807 0.7351 0.3904 0.7357 0.3809
3 16 19.6815 0.0177 -28.507 9.9927 0.0177 -24.6571 17.5482 0.0177 -25.8006 0.7351 0.3904 0.6941 0.3743 0.726 0.3791
3 16 9.9927 0.0177 -24.6571 15.5848 0.0177 -24.5654 17.5482 0.0177 -25.8006 0.6941 0.3743 0.7176 0.3739 0.726 0.3791
3 16 13.5962 0.0125 -22.3345 14.2064 0.0177 -22.6935 9.9927 0.0177 -24.6571 0.7092 0.3645 0.7118 0.366 0.6941 0.3743
3 16 14.2064 0.0177 -22.6935 15.5848 0.0177 -24.5654 9.9927 0.0177 -24.6571 0.7118 0.366 0.7176 0.3739 0.6941 0.3743
3 16 19.6815 0.0177 -28.507 17.5482 0.0177 -25.8006 19.828 0.0177 -26.2323 0.7351 0.3904 0.726 0.3791 0.7357 0.3809
3 16 -4.738 0.0177 -4.2426 -2.8637 0.0177 -5.6236 -4.6571 0.0177 -10.0073 0.6308 0.2894 0.6388 0.2951 0.6317 0.3137
3 16 -8.504 0.0177 -0.3156 -5.973 0.0177 -2.2797 -4.6571 0.0177 -10.0073 0.6147 0.2731 0.6254 0.2812 0.6317 0.3137
3 16 -4.738 0.0177 -4.2426 -4.6571 0.0177 -10.0073 -5.973 0.0177 -2.2797 0.6308 0.2894 0.6317 0.3137 0.6254 0.2812
3 16 10.0144 -120.0144 -9.9856 -4.6563 -120.0177 -10.0088 1.8108 -120.0177 -18.1892 0.8618 0.1419 0.9237 0.1424 0.8961 0.1776
3 16 -10.0158 -120.0152 10.0129 -8.504 -120.0177 -0.3212 10.0144 -120.0144 10.0144 0.9459 0.0565 0.9398 0.1008 0.8611 0.0572
3 16 10.0144 -120.0144 10.0144 -8.504 -120.0177 -0.3212 10.0144 -120.0144 -9.9856 0.8611 0.0572 0.9398 0.1008 0.8618 0.1419
3 16 13.5918 -5.2356 -13.7644 30 -5.2323 -13.7677 14.2064 -5.2323 -22.6935 0.8449 0.1221 0.7743 0.1221 0.8423 0.0836
3 16 30 -5.2323 -13.7677 17.5482 -5.2323 -25.8006 15.5848 -5.2323 -24.5654 0.7743 0.1221 0.8279 0.0702 0.8363 0.0755
3 16 30 -5.2323 -13.7677 19.828 -5.2323 -26.2323 17.5482 -5.2323 -25.8006 0.7743 0.1221 0.818 0.0683 0.8279 0.0702
3 16 64.6627 -11.5078 -10.0124 68.5171 -11.5372 -0.3216 64.6563 -120.0177 -10.0088 0.4527 0.0524 0.4977 0.0525 0.4525 0.5191
3 16 64.6563 -120.0177 -10.0088 68.5171 -11.5372 -0.3216 68.504 -120.0177 -0.3212 0.4525 0.5191 0.4977 0.0525 0.4975 0.5192
3 16 70.0236 -11.4802 9.9965 70.0158 -120.0152 10.0129 68.5171 -11.5372 -0.3216 0.5428 0.0523 0.5426 0.5192 0.4977 0.0525
3 16 68.5171 -11.5372 -0.3216 70.0158 -120.0152 10.0129 68.504 -120.0177 -0.3212 0.4977 0.0525 0.5426 0.5192 0.4975 0.5192
3 16 58.1943 -11.5078 -18.1943 58.1892 -120.0177 -18.1892 50.0124 -11.5078 -24.6627 0.4077 0.0524 0.4075 0.5191 0.3626 0.0523
3 16 50.0124 -11.5078 -24.6627 58.1892 -120.0177 -18.1892 50.0088 -120.0177 -24.6563 0.3626 0.0523 0.4075 0.5191 0.3624 0.5191
3 16 40.318 -120.0177 -28.5071 40.3208 -11.5078 -28.5139 50.0088 -120.0177 -24.6563 0.3174 0.5191 0.3176 0.0523 0.3624 0.5191
3 16 50.0088 -120.0177 -24.6563 40.3208 -11.5078 -28.5139 50.0124 -11.5078 -24.6627 0.3624 0.5191 0.3176 0.0523 0.3626 0.0523
3 16 30 -9.9354 -27.8962 32.6025 -12.5379 -28.2571 30 -13.7457 -28.2571 0.7733 0.269 0.7837 0.2795 0.7732 0.2842
3 16 30 -9.9354 -27.8962 32.6025 -7.333 -28.2571 33.8103 -9.9354 -28.2571 0.7733 0.269 0.7839 0.2586 0.7886 0.2691
3 16 30 -9.9354 -27.8962 30 -6.1251 -28.2571 32.6025 -7.333 -28.2571 0.7733 0.269 0.7735 0.2537 0.7839 0.2586
3 16 30 -15.2722 -28.528 30 -13.7457 -28.2571 33.6459 -13.5812 -28.53 0.7732 0.2905 0.7732 0.2842 0.7879 0.2838
3 16 33.6459 -13.5812 -28.53 30 -13.7457 -28.2571 32.6025 -12.5379 -28.2571 0.7879 0.2838 0.7732 0.2842 0.7837 0.2795
3 16 35.342 -9.9354 -28.5331 33.6459 -13.5812 -28.53 33.8103 -9.9354 -28.2571 0.7949 0.2692 0.7879 0.2838 0.7886 0.2691
3 16 33.8103 -9.9354 -28.2571 33.6459 -13.5812 -28.53 32.6025 -12.5379 -28.2571 0.7886 0.2691 0.7879 0.2838 0.7837 0.2795
3 16 35.342 -9.9354 -28.5331 33.8103 -9.9354 -28.2571 33.6459 -6.2897 -28.53 0.7949 0.2692 0.7886 0.2691 0.7882 0.2544
3 16 33.6459 -6.2897 -28.53 33.8103 -9.9354 -28.2571 32.6025 -7.333 -28.2571 0.7882 0.2544 0.7886 0.2691 0.7839 0.2586
3 16 32.6025 -7.333 -28.2571 30 -6.1251 -28.2571 33.6459 -6.2897 -28.53 0.7839 0.2586 0.7735 0.2537 0.7882 0.2544
3 16 33.6459 -6.2897 -28.53 30 -6.1251 -28.2571 30 -4.5986 -28.528 0.7882 0.2544 0.7735 0.2537 0.7735 0.2474
3 16 33.6459 -13.5812 -28.53 33.7233 -13.655 -29.4729 30 -15.2722 -28.528 0.5985 0.7888 0.5988 0.7925 0.5826 0.7894
3 16 30 -15.2722 -28.528 33.7233 -13.655 -29.4729 30 -15.3833 -30.0183 0.5826 0.7894 0.5988 0.7925 0.5825 0.7951
3 16 35.342 -9.9354 -28.5331 35.4499 -9.9354 -29.2207 33.6459 -13.5812 -28.53 0.6143 0.787 0.6148 0.7896 0.5985 0.7888
3 16 33.6459 -13.5812 -28.53 35.4499 -9.9354 -29.2207 33.7233 -13.655 -29.4729 0.5985 0.7888 0.6148 0.7896 0.5988 0.7925
3 16 33.7233 -6.2158 -29.4729 35.4499 -9.9354 -29.2207 33.6459 -6.2897 -28.53 0.6308 0.7869 0.6148 0.7896 0.6299 0.7834
3 16 33.6459 -6.2897 -28.53 35.4499 -9.9354 -29.2207 35.342 -9.9354 -28.5331 0.6299 0.7834 0.6148 0.7896 0.6143 0.787
3 16 30 -4.4922 -30.0124 33.7233 -6.2158 -29.4729 30 -4.5986 -28.528 0.647 0.7841 0.6308 0.7869 0.6452 0.7787
3 16 30 -4.5986 -28.528 33.7233 -6.2158 -29.4729 33.6459 -6.2897 -28.53 0.6452 0.7787 0.6308 0.7869 0.6299 0.7834
3 16 50.0073 0.0177 -24.6571 50.0124 -11.5078 -24.6627 40.3185 0.0177 -28.507 0.3627 0.0028 0.3626 0.0523 0.3177 0.0028
3 16 40.3185 0.0177 -28.507 50.0124 -11.5078 -24.6627 40.3208 -11.5078 -28.5139 0.3177 0.0028 0.3626 0.0523 0.3176 0.0523
3 16 70.0142 0.0152 10.0131 70.0236 -11.4802 9.9965 68.504 0.0177 -0.3156 0.5428 0.0029 0.5428 0.0523 0.4978 0.0029
3 16 68.504 0.0177 -0.3156 70.0236 -11.4802 9.9965 68.5171 -11.5372 -0.3216 0.4978 0.0029 0.5428 0.0523 0.4977 0.0525
3 16 68.5171 -11.5372 -0.3216 64.6627 -11.5078 -10.0124 68.504 0.0177 -0.3156 0.4977 0.0525 0.4527 0.0524 0.4978 0.0029
3 16 68.504 0.0177 -0.3156 64.6627 -11.5078 -10.0124 64.6571 0.0177 -10.0073 0.4978 0.0029 0.4527 0.0524 0.4528 0.0029
3 16 58.1943 -11.5078 -18.1943 64.6627 -11.5078 -10.0124 58.1892 -120.0177 -18.1892 0.4077 0.0524 0.4527 0.0524 0.4075 0.5191
3 16 58.1892 -120.0177 -18.1892 64.6627 -11.5078 -10.0124 64.6563 -120.0177 -10.0088 0.4075 0.5191 0.4527 0.0524 0.4525 0.5191
3 16 62.273 0.0158 -13.5654 64.6571 0.0177 -10.0073 62.2725 -5.2347 -13.5658 0.4344 0.0028 0.4528 0.0029 0.4344 0.0254
3 16 62.2725 -5.2347 -13.5658 64.6571 0.0177 -10.0073 64.6627 -11.5078 -10.0124 0.4344 0.0254 0.4528 0.0029 0.4527 0.0524
3 16 58.1892 -5.2323 -18.1891 58.1943 -11.5078 -18.1943 53.6402 -5.2349 -22.2234 0.4077 0.0254 0.4077 0.0524 0.3814 0.0254
3 16 53.6402 -5.2349 -22.2234 58.1943 -11.5078 -18.1943 50.0124 -11.5078 -24.6627 0.3814 0.0254 0.4077 0.0524 0.3626 0.0523
3 16 33.7233 -13.655 -29.4729 40.3208 -11.5078 -28.5139 40.318 -120.0177 -28.5071 0.2885 0.0617 0.3176 0.0523 0.3174 0.5191
3 16 35.4499 -9.9354 -29.2207 40.3208 -11.5078 -28.5139 33.7233 -13.655 -29.4729 0.296 0.0455 0.3176 0.0523 0.2885 0.0617
3 16 40.3185 0.0177 -28.507 33.7233 -6.2158 -29.4729 30 0.0177 -30.0177 0.3177 0.0028 0.2888 0.0296 0.2726 0.0027
3 16 30 0.0177 -30.0177 33.7233 -6.2158 -29.4729 30 -4.4922 -30.0124 0.2726 0.0027 0.2888 0.0296 0.2726 0.0219
3 16 35.4499 -9.9354 -29.2207 33.7233 -6.2158 -29.4729 40.3208 -11.5078 -28.5139 0.296 0.0455 0.2888 0.0296 0.3176 0.0523
3 16 40.3208 -11.5078 -28.5139 33.7233 -6.2158 -29.4729 40.3185 0.0177 -28.507 0.3176 0.0523 0.2888 0.0296 0.3177 0.0028
3 16 53.6398 0.0155 -22.2239 53.6402 -5.2349 -22.2234 50.0073 0.0177 -24.6571 0.3814 0.0028 0.3814 0.0254 0.3627 0.0028
3 16 50.0073 0.0177 -24.6571 53.6402 -5.2349 -22.2234 50.0124 -11.5078 -24.6627 0.3627 0.0028 0.3814 0.0254 0.3626 0.0523
3 16 64.6627 -11.5078 -10.0124 58.1943 -11.5078 -18.1943 62.2725 -5.2347 -13.5658 0.4527 0.0524 0.4077 0.0524 0.4344 0.0254
3 16 62.2725 -5.2347 -13.5658 58.1943 -11.5078 -18.1943 58.1892 -5.2323 -18.1891 0.4344 0.0254 0.4077 0.0524 0.4077 0.0254
3 16 33.7233 -13.655 -29.4729 40.318 -120.0177 -28.5071 30 -15.3833 -30.0183 0.2885 0.0617 0.3174 0.5191 0.2726 0.0691
3 16 30 -15.3833 -30.0183 40.318 -120.0177 -28.5071 30 -120.0177 -30.0177 0.2726 0.0691 0.3174 0.5191 0.2724 0.5191
3 16 30 -9.9354 -27.8962 33.8103 -9.9354 -28.2571 32.6025 -12.5379 -28.2571 0.7733 0.269 0.7886 0.2691 0.7837 0.2795
3 16 49.1814 0.0177 -20.7223 49.1828 0.0204 -13.7602 49.1814 -5.2323 -20.7223 0.9295 0.9027 0.8996 0.9025 0.9297 0.8802
3 16 49.1814 -5.2323 -20.7223 49.1828 0.0204 -13.7602 49.187 -5.2356 -13.7644 0.9297 0.8802 0.8996 0.9025 0.8997 0.88
3 16 46.4038 0.0125 -22.3345 49.1814 0.0177 -20.7223 50.0073 0.0177 -24.6571 0.8481 0.3639 0.8601 0.3574 0.8632 0.3736
3 16 49.9856 -8.0144 10.0144 66.4093 -8.0136 10.0162 49.9856 0.0144 10.0144 0.6521 0.0398 0.5831 0.0411 0.6515 0.0059
3 16 49.9856 0.0144 10.0144 66.4093 -8.0136 10.0162 70.0142 0.0152 10.0131 0.6515 0.0059 0.5831 0.0411 0.5674 0.0074
3 16 49.9856 0.0144 10.0144 49.9856 0.0144 -9.9856 49.9856 -8.0144 10.0144 0.5955 0.4122 0.6784 0.4114 0.5959 0.4467
3 16 49.9856 -8.0144 10.0144 49.9856 0.0144 -9.9856 49.9856 -8.0144 -9.9856 0.5959 0.4467 0.6784 0.4114 0.6787 0.446
3 16 30 -8.0177 -9.9823 49.9856 -8.0144 -9.9856 30 0.0177 -9.9823 0.7769 0.4459 0.6899 0.446 0.777 0.4113
3 16 30 0.0177 -9.9823 49.9856 -8.0144 -9.9856 49.9856 0.0144 -9.9856 0.777 0.4113 0.6899 0.446 0.6896 0.4114
3 16 49.9856 -120.0144 -9.9856 30 -120.0177 -9.9823 40.318 -120.0177 -28.5071 0.6892 0.1417 0.7755 0.1427 0.7312 0.2218
3 16 40.318 -120.0177 -28.5071 30 -120.0177 -9.9823 30 -120.0177 -30.0177 0.7312 0.2218 0.7755 0.1427 0.7754 0.2283
3 16 49.9856 -120.0144 -9.9856 40.318 -120.0177 -28.5071 50.0088 -120.0177 -24.6563 0.6892 0.1417 0.7312 0.2218 0.6898 0.2052
3 16 49.9856 -120.0144 -9.9856 64.6563 -120.0177 -10.0088 68.504 -120.0177 -0.3212 0.6892 0.1417 0.6273 0.1423 0.611 0.1007
3 16 49.9856 -120.0144 -9.9856 50.0088 -120.0177 -24.6563 58.1892 -120.0177 -18.1892 0.6892 0.1417 0.6898 0.2052 0.6548 0.1775
3 16 70.0142 0.0152 10.0131 66.4093 -8.0136 10.0162 70.0158 -120.0152 10.0129 0.5674 0.0074 0.5831 0.0411 0.5681 0.5169
3 16 70.0158 -120.0152 10.0129 66.4093 -8.0136 10.0162 66.4093 -116.2364 10.0162 0.5681 0.5169 0.5831 0.0411 0.5833 0.5009
3 16 49.9856 -116.2356 10.0144 49.9856 -120.0144 10.0144 66.4093 -116.2364 10.0162 0.6523 0.5007 0.6524 0.5167 0.5833 0.5009
3 16 66.4093 -116.2364 10.0162 49.9856 -120.0144 10.0144 70.0158 -120.0152 10.0129 0.5833 0.5009 0.6524 0.5167 0.5681 0.5169
3 16 30 -8.0177 -9.9823 44.0382 -8.0177 -23.4743 49.9856 -8.0144 -9.9856 0.8256 0.5775 0.8833 0.5228 0.9094 0.5782
3 16 49.9856 -8.0144 -9.9856 44.0382 -8.0177 -23.4743 55.7923 -8.0177 -15.6205 0.9094 0.5782 0.8833 0.5228 0.9323 0.5542
3 16 49.9856 -116.2356 10.0144 49.9856 -116.2356 -9.9856 49.9856 -120.0144 10.0144 0.5942 0.4644 0.6797 0.464 0.5942 0.4806
3 16 49.9856 -120.0144 10.0144 49.9856 -116.2356 -9.9856 49.9856 -120.0144 -9.9856 0.5942 0.4806 0.6797 0.464 0.6797 0.4802
3 16 55.7923 -116.2323 -15.6205 49.9856 -116.2356 -9.9856 63.6471 -116.2323 -3.8652 0.933 0.78 0.9103 0.7562 0.9644 0.7312
3 16 63.6471 -116.2323 -3.8652 49.9856 -116.2356 -9.9856 49.9856 -116.2356 10.0144 0.9644 0.7312 0.9103 0.7562 0.9108 0.6744
3 16 66.4093 -8.0136 10.0162 63.6471 -8.0177 -3.8652 66.4093 -116.2364 10.0162 0 0.5253 0.0604 0.5253 0 0.9884
3 16 66.4093 -116.2364 10.0162 63.6471 -8.0177 -3.8652 63.6471 -116.2323 -3.8652 0 0.9884 0.0604 0.5253 0.0605 0.9884
3 16 49.9856 -116.2356 10.0144 66.4093 -116.2364 10.0162 63.6471 -116.2323 -3.8652 0.9108 0.6744 0.9772 0.6748 0.9644 0.7312
3 16 49.9856 -116.2356 -9.9856 30 -116.2323 -9.9823 49.9856 -120.0144 -9.9856 0.6909 0.464 0.778 0.4639 0.6909 0.4802
3 16 49.9856 -120.0144 -9.9856 30 -116.2323 -9.9823 30 -120.0177 -9.9823 0.6909 0.4802 0.778 0.4639 0.778 0.4801
3 16 30 -116.2323 -26.2323 44.0382 -116.2323 -23.4743 30 -8.0177 -26.2323 0.2429 0.9884 0.1815 0.9884 0.2428 0.5248
3 16 30 -8.0177 -26.2323 44.0382 -116.2323 -23.4743 44.0382 -8.0177 -23.4743 0.2428 0.5248 0.1815 0.9884 0.1814 0.5253
3 16 44.0382 -116.2323 -23.4743 55.7923 -116.2323 -15.6205 44.0382 -8.0177 -23.4743 0.1815 0.9884 0.121 0.9884 0.1814 0.5253
3 16 44.0382 -8.0177 -23.4743 55.7923 -116.2323 -15.6205 55.7923 -8.0177 -15.6205 0.1814 0.5253 0.121 0.9884 0.121 0.5253
3 16 55.7923 -116.2323 -15.6205 63.6471 -116.2323 -3.8652 55.7923 -8.0177 -15.6205 0.121 0.9884 0.0605 0.9884 0.121 0.5253
3 16 55.7923 -8.0177 -15.6205 63.6471 -116.2323 -3.8652 63.6471 -8.0177 -3.8652 0.121 0.5253 0.0605 0.9884 0.0604 0.5253
3 16 44.0382 -116.2323 -23.4743 30 -116.2323 -26.2323 30 -116.2323 -9.9823 0.8843 0.8112 0.8269 0.823 0.827 0.7569
3 16 51.0045 0.0133 -19.6472 51.0045 -5.2367 -19.6472 53.6398 0.0155 -22.2239 0.9732 0.9028 0.9734 0.8803 0.9888 0.9029
3 16 53.6398 0.0155 -22.2239 51.0045 -5.2367 -19.6472 53.6402 -5.2349 -22.2234 0.9888 0.9029 0.9734 0.8803 0.989 0.8804
3 16 49.9856 0.0144 10.0144 53.7644 0.0144 6.2356 49.9856 0.0144 -9.9856 0.8611 0.2269 0.8767 0.2423 0.8636 0.3106
3 16 49.9856 0.0144 -9.9856 53.7644 0.0144 6.2356 53.7644 0.0144 -13.7644 0.8636 0.3106 0.8767 0.2423 0.8792 0.3269
3 16 53.7644 0.0144 -13.7644 53.7644 0.0144 6.2356 53.7644 -5.2356 -13.7644 0.8437 0.9025 0.7581 0.9027 0.8437 0.88
3 16 53.7644 -5.2356 -13.7644 53.7644 0.0144 6.2356 53.7644 -5.2356 6.2356 0.8437 0.88 0.7581 0.9027 0.758 0.8802
3 16 66.2372 0.0144 6.2356 53.7644 0.0144 6.2356 70.0142 0.0152 10.0131 0.9295 0.2408 0.8767 0.2423 0.945 0.2246
3 16 70.0142 0.0152 10.0131 53.7644 0.0144 6.2356 49.9856 0.0144 10.0144 0.945 0.2246 0.8767 0.2423 0.8611 0.2269
3 16 53.7644 0.0144 6.2356 66.2372 0.0144 6.2356 53.7644 -5.2356 6.2356 0.7326 0.9027 0.6798 0.9028 0.7325 0.8802
3 16 53.7644 -5.2356 6.2356 66.2372 0.0144 6.2356 66.2372 -5.2356 6.2356 0.7325 0.8802 0.6798 0.9028 0.6797 0.8803
3 16 66.2339 0.0177 0.0005 66.2372 0.0144 6.2356 68.504 0.0177 -0.3156 0.9307 0.2673 0.9295 0.2408 0.9394 0.2684
3 16 68.504 0.0177 -0.3156 66.2372 0.0144 6.2356 70.0142 0.0152 10.0131 0.9394 0.2684 0.9295 0.2408 0.945 0.2246
3 16 66.2372 0.0144 6.2356 66.2339 0.0177 0.0005 66.2372 -5.2356 6.2356 0.6431 0.9028 0.6162 0.9028 0.643 0.8803
3 16 66.2372 -5.2356 6.2356 66.2339 0.0177 0.0005 66.2339 -5.2323 0.0005 0.643 0.8803 0.6162 0.9028 0.6163 0.8803
3 16 66.2339 0.0177 0.0005 65.973 0.0177 -2.2797 66.2339 -5.2323 0.0005 0.6162 0.9028 0.6063 0.9028 0.6163 0.8803
3 16 66.2339 -5.2323 0.0005 65.973 0.0177 -2.2797 65.973 -5.2323 -2.2797 0.6163 0.8803 0.6063 0.9028 0.6063 0.8804
3 16 65.973 0.0177 -2.2797 64.738 0.0177 -4.2426 65.973 -5.2323 -2.2797 0.6063 0.9028 0.5963 0.9028 0.6063 0.8804
3 16 65.973 -5.2323 -2.2797 64.738 0.0177 -4.2426 64.738 -5.2323 -4.2426 0.6063 0.8804 0.5963 0.9028 0.5964 0.8804
3 16 65.973 0.0177 -2.2797 66.2339 0.0177 0.0005 68.504 0.0177 -0.3156 0.929 0.2769 0.9307 0.2673 0.9394 0.2684
3 16 62.273 0.0158 -13.5654 59.8197 0.0132 -10.8315 64.6571 0.0177 -10.0073 0.914 0.3249 0.9037 0.3135 0.9239 0.3097
3 16 64.6571 0.0177 -10.0073 59.8197 0.0132 -10.8315 62.8637 0.0177 -5.6236 0.9239 0.3097 0.9037 0.3135 0.9162 0.2914
3 16 64.738 0.0177 -4.2426 62.8637 0.0177 -5.6236 64.738 -5.2323 -4.2426 0.5963 0.9028 0.5864 0.9028 0.5964 0.8804
3 16 64.738 -5.2323 -4.2426 62.8637 0.0177 -5.6236 62.8637 -5.2323 -5.6236 0.5964 0.8804 0.5864 0.9028 0.5864 0.8803
3 16 62.8637 0.0177 -5.6236 59.8197 0.0132 -10.8315 62.8637 -5.2323 -5.6236 0.5864 0.9028 0.5606 0.9028 0.5864 0.8803
3 16 62.8637 -5.2323 -5.6236 59.8197 0.0132 -10.8315 59.8197 -5.2368 -10.8315 0.5864 0.8803 0.5606 0.9028 0.5606 0.8803
3 16 62.2725 -5.2347 -13.5658 59.8197 -5.2368 -10.8315 62.273 0.0158 -13.5654 0.5214 0.8803 0.537 0.8803 0.5213 0.9027
3 16 62.273 0.0158 -13.5654 59.8197 -5.2368 -10.8315 59.8197 0.0132 -10.8315 0.5213 0.9027 0.537 0.8803 0.5369 0.9028
3 16 53.7644 -5.2356 -13.7644 59.8197 -5.2368 -10.8315 58.1892 -5.2323 -18.1891 0.5524 0.6945 0.5644 0.72 0.5338 0.7129
3 16 58.1892 -5.2323 -18.1891 59.8197 -5.2368 -10.8315 62.2725 -5.2347 -13.5658 0.5338 0.7129 0.5644 0.72 0.553 0.73
3 16 53.7644 -5.2356 -13.7644 58.1892 -5.2323 -18.1891 51.0045 -5.2367 -19.6472 0.5524 0.6945 0.5338 0.7129 0.5277 0.683
3 16 51.0045 -5.2367 -19.6472 58.1892 -5.2323 -18.1891 53.6402 -5.2349 -22.2234 0.5277 0.683 0.5338 0.7129 0.517 0.6939
3 16 53.7644 -5.2356 -13.7644 53.7644 -5.2356 6.2356 59.8197 -5.2368 -10.8315 0.5524 0.6945 0.6359 0.6964 0.5644 0.72
3 16 53.7644 -5.2356 6.2356 62.8637 -5.2323 -5.6236 59.8197 -5.2368 -10.8315 0.6359 0.6964 0.5858 0.733 0.5644 0.72
3 16 65.973 -5.2323 -2.2797 64.738 -5.2323 -4.2426 66.2339 -5.2323 0.0005 0.5995 0.7461 0.5914 0.7409 0.609 0.7474
3 16 66.2339 -5.2323 0.0005 64.738 -5.2323 -4.2426 62.8637 -5.2323 -5.6236 0.609 0.7474 0.5914 0.7409 0.5858 0.733
3 16 53.7644 -5.2356 6.2356 66.2372 -5.2356 6.2356 62.8637 -5.2323 -5.6236 0.6359 0.6964 0.6351 0.7478 0.5858 0.733
3 16 62.8637 -5.2323 -5.6236 66.2372 -5.2356 6.2356 66.2339 -5.2323 0.0005 0.5858 0.733 0.6351 0.7478 0.609 0.7474
3 16 46.4038 0.0125 -22.3345 46.4124 0.0204 -13.7602 49.1814 0.0177 -20.7223 0.8481 0.3639 0.848 0.3275 0.8601 0.3574
3 16 49.1814 0.0177 -20.7223 46.4124 0.0204 -13.7602 49.1828 0.0204 -13.7602 0.8601 0.3574 0.848 0.3275 0.8597 0.3274
3 16 46.4038 -5.2375 -22.3345 46.4082 -5.2356 -13.7644 46.4038 0.0125 -22.3345 0.6314 0.9689 0.6683 0.9692 0.6312 0.9915
3 16 46.4038 0.0125 -22.3345 46.4082 -5.2356 -13.7644 46.4124 0.0204 -13.7602 0.6312 0.9915 0.6683 0.9692 0.6682 0.9918
3 16 40.172 -5.2323 -26.2323 40.172 0.0177 -26.2323 30 -5.2388 -26.2276 0.5685 0.9688 0.5685 0.9914 0.5247 0.9688
3 16 30 -5.2388 -26.2276 40.172 0.0177 -26.2323 30 0.0112 -26.2276 0.5247 0.9688 0.5685 0.9914 0.5248 0.9914
3 16 42.4518 -5.2323 -25.8006 42.4518 0.0177 -25.8006 40.172 -5.2323 -26.2323 0.5785 0.9688 0.5785 0.9914 0.5685 0.9688
3 16 40.172 -5.2323 -26.2323 42.4518 0.0177 -25.8006 40.172 0.0177 -26.2323 0.5685 0.9688 0.5785 0.9914 0.5685 0.9914
3 16 44.4152 -5.2323 -24.5654 44.4152 0.0177 -24.5654 42.4518 -5.2323 -25.8006 0.5886 0.9689 0.5885 0.9914 0.5785 0.9688
3 16 42.4518 -5.2323 -25.8006 44.4152 0.0177 -24.5654 42.4518 0.0177 -25.8006 0.5785 0.9688 0.5885 0.9914 0.5785 0.9914
3 16 45.7936 -5.2323 -22.6935 45.7936 0.0177 -22.6935 44.4152 -5.2323 -24.5654 0.5986 0.9689 0.5984 0.9915 0.5886 0.9689
3 16 44.4152 -5.2323 -24.5654 45.7936 0.0177 -22.6935 44.4152 0.0177 -24.5654 0.5886 0.9689 0.5984 0.9915 0.5885 0.9914
3 16 45.7936 0.0177 -22.6935 45.7936 -5.2323 -22.6935 46.4038 0.0125 -22.3345 0.5984 0.9915 0.5986 0.9689 0.6014 0.9915
3 16 46.4038 0.0125 -22.3345 45.7936 -5.2323 -22.6935 46.4038 -5.2375 -22.3345 0.6014 0.9915 0.5986 0.9689 0.6015 0.9689
3 16 51.0045 0.0133 -19.6472 53.6398 0.0155 -22.2239 49.1814 0.0177 -20.7223 0.8676 0.3526 0.8786 0.3636 0.8601 0.3574
3 16 49.1814 0.0177 -20.7223 53.6398 0.0155 -22.2239 50.0073 0.0177 -24.6571 0.8601 0.3574 0.8786 0.3636 0.8632 0.3736
3 16 49.1828 0.0204 -13.7602 53.7644 0.0144 -13.7644 49.187 -5.2356 -13.7644 0.8798 0.9025 0.8602 0.9025 0.8799 0.88
3 16 49.187 -5.2356 -13.7644 53.7644 0.0144 -13.7644 53.7644 -5.2356 -13.7644 0.8799 0.88 0.8602 0.9025 0.8602 0.88
3 16 49.1814 -5.2323 -20.7223 51.0045 -5.2367 -19.6472 49.1814 0.0177 -20.7223 0.9476 0.8802 0.9569 0.8803 0.9474 0.9027
3 16 49.1814 0.0177 -20.7223 51.0045 -5.2367 -19.6472 51.0045 0.0133 -19.6472 0.9474 0.9027 0.9569 0.8803 0.9567 0.9028
3 16 53.7644 -5.2356 -13.7644 51.0045 -5.2367 -19.6472 49.187 -5.2356 -13.7644 0.5524 0.6945 0.5277 0.683 0.5524 0.6754
3 16 49.187 -5.2356 -13.7644 51.0045 -5.2367 -19.6472 49.1814 -5.2323 -20.7223 0.5524 0.6754 0.5277 0.683 0.5232 0.6753
3 16 46.4082 -5.2356 -13.7644 30 -5.2323 -13.7677 46.4124 0.0204 -13.7602 0.6942 0.9692 0.7647 0.9693 0.6941 0.9918
3 16 46.4124 0.0204 -13.7602 30 -5.2323 -13.7677 30 0.0177 -13.7677 0.6941 0.9918 0.7647 0.9693 0.7647 0.9919
3 16 30 -5.2388 -26.2276 30 -5.2323 -13.7677 40.172 -5.2323 -26.2323 0.7743 0.0683 0.7743 0.1221 0.7306 0.0683
3 16 45.7936 -5.2323 -22.6935 44.4152 -5.2323 -24.5654 30 -5.2323 -13.7677 0.7063 0.0836 0.7123 0.0755 0.7743 0.1221
3 16 49.9856 0.0144 -9.9856 46.4124 0.0204 -13.7602 30 0.0177 -9.9823 0.8636 0.3106 0.848 0.3275 0.7784 0.312
3 16 30 0.0177 -9.9823 46.4124 0.0204 -13.7602 30 0.0177 -13.7677 0.7784 0.312 0.848 0.3275 0.7785 0.3278
3 16 49.1828 0.0204 -13.7602 46.4124 0.0204 -13.7602 49.9856 0.0144 -9.9856 0.8597 0.3274 0.848 0.3275 0.8636 0.3106
3 16 46.4038 -5.2375 -22.3345 45.7936 -5.2323 -22.6935 46.4082 -5.2356 -13.7644 0.7037 0.0851 0.7063 0.0836 0.7037 0.1221
3 16 53.7644 0.0144 -13.7644 49.1828 0.0204 -13.7602 49.9856 0.0144 -9.9856 0.8792 0.3269 0.8597 0.3274 0.8636 0.3106
3 16 30 0.0177 -30.0177 30 0.0112 -26.2276 40.3185 0.0177 -28.507 0.7788 0.3966 0.7787 0.3807 0.8224 0.39
3 16 40.3185 0.0177 -28.507 30 0.0112 -26.2276 40.172 0.0177 -26.2323 0.8224 0.39 0.7787 0.3807 0.8218 0.3805
3 16 40.3185 0.0177 -28.507 42.4518 0.0177 -25.8006 50.0073 0.0177 -24.6571 0.8224 0.39 0.8314 0.3787 0.8632 0.3736
3 16 50.0073 0.0177 -24.6571 42.4518 0.0177 -25.8006 44.4152 0.0177 -24.5654 0.8632 0.3736 0.8314 0.3787 0.8397 0.3734
3 16 46.4038 0.0125 -22.3345 50.0073 0.0177 -24.6571 45.7936 0.0177 -22.6935 0.8481 0.3639 0.8632 0.3736 0.8455 0.3654
3 16 50.0073 0.0177 -24.6571 44.4152 0.0177 -24.5654 45.7936 0.0177 -22.6935 0.8632 0.3736 0.8397 0.3734 0.8455 0.3654
3 16 40.3185 0.0177 -28.507 40.172 0.0177 -26.2323 42.4518 0.0177 -25.8006 0.8224 0.39 0.8218 0.3805 0.8314 0.3787
3 16 64.738 0.0177 -4.2426 64.6571 0.0177 -10.0073 62.8637 0.0177 -5.6236 0.924 0.2854 0.9239 0.3097 0.9162 0.2914
3 16 68.504 0.0177 -0.3156 64.6571 0.0177 -10.0073 65.973 0.0177 -2.2797 0.9394 0.2684 0.9239 0.3097 0.929 0.2769
3 16 64.738 0.0177 -4.2426 65.973 0.0177 -2.2797 64.6571 0.0177 -10.0073 0.924 0.2854 0.929 0.2769 0.9239 0.3097
3 16 49.9856 -120.0144 -9.9856 58.1892 -120.0177 -18.1892 64.6563 -120.0177 -10.0088 0.6892 0.1417 0.6548 0.1775 0.6273 0.1423
3 16 49.9856 -120.0144 -9.9856 68.504 -120.0177 -0.3212 49.9856 -120.0144 10.0144 0.6892 0.1417 0.611 0.1007 0.6897 0.057
3 16 49.9856 -120.0144 10.0144 68.504 -120.0177 -0.3212 70.0158 -120.0152 10.0129 0.6897 0.057 0.611 0.1007 0.6048 0.0565
3 16 46.4082 -5.2356 -13.7644 45.7936 -5.2323 -22.6935 30 -5.2323 -13.7677 0.7037 0.1221 0.7063 0.0836 0.7743 0.1221
3 16 30 -5.2323 -13.7677 44.4152 -5.2323 -24.5654 42.4518 -5.2323 -25.8006 0.7743 0.1221 0.7123 0.0755 0.7207 0.0702
3 16 30 -5.2323 -13.7677 42.4518 -5.2323 -25.8006 40.172 -5.2323 -26.2323 0.7743 0.1221 0.7207 0.0702 0.7306 0.0683
3 16 55.7923 -116.2323 -15.6205 44.0382 -116.2323 -23.4743 49.9856 -116.2356 -9.9856 0.933 0.78 0.8843 0.8112 0.9103 0.7562
3 16 49.9856 -116.2356 -9.9856 44.0382 -116.2323 -23.4743 30 -116.2323 -9.9823 0.9103 0.7562 0.8843 0.8112 0.827 0.7569
3 16 30 -116.2323 -9.9823 15.9618 -116.2323 -23.4743 10.0144 -116.2356 -9.9856 0.827 0.7569 0.7696 0.8112 0.7436 0.7561
3 16 10.0144 -116.2356 -9.9856 15.9618 -116.2323 -23.4743 4.2077 -116.2323 -15.6205 0.7436 0.7561 0.7696 0.8112 0.7209 0.7799
3 16 10.0144 -116.2356 10.0144 -3.6471 -116.2323 -3.8652 -6.4093 -116.2364 10.0162 0.7433 0.6744 0.6896 0.7311 0.677 0.6746
3 16 15.9618 -8.0177 -23.4743 30 -8.0177 -26.2323 30 -8.0177 -9.9823 0.7679 0.5229 0.8255 0.5138 0.8256 0.5775
3 16 44.0382 -8.0177 -23.4743 30 -8.0177 -9.9823 30 -8.0177 -26.2323 0.8833 0.5228 0.8256 0.5775 0.8255 0.5138
3 16 4.2077 -8.0177 -15.6205 15.9618 -8.0177 -23.4743 10.0144 -8.0144 -9.9856 0.7189 0.5545 0.7679 0.5229 0.7419 0.5783
3 16 10.0144 -8.0144 -9.9856 15.9618 -8.0177 -23.4743 30 -8.0177 -9.9823 0.7419 0.5783 0.7679 0.5229 0.8256 0.5775
3 16 10.0144 -8.0144 10.0144 -3.6471 -8.0177 -3.8652 10.0144 -8.0144 -9.9856 0.7423 0.6605 0.6878 0.6039 0.7419 0.5783
3 16 10.0144 -8.0144 -9.9856 -3.6471 -8.0177 -3.8652 4.2077 -8.0177 -15.6205 0.7419 0.5783 0.6878 0.6039 0.7189 0.5545
3 16 63.6471 -8.0177 -3.8652 66.4093 -8.0136 10.0162 49.9856 -8.0144 10.0144 0.9638 0.6033 0.9766 0.66 0.9099 0.6604
3 16 55.7923 -8.0177 -15.6205 63.6471 -8.0177 -3.8652 49.9856 -8.0144 -9.9856 0.9323 0.5542 0.9638 0.6033 0.9094 0.5782
3 16 49.9856 -8.0144 -9.9856 63.6471 -8.0177 -3.8652 49.9856 -8.0144 10.0144 0.9094 0.5782 0.9638 0.6033 0.9099 0.6604
0 STEP
