0 Untitled Model
0 Name: Untitled Model
0 Author: 
0 BFC CERTIFY CCW
3 16 -4.6844 -11.5078 -10.0248 -4.6716 -120.0354 -10.0177 -8.5412 -11.5372 -0.3281 0.0924 0.0522 0.0922 0.519 0.0474 0.0523
3 16 -8.5412 -11.5372 -0.3281 -4.6716 -120.0354 -10.0177 -8.5211 -120.0354 -0.3257 0.0474 0.0523 0.0922 0.519 0.0472 0.5189
3 16 -8.5211 -120.0354 -0.3257 -10.0309 -120.0304 10.0259 -8.5412 -11.5372 -0.3281 0.0472 0.5189 0.0021 0.5189 0.0474 0.0523
3 16 -8.5412 -11.5372 -0.3281 -10.0309 -120.0304 10.0259 -10.0483 -11.4802 9.9929 0.0474 0.0523 0.0021 0.5189 0.0023 0.0521
3 16 1.788 -11.5079 -18.212 9.9752 -11.5078 -24.6844 1.7983 -120.0354 -18.2017 0.1375 0.0522 0.1825 0.0522 0.1372 0.519
3 16 1.7983 -120.0354 -18.2017 9.9752 -11.5078 -24.6844 9.9823 -120.0354 -24.6716 0.1372 0.519 0.1825 0.0522 0.1823 0.519
3 16 19.6774 -120.0354 -28.5241 9.9823 -120.0354 -24.6716 19.6719 -11.5078 -28.5378 0.2273 0.519 0.1823 0.519 0.2276 0.0523
3 16 19.6719 -11.5078 -28.5378 9.9823 -120.0354 -24.6716 9.9752 -11.5078 -24.6844 0.2276 0.0523 0.1823 0.519 0.1825 0.0522
3 16 30 -9.9354 -27.9212 30 -13.7423 -28.2818 27.3999 -12.5355 -28.2819 0.7733 0.269 0.7732 0.2842 0.7628 0.2793
3 16 30 -9.9354 -27.9212 26.1931 -9.9354 -28.2818 27.3999 -7.3353 -28.2819 0.7733 0.269 0.7581 0.2688 0.763 0.2585
3 16 30 -9.9354 -27.9212 27.3999 -7.3353 -28.2819 30 -6.1285 -28.2818 0.7733 0.269 0.763 0.2585 0.7735 0.2537
3 16 30 -15.2521 -28.5429 26.3671 -13.5681 -28.547 30 -13.7423 -28.2818 0.7732 0.2905 0.7585 0.2836 0.7732 0.2842
3 16 30 -13.7423 -28.2818 26.3671 -13.5681 -28.547 27.3999 -12.5355 -28.2819 0.7732 0.2842 0.7585 0.2836 0.7628 0.2793
3 16 24.673 -9.9354 -28.5532 26.1931 -9.9354 -28.2818 26.3671 -13.5681 -28.547 0.7518 0.2688 0.7581 0.2688 0.7585 0.2836
3 16 26.3671 -13.5681 -28.547 26.1931 -9.9354 -28.2818 27.3999 -12.5355 -28.2819 0.7585 0.2836 0.7581 0.2688 0.7628 0.2793
3 16 24.673 -9.9354 -28.5532 26.3671 -6.3027 -28.547 26.1931 -9.9354 -28.2818 0.7518 0.2688 0.7588 0.2541 0.7581 0.2688
3 16 26.1931 -9.9354 -28.2818 26.3671 -6.3027 -28.547 27.3999 -7.3353 -28.2819 0.7581 0.2688 0.7588 0.2541 0.763 0.2585
3 16 30 -4.6187 -28.5429 30 -6.1285 -28.2818 26.3671 -6.3027 -28.547 0.7735 0.2474 0.7735 0.2537 0.7588 0.2541
3 16 26.3671 -6.3027 -28.547 30 -6.1285 -28.2818 27.3999 -7.3353 -28.2819 0.7588 0.2541 0.7735 0.2537 0.763 0.2585
3 16 26.3671 -13.5681 -28.547 30 -15.2521 -28.5429 26.286 -13.6421 -29.4921 0.5666 0.7885 0.5826 0.7894 0.5663 0.7921
3 16 26.286 -13.6421 -29.4921 30 -15.2521 -28.5429 30 -15.3662 -30.0366 0.5663 0.7921 0.5826 0.7894 0.5825 0.7951
3 16 24.673 -9.9354 -28.5532 26.3671 -13.5681 -28.547 24.565 -9.9354 -29.2408 0.5508 0.7863 0.5666 0.7885 0.5503 0.7889
3 16 24.565 -9.9354 -29.2408 26.3671 -13.5681 -28.547 26.286 -13.6421 -29.4921 0.5503 0.7889 0.5666 0.7885 0.5663 0.7921
3 16 24.673 -9.9354 -28.5532 24.565 -9.9354 -29.2408 26.3671 -6.3027 -28.547 0.5508 0.7863 0.5503 0.7889 0.5354 0.7824
3 16 26.3671 -6.3027 -28.547 24.565 -9.9354 -29.2408 26.286 -6.2288 -29.4921 0.5354 0.7824 0.5503 0.7889 0.5344 0.7859
3 16 26.3671 -6.3027 -28.547 26.286 -6.2288 -29.4921 30 -4.6187 -28.5429 0.5354 0.7824 0.5344 0.7859 0.5202 0.7775
3 16 30 -4.6187 -28.5429 26.286 -6.2288 -29.4921 30 -4.5139 -30.0249 0.5202 0.7775 0.5344 0.7859 0.5182 0.7829
3 16 9.9854 0.0354 -24.6732 19.6765 0.0354 -28.5239 9.9752 -11.5078 -24.6844 0.1825 0.0027 0.2275 0.0027 0.1825 0.0522
3 16 9.9752 -11.5078 -24.6844 19.6765 0.0354 -28.5239 19.6719 -11.5078 -28.5378 0.1825 0.0522 0.2275 0.0027 0.2276 0.0523
3 16 -8.5412 -11.5372 -0.3281 -10.0483 -11.4802 9.9929 -8.5211 0.0354 -0.3201 0.0474 0.0523 0.0023 0.0521 0.0474 0.0027
3 16 -8.5211 0.0354 -0.3201 -10.0483 -11.4802 9.9929 -10.0293 0.0304 10.026 0.0474 0.0027 0.0023 0.0521 0.0024 0.0027
3 16 -4.6732 0.0354 -10.0146 -4.6844 -11.5078 -10.0248 -8.5211 0.0354 -0.3201 0.0924 0.0027 0.0924 0.0522 0.0474 0.0027
3 16 -8.5211 0.0354 -0.3201 -4.6844 -11.5078 -10.0248 -8.5412 -11.5372 -0.3281 0.0474 0.0027 0.0924 0.0522 0.0474 0.0523
3 16 1.788 -11.5079 -18.212 1.7983 -120.0354 -18.2017 -4.6844 -11.5078 -10.0248 0.1375 0.0522 0.1372 0.519 0.0924 0.0522
3 16 -4.6844 -11.5078 -10.0248 1.7983 -120.0354 -18.2017 -4.6716 -120.0354 -10.0177 0.0924 0.0522 0.1372 0.519 0.0922 0.519
3 16 -4.6844 -11.5078 -10.0248 -4.6732 0.0354 -10.0146 -2.2734 -5.2194 -13.5856 0.0924 0.0522 0.0924 0.0027 0.1108 0.0253
3 16 -2.2734 -5.2194 -13.5856 -4.6732 0.0354 -10.0146 -2.2744 0.0316 -13.5847 0.1108 0.0253 0.0924 0.0027 0.1108 0.0027
3 16 9.9752 -11.5078 -24.6844 1.788 -11.5079 -18.212 6.3399 -5.2199 -22.2247 0.1825 0.0522 0.1375 0.0522 0.1638 0.0253
3 16 6.3399 -5.2199 -22.2247 1.788 -11.5079 -18.212 1.7983 -5.2146 -18.2016 0.1638 0.0253 0.1375 0.0522 0.1375 0.0253
3 16 26.286 -13.6421 -29.4921 19.6774 -120.0354 -28.5241 19.6719 -11.5078 -28.5378 0.2551 0.0602 0.2273 0.519 0.2276 0.0523
3 16 24.565 -9.9354 -29.2408 26.286 -13.6421 -29.4921 19.6719 -11.5078 -28.5378 0.2491 0.0455 0.2551 0.0602 0.2276 0.0523
3 16 19.6765 0.0354 -28.5239 30 0.0354 -30.0354 26.286 -6.2288 -29.4921 0.2275 0.0027 0.2726 0.0027 0.2564 0.0296
3 16 26.286 -6.2288 -29.4921 30 0.0354 -30.0354 30 -4.5139 -30.0249 0.2564 0.0296 0.2726 0.0027 0.2726 0.0219
3 16 19.6765 0.0354 -28.5239 26.286 -6.2288 -29.4921 19.6719 -11.5078 -28.5378 0.2275 0.0027 0.2564 0.0296 0.2276 0.0523
3 16 19.6719 -11.5078 -28.5378 26.286 -6.2288 -29.4921 24.565 -9.9354 -29.2408 0.2276 0.0523 0.2564 0.0296 0.2491 0.0455
3 16 9.9752 -11.5078 -24.6844 6.3399 -5.2199 -22.2247 9.9854 0.0354 -24.6732 0.1825 0.0522 0.1638 0.0253 0.1825 0.0027
3 16 9.9854 0.0354 -24.6732 6.3399 -5.2199 -22.2247 6.3408 0.0311 -22.2257 0.1825 0.0027 0.1638 0.0253 0.1637 0.0028
3 16 -4.6844 -11.5078 -10.0248 -2.2734 -5.2194 -13.5856 1.788 -11.5079 -18.212 0.0924 0.0522 0.1108 0.0253 0.1375 0.0522
3 16 1.788 -11.5079 -18.212 -2.2734 -5.2194 -13.5856 1.7983 -5.2146 -18.2016 0.1375 0.0522 0.1108 0.0253 0.1375 0.0253
3 16 26.286 -13.6421 -29.4921 30 -15.3662 -30.0366 19.6774 -120.0354 -28.5241 0.2551 0.0602 0.2726 0.0691 0.2273 0.519
3 16 19.6774 -120.0354 -28.5241 30 -15.3662 -30.0366 30 -120.0354 -30.0354 0.2273 0.519 0.2726 0.0691 0.2724 0.5191
3 16 30 -9.9354 -27.9212 27.3999 -12.5355 -28.2819 26.1931 -9.9354 -28.2818 0.7733 0.269 0.7628 0.2793 0.7581 0.2688
3 16 10.8098 0.0354 -20.707 10.8098 -5.2146 -20.707 10.7985 0.0289 -13.7789 0.5918 0.9468 0.5918 0.9242 0.6219 0.9469
3 16 10.7985 0.0289 -13.7789 10.8098 -5.2146 -20.707 10.7985 -5.2211 -13.7789 0.6219 0.9469 0.5918 0.9242 0.6219 0.9243
3 16 13.6149 0.025 -22.3237 9.9854 0.0354 -24.6732 10.8098 0.0354 -20.707 0.7092 0.3645 0.6941 0.3743 0.6975 0.3578
3 16 -10.0293 0.0304 10.026 -6.396 -8.0272 10.0325 10.0289 0.0289 10.0289 0.9883 0.0069 0.9731 0.041 0.9038 0.0069
3 16 10.0289 0.0289 10.0289 -6.396 -8.0272 10.0325 10.0289 -8.0289 10.0289 0.9038 0.0069 0.9731 0.041 0.9038 0.041
3 16 10.0289 0.0289 10.0289 10.0289 -8.0289 10.0289 10.0289 0.0289 -9.9711 0.9603 0.4122 0.9601 0.4467 0.8748 0.4116
3 16 10.0289 0.0289 -9.9711 10.0289 -8.0289 10.0289 10.0289 -8.0289 -9.9711 0.8748 0.4116 0.9601 0.4467 0.8746 0.4462
3 16 30 -8.0354 -9.9646 30 0.0354 -9.9646 10.0289 -8.0289 -9.9711 0.7769 0.4459 0.777 0.4113 0.864 0.4462
3 16 10.0289 -8.0289 -9.9711 30 0.0354 -9.9646 10.0289 0.0289 -9.9711 0.864 0.4462 0.777 0.4113 0.8642 0.4116
3 16 10.0289 -120.0289 -9.9711 19.6774 -120.0354 -28.5241 30 -120.0354 -9.9646 0.8618 0.1419 0.8196 0.2219 0.7755 0.1427
3 16 30 -120.0354 -9.9646 19.6774 -120.0354 -28.5241 30 -120.0354 -30.0354 0.7755 0.1427 0.8196 0.2219 0.7754 0.2283
3 16 10.0289 -120.0289 -9.9711 9.9823 -120.0354 -24.6716 19.6774 -120.0354 -28.5241 0.8618 0.1419 0.8611 0.2054 0.8196 0.2219
3 16 10.0289 -120.0289 -9.9711 -8.5211 -120.0354 -0.3257 -4.6716 -120.0354 -10.0177 0.8618 0.1419 0.9398 0.1008 0.9237 0.1424
3 16 10.0289 -120.0289 -9.9711 1.7983 -120.0354 -18.2017 9.9823 -120.0354 -24.6716 0.8618 0.1419 0.8961 0.1776 0.8611 0.2054
3 16 -10.0293 0.0304 10.026 -10.0309 -120.0304 10.0259 -6.396 -8.0272 10.0325 0.9883 0.0069 0.9884 0.5186 0.9731 0.041
3 16 -6.396 -8.0272 10.0325 -10.0309 -120.0304 10.0259 -6.396 -116.2228 10.0325 0.9731 0.041 0.9884 0.5186 0.9732 0.5026
3 16 -10.0309 -120.0304 10.0259 10.0289 -120.0289 10.0289 -6.396 -116.2228 10.0325 0.9884 0.5186 0.9038 0.5184 0.9732 0.5026
3 16 -6.396 -116.2228 10.0325 10.0289 -120.0289 10.0289 10.0289 -116.2211 10.0289 0.9732 0.5026 0.9038 0.5184 0.9039 0.5024
3 16 -3.6307 -8.0354 -3.8584 10.0289 -8.0289 10.0289 -6.396 -8.0272 10.0325 0.6878 0.6039 0.7423 0.6605 0.6756 0.6608
3 16 10.0289 -116.2211 10.0289 10.0289 -120.0289 10.0289 10.0289 -116.2211 -9.9711 0.9611 0.4639 0.9611 0.4801 0.8756 0.4639
3 16 10.0289 -116.2211 -9.9711 10.0289 -120.0289 10.0289 10.0289 -120.0289 -9.9711 0.8756 0.4639 0.9611 0.4801 0.8756 0.4801
3 16 -6.396 -8.0272 10.0325 -6.396 -116.2228 10.0325 -3.6307 -8.0354 -3.8584 0.4852 0.5249 0.4856 0.9883 0.425 0.5253
3 16 -3.6307 -8.0354 -3.8584 -6.396 -116.2228 10.0325 -3.6307 -116.2146 -3.8584 0.425 0.5253 0.4856 0.9883 0.4252 0.9884
3 16 10.0289 -116.2211 10.0289 10.0289 -116.2211 -9.9711 -3.6307 -116.2146 -3.8584 0.7433 0.6744 0.7436 0.7561 0.6896 0.7311
3 16 -3.6307 -116.2146 -3.8584 10.0289 -116.2211 -9.9711 4.2202 -116.2146 -15.608 0.6896 0.7311 0.7436 0.7561 0.7209 0.7799
3 16 10.0289 -116.2211 -9.9711 10.0289 -120.0289 -9.9711 30 -116.2146 -9.9646 0.8651 0.4639 0.8651 0.4801 0.778 0.4639
3 16 30 -116.2146 -9.9646 10.0289 -120.0289 -9.9711 30 -120.0354 -9.9646 0.778 0.4639 0.8651 0.4801 0.778 0.4801
3 16 30 -116.2146 -26.2146 30 -8.0354 -26.2147 15.9686 -116.2146 -23.4579 0.2429 0.9884 0.2428 0.5248 0.3041 0.9883
3 16 15.9686 -116.2146 -23.4579 30 -8.0354 -26.2147 15.9686 -8.0354 -23.4579 0.3041 0.9883 0.2428 0.5248 0.3042 0.5253
3 16 15.9686 -116.2146 -23.4579 15.9686 -8.0354 -23.4579 4.2202 -116.2146 -15.608 0.3041 0.9883 0.3042 0.5253 0.3646 0.9884
3 16 4.2202 -116.2146 -15.608 15.9686 -8.0354 -23.4579 4.2202 -8.0354 -15.608 0.3646 0.9884 0.3042 0.5253 0.3645 0.5253
3 16 4.2202 -116.2146 -15.608 4.2202 -8.0354 -15.608 -3.6307 -116.2146 -3.8584 0.3646 0.9884 0.3645 0.5253 0.4252 0.9884
3 16 -3.6307 -116.2146 -3.8584 4.2202 -8.0354 -15.608 -3.6307 -8.0354 -3.8584 0.4252 0.9884 0.3645 0.5253 0.425 0.5253
3 16 15.9686 -116.2146 -23.4579 30 -116.2146 -9.9646 30 -116.2146 -26.2146 0.7696 0.8112 0.827 0.7569 0.8269 0.823
3 16 8.9929 0.0266 -19.6262 6.3408 0.0311 -22.2257 8.9929 -5.2234 -19.6262 0.5346 0.9468 0.5215 0.9468 0.5346 0.9242
3 16 8.9929 -5.2234 -19.6262 6.3408 0.0311 -22.2257 6.3399 -5.2199 -22.2247 0.5346 0.9242 0.5215 0.9468 0.5216 0.9241
3 16 6.2211 0.0289 -13.7789 6.2211 0.0289 6.2211 10.0289 0.0289 -9.9711 0.678 0.3285 0.6764 0.2439 0.6929 0.3116
3 16 10.0289 0.0289 -9.9711 6.2211 0.0289 6.2211 10.0289 0.0289 10.0289 0.6929 0.3116 0.6764 0.2439 0.6912 0.2278
3 16 6.2211 0.0289 -13.7789 6.2211 -5.2211 -13.7789 6.2211 0.0289 6.2211 0.6802 0.947 0.6802 0.9243 0.7663 0.9472
3 16 6.2211 0.0289 6.2211 6.2211 -5.2211 -13.7789 6.2211 -5.2211 6.2211 0.7663 0.9472 0.6802 0.9243 0.7664 0.9246
3 16 -6.2227 0.0289 6.2211 -10.0293 0.0304 10.026 6.2211 0.0289 6.2211 0.6235 0.2451 0.6073 0.2296 0.6764 0.2439
3 16 6.2211 0.0289 6.2211 -10.0293 0.0304 10.026 10.0289 0.0289 10.0289 0.6764 0.2439 0.6073 0.2296 0.6912 0.2278
3 16 6.2211 0.0289 6.2211 6.2211 -5.2211 6.2211 -6.2227 0.0289 6.2211 0.7869 0.9472 0.787 0.9246 0.8401 0.9473
3 16 -6.2227 0.0289 6.2211 6.2211 -5.2211 6.2211 -6.2227 -5.2211 6.2211 0.8401 0.9473 0.787 0.9246 0.8401 0.9247
3 16 -6.2163 0.0354 0.0011 -8.5211 0.0354 -0.3201 -6.2227 0.0289 6.2211 0.6234 0.2717 0.6147 0.2731 0.6235 0.2451
3 16 -6.2227 0.0289 6.2211 -8.5211 0.0354 -0.3201 -10.0293 0.0304 10.026 0.6235 0.2451 0.6147 0.2731 0.6073 0.2296
3 16 -6.2227 0.0289 6.2211 -6.2227 -5.2211 6.2211 -6.2163 0.0354 0.0011 0.8674 0.9473 0.8674 0.9247 0.8945 0.9474
3 16 -6.2163 0.0354 0.0011 -6.2227 -5.2211 6.2211 -6.2163 -5.2146 0.0011 0.8945 0.9474 0.8674 0.9247 0.8943 0.9248
3 16 -6.2163 0.0354 0.0011 -6.2163 -5.2146 0.0011 -5.9564 0.0354 -2.2739 0.8945 0.9474 0.8943 0.9248 0.9043 0.9474
3 16 -5.9564 0.0354 -2.2739 -6.2163 -5.2146 0.0011 -5.9564 -5.2146 -2.2739 0.9043 0.9474 0.8943 0.9248 0.9044 0.9248
3 16 -5.9564 0.0354 -2.2739 -5.9564 -5.2146 -2.2739 -4.725 0.0354 -4.2305 0.9043 0.9474 0.9044 0.9248 0.9144 0.9474
3 16 -4.725 0.0354 -4.2305 -5.9564 -5.2146 -2.2739 -4.725 -5.2146 -4.2305 0.9144 0.9474 0.9044 0.9248 0.9144 0.9248
3 16 -5.9564 0.0354 -2.2739 -8.5211 0.0354 -0.3201 -6.2163 0.0354 0.0011 0.6254 0.2812 0.6147 0.2731 0.6234 0.2717
3 16 -2.2744 0.0316 -13.5847 -4.6732 0.0354 -10.0146 0.2015 0.0263 -10.8336 0.642 0.3286 0.6317 0.3137 0.6521 0.3169
3 16 0.2015 0.0263 -10.8336 -4.6732 0.0354 -10.0146 -2.8496 0.0354 -5.613 0.6521 0.3169 0.6317 0.3137 0.6388 0.2951
3 16 -4.725 0.0354 -4.2305 -4.725 -5.2146 -4.2305 -2.8496 0.0354 -5.613 0.9144 0.9474 0.9144 0.9248 0.9244 0.9475
3 16 -2.8496 0.0354 -5.613 -4.725 -5.2146 -4.2305 -2.8496 -5.2146 -5.613 0.9244 0.9475 0.9144 0.9248 0.9244 0.9248
3 16 -2.8496 0.0354 -5.613 -2.8496 -5.2146 -5.613 0.2015 0.0263 -10.8336 0.9244 0.9475 0.9244 0.9248 0.9503 0.9475
3 16 0.2015 0.0263 -10.8336 -2.8496 -5.2146 -5.613 0.2015 -5.2237 -10.8336 0.9503 0.9475 0.9244 0.9248 0.9504 0.9249
3 16 -2.2734 -5.2194 -13.5856 -2.2744 0.0316 -13.5847 0.2015 -5.2237 -10.8336 0.9882 0.9249 0.9881 0.9476 0.9725 0.9249
3 16 0.2015 -5.2237 -10.8336 -2.2744 0.0316 -13.5847 0.2015 0.0263 -10.8336 0.9725 0.9249 0.9881 0.9476 0.9724 0.9475
3 16 6.2211 -5.2211 -13.7789 1.7983 -5.2146 -18.2016 0.2015 -5.2237 -10.8336 0.5524 0.6384 0.5334 0.6193 0.565 0.6123
3 16 0.2015 -5.2237 -10.8336 1.7983 -5.2146 -18.2016 -2.2734 -5.2194 -13.5856 0.565 0.6123 0.5334 0.6193 0.5534 0.6018
3 16 6.2211 -5.2211 -13.7789 8.9929 -5.2234 -19.6262 1.7983 -5.2146 -18.2016 0.5524 0.6384 0.5269 0.6502 0.5334 0.6193
3 16 1.7983 -5.2146 -18.2016 8.9929 -5.2234 -19.6262 6.3399 -5.2199 -22.2247 0.5334 0.6193 0.5269 0.6502 0.5159 0.6389
3 16 6.2211 -5.2211 -13.7789 0.2015 -5.2237 -10.8336 6.2211 -5.2211 6.2211 0.5524 0.6384 0.565 0.6123 0.6384 0.638
3 16 0.2015 -5.2237 -10.8336 -2.8496 -5.2146 -5.613 6.2211 -5.2211 6.2211 0.565 0.6123 0.5874 0.5993 0.6384 0.638
3 16 -2.8496 -5.2146 -5.613 -4.725 -5.2146 -4.2305 -6.2163 -5.2146 0.0011 0.5874 0.5993 0.5934 0.5912 0.6117 0.5848
3 16 -6.2163 -5.2146 0.0011 -4.725 -5.2146 -4.2305 -5.9564 -5.2146 -2.2739 0.6117 0.5848 0.5934 0.5912 0.6019 0.5859
3 16 6.2211 -5.2211 6.2211 -2.8496 -5.2146 -5.613 -6.2227 -5.2211 6.2211 0.6384 0.638 0.5874 0.5993 0.6386 0.5849
3 16 -6.2227 -5.2211 6.2211 -2.8496 -5.2146 -5.613 -6.2163 -5.2146 0.0011 0.6386 0.5849 0.5874 0.5993 0.6117 0.5848
3 16 13.6149 0.025 -22.3237 10.8098 0.0354 -20.707 13.6062 0.0289 -13.7789 0.7092 0.3645 0.6975 0.3578 0.709 0.3281
3 16 13.6062 0.0289 -13.7789 10.8098 0.0354 -20.707 10.7985 0.0289 -13.7789 0.709 0.3281 0.6975 0.3578 0.6974 0.3282
3 16 13.6149 -5.225 -22.3237 13.6149 0.025 -22.3237 13.6062 -5.2211 -13.7789 0.8917 0.9691 0.8918 0.9916 0.8548 0.9692
3 16 13.6062 -5.2211 -13.7789 13.6149 0.025 -22.3237 13.6062 0.0289 -13.7789 0.8548 0.9692 0.8918 0.9916 0.8549 0.9918
3 16 19.8286 -5.2146 -26.2147 30 -5.2276 -26.2053 19.8286 0.0354 -26.2147 0.9452 0.9689 0.9889 0.9688 0.9453 0.9915
3 16 19.8286 0.0354 -26.2147 30 -5.2276 -26.2053 30 0.0224 -26.2053 0.9453 0.9915 0.9889 0.9688 0.989 0.9913
3 16 17.5547 -5.2146 -25.7842 19.8286 -5.2146 -26.2147 17.5547 0.0354 -25.7842 0.9352 0.969 0.9452 0.9689 0.9353 0.9915
3 16 17.5547 0.0354 -25.7842 19.8286 -5.2146 -26.2147 19.8286 0.0354 -26.2147 0.9353 0.9915 0.9452 0.9689 0.9453 0.9915
3 16 15.5968 -5.2146 -24.5524 17.5547 -5.2146 -25.7842 15.5968 0.0354 -24.5524 0.9252 0.969 0.9352 0.969 0.9253 0.9916
3 16 15.5968 0.0354 -24.5524 17.5547 -5.2146 -25.7842 17.5547 0.0354 -25.7842 0.9253 0.9916 0.9352 0.969 0.9353 0.9915
3 16 14.2196 -5.2146 -22.6817 15.5968 -5.2146 -24.5524 14.2196 0.0354 -22.6817 0.9152 0.969 0.9252 0.969 0.9153 0.9916
3 16 14.2196 0.0354 -22.6817 15.5968 -5.2146 -24.5524 15.5968 0.0354 -24.5524 0.9153 0.9916 0.9252 0.969 0.9253 0.9916
3 16 14.2196 0.0354 -22.6817 13.6149 0.025 -22.3237 14.2196 -5.2146 -22.6817 0.9153 0.9916 0.9123 0.9916 0.9152 0.969
3 16 14.2196 -5.2146 -22.6817 13.6149 0.025 -22.3237 13.6149 -5.225 -22.3237 0.9152 0.969 0.9123 0.9916 0.9122 0.9691
3 16 9.9854 0.0354 -24.6732 6.3408 0.0311 -22.2257 10.8098 0.0354 -20.707 0.6941 0.3743 0.6787 0.3642 0.6975 0.3578
3 16 10.8098 0.0354 -20.707 6.3408 0.0311 -22.2257 8.9929 0.0266 -19.6262 0.6975 0.3578 0.6787 0.3642 0.6897 0.3533
3 16 10.7985 0.0289 -13.7789 10.7985 -5.2211 -13.7789 6.2211 0.0289 -13.7789 0.6417 0.9469 0.6418 0.9243 0.6614 0.947
3 16 6.2211 0.0289 -13.7789 10.7985 -5.2211 -13.7789 6.2211 -5.2211 -13.7789 0.6614 0.947 0.6418 0.9243 0.6615 0.9243
3 16 10.8098 -5.2146 -20.707 10.8098 0.0354 -20.707 8.9929 -5.2234 -19.6262 0.5675 0.9242 0.5675 0.9468 0.5582 0.9242
3 16 8.9929 -5.2234 -19.6262 10.8098 0.0354 -20.707 8.9929 0.0266 -19.6262 0.5582 0.9242 0.5675 0.9468 0.5582 0.9468
3 16 6.2211 -5.2211 -13.7789 10.7985 -5.2211 -13.7789 8.9929 -5.2234 -19.6262 0.5524 0.6384 0.5523 0.6581 0.5269 0.6502
3 16 8.9929 -5.2234 -19.6262 10.7985 -5.2211 -13.7789 10.8098 -5.2146 -20.707 0.5269 0.6502 0.5523 0.6581 0.5223 0.658
3 16 13.6062 -5.2211 -13.7789 13.6062 0.0289 -13.7789 30 -5.2146 -13.7854 0.8353 0.9692 0.8354 0.9918 0.7647 0.9693
3 16 30 -5.2146 -13.7854 13.6062 0.0289 -13.7789 30 0.0354 -13.7854 0.7647 0.9693 0.8354 0.9918 0.7647 0.9919
3 16 30 -5.2276 -26.2053 19.8286 -5.2146 -26.2147 30 -5.2146 -13.7854 0.7743 0.0683 0.818 0.0683 0.7743 0.1221
3 16 14.2196 -5.2146 -22.6817 30 -5.2146 -13.7854 15.5968 -5.2146 -24.5524 0.8423 0.0836 0.7743 0.1221 0.8363 0.0755
3 16 10.0289 0.0289 -9.9711 30 0.0354 -9.9646 13.6062 0.0289 -13.7789 0.6929 0.3116 0.7784 0.312 0.709 0.3281
3 16 13.6062 0.0289 -13.7789 30 0.0354 -9.9646 30 0.0354 -13.7854 0.709 0.3281 0.7784 0.312 0.7785 0.3278
3 16 10.7985 0.0289 -13.7789 10.0289 0.0289 -9.9711 13.6062 0.0289 -13.7789 0.6974 0.3282 0.6929 0.3116 0.709 0.3281
3 16 13.6149 -5.225 -22.3237 13.6062 -5.2211 -13.7789 14.2196 -5.2146 -22.6817 0.8449 0.0851 0.8449 0.1221 0.8423 0.0836
3 16 6.2211 0.0289 -13.7789 10.0289 0.0289 -9.9711 10.7985 0.0289 -13.7789 0.678 0.3285 0.6929 0.3116 0.6974 0.3282
3 16 30 0.0354 -30.0354 19.6765 0.0354 -28.5239 30 0.0224 -26.2053 0.7788 0.3966 0.7351 0.3904 0.7787 0.3807
3 16 30 0.0224 -26.2053 19.6765 0.0354 -28.5239 19.8286 0.0354 -26.2147 0.7787 0.3807 0.7351 0.3904 0.7357 0.3809
3 16 19.6765 0.0354 -28.5239 9.9854 0.0354 -24.6732 17.5547 0.0354 -25.7842 0.7351 0.3904 0.6941 0.3743 0.726 0.3791
3 16 9.9854 0.0354 -24.6732 15.5968 0.0354 -24.5524 17.5547 0.0354 -25.7842 0.6941 0.3743 0.7176 0.3739 0.726 0.3791
3 16 13.6149 0.025 -22.3237 14.2196 0.0354 -22.6817 9.9854 0.0354 -24.6732 0.7092 0.3645 0.7118 0.366 0.6941 0.3743
3 16 14.2196 0.0354 -22.6817 15.5968 0.0354 -24.5524 9.9854 0.0354 -24.6732 0.7118 0.366 0.7176 0.3739 0.6941 0.3743
3 16 19.6765 0.0354 -28.5239 17.5547 0.0354 -25.7842 19.8286 0.0354 -26.2147 0.7351 0.3904 0.726 0.3791 0.7357 0.3809
3 16 -4.725 0.0354 -4.2305 -2.8496 0.0354 -5.613 -4.6732 0.0354 -10.0146 0.6308 0.2894 0.6388 0.2951 0.6317 0.3137
3 16 -8.5211 0.0354 -0.3201 -5.9564 0.0354 -2.2739 -4.6732 0.0354 -10.0146 0.6147 0.2731 0.6254 0.2812 0.6317 0.3137
3 16 -4.725 0.0354 -4.2305 -4.6732 0.0354 -10.0146 -5.9564 0.0354 -2.2739 0.6308 0.2894 0.6317 0.3137 0.6254 0.2812
3 16 10.0289 -120.0289 -9.9711 -4.6716 -120.0354 -10.0177 1.7983 -120.0354 -18.2017 0.8618 0.1419 0.9237 0.1424 0.8961 0.1776
3 16 -10.0309 -120.0304 10.0259 -8.5211 -120.0354 -0.3257 10.0289 -120.0289 10.0289 0.9459 0.0565 0.9398 0.1008 0.8611 0.0572
3 16 10.0289 -120.0289 10.0289 -8.5211 -120.0354 -0.3257 10.0289 -120.0289 -9.9711 0.8611 0.0572 0.9398 0.1008 0.8618 0.1419
3 16 13.6062 -5.2211 -13.7789 30 -5.2146 -13.7854 14.2196 -5.2146 -22.6817 0.8449 0.1221 0.7743 0.1221 0.8423 0.0836
3 16 30 -5.2146 -13.7854 17.5547 -5.2146 -25.7842 15.5968 -5.2146 -24.5524 0.7743 0.1221 0.8279 0.0702 0.8363 0.0755
3 16 30 -5.2146 -13.7854 19.8286 -5.2146 -26.2147 17.5547 -5.2146 -25.7842 0.7743 0.1221 0.818 0.0683 0.8279 0.0702
3 16 64.6844 -11.5078 -10.0248 68.5412 -11.5372 -0.3281 64.6716 -120.0354 -10.0177 0.4527 0.0524 0.4977 0.0525 0.4525 0.5191
3 16 64.6716 -120.0354 -10.0177 68.5412 -11.5372 -0.3281 68.5211 -120.0354 -0.3257 0.4525 0.5191 0.4977 0.0525 0.4975 0.5192
3 16 70.0483 -11.4802 9.9929 70.0309 -120.0304 10.0259 68.5412 -11.5372 -0.3281 0.5428 0.0523 0.5426 0.5192 0.4977 0.0525
3 16 68.5412 -11.5372 -0.3281 70.0309 -120.0304 10.0259 68.5211 -120.0354 -0.3257 0.4977 0.0525 0.5426 0.5192 0.4975 0.5192
3 16 58.212 -11.5079 -18.212 58.2017 -120.0354 -18.2017 50.0248 -11.5078 -24.6844 0.4077 0.0524 0.4075 0.5191 0.3626 0.0523
3 16 50.0248 -11.5078 -24.6844 58.2017 -120.0354 -18.2017 50.0177 -120.0354 -24.6716 0.3626 0.0523 0.4075 0.5191 0.3624 0.5191
3 16 40.3227 -120.0354 -28.5241 40.3282 -11.5078 -28.5378 50.0177 -120.0354 -24.6716 0.3174 0.5191 0.3176 0.0523 0.3624 0.5191
3 16 50.0177 -120.0354 -24.6716 40.3282 -11.5078 -28.5378 50.0248 -11.5078 -24.6844 0.3624 0.5191 0.3176 0.0523 0.3626 0.0523
3 16 30 -9.9354 -27.9212 32.6001 -12.5355 -28.2819 30 -13.7423 -28.2818 0.7733 0.269 0.7837 0.2795 0.7732 0.2842
3 16 30 -9.9354 -27.9212 32.6001 -7.3353 -28.2819 33.8069 -9.9354 -28.2818 0.7733 0.269 0.7839 0.2586 0.7886 0.2691
3 16 30 -9.9354 -27.9212 30 -6.1285 -28.2818 32.6001 -7.3353 -28.2819 0.7733 0.269 0.7735 0.2537 0.7839 0.2586
3 16 30 -15.2521 -28.5429 30 -13.7423 -28.2818 33.6329 -13.5681 -28.547 0.7732 0.2905 0.7732 0.2842 0.7879 0.2838
3 16 33.6329 -13.5681 -28.547 30 -13.7423 -28.2818 32.6001 -12.5355 -28.2819 0.7879 0.2838 0.7732 0.2842 0.7837 0.2795
3 16 35.327 -9.9354 -28.5532 33.6329 -13.5681 -28.547 33.8069 -9.9354 -28.2818 0.7949 0.2692 0.7879 0.2838 0.7886 0.2691
3 16 33.8069 -9.9354 -28.2818 33.6329 -13.5681 -28.547 32.6001 -12.5355 -28.2819 0.7886 0.2691 0.7879 0.2838 0.7837 0.2795
3 16 35.327 -9.9354 -28.5532 33.8069 -9.9354 -28.2818 33.6329 -6.3027 -28.547 0.7949 0.2692 0.7886 0.2691 0.7882 0.2544
3 16 33.6329 -6.3027 -28.547 33.8069 -9.9354 -28.2818 32.6001 -7.3353 -28.2819 0.7882 0.2544 0.7886 0.2691 0.7839 0.2586
3 16 32.6001 -7.3353 -28.2819 30 -6.1285 -28.2818 33.6329 -6.3027 -28.547 0.7839 0.2586 0.7735 0.2537 0.7882 0.2544
3 16 33.6329 -6.3027 -28.547 30 -6.1285 -28.2818 30 -4.6187 -28.5429 0.7882 0.2544 0.7735 0.2537 0.7735 0.2474
3 16 33.6329 -13.5681 -28.547 33.714 -13.6421 -29.4921 30 -15.2521 -28.5429 0.5985 0.7888 0.5988 0.7925 0.5826 0.7894
3 16 30 -15.2521 -28.5429 33.714 -13.6421 -29.4921 30 -15.3662 -30.0366 0.5826 0.7894 0.5988 0.7925 0.5825 0.7951
3 16 35.327 -9.9354 -28.5532 35.435 -9.9354 -29.2408 33.6329 -13.5681 -28.547 0.6143 0.787 0.6148 0.7896 0.5985 0.7888
3 16 33.6329 -13.5681 -28.547 35.435 -9.9354 -29.2408 33.714 -13.6421 -29.4921 0.5985 0.7888 0.6148 0.7896 0.5988 0.7925
3 16 33.714 -6.2288 -29.4921 35.435 -9.9354 -29.2408 33.6329 -6.3027 -28.547 0.6308 0.7869 0.6148 0.7896 0.6299 0.7834
3 16 33.6329 -6.3027 -28.547 35.435 -9.9354 -29.2408 35.327 -9.9354 -28.5532 0.6299 0.7834 0.6148 0.7896 0.6143 0.787
3 16 30 -4.5139 -30.0249 33.714 -6.2288 -29.4921 30 -4.6187 -28.5429 0.647 0.7841 0.6308 0.7869 0.6452 0.7787
3 16 30 -4.6187 -28.5429 33.714 -6.2288 -29.4921 33.6329 -6.3027 -28.547 0.6452 0.7787 0.6308 0.7869 0.6299 0.7834
3 16 50.0146 0.0354 -24.6732 50.0248 -11.5078 -24.6844 40.3235 0.0354 -28.5239 0.3627 0.0028 0.3626 0.0523 0.3177 0.0028
3 16 40.3235 0.0354 -28.5239 50.0248 -11.5078 -24.6844 40.3282 -11.5078 -28.5378 0.3177 0.0028 0.3626 0.0523 0.3176 0.0523
3 16 70.0292 0.0304 10.026 70.0483 -11.4802 9.9929 68.5211 0.0354 -0.3201 0.5428 0.0029 0.5428 0.0523 0.4978 0.0029
3 16 68.5211 0.0354 -0.3201 70.0483 -11.4802 9.9929 68.5412 -11.5372 -0.3281 0.4978 0.0029 0.5428 0.0523 0.4977 0.0525
3 16 68.5412 -11.5372 -0.3281 64.6844 -11.5078 -10.0248 68.5211 0.0354 -0.3201 0.4977 0.0525 0.4527 0.0524 0.4978 0.0029
3 16 68.5211 0.0354 -0.3201 64.6844 -11.5078 -10.0248 64.6732 0.0354 -10.0146 0.4978 0.0029 0.4527 0.0524 0.4528 0.0029
3 16 58.212 -11.5079 -18.212 64.6844 -11.5078 -10.0248 58.2017 -120.0354 -18.2017 0.4077 0.0524 0.4527 0.0524 0.4075 0.5191
3 16 58.2017 -120.0354 -18.2017 64.6844 -11.5078 -10.0248 64.6716 -120.0354 -10.0177 0.4075 0.5191 0.4527 0.0524 0.4525 0.5191
3 16 62.2744 0.0316 -13.5847 64.6732 0.0354 -10.0146 62.2734 -5.2194 -13.5856 0.4344 0.0028 0.4528 0.0029 0.4344 0.0254
3 16 62.2734 -5.2194 -13.5856 64.6732 0.0354 -10.0146 64.6844 -11.5078 -10.0248 0.4344 0.0254 0.4528 0.0029 0.4527 0.0524
3 16 58.2017 -5.2146 -18.2016 58.212 -11.5079 -18.212 53.6601 -5.2199 -22.2247 0.4077 0.0254 0.4077 0.0524 0.3814 0.0254
3 16 53.6601 -5.2199 -22.2247 58.212 -11.5079 -18.212 50.0248 -11.5078 -24.6844 0.3814 0.0254 0.4077 0.0524 0.3626 0.0523
3 16 33.714 -13.6421 -29.4921 40.3282 -11.5078 -28.5378 40.3227 -120.0354 -28.5241 0.2885 0.0617 0.3176 0.0523 0.3174 0.5191
3 16 35.435 -9.9354 -29.2408 40.3282 -11.5078 -28.5378 33.714 -13.6421 -29.4921 0.296 0.0455 0.3176 0.0523 0.2885 0.0617
3 16 40.3235 0.0354 -28.5239 33.714 -6.2288 -29.4921 30 0.0354 -30.0354 0.3177 0.0028 0.2888 0.0296 0.2726 0.0027
3 16 30 0.0354 -30.0354 33.714 -6.2288 -29.4921 30 -4.5139 -30.0249 0.2726 0.0027 0.2888 0.0296 0.2726 0.0219
3 16 35.435 -9.9354 -29.2408 33.714 -6.2288 -29.4921 40.3282 -11.5078 -28.5378 0.296 0.0455 0.2888 0.0296 0.3176 0.0523
3 16 40.3282 -11.5078 -28.5378 33.714 -6.2288 -29.4921 40.3235 0.0354 -28.5239 0.3176 0.0523 0.2888 0.0296 0.3177 0.0028
3 16 53.6592 0.0311 -22.2257 53.6601 -5.2199 -22.2247 50.0146 0.0354 -24.6732 0.3814 0.0028 0.3814 0.0254 0.3627 0.0028
3 16 50.0146 0.0354 -24.6732 53.6601 -5.2199 -22.2247 50.0248 -11.5078 -24.6844 0.3627 0.0028 0.3814 0.0254 0.3626 0.0523
3 16 64.6844 -11.5078 -10.0248 58.212 -11.5079 -18.212 62.2734 -5.2194 -13.5856 0.4527 0.0524 0.4077 0.0524 0.4344 0.0254
3 16 62.2734 -5.2194 -13.5856 58.212 -11.5079 -18.212 58.2017 -5.2146 -18.2016 0.4344 0.0254 0.4077 0.0524 0.4077 0.0254
3 16 33.714 -13.6421 -29.4921 40.3227 -120.0354 -28.5241 30 -15.3662 -30.0366 0.2885 0.0617 0.3174 0.5191 0.2726 0.0691
3 16 30 -15.3662 -30.0366 40.3227 -120.0354 -28.5241 30 -120.0354 -30.0354 0.2726 0.0691 0.3174 0.5191 0.2724 0.5191
3 16 30 -9.9354 -27.9212 33.8069 -9.9354 -28.2818 32.6001 -12.5355 -28.2819 0.7733 0.269 0.7886 0.2691 0.7837 0.2795
3 16 49.1902 0.0354 -20.707 49.193 0.0408 -13.7704 49.1902 -5.2146 -20.707 0.9295 0.9027 0.8996 0.9025 0.9297 0.8802
3 16 49.1902 -5.2146 -20.707 49.193 0.0408 -13.7704 49.2015 -5.2211 -13.7789 0.9297 0.8802 0.8996 0.9025 0.8997 0.88
3 16 46.3851 0.025 -22.3237 49.1902 0.0354 -20.707 50.0146 0.0354 -24.6732 0.8481 0.3639 0.8601 0.3574 0.8632 0.3736
3 16 49.9711 -8.0289 10.0289 66.396 -8.0272 10.0325 49.9711 0.0289 10.0289 0.6521 0.0398 0.5831 0.0411 0.6515 0.0059
3 16 49.9711 0.0289 10.0289 66.396 -8.0272 10.0325 70.0292 0.0304 10.026 0.6515 0.0059 0.5831 0.0411 0.5674 0.0074
3 16 49.9711 0.0289 10.0289 49.9711 0.0289 -9.9711 49.9711 -8.0289 10.0289 0.5955 0.4122 0.6784 0.4114 0.5959 0.4467
3 16 49.9711 -8.0289 10.0289 49.9711 0.0289 -9.9711 49.9711 -8.0289 -9.9711 0.5959 0.4467 0.6784 0.4114 0.6787 0.446
3 16 30 -8.0354 -9.9646 49.9711 -8.0289 -9.9711 30 0.0354 -9.9646 0.7769 0.4459 0.6899 0.446 0.777 0.4113
3 16 30 0.0354 -9.9646 49.9711 -8.0289 -9.9711 49.9711 0.0289 -9.9711 0.777 0.4113 0.6899 0.446 0.6896 0.4114
3 16 49.9711 -120.0289 -9.9711 30 -120.0354 -9.9646 40.3227 -120.0354 -28.5241 0.6892 0.1417 0.7755 0.1427 0.7312 0.2218
3 16 40.3227 -120.0354 -28.5241 30 -120.0354 -9.9646 30 -120.0354 -30.0354 0.7312 0.2218 0.7755 0.1427 0.7754 0.2283
3 16 49.9711 -120.0289 -9.9711 40.3227 -120.0354 -28.5241 50.0177 -120.0354 -24.6716 0.6892 0.1417 0.7312 0.2218 0.6898 0.2052
3 16 49.9711 -120.0289 -9.9711 64.6716 -120.0354 -10.0177 68.5211 -120.0354 -0.3257 0.6892 0.1417 0.6273 0.1423 0.611 0.1007
3 16 49.9711 -120.0289 -9.9711 50.0177 -120.0354 -24.6716 58.2017 -120.0354 -18.2017 0.6892 0.1417 0.6898 0.2052 0.6548 0.1775
3 16 70.0292 0.0304 10.026 66.396 -8.0272 10.0325 70.0309 -120.0304 10.0259 0.5674 0.0074 0.5831 0.0411 0.5681 0.5169
3 16 70.0309 -120.0304 10.0259 66.396 -8.0272 10.0325 66.396 -116.2228 10.0325 0.5681 0.5169 0.5831 0.0411 0.5833 0.5009
3 16 49.9711 -116.2211 10.0289 49.9711 -120.0289 10.0289 66.396 -116.2228 10.0325 0.6523 0.5007 0.6524 0.5167 0.5833 0.5009
3 16 66.396 -116.2228 10.0325 49.9711 -120.0289 10.0289 70.0309 -120.0304 10.0259 0.5833 0.5009 0.6524 0.5167 0.5681 0.5169
3 16 30 -8.0354 -9.9646 44.0314 -8.0354 -23.4579 49.9711 -8.0289 -9.9711 0.8256 0.5775 0.8833 0.5228 0.9094 0.5782
3 16 49.9711 -8.0289 -9.9711 44.0314 -8.0354 -23.4579 55.7798 -8.0354 -15.608 0.9094 0.5782 0.8833 0.5228 0.9323 0.5542
3 16 49.9711 -116.2211 10.0289 49.9711 -116.2211 -9.9711 49.9711 -120.0289 10.0289 0.5942 0.4644 0.6797 0.464 0.5942 0.4806
3 16 49.9711 -120.0289 10.0289 49.9711 -116.2211 -9.9711 49.9711 -120.0289 -9.9711 0.5942 0.4806 0.6797 0.464 0.6797 0.4802
3 16 55.7798 -116.2146 -15.608 49.9711 -116.2211 -9.9711 63.6307 -116.2146 -3.8584 0.933 0.78 0.9103 0.7562 0.9644 0.7312
3 16 63.6307 -116.2146 -3.8584 49.9711 -116.2211 -9.9711 49.9711 -116.2211 10.0289 0.9644 0.7312 0.9103 0.7562 0.9108 0.6744
3 16 66.396 -8.0272 10.0325 63.6307 -8.0354 -3.8584 66.396 -116.2228 10.0325 0 0.5253 0.0604 0.5253 0 0.9884
3 16 66.396 -116.2228 10.0325 63.6307 -8.0354 -3.8584 63.6307 -116.2146 -3.8584 0 0.9884 0.0604 0.5253 0.0605 0.9884
3 16 49.9711 -116.2211 10.0289 66.396 -116.2228 10.0325 63.6307 -116.2146 -3.8584 0.9108 0.6744 0.9772 0.6748 0.9644 0.7312
3 16 49.9711 -116.2211 -9.9711 30 -116.2146 -9.9646 49.9711 -120.0289 -9.9711 0.6909 0.464 0.778 0.4639 0.6909 0.4802
3 16 49.9711 -120.0289 -9.9711 30 -116.2146 -9.9646 30 -120.0354 -9.9646 0.6909 0.4802 0.778 0.4639 0.778 0.4801
3 16 30 -116.2146 -26.2146 44.0314 -116.2146 -23.4579 30 -8.0354 -26.2147 0.2429 0.9884 0.1815 0.9884 0.2428 0.5248
3 16 30 -8.0354 -26.2147 44.0314 -116.2146 -23.4579 44.0314 -8.0354 -23.4579 0.2428 0.5248 0.1815 0.9884 0.1814 0.5253
3 16 44.0314 -116.2146 -23.4579 55.7798 -116.2146 -15.608 44.0314 -8.0354 -23.4579 0.1815 0.9884 0.121 0.9884 0.1814 0.5253
3 16 44.0314 -8.0354 -23.4579 55.7798 -116.2146 -15.608 55.7798 -8.0354 -15.608 0.1814 0.5253 0.121 0.9884 0.121 0.5253
3 16 55.7798 -116.2146 -15.608 63.6307 -116.2146 -3.8584 55.7798 -8.0354 -15.608 0.121 0.9884 0.0605 0.9884 0.121 0.5253
3 16 55.7798 -8.0354 -15.608 63.6307 -116.2146 -3.8584 63.6307 -8.0354 -3.8584 0.121 0.5253 0.0605 0.9884 0.0604 0.5253
3 16 44.0314 -116.2146 -23.4579 30 -116.2146 -26.2146 30 -116.2146 -9.9646 0.8843 0.8112 0.8269 0.823 0.827 0.7569
3 16 51.0071 0.0266 -19.6262 51.0071 -5.2234 -19.6262 53.6592 0.0311 -22.2257 0.9732 0.9028 0.9734 0.8803 0.9888 0.9029
3 16 53.6592 0.0311 -22.2257 51.0071 -5.2234 -19.6262 53.6601 -5.2199 -22.2247 0.9888 0.9029 0.9734 0.8803 0.989 0.8804
3 16 49.9711 0.0289 10.0289 53.7789 0.0289 6.2211 49.9711 0.0289 -9.9711 0.8611 0.2269 0.8767 0.2423 0.8636 0.3106
3 16 49.9711 0.0289 -9.9711 53.7789 0.0289 6.2211 53.7789 0.0289 -13.7789 0.8636 0.3106 0.8767 0.2423 0.8792 0.3269
3 16 53.7789 0.0289 -13.7789 53.7789 0.0289 6.2211 53.7789 -5.2211 -13.7789 0.8437 0.9025 0.7581 0.9027 0.8437 0.88
3 16 53.7789 -5.2211 -13.7789 53.7789 0.0289 6.2211 53.7789 -5.2211 6.2211 0.8437 0.88 0.7581 0.9027 0.758 0.8802
3 16 66.2227 0.0289 6.2211 53.7789 0.0289 6.2211 70.0292 0.0304 10.026 0.9295 0.2408 0.8767 0.2423 0.945 0.2246
3 16 70.0292 0.0304 10.026 53.7789 0.0289 6.2211 49.9711 0.0289 10.0289 0.945 0.2246 0.8767 0.2423 0.8611 0.2269
3 16 53.7789 0.0289 6.2211 66.2227 0.0289 6.2211 53.7789 -5.2211 6.2211 0.7326 0.9027 0.6798 0.9028 0.7325 0.8802
3 16 53.7789 -5.2211 6.2211 66.2227 0.0289 6.2211 66.2227 -5.2211 6.2211 0.7325 0.8802 0.6798 0.9028 0.6797 0.8803
3 16 66.2163 0.0354 0.0011 66.2227 0.0289 6.2211 68.5211 0.0354 -0.3201 0.9307 0.2673 0.9295 0.2408 0.9394 0.2684
3 16 68.5211 0.0354 -0.3201 66.2227 0.0289 6.2211 70.0292 0.0304 10.026 0.9394 0.2684 0.9295 0.2408 0.945 0.2246
3 16 66.2227 0.0289 6.2211 66.2163 0.0354 0.0011 66.2227 -5.2211 6.2211 0.6431 0.9028 0.6162 0.9028 0.643 0.8803
3 16 66.2227 -5.2211 6.2211 66.2163 0.0354 0.0011 66.2163 -5.2146 0.0011 0.643 0.8803 0.6162 0.9028 0.6163 0.8803
3 16 66.2163 0.0354 0.0011 65.9564 0.0354 -2.2739 66.2163 -5.2146 0.0011 0.6162 0.9028 0.6063 0.9028 0.6163 0.8803
3 16 66.2163 -5.2146 0.0011 65.9564 0.0354 -2.2739 65.9564 -5.2146 -2.2739 0.6163 0.8803 0.6063 0.9028 0.6063 0.8804
3 16 65.9564 0.0354 -2.2739 64.725 0.0354 -4.2305 65.9564 -5.2146 -2.2739 0.6063 0.9028 0.5963 0.9028 0.6063 0.8804
3 16 65.9564 -5.2146 -2.2739 64.725 0.0354 -4.2305 64.725 -5.2146 -4.2305 0.6063 0.8804 0.5963 0.9028 0.5964 0.8804
3 16 65.9564 0.0354 -2.2739 66.2163 0.0354 0.0011 68.5211 0.0354 -0.3201 0.929 0.2769 0.9307 0.2673 0.9394 0.2684
3 16 62.2744 0.0316 -13.5847 59.7985 0.0263 -10.8336 64.6732 0.0354 -10.0146 0.914 0.3249 0.9037 0.3135 0.9239 0.3097
3 16 64.6732 0.0354 -10.0146 59.7985 0.0263 -10.8336 62.8496 0.0354 -5.613 0.9239 0.3097 0.9037 0.3135 0.9162 0.2914
3 16 64.725 0.0354 -4.2305 62.8496 0.0354 -5.613 64.725 -5.2146 -4.2305 0.5963 0.9028 0.5864 0.9028 0.5964 0.8804
3 16 64.725 -5.2146 -4.2305 62.8496 0.0354 -5.613 62.8496 -5.2146 -5.613 0.5964 0.8804 0.5864 0.9028 0.5864 0.8803
3 16 62.8496 0.0354 -5.613 59.7985 0.0263 -10.8336 62.8496 -5.2146 -5.613 0.5864 0.9028 0.5606 0.9028 0.5864 0.8803
3 16 62.8496 -5.2146 -5.613 59.7985 0.0263 -10.8336 59.7985 -5.2237 -10.8336 0.5864 0.8803 0.5606 0.9028 0.5606 0.8803
3 16 62.2734 -5.2194 -13.5856 59.7985 -5.2237 -10.8336 62.2744 0.0316 -13.5847 0.5214 0.8803 0.537 0.8803 0.5213 0.9027
3 16 62.2744 0.0316 -13.5847 59.7985 -5.2237 -10.8336 59.7985 0.0263 -10.8336 0.5213 0.9027 0.537 0.8803 0.5369 0.9028
3 16 53.7789 -5.2211 -13.7789 59.7985 -5.2237 -10.8336 58.2017 -5.2146 -18.2016 0.5524 0.6945 0.5644 0.72 0.5338 0.7129
3 16 58.2017 -5.2146 -18.2016 59.7985 -5.2237 -10.8336 62.2734 -5.2194 -13.5856 0.5338 0.7129 0.5644 0.72 0.553 0.73
3 16 53.7789 -5.2211 -13.7789 58.2017 -5.2146 -18.2016 51.0071 -5.2234 -19.6262 0.5524 0.6945 0.5338 0.7129 0.5277 0.683
3 16 51.0071 -5.2234 -19.6262 58.2017 -5.2146 -18.2016 53.6601 -5.2199 -22.2247 0.5277 0.683 0.5338 0.7129 0.517 0.6939
3 16 53.7789 -5.2211 -13.7789 53.7789 -5.2211 6.2211 59.7985 -5.2237 -10.8336 0.5524 0.6945 0.6359 0.6964 0.5644 0.72
3 16 53.7789 -5.2211 6.2211 62.8496 -5.2146 -5.613 59.7985 -5.2237 -10.8336 0.6359 0.6964 0.5858 0.733 0.5644 0.72
3 16 65.9564 -5.2146 -2.2739 64.725 -5.2146 -4.2305 66.2163 -5.2146 0.0011 0.5995 0.7461 0.5914 0.7409 0.609 0.7474
3 16 66.2163 -5.2146 0.0011 64.725 -5.2146 -4.2305 62.8496 -5.2146 -5.613 0.609 0.7474 0.5914 0.7409 0.5858 0.733
3 16 53.7789 -5.2211 6.2211 66.2227 -5.2211 6.2211 62.8496 -5.2146 -5.613 0.6359 0.6964 0.6351 0.7478 0.5858 0.733
3 16 62.8496 -5.2146 -5.613 66.2227 -5.2211 6.2211 66.2163 -5.2146 0.0011 0.5858 0.733 0.6351 0.7478 0.609 0.7474
3 16 46.3851 0.025 -22.3237 46.4022 0.0408 -13.7704 49.1902 0.0354 -20.707 0.8481 0.3639 0.848 0.3275 0.8601 0.3574
3 16 49.1902 0.0354 -20.707 46.4022 0.0408 -13.7704 49.193 0.0408 -13.7704 0.8601 0.3574 0.848 0.3275 0.8597 0.3274
3 16 46.3851 -5.225 -22.3237 46.3938 -5.2211 -13.7789 46.3851 0.025 -22.3237 0.6314 0.9689 0.6683 0.9692 0.6312 0.9915
3 16 46.3851 0.025 -22.3237 46.3938 -5.2211 -13.7789 46.4022 0.0408 -13.7704 0.6312 0.9915 0.6683 0.9692 0.6682 0.9918
3 16 40.1714 -5.2146 -26.2147 40.1714 0.0354 -26.2147 30 -5.2276 -26.2053 0.5685 0.9688 0.5685 0.9914 0.5247 0.9688
3 16 30 -5.2276 -26.2053 40.1714 0.0354 -26.2147 30 0.0224 -26.2053 0.5247 0.9688 0.5685 0.9914 0.5248 0.9914
3 16 42.4453 -5.2146 -25.7842 42.4453 0.0354 -25.7842 40.1714 -5.2146 -26.2147 0.5785 0.9688 0.5785 0.9914 0.5685 0.9688
3 16 40.1714 -5.2146 -26.2147 42.4453 0.0354 -25.7842 40.1714 0.0354 -26.2147 0.5685 0.9688 0.5785 0.9914 0.5685 0.9914
3 16 44.4032 -5.2146 -24.5524 44.4032 0.0354 -24.5524 42.4453 -5.2146 -25.7842 0.5886 0.9689 0.5885 0.9914 0.5785 0.9688
3 16 42.4453 -5.2146 -25.7842 44.4032 0.0354 -24.5524 42.4453 0.0354 -25.7842 0.5785 0.9688 0.5885 0.9914 0.5785 0.9914
3 16 45.7804 -5.2146 -22.6817 45.7804 0.0354 -22.6817 44.4032 -5.2146 -24.5524 0.5986 0.9689 0.5984 0.9915 0.5886 0.9689
3 16 44.4032 -5.2146 -24.5524 45.7804 0.0354 -22.6817 44.4032 0.0354 -24.5524 0.5886 0.9689 0.5984 0.9915 0.5885 0.9914
3 16 45.7804 0.0354 -22.6817 45.7804 -5.2146 -22.6817 46.3851 0.025 -22.3237 0.5984 0.9915 0.5986 0.9689 0.6014 0.9915
3 16 46.3851 0.025 -22.3237 45.7804 -5.2146 -22.6817 46.3851 -5.225 -22.3237 0.6014 0.9915 0.5986 0.9689 0.6015 0.9689
3 16 51.0071 0.0266 -19.6262 53.6592 0.0311 -22.2257 49.1902 0.0354 -20.707 0.8676 0.3526 0.8786 0.3636 0.8601 0.3574
3 16 49.1902 0.0354 -20.707 53.6592 0.0311 -22.2257 50.0146 0.0354 -24.6732 0.8601 0.3574 0.8786 0.3636 0.8632 0.3736
3 16 49.193 0.0408 -13.7704 53.7789 0.0289 -13.7789 49.2015 -5.2211 -13.7789 0.8798 0.9025 0.8602 0.9025 0.8799 0.88
3 16 49.2015 -5.2211 -13.7789 53.7789 0.0289 -13.7789 53.7789 -5.2211 -13.7789 0.8799 0.88 0.8602 0.9025 0.8602 0.88
3 16 49.1902 -5.2146 -20.707 51.0071 -5.2234 -19.6262 49.1902 0.0354 -20.707 0.9476 0.8802 0.9569 0.8803 0.9474 0.9027
3 16 49.1902 0.0354 -20.707 51.0071 -5.2234 -19.6262 51.0071 0.0266 -19.6262 0.9474 0.9027 0.9569 0.8803 0.9567 0.9028
3 16 53.7789 -5.2211 -13.7789 51.0071 -5.2234 -19.6262 49.2015 -5.2211 -13.7789 0.5524 0.6945 0.5277 0.683 0.5524 0.6754
3 16 49.2015 -5.2211 -13.7789 51.0071 -5.2234 -19.6262 49.1902 -5.2146 -20.707 0.5524 0.6754 0.5277 0.683 0.5232 0.6753
3 16 46.3938 -5.2211 -13.7789 30 -5.2146 -13.7854 46.4022 0.0408 -13.7704 0.6942 0.9692 0.7647 0.9693 0.6941 0.9918
3 16 46.4022 0.0408 -13.7704 30 -5.2146 -13.7854 30 0.0354 -13.7854 0.6941 0.9918 0.7647 0.9693 0.7647 0.9919
3 16 30 -5.2276 -26.2053 30 -5.2146 -13.7854 40.1714 -5.2146 -26.2147 0.7743 0.0683 0.7743 0.1221 0.7306 0.0683
3 16 45.7804 -5.2146 -22.6817 44.4032 -5.2146 -24.5524 30 -5.2146 -13.7854 0.7063 0.0836 0.7123 0.0755 0.7743 0.1221
3 16 49.9711 0.0289 -9.9711 46.4022 0.0408 -13.7704 30 0.0354 -9.9646 0.8636 0.3106 0.848 0.3275 0.7784 0.312
3 16 30 0.0354 -9.9646 46.4022 0.0408 -13.7704 30 0.0354 -13.7854 0.7784 0.312 0.848 0.3275 0.7785 0.3278
3 16 49.193 0.0408 -13.7704 46.4022 0.0408 -13.7704 49.9711 0.0289 -9.9711 0.8597 0.3274 0.848 0.3275 0.8636 0.3106
3 16 46.3851 -5.225 -22.3237 45.7804 -5.2146 -22.6817 46.3938 -5.2211 -13.7789 0.7037 0.0851 0.7063 0.0836 0.7037 0.1221
3 16 53.7789 0.0289 -13.7789 49.193 0.0408 -13.7704 49.9711 0.0289 -9.9711 0.8792 0.3269 0.8597 0.3274 0.8636 0.3106
3 16 30 0.0354 -30.0354 30 0.0224 -26.2053 40.3235 0.0354 -28.5239 0.7788 0.3966 0.7787 0.3807 0.8224 0.39
3 16 40.3235 0.0354 -28.5239 30 0.0224 -26.2053 40.1714 0.0354 -26.2147 0.8224 0.39 0.7787 0.3807 0.8218 0.3805
3 16 40.3235 0.0354 -28.5239 42.4453 0.0354 -25.7842 50.0146 0.0354 -24.6732 0.8224 0.39 0.8314 0.3787 0.8632 0.3736
3 16 50.0146 0.0354 -24.6732 42.4453 0.0354 -25.7842 44.4032 0.0354 -24.5524 0.8632 0.3736 0.8314 0.3787 0.8397 0.3734
3 16 46.3851 0.025 -22.3237 50.0146 0.0354 -24.6732 45.7804 0.0354 -22.6817 0.8481 0.3639 0.8632 0.3736 0.8455 0.3654
3 16 50.0146 0.0354 -24.6732 44.4032 0.0354 -24.5524 45.7804 0.0354 -22.6817 0.8632 0.3736 0.8397 0.3734 0.8455 0.3654
3 16 40.3235 0.0354 -28.5239 40.1714 0.0354 -26.2147 42.4453 0.0354 -25.7842 0.8224 0.39 0.8218 0.3805 0.8314 0.3787
3 16 64.725 0.0354 -4.2305 64.6732 0.0354 -10.0146 62.8496 0.0354 -5.613 0.924 0.2854 0.9239 0.3097 0.9162 0.2914
3 16 68.5211 0.0354 -0.3201 64.6732 0.0354 -10.0146 65.9564 0.0354 -2.2739 0.9394 0.2684 0.9239 0.3097 0.929 0.2769
3 16 64.725 0.0354 -4.2305 65.9564 0.0354 -2.2739 64.6732 0.0354 -10.0146 0.924 0.2854 0.929 0.2769 0.9239 0.3097
3 16 49.9711 -120.0289 -9.9711 58.2017 -120.0354 -18.2017 64.6716 -120.0354 -10.0177 0.6892 0.1417 0.6548 0.1775 0.6273 0.1423
3 16 49.9711 -120.0289 -9.9711 68.5211 -120.0354 -0.3257 49.9711 -120.0289 10.0289 0.6892 0.1417 0.611 0.1007 0.6897 0.057
3 16 49.9711 -120.0289 10.0289 68.5211 -120.0354 -0.3257 70.0309 -120.0304 10.0259 0.6897 0.057 0.611 0.1007 0.6048 0.0565
3 16 46.3938 -5.2211 -13.7789 45.7804 -5.2146 -22.6817 30 -5.2146 -13.7854 0.7037 0.1221 0.7063 0.0836 0.7743 0.1221
3 16 30 -5.2146 -13.7854 44.4032 -5.2146 -24.5524 42.4453 -5.2146 -25.7842 0.7743 0.1221 0.7123 0.0755 0.7207 0.0702
3 16 30 -5.2146 -13.7854 42.4453 -5.2146 -25.7842 40.1714 -5.2146 -26.2147 0.7743 0.1221 0.7207 0.0702 0.7306 0.0683
3 16 55.7798 -116.2146 -15.608 44.0314 -116.2146 -23.4579 49.9711 -116.2211 -9.9711 0.933 0.78 0.8843 0.8112 0.9103 0.7562
3 16 49.9711 -116.2211 -9.9711 44.0314 -116.2146 -23.4579 30 -116.2146 -9.9646 0.9103 0.7562 0.8843 0.8112 0.827 0.7569
3 16 30 -116.2146 -9.9646 15.9686 -116.2146 -23.4579 10.0289 -116.2211 -9.9711 0.827 0.7569 0.7696 0.8112 0.7436 0.7561
3 16 10.0289 -116.2211 -9.9711 15.9686 -116.2146 -23.4579 4.2202 -116.2146 -15.608 0.7436 0.7561 0.7696 0.8112 0.7209 0.7799
3 16 10.0289 -116.2211 10.0289 -3.6307 -116.2146 -3.8584 -6.396 -116.2228 10.0325 0.7433 0.6744 0.6896 0.7311 0.677 0.6746
3 16 15.9686 -8.0354 -23.4579 30 -8.0354 -26.2147 30 -8.0354 -9.9646 0.7679 0.5229 0.8255 0.5138 0.8256 0.5775
3 16 44.0314 -8.0354 -23.4579 30 -8.0354 -9.9646 30 -8.0354 -26.2147 0.8833 0.5228 0.8256 0.5775 0.8255 0.5138
3 16 4.2202 -8.0354 -15.608 15.9686 -8.0354 -23.4579 10.0289 -8.0289 -9.9711 0.7189 0.5545 0.7679 0.5229 0.7419 0.5783
3 16 10.0289 -8.0289 -9.9711 15.9686 -8.0354 -23.4579 30 -8.0354 -9.9646 0.7419 0.5783 0.7679 0.5229 0.8256 0.5775
3 16 10.0289 -8.0289 10.0289 -3.6307 -8.0354 -3.8584 10.0289 -8.0289 -9.9711 0.7423 0.6605 0.6878 0.6039 0.7419 0.5783
3 16 10.0289 -8.0289 -9.9711 -3.6307 -8.0354 -3.8584 4.2202 -8.0354 -15.608 0.7419 0.5783 0.6878 0.6039 0.7189 0.5545
3 16 63.6307 -8.0354 -3.8584 66.396 -8.0272 10.0325 49.9711 -8.0289 10.0289 0.9638 0.6033 0.9766 0.66 0.9099 0.6604
3 16 55.7798 -8.0354 -15.608 63.6307 -8.0354 -3.8584 49.9711 -8.0289 -9.9711 0.9323 0.5542 0.9638 0.6033 0.9094 0.5782
3 16 49.9711 -8.0289 -9.9711 63.6307 -8.0354 -3.8584 49.9711 -8.0289 10.0289 0.9094 0.5782 0.9638 0.6033 0.9099 0.6604
0 STEP
