0 Untitled Model
0 Name: Untitled Model
0 Author: 
0 BFC CERTIFY CCW
3 16 -4.641 -11.5078 -10 -4.641 -120 -10 -8.4929 -11.5372 -0.3152
3 16 -8.4929 -11.5372 -0.3152 -4.641 -120 -10 -8.4869 -120 -0.3166
3 16 -8.4869 -120 -0.3166 -10.0008 -120 9.9999 -8.4929 -11.5372 -0.3152
3 16 -8.4929 -11.5372 -0.3152 -10.0008 -120 9.9999 -9.9988 -11.4802 10.0001
3 16 1.8233 -11.5078 -18.1767 10 -11.5078 -24.641 1.8233 -120 -18.1767
3 16 1.8233 -120 -18.1767 10 -11.5078 -24.641 10 -120 -24.641
3 16 19.6866 -120 -28.49 10 -120 -24.641 19.6866 -11.5078 -28.49
3 16 19.6866 -11.5078 -28.49 10 -120 -24.641 10 -11.5078 -24.641
3 16 30 -9.9354 -27.8712 30 -13.7491 -28.2323 27.3952 -12.5402 -28.2323
3 16 30 -9.9354 -27.8712 26.1863 -9.9354 -28.2323 27.3952 -7.3306 -28.2323
3 16 30 -9.9354 -27.8712 27.3952 -7.3306 -28.2323 30 -6.1217 -28.2323
3 16 30 -15.2923 -28.5131 26.3412 -13.5942 -28.5131 30 -13.7491 -28.2323
3 16 30 -13.7491 -28.2323 26.3412 -13.5942 -28.5131 27.3952 -12.5402 -28.2323
3 16 24.6431 -9.9354 -28.5131 26.1863 -9.9354 -28.2323 26.3412 -13.5942 -28.5131
3 16 26.3412 -13.5942 -28.5131 26.1863 -9.9354 -28.2323 27.3952 -12.5402 -28.2323
3 16 24.6431 -9.9354 -28.5131 26.3412 -6.2766 -28.5131 26.1863 -9.9354 -28.2323
3 16 26.1863 -9.9354 -28.2323 26.3412 -6.2766 -28.5131 27.3952 -7.3306 -28.2323
3 16 30 -4.5785 -28.5131 30 -6.1217 -28.2323 26.3412 -6.2766 -28.5131
3 16 26.3412 -6.2766 -28.5131 30 -6.1217 -28.2323 27.3952 -7.3306 -28.2323
3 16 26.3412 -13.5942 -28.5131 30 -15.2923 -28.5131 26.2674 -13.668 -29.4536
3 16 26.2674 -13.668 -29.4536 30 -15.2923 -28.5131 30 -15.4003 -30
3 16 24.6431 -9.9354 -28.5131 26.3412 -13.5942 -28.5131 24.5352 -9.9354 -29.2007
3 16 24.5352 -9.9354 -29.2007 26.3412 -13.5942 -28.5131 26.2674 -13.668 -29.4536
3 16 24.6431 -9.9354 -28.5131 24.5352 -9.9354 -29.2007 26.3412 -6.2766 -28.5131
3 16 26.3412 -6.2766 -28.5131 24.5352 -9.9354 -29.2007 26.2674 -6.2029 -29.4536
3 16 26.3412 -6.2766 -28.5131 26.2674 -6.2029 -29.4536 30 -4.5785 -28.5131
3 16 30 -4.5785 -28.5131 26.2674 -6.2029 -29.4536 30 -4.4706 -30
3 16 10 0 -24.641 19.6866 0 -28.49 10 -11.5078 -24.641
3 16 10 -11.5078 -24.641 19.6866 0 -28.49 19.6866 -11.5078 -28.49
3 16 -8.4929 -11.5372 -0.3152 -9.9988 -11.4802 10.0001 -8.487 0 -0.311
3 16 -8.487 0 -0.311 -9.9988 -11.4802 10.0001 -9.9992 0 10.0001
3 16 -4.641 0 -10 -4.641 -11.5078 -10 -8.487 0 -0.311
3 16 -8.487 0 -0.311 -4.641 -11.5078 -10 -8.4929 -11.5372 -0.3152
3 16 1.8233 -11.5078 -18.1767 1.8233 -120 -18.1767 -4.641 -11.5078 -10
3 16 -4.641 -11.5078 -10 1.8233 -120 -18.1767 -4.641 -120 -10
3 16 -4.641 -11.5078 -10 -4.641 0 -10 -2.2716 -5.25 -13.5461
3 16 -2.2716 -5.25 -13.5461 -4.641 0 -10 -2.2716 0 -13.5461
3 16 10 -11.5078 -24.641 1.8233 -11.5078 -18.1767 6.3797 -5.25 -22.2221
3 16 6.3797 -5.25 -22.2221 1.8233 -11.5078 -18.1767 1.8233 -5.25 -18.1767
3 16 26.2674 -13.668 -29.4536 19.6866 -120 -28.49 19.6866 -11.5078 -28.49
3 16 24.5352 -9.9354 -29.2007 26.2674 -13.668 -29.4536 19.6866 -11.5078 -28.49
3 16 19.6866 0 -28.49 30 0 -30 26.2674 -6.2029 -29.4536
3 16 26.2674 -6.2029 -29.4536 30 0 -30 30 -4.4706 -30
3 16 19.6866 0 -28.49 26.2674 -6.2029 -29.4536 19.6866 -11.5078 -28.49
3 16 19.6866 -11.5078 -28.49 26.2674 -6.2029 -29.4536 24.5352 -9.9354 -29.2007
3 16 10 -11.5078 -24.641 6.3797 -5.25 -22.2221 10 0 -24.641
3 16 10 0 -24.641 6.3797 -5.25 -22.2221 6.3797 0 -22.2221
3 16 -4.641 -11.5078 -10 -2.2716 -5.25 -13.5461 1.8233 -11.5078 -18.1767
3 16 1.8233 -11.5078 -18.1767 -2.2716 -5.25 -13.5461 1.8233 -5.25 -18.1767
3 16 26.2674 -13.668 -29.4536 30 -15.4003 -30 19.6866 -120 -28.49
3 16 19.6866 -120 -28.49 30 -15.4003 -30 30 -120 -30
3 16 30 -9.9354 -27.8712 27.3952 -12.5402 -28.2323 26.1863 -9.9354 -28.2323
3 16 10.8274 0 -20.7376 10.8274 -5.25 -20.7376 10.8274 0 -13.75
3 16 10.8274 0 -13.75 10.8274 -5.25 -20.7376 10.8274 -5.25 -13.75
3 16 13.5774 0 -22.3453 10 0 -24.641 10.8274 0 -20.7376
3 16 -9.9992 0 10.0001 -6.4226 -8 10 10 0 10
3 16 10 0 10 -6.4226 -8 10 10 -8 10
3 16 10 0 10 10 -8 10 10 0 -10
3 16 10 0 -10 10 -8 10 10 -8 -10
3 16 30 -8 -10 30 0 -10 10 -8 -10
3 16 10 -8 -10 30 0 -10 10 0 -10
3 16 10 -120 -10 19.6866 -120 -28.49 30 -120 -10
3 16 30 -120 -10 19.6866 -120 -28.49 30 -120 -30
3 16 10 -120 -10 10 -120 -24.641 19.6866 -120 -28.49
3 16 10 -120 -10 -8.4869 -120 -0.3166 -4.641 -120 -10
3 16 10 -120 -10 1.8233 -120 -18.1767 10 -120 -24.641
3 16 -9.9992 0 10.0001 -10.0008 -120 9.9999 -6.4226 -8 10
3 16 -6.4226 -8 10 -10.0008 -120 9.9999 -6.4226 -116.25 10
3 16 -10.0008 -120 9.9999 10 -120 10 -6.4226 -116.25 10
3 16 -6.4226 -116.25 10 10 -120 10 10 -116.25 10
3 16 -3.6634 -8 -3.8719 10 -8 10 -6.4226 -8 10
3 16 10 -116.25 10 10 -120 10 10 -116.25 -10
3 16 10 -116.25 -10 10 -120 10 10 -120 -10
3 16 -6.4226 -8 10 -6.4226 -116.25 10 -3.6634 -8 -3.8719
3 16 -3.6634 -8 -3.8719 -6.4226 -116.25 10 -3.6634 -116.25 -3.8719
3 16 10 -116.25 10 10 -116.25 -10 -3.6634 -116.25 -3.8719
3 16 -3.6634 -116.25 -3.8719 10 -116.25 -10 4.1952 -116.25 -15.633
3 16 10 -116.25 -10 10 -120 -10 30 -116.25 -10
3 16 30 -116.25 -10 10 -120 -10 30 -120 -10
3 16 30 -116.25 -26.25 30 -8 -26.25 15.9551 -116.25 -23.4906
3 16 15.9551 -116.25 -23.4906 30 -8 -26.25 15.9551 -8 -23.4906
3 16 15.9551 -116.25 -23.4906 15.9551 -8 -23.4906 4.1952 -116.25 -15.633
3 16 4.1952 -116.25 -15.633 15.9551 -8 -23.4906 4.1952 -8 -15.633
3 16 4.1952 -116.25 -15.633 4.1952 -8 -15.633 -3.6634 -116.25 -3.8719
3 16 -3.6634 -116.25 -3.8719 4.1952 -8 -15.633 -3.6634 -8 -3.8719
3 16 15.9551 -116.25 -23.4906 30 -116.25 -10 30 -116.25 -26.25
3 16 8.998 0 -19.6682 6.3797 0 -22.2221 8.998 -5.25 -19.6682
3 16 8.998 -5.25 -19.6682 6.3797 0 -22.2221 6.3797 -5.25 -22.2221
3 16 6.25 0 -13.75 6.25 0 6.25 10 0 -10
3 16 10 0 -10 6.25 0 6.25 10 0 10
3 16 6.25 0 -13.75 6.25 -5.25 -13.75 6.25 0 6.25
3 16 6.25 0 6.25 6.25 -5.25 -13.75 6.25 -5.25 6.25
3 16 -6.2516 0 6.25 -9.9992 0 10.0001 6.25 0 6.25
3 16 6.25 0 6.25 -9.9992 0 10.0001 10 0 10
3 16 6.25 0 6.25 6.25 -5.25 6.25 -6.2516 0 6.25
3 16 -6.2516 0 6.25 6.25 -5.25 6.25 -6.2516 -5.25 6.25
3 16 -6.2516 0 0 -8.487 0 -0.311 -6.2516 0 6.25
3 16 -6.2516 0 6.25 -8.487 0 -0.311 -9.9992 0 10.0001
3 16 -6.2516 0 6.25 -6.2516 -5.25 6.25 -6.2516 0 0
3 16 -6.2516 0 0 -6.2516 -5.25 6.25 -6.2516 -5.25 0
3 16 -6.2516 0 0 -6.2516 -5.25 0 -5.9897 0 -2.2856
3 16 -5.9897 0 -2.2856 -6.2516 -5.25 0 -5.9897 -5.25 -2.2856
3 16 -5.9897 0 -2.2856 -5.9897 -5.25 -2.2856 -4.7509 0 -4.2546
3 16 -4.7509 0 -4.2546 -5.9897 -5.25 -2.2856 -4.7509 -5.25 -4.2546
3 16 -5.9897 0 -2.2856 -8.487 0 -0.311 -6.2516 0 0
3 16 -2.2716 0 -13.5461 -4.641 0 -10 0.1592 0 -10.8294
3 16 0.1592 0 -10.8294 -4.641 0 -10 -2.8779 0 -5.6342
3 16 -4.7509 0 -4.2546 -4.7509 -5.25 -4.2546 -2.8779 0 -5.6342
3 16 -2.8779 0 -5.6342 -4.7509 -5.25 -4.2546 -2.8779 -5.25 -5.6342
3 16 -2.8779 0 -5.6342 -2.8779 -5.25 -5.6342 0.1592 0 -10.8294
3 16 0.1592 0 -10.8294 -2.8779 -5.25 -5.6342 0.1592 -5.25 -10.8294
3 16 -2.2716 -5.25 -13.5461 -2.2716 0 -13.5461 0.1592 -5.25 -10.8294
3 16 0.1592 -5.25 -10.8294 -2.2716 0 -13.5461 0.1592 0 -10.8294
3 16 6.25 -5.25 -13.75 1.8233 -5.25 -18.1767 0.1592 -5.25 -10.8294
3 16 0.1592 -5.25 -10.8294 1.8233 -5.25 -18.1767 -2.2716 -5.25 -13.5461
3 16 6.25 -5.25 -13.75 8.998 -5.25 -19.6682 1.8233 -5.25 -18.1767
3 16 1.8233 -5.25 -18.1767 8.998 -5.25 -19.6682 6.3797 -5.25 -22.2221
3 16 6.25 -5.25 -13.75 0.1592 -5.25 -10.8294 6.25 -5.25 6.25
3 16 0.1592 -5.25 -10.8294 -2.8779 -5.25 -5.6342 6.25 -5.25 6.25
3 16 -2.8779 -5.25 -5.6342 -4.7509 -5.25 -4.2546 -6.2516 -5.25 0
3 16 -6.2516 -5.25 0 -4.7509 -5.25 -4.2546 -5.9897 -5.25 -2.2856
3 16 6.25 -5.25 6.25 -2.8779 -5.25 -5.6342 -6.2516 -5.25 6.25
3 16 -6.2516 -5.25 6.25 -2.8779 -5.25 -5.6342 -6.2516 -5.25 0
3 16 13.5774 0 -22.3453 10.8274 0 -20.7376 13.5774 0 -13.75
3 16 13.5774 0 -13.75 10.8274 0 -20.7376 10.8274 0 -13.75
3 16 13.5774 -5.25 -22.3453 13.5774 0 -22.3453 13.5774 -5.25 -13.75
3 16 13.5774 -5.25 -13.75 13.5774 0 -22.3453 13.5774 0 -13.75
3 16 19.8274 -5.25 -26.25 30 -5.25 -26.25 19.8274 0 -26.25
3 16 19.8274 0 -26.25 30 -5.25 -26.25 30 0 -26.25
3 16 17.5418 -5.25 -25.8171 19.8274 -5.25 -26.25 17.5418 0 -25.8171
3 16 17.5418 0 -25.8171 19.8274 -5.25 -26.25 19.8274 0 -26.25
3 16 15.5728 -5.25 -24.5783 17.5418 -5.25 -25.8171 15.5728 0 -24.5783
3 16 15.5728 0 -24.5783 17.5418 -5.25 -25.8171 17.5418 0 -25.8171
3 16 14.1932 -5.25 -22.7053 15.5728 -5.25 -24.5783 14.1932 0 -22.7053
3 16 14.1932 0 -22.7053 15.5728 -5.25 -24.5783 15.5728 0 -24.5783
3 16 14.1932 0 -22.7053 13.5774 0 -22.3453 14.1932 -5.25 -22.7053
3 16 14.1932 -5.25 -22.7053 13.5774 0 -22.3453 13.5774 -5.25 -22.3453
3 16 10 0 -24.641 6.3797 0 -22.2221 10.8274 0 -20.7376
3 16 10.8274 0 -20.7376 6.3797 0 -22.2221 8.998 0 -19.6682
3 16 10.8274 0 -13.75 10.8274 -5.25 -13.75 6.25 0 -13.75
3 16 6.25 0 -13.75 10.8274 -5.25 -13.75 6.25 -5.25 -13.75
3 16 10.8274 -5.25 -20.7376 10.8274 0 -20.7376 8.998 -5.25 -19.6682
3 16 8.998 -5.25 -19.6682 10.8274 0 -20.7376 8.998 0 -19.6682
3 16 6.25 -5.25 -13.75 10.8274 -5.25 -13.75 8.998 -5.25 -19.6682
3 16 8.998 -5.25 -19.6682 10.8274 -5.25 -13.75 10.8274 -5.25 -20.7376
3 16 13.5774 -5.25 -13.75 13.5774 0 -13.75 30 -5.25 -13.75
3 16 30 -5.25 -13.75 13.5774 0 -13.75 30 0 -13.75
3 16 30 -5.25 -26.25 19.8274 -5.25 -26.25 30 -5.25 -13.75
3 16 14.1932 -5.25 -22.7053 30 -5.25 -13.75 15.5728 -5.25 -24.5783
3 16 10 0 -10 30 0 -10 13.5774 0 -13.75
3 16 13.5774 0 -13.75 30 0 -10 30 0 -13.75
3 16 10.8274 0 -13.75 10 0 -10 13.5774 0 -13.75
3 16 13.5774 -5.25 -22.3453 13.5774 -5.25 -13.75 14.1932 -5.25 -22.7053
3 16 6.25 0 -13.75 10 0 -10 10.8274 0 -13.75
3 16 30 0 -30 19.6866 0 -28.49 30 0 -26.25
3 16 30 0 -26.25 19.6866 0 -28.49 19.8274 0 -26.25
3 16 19.6866 0 -28.49 10 0 -24.641 17.5418 0 -25.8171
3 16 10 0 -24.641 15.5728 0 -24.5783 17.5418 0 -25.8171
3 16 13.5774 0 -22.3453 14.1932 0 -22.7053 10 0 -24.641
3 16 14.1932 0 -22.7053 15.5728 0 -24.5783 10 0 -24.641
3 16 19.6866 0 -28.49 17.5418 0 -25.8171 19.8274 0 -26.25
3 16 -4.7509 0 -4.2546 -2.8779 0 -5.6342 -4.641 0 -10
3 16 -8.487 0 -0.311 -5.9897 0 -2.2856 -4.641 0 -10
3 16 -4.7509 0 -4.2546 -4.641 0 -10 -5.9897 0 -2.2856
3 16 10 -120 -10 -4.641 -120 -10 1.8233 -120 -18.1767
3 16 -10.0008 -120 9.9999 -8.4869 -120 -0.3166 10 -120 10
3 16 10 -120 10 -8.4869 -120 -0.3166 10 -120 -10
3 16 13.5774 -5.25 -13.75 30 -5.25 -13.75 14.1932 -5.25 -22.7053
3 16 30 -5.25 -13.75 17.5418 -5.25 -25.8171 15.5728 -5.25 -24.5783
3 16 30 -5.25 -13.75 19.8274 -5.25 -26.25 17.5418 -5.25 -25.8171
3 16 64.641 -11.5078 -10 68.4929 -11.5372 -0.3152 64.641 -120 -10
3 16 64.641 -120 -10 68.4929 -11.5372 -0.3152 68.4869 -120 -0.3166
3 16 69.9988 -11.4802 10.0001 70.0008 -120 9.9999 68.4929 -11.5372 -0.3152
3 16 68.4929 -11.5372 -0.3152 70.0008 -120 9.9999 68.4869 -120 -0.3166
3 16 58.1767 -11.5078 -18.1767 58.1767 -120 -18.1767 50 -11.5078 -24.641
3 16 50 -11.5078 -24.641 58.1767 -120 -18.1767 50 -120 -24.641
3 16 40.3134 -120 -28.49 40.3134 -11.5078 -28.49 50 -120 -24.641
3 16 50 -120 -24.641 40.3134 -11.5078 -28.49 50 -11.5078 -24.641
3 16 30 -9.9354 -27.8712 32.6048 -12.5402 -28.2323 30 -13.7491 -28.2323
3 16 30 -9.9354 -27.8712 32.6048 -7.3306 -28.2323 33.8137 -9.9354 -28.2323
3 16 30 -9.9354 -27.8712 30 -6.1217 -28.2323 32.6048 -7.3306 -28.2323
3 16 30 -15.2923 -28.5131 30 -13.7491 -28.2323 33.6588 -13.5942 -28.5131
3 16 33.6588 -13.5942 -28.5131 30 -13.7491 -28.2323 32.6048 -12.5402 -28.2323
3 16 35.3569 -9.9354 -28.5131 33.6588 -13.5942 -28.5131 33.8137 -9.9354 -28.2323
3 16 33.8137 -9.9354 -28.2323 33.6588 -13.5942 -28.5131 32.6048 -12.5402 -28.2323
3 16 35.3569 -9.9354 -28.5131 33.8137 -9.9354 -28.2323 33.6588 -6.2766 -28.5131
3 16 33.6588 -6.2766 -28.5131 33.8137 -9.9354 -28.2323 32.6048 -7.3306 -28.2323
3 16 32.6048 -7.3306 -28.2323 30 -6.1217 -28.2323 33.6588 -6.2766 -28.5131
3 16 33.6588 -6.2766 -28.5131 30 -6.1217 -28.2323 30 -4.5785 -28.5131
3 16 33.6588 -13.5942 -28.5131 33.7326 -13.668 -29.4536 30 -15.2923 -28.5131
3 16 30 -15.2923 -28.5131 33.7326 -13.668 -29.4536 30 -15.4003 -30
3 16 35.3569 -9.9354 -28.5131 35.4649 -9.9354 -29.2007 33.6588 -13.5942 -28.5131
3 16 33.6588 -13.5942 -28.5131 35.4649 -9.9354 -29.2007 33.7326 -13.668 -29.4536
3 16 33.7326 -6.2029 -29.4536 35.4649 -9.9354 -29.2007 33.6588 -6.2766 -28.5131
3 16 33.6588 -6.2766 -28.5131 35.4649 -9.9354 -29.2007 35.3569 -9.9354 -28.5131
3 16 30 -4.4706 -30 33.7326 -6.2029 -29.4536 30 -4.5785 -28.5131
3 16 30 -4.5785 -28.5131 33.7326 -6.2029 -29.4536 33.6588 -6.2766 -28.5131
3 16 50 0 -24.641 50 -11.5078 -24.641 40.3134 0 -28.49
3 16 40.3134 0 -28.49 50 -11.5078 -24.641 40.3134 -11.5078 -28.49
3 16 69.9992 0 10.0001 69.9988 -11.4802 10.0001 68.487 0 -0.311
3 16 68.487 0 -0.311 69.9988 -11.4802 10.0001 68.4929 -11.5372 -0.3152
3 16 68.4929 -11.5372 -0.3152 64.641 -11.5078 -10 68.487 0 -0.311
3 16 68.487 0 -0.311 64.641 -11.5078 -10 64.641 0 -10
3 16 58.1767 -11.5078 -18.1767 64.641 -11.5078 -10 58.1767 -120 -18.1767
3 16 58.1767 -120 -18.1767 64.641 -11.5078 -10 64.641 -120 -10
3 16 62.2716 0 -13.5461 64.641 0 -10 62.2716 -5.25 -13.5461
3 16 62.2716 -5.25 -13.5461 64.641 0 -10 64.641 -11.5078 -10
3 16 58.1767 -5.25 -18.1767 58.1767 -11.5078 -18.1767 53.6203 -5.25 -22.2221
3 16 53.6203 -5.25 -22.2221 58.1767 -11.5078 -18.1767 50 -11.5078 -24.641
3 16 33.7326 -13.668 -29.4536 40.3134 -11.5078 -28.49 40.3134 -120 -28.49
3 16 35.4649 -9.9354 -29.2007 40.3134 -11.5078 -28.49 33.7326 -13.668 -29.4536
3 16 40.3134 0 -28.49 33.7326 -6.2029 -29.4536 30 0 -30
3 16 30 0 -30 33.7326 -6.2029 -29.4536 30 -4.4706 -30
3 16 35.4649 -9.9354 -29.2007 33.7326 -6.2029 -29.4536 40.3134 -11.5078 -28.49
3 16 40.3134 -11.5078 -28.49 33.7326 -6.2029 -29.4536 40.3134 0 -28.49
3 16 53.6203 0 -22.2221 53.6203 -5.25 -22.2221 50 0 -24.641
3 16 50 0 -24.641 53.6203 -5.25 -22.2221 50 -11.5078 -24.641
3 16 64.641 -11.5078 -10 58.1767 -11.5078 -18.1767 62.2716 -5.25 -13.5461
3 16 62.2716 -5.25 -13.5461 58.1767 -11.5078 -18.1767 58.1767 -5.25 -18.1767
3 16 33.7326 -13.668 -29.4536 40.3134 -120 -28.49 30 -15.4003 -30
3 16 30 -15.4003 -30 40.3134 -120 -28.49 30 -120 -30
3 16 30 -9.9354 -27.8712 33.8137 -9.9354 -28.2323 32.6048 -12.5402 -28.2323
3 16 49.1726 0 -20.7376 49.1726 0 -13.75 49.1726 -5.25 -20.7376
3 16 49.1726 -5.25 -20.7376 49.1726 0 -13.75 49.1726 -5.25 -13.75
3 16 46.4226 0 -22.3453 49.1726 0 -20.7376 50 0 -24.641
3 16 50 -8 10 66.4226 -8 10 50 0 10
3 16 50 0 10 66.4226 -8 10 69.9992 0 10.0001
3 16 50 0 10 50 0 -10 50 -8 10
3 16 50 -8 10 50 0 -10 50 -8 -10
3 16 30 -8 -10 50 -8 -10 30 0 -10
3 16 30 0 -10 50 -8 -10 50 0 -10
3 16 50 -120 -10 30 -120 -10 40.3134 -120 -28.49
3 16 40.3134 -120 -28.49 30 -120 -10 30 -120 -30
3 16 50 -120 -10 40.3134 -120 -28.49 50 -120 -24.641
3 16 50 -120 -10 64.641 -120 -10 68.4869 -120 -0.3166
3 16 50 -120 -10 50 -120 -24.641 58.1767 -120 -18.1767
3 16 69.9992 0 10.0001 66.4226 -8 10 70.0008 -120 9.9999
3 16 70.0008 -120 9.9999 66.4226 -8 10 66.4226 -116.25 10
3 16 50 -116.25 10 50 -120 10 66.4226 -116.25 10
3 16 66.4226 -116.25 10 50 -120 10 70.0008 -120 9.9999
3 16 30 -8 -10 44.0449 -8 -23.4906 50 -8 -10
3 16 50 -8 -10 44.0449 -8 -23.4906 55.8048 -8 -15.633
3 16 50 -116.25 10 50 -116.25 -10 50 -120 10
3 16 50 -120 10 50 -116.25 -10 50 -120 -10
3 16 55.8048 -116.25 -15.633 50 -116.25 -10 63.6634 -116.25 -3.8719
3 16 63.6634 -116.25 -3.8719 50 -116.25 -10 50 -116.25 10
3 16 66.4226 -8 10 63.6634 -8 -3.8719 66.4226 -116.25 10
3 16 66.4226 -116.25 10 63.6634 -8 -3.8719 63.6634 -116.25 -3.8719
3 16 50 -116.25 10 66.4226 -116.25 10 63.6634 -116.25 -3.8719
3 16 50 -116.25 -10 30 -116.25 -10 50 -120 -10
3 16 50 -120 -10 30 -116.25 -10 30 -120 -10
3 16 30 -116.25 -26.25 44.0449 -116.25 -23.4906 30 -8 -26.25
3 16 30 -8 -26.25 44.0449 -116.25 -23.4906 44.0449 -8 -23.4906
3 16 44.0449 -116.25 -23.4906 55.8048 -116.25 -15.633 44.0449 -8 -23.4906
3 16 44.0449 -8 -23.4906 55.8048 -116.25 -15.633 55.8048 -8 -15.633
3 16 55.8048 -116.25 -15.633 63.6634 -116.25 -3.8719 55.8048 -8 -15.633
3 16 55.8048 -8 -15.633 63.6634 -116.25 -3.8719 63.6634 -8 -3.8719
3 16 44.0449 -116.25 -23.4906 30 -116.25 -26.25 30 -116.25 -10
3 16 51.002 0 -19.6682 51.002 -5.25 -19.6682 53.6203 0 -22.2221
3 16 53.6203 0 -22.2221 51.002 -5.25 -19.6682 53.6203 -5.25 -22.2221
3 16 50 0 10 53.75 0 6.25 50 0 -10
3 16 50 0 -10 53.75 0 6.25 53.75 0 -13.75
3 16 53.75 0 -13.75 53.75 0 6.25 53.75 -5.25 -13.75
3 16 53.75 -5.25 -13.75 53.75 0 6.25 53.75 -5.25 6.25
3 16 66.2516 0 6.25 53.75 0 6.25 69.9992 0 10.0001
3 16 69.9992 0 10.0001 53.75 0 6.25 50 0 10
3 16 53.75 0 6.25 66.2516 0 6.25 53.75 -5.25 6.25
3 16 53.75 -5.25 6.25 66.2516 0 6.25 66.2516 -5.25 6.25
3 16 66.2516 0 0 66.2516 0 6.25 68.487 0 -0.311
3 16 68.487 0 -0.311 66.2516 0 6.25 69.9992 0 10.0001
3 16 66.2516 0 6.25 66.2516 0 0 66.2516 -5.25 6.25
3 16 66.2516 -5.25 6.25 66.2516 0 0 66.2516 -5.25 0
3 16 66.2516 0 0 65.9897 0 -2.2856 66.2516 -5.25 0
3 16 66.2516 -5.25 0 65.9897 0 -2.2856 65.9897 -5.25 -2.2856
3 16 65.9897 0 -2.2856 64.7509 0 -4.2546 65.9897 -5.25 -2.2856
3 16 65.9897 -5.25 -2.2856 64.7509 0 -4.2546 64.7509 -5.25 -4.2546
3 16 65.9897 0 -2.2856 66.2516 0 0 68.487 0 -0.311
3 16 62.2716 0 -13.5461 59.8408 0 -10.8294 64.641 0 -10
3 16 64.641 0 -10 59.8408 0 -10.8294 62.8779 0 -5.6342
3 16 64.7509 0 -4.2546 62.8779 0 -5.6342 64.7509 -5.25 -4.2546
3 16 64.7509 -5.25 -4.2546 62.8779 0 -5.6342 62.8779 -5.25 -5.6342
3 16 62.8779 0 -5.6342 59.8408 0 -10.8294 62.8779 -5.25 -5.6342
3 16 62.8779 -5.25 -5.6342 59.8408 0 -10.8294 59.8408 -5.25 -10.8294
3 16 62.2716 -5.25 -13.5461 59.8408 -5.25 -10.8294 62.2716 0 -13.5461
3 16 62.2716 0 -13.5461 59.8408 -5.25 -10.8294 59.8408 0 -10.8294
3 16 53.75 -5.25 -13.75 59.8408 -5.25 -10.8294 58.1767 -5.25 -18.1767
3 16 58.1767 -5.25 -18.1767 59.8408 -5.25 -10.8294 62.2716 -5.25 -13.5461
3 16 53.75 -5.25 -13.75 58.1767 -5.25 -18.1767 51.002 -5.25 -19.6682
3 16 51.002 -5.25 -19.6682 58.1767 -5.25 -18.1767 53.6203 -5.25 -22.2221
3 16 53.75 -5.25 -13.75 53.75 -5.25 6.25 59.8408 -5.25 -10.8294
3 16 53.75 -5.25 6.25 62.8779 -5.25 -5.6342 59.8408 -5.25 -10.8294
3 16 65.9897 -5.25 -2.2856 64.7509 -5.25 -4.2546 66.2516 -5.25 0
3 16 66.2516 -5.25 0 64.7509 -5.25 -4.2546 62.8779 -5.25 -5.6342
3 16 53.75 -5.25 6.25 66.2516 -5.25 6.25 62.8779 -5.25 -5.6342
3 16 62.8779 -5.25 -5.6342 66.2516 -5.25 6.25 66.2516 -5.25 0
3 16 46.4226 0 -22.3453 46.4226 0 -13.75 49.1726 0 -20.7376
3 16 49.1726 0 -20.7376 46.4226 0 -13.75 49.1726 0 -13.75
3 16 46.4226 -5.25 -22.3453 46.4226 -5.25 -13.75 46.4226 0 -22.3453
3 16 46.4226 0 -22.3453 46.4226 -5.25 -13.75 46.4226 0 -13.75
3 16 40.1726 -5.25 -26.25 40.1726 0 -26.25 30 -5.25 -26.25
3 16 30 -5.25 -26.25 40.1726 0 -26.25 30 0 -26.25
3 16 42.4582 -5.25 -25.8171 42.4582 0 -25.8171 40.1726 -5.25 -26.25
3 16 40.1726 -5.25 -26.25 42.4582 0 -25.8171 40.1726 0 -26.25
3 16 44.4272 -5.25 -24.5783 44.4272 0 -24.5783 42.4582 -5.25 -25.8171
3 16 42.4582 -5.25 -25.8171 44.4272 0 -24.5783 42.4582 0 -25.8171
3 16 45.8068 -5.25 -22.7053 45.8068 0 -22.7053 44.4272 -5.25 -24.5783
3 16 44.4272 -5.25 -24.5783 45.8068 0 -22.7053 44.4272 0 -24.5783
3 16 45.8068 0 -22.7053 45.8068 -5.25 -22.7053 46.4226 0 -22.3453
3 16 46.4226 0 -22.3453 45.8068 -5.25 -22.7053 46.4226 -5.25 -22.3453
3 16 51.002 0 -19.6682 53.6203 0 -22.2221 49.1726 0 -20.7376
3 16 49.1726 0 -20.7376 53.6203 0 -22.2221 50 0 -24.641
3 16 49.1726 0 -13.75 53.75 0 -13.75 49.1726 -5.25 -13.75
3 16 49.1726 -5.25 -13.75 53.75 0 -13.75 53.75 -5.25 -13.75
3 16 49.1726 -5.25 -20.7376 51.002 -5.25 -19.6682 49.1726 0 -20.7376
3 16 49.1726 0 -20.7376 51.002 -5.25 -19.6682 51.002 0 -19.6682
3 16 53.75 -5.25 -13.75 51.002 -5.25 -19.6682 49.1726 -5.25 -13.75
3 16 49.1726 -5.25 -13.75 51.002 -5.25 -19.6682 49.1726 -5.25 -20.7376
3 16 46.4226 -5.25 -13.75 30 -5.25 -13.75 46.4226 0 -13.75
3 16 46.4226 0 -13.75 30 -5.25 -13.75 30 0 -13.75
3 16 30 -5.25 -26.25 30 -5.25 -13.75 40.1726 -5.25 -26.25
3 16 45.8068 -5.25 -22.7053 44.4272 -5.25 -24.5783 30 -5.25 -13.75
3 16 50 0 -10 46.4226 0 -13.75 30 0 -10
3 16 30 0 -10 46.4226 0 -13.75 30 0 -13.75
3 16 49.1726 0 -13.75 46.4226 0 -13.75 50 0 -10
3 16 46.4226 -5.25 -22.3453 45.8068 -5.25 -22.7053 46.4226 -5.25 -13.75
3 16 53.75 0 -13.75 49.1726 0 -13.75 50 0 -10
3 16 30 0 -30 30 0 -26.25 40.3134 0 -28.49
3 16 40.3134 0 -28.49 30 0 -26.25 40.1726 0 -26.25
3 16 40.3134 0 -28.49 42.4582 0 -25.8171 50 0 -24.641
3 16 50 0 -24.641 42.4582 0 -25.8171 44.4272 0 -24.5783
3 16 46.4226 0 -22.3453 50 0 -24.641 45.8068 0 -22.7053
3 16 50 0 -24.641 44.4272 0 -24.5783 45.8068 0 -22.7053
3 16 40.3134 0 -28.49 40.1726 0 -26.25 42.4582 0 -25.8171
3 16 64.7509 0 -4.2546 64.641 0 -10 62.8779 0 -5.6342
3 16 68.487 0 -0.311 64.641 0 -10 65.9897 0 -2.2856
3 16 64.7509 0 -4.2546 65.9897 0 -2.2856 64.641 0 -10
3 16 50 -120 -10 58.1767 -120 -18.1767 64.641 -120 -10
3 16 50 -120 -10 68.4869 -120 -0.3166 50 -120 10
3 16 50 -120 10 68.4869 -120 -0.3166 70.0008 -120 9.9999
3 16 46.4226 -5.25 -13.75 45.8068 -5.25 -22.7053 30 -5.25 -13.75
3 16 30 -5.25 -13.75 44.4272 -5.25 -24.5783 42.4582 -5.25 -25.8171
3 16 30 -5.25 -13.75 42.4582 -5.25 -25.8171 40.1726 -5.25 -26.25
3 16 55.8048 -116.25 -15.633 44.0449 -116.25 -23.4906 50 -116.25 -10
3 16 50 -116.25 -10 44.0449 -116.25 -23.4906 30 -116.25 -10
3 16 30 -116.25 -10 15.9551 -116.25 -23.4906 10 -116.25 -10
3 16 10 -116.25 -10 15.9551 -116.25 -23.4906 4.1952 -116.25 -15.633
3 16 10 -116.25 10 -3.6634 -116.25 -3.8719 -6.4226 -116.25 10
3 16 15.9551 -8 -23.4906 30 -8 -26.25 30 -8 -10
3 16 44.0449 -8 -23.4906 30 -8 -10 30 -8 -26.25
3 16 4.1952 -8 -15.633 15.9551 -8 -23.4906 10 -8 -10
3 16 10 -8 -10 15.9551 -8 -23.4906 30 -8 -10
3 16 10 -8 10 -3.6634 -8 -3.8719 10 -8 -10
3 16 10 -8 -10 -3.6634 -8 -3.8719 4.1952 -8 -15.633
3 16 63.6634 -8 -3.8719 66.4226 -8 10 50 -8 10
3 16 55.8048 -8 -15.633 63.6634 -8 -3.8719 50 -8 -10
3 16 50 -8 -10 63.6634 -8 -3.8719 50 -8 10
3 16 30 -5.25 -16.0618 31.9691 -5.25 -16.5894 30 0 -16.0618
3 16 30 0 -16.0618 31.9691 -5.25 -16.5894 31.9691 0 -16.5894
3 16 28.0309 -5.25 -16.5894 30 -5.25 -16.0618 28.0309 0 -16.5894
3 16 28.0309 0 -16.5894 30 -5.25 -16.0618 30 0 -16.0618
3 16 26.5894 -5.25 -18.0309 28.0309 -5.25 -16.5894 26.5894 0 -18.0309
3 16 26.5894 0 -18.0309 28.0309 -5.25 -16.5894 28.0309 0 -16.5894
3 16 26.0618 -5.25 -20 26.5894 -5.25 -18.0309 26.0618 0 -20
3 16 26.0618 0 -20 26.5894 -5.25 -18.0309 26.5894 0 -18.0309
3 16 26.5894 -5.25 -21.9691 26.0618 -5.25 -20 26.5894 0 -21.9691
3 16 26.5894 0 -21.9691 26.0618 -5.25 -20 26.0618 0 -20
3 16 28.0309 -5.25 -23.4106 26.5894 -5.25 -21.9691 28.0309 0 -23.4106
3 16 28.0309 0 -23.4106 26.5894 -5.25 -21.9691 26.5894 0 -21.9691
3 16 30 -5.25 -23.9382 28.0309 -5.25 -23.4106 30 0 -23.9382
3 16 30 0 -23.9382 28.0309 -5.25 -23.4106 28.0309 0 -23.4106
3 16 31.9691 -5.25 -23.4106 30 -5.25 -23.9382 31.9691 0 -23.4106
3 16 31.9691 0 -23.4106 30 -5.25 -23.9382 30 0 -23.9382
3 16 33.4106 -5.25 -21.9691 31.9691 -5.25 -23.4106 33.4106 0 -21.9691
3 16 33.4106 0 -21.9691 31.9691 -5.25 -23.4106 31.9691 0 -23.4106
3 16 33.9382 -5.25 -20 33.4106 -5.25 -21.9691 33.9382 0 -20
3 16 33.9382 0 -20 33.4106 -5.25 -21.9691 33.4106 0 -21.9691
3 16 33.4106 -5.25 -18.0309 33.9382 -5.25 -20 33.4106 0 -18.0309
3 16 33.4106 0 -18.0309 33.9382 -5.25 -20 33.9382 0 -20
3 16 33.4106 0 -18.0309 31.9691 0 -16.5894 33.4106 -5.25 -18.0309
3 16 33.4106 -5.25 -18.0309 31.9691 0 -16.5894 31.9691 -5.25 -16.5894
3 16 31.9691 0 -16.5894 30 0 -20 30 0 -16.0618
3 16 30 0 -20 31.9691 0 -16.5894 33.4106 0 -18.0309
3 16 30 0 -20 33.4106 0 -18.0309 33.9382 0 -20
3 16 30 0 -20 33.9382 0 -20 33.4106 0 -21.9691
3 16 30 0 -20 33.4106 0 -21.9691 31.9691 0 -23.4106
3 16 30 0 -20 31.9691 0 -23.4106 30 0 -23.9382
3 16 30 0 -20 30 0 -23.9382 28.0309 0 -23.4106
3 16 30 0 -20 28.0309 0 -23.4106 26.5894 0 -21.9691
3 16 30 0 -20 26.5894 0 -21.9691 26.0618 0 -20
3 16 30 0 -20 26.0618 0 -20 26.5894 0 -18.0309
3 16 30 0 -20 26.5894 0 -18.0309 28.0309 0 -16.5894
3 16 30 0 -20 28.0309 0 -16.5894 30 0 -16.0618
3 16 56.874 -120 5.4144 54.5856 -120 3.126 56.874 -124.45 5.4144
3 16 56.874 -124.45 5.4144 54.5856 -120 3.126 54.5856 -124.45 3.126
3 16 54.5856 -120 3.126 53.748 -120 0 54.5856 -124.45 3.126
3 16 54.5856 -124.45 3.126 53.748 -120 0 53.748 -124.45 0
3 16 53.748 -120 0 54.5856 -120 -3.126 53.748 -124.45 0
3 16 53.748 -124.45 0 54.5856 -120 -3.126 54.5856 -124.45 -3.126
3 16 54.5856 -120 -3.126 56.874 -120 -5.4144 54.5856 -124.45 -3.126
3 16 54.5856 -124.45 -3.126 56.874 -120 -5.4144 56.874 -124.45 -5.4144
3 16 56.874 -120 -5.4144 60 -120 -6.252 56.874 -124.45 -5.4144
3 16 56.874 -124.45 -5.4144 60 -120 -6.252 60 -124.45 -6.252
3 16 60 -120 -6.252 63.126 -120 -5.4144 60 -124.45 -6.252
3 16 60 -124.45 -6.252 63.126 -120 -5.4144 63.126 -124.45 -5.4144
3 16 63.126 -120 -5.4144 65.4144 -120 -3.126 63.126 -124.45 -5.4144
3 16 63.126 -124.45 -5.4144 65.4144 -120 -3.126 65.4144 -124.45 -3.126
3 16 65.4144 -120 -3.126 66.252 -120 0 65.4144 -124.45 -3.126
3 16 65.4144 -124.45 -3.126 66.252 -120 0 66.252 -124.45 0
3 16 66.252 -120 0 65.4144 -120 3.126 66.252 -124.45 0
3 16 66.252 -124.45 0 65.4144 -120 3.126 65.4144 -124.45 3.126
3 16 65.4144 -120 3.126 63.126 -120 5.4144 65.4144 -124.45 3.126
3 16 65.4144 -124.45 3.126 63.126 -120 5.4144 63.126 -124.45 5.4144
3 16 63.126 -120 5.4144 60 -120 6.252 63.126 -124.45 5.4144
3 16 63.126 -124.45 5.4144 60 -120 6.252 60 -124.45 6.252
3 16 60 -120 6.252 56.874 -120 5.4144 60 -124.45 6.252
3 16 60 -124.45 6.252 56.874 -120 5.4144 56.874 -124.45 5.4144
3 16 56.874 -124.45 5.4144 54.5856 -124.45 3.126 57.9623 -124.45 3.5295
3 16 57.9623 -124.45 3.5295 54.5856 -124.45 3.126 56.4705 -124.45 2.0377
3 16 54.5856 -124.45 3.126 53.748 -124.45 0 56.4705 -124.45 2.0377
3 16 56.4705 -124.45 2.0377 53.748 -124.45 0 55.9245 -124.45 0
3 16 53.748 -124.45 0 54.5856 -124.45 -3.126 55.9245 -124.45 0
3 16 55.9245 -124.45 0 54.5856 -124.45 -3.126 56.4705 -124.45 -2.0378
3 16 54.5856 -124.45 -3.126 56.874 -124.45 -5.4144 56.4705 -124.45 -2.0378
3 16 56.4705 -124.45 -2.0378 56.874 -124.45 -5.4144 57.9623 -124.45 -3.5295
3 16 56.874 -124.45 -5.4144 60 -124.45 -6.252 57.9623 -124.45 -3.5295
3 16 57.9623 -124.45 -3.5295 60 -124.45 -6.252 60 -124.45 -4.0755
3 16 60 -124.45 -6.252 63.126 -124.45 -5.4144 60 -124.45 -4.0755
3 16 60 -124.45 -4.0755 63.126 -124.45 -5.4144 62.0378 -124.45 -3.5295
3 16 63.126 -124.45 -5.4144 65.4144 -124.45 -3.126 62.0378 -124.45 -3.5295
3 16 62.0378 -124.45 -3.5295 65.4144 -124.45 -3.126 63.5295 -124.45 -2.0378
3 16 65.4144 -124.45 -3.126 66.252 -124.45 0 63.5295 -124.45 -2.0378
3 16 63.5295 -124.45 -2.0378 66.252 -124.45 0 64.0755 -124.45 0
3 16 66.252 -124.45 0 65.4144 -124.45 3.126 64.0755 -124.45 0
3 16 64.0755 -124.45 0 65.4144 -124.45 3.126 63.5295 -124.45 2.0377
3 16 65.4144 -124.45 3.126 63.126 -124.45 5.4144 63.5295 -124.45 2.0377
3 16 63.5295 -124.45 2.0377 63.126 -124.45 5.4144 62.0378 -124.45 3.5295
3 16 63.126 -124.45 5.4144 60 -124.45 6.252 62.0378 -124.45 3.5295
3 16 62.0378 -124.45 3.5295 60 -124.45 6.252 60 -124.45 4.0755
3 16 60 -124.45 6.252 56.874 -124.45 5.4144 60 -124.45 4.0755
3 16 60 -124.45 4.0755 56.874 -124.45 5.4144 57.9623 -124.45 3.5295
3 16 57.9623 -124.45 3.5295 56.4705 -124.45 2.0377 57.9623 -120 3.5295
3 16 57.9623 -120 3.5295 56.4705 -124.45 2.0377 56.4705 -120 2.0377
3 16 56.4705 -124.45 2.0377 55.9245 -124.45 0 56.4705 -120 2.0377
3 16 56.4705 -120 2.0377 55.9245 -124.45 0 55.9245 -120 0
3 16 55.9245 -124.45 0 56.4705 -124.45 -2.0378 55.9245 -120 0
3 16 55.9245 -120 0 56.4705 -124.45 -2.0378 56.4705 -120 -2.0378
3 16 56.4705 -124.45 -2.0378 57.9623 -124.45 -3.5295 56.4705 -120 -2.0378
3 16 56.4705 -120 -2.0378 57.9623 -124.45 -3.5295 57.9623 -120 -3.5295
3 16 57.9623 -124.45 -3.5295 60 -124.45 -4.0755 57.9623 -120 -3.5295
3 16 57.9623 -120 -3.5295 60 -124.45 -4.0755 60 -120 -4.0755
3 16 60 -124.45 -4.0755 62.0378 -124.45 -3.5295 60 -120 -4.0755
3 16 60 -120 -4.0755 62.0378 -124.45 -3.5295 62.0378 -120 -3.5295
3 16 62.0378 -124.45 -3.5295 63.5295 -124.45 -2.0378 62.0378 -120 -3.5295
3 16 62.0378 -120 -3.5295 63.5295 -124.45 -2.0378 63.5295 -120 -2.0378
3 16 63.5295 -124.45 -2.0378 64.0755 -124.45 0 63.5295 -120 -2.0378
3 16 63.5295 -120 -2.0378 64.0755 -124.45 0 64.0755 -120 0
3 16 64.0755 -124.45 0 63.5295 -124.45 2.0377 64.0755 -120 0
3 16 64.0755 -120 0 63.5295 -124.45 2.0377 63.5295 -120 2.0377
3 16 63.5295 -124.45 2.0377 62.0378 -124.45 3.5295 63.5295 -120 2.0377
3 16 63.5295 -120 2.0377 62.0378 -124.45 3.5295 62.0378 -120 3.5295
3 16 62.0378 -124.45 3.5295 60 -124.45 4.0755 62.0378 -120 3.5295
3 16 62.0378 -120 3.5295 60 -124.45 4.0755 60 -120 4.0755
3 16 60 -124.45 4.0755 57.9623 -124.45 3.5295 60 -120 4.0755
3 16 60 -120 4.0755 57.9623 -124.45 3.5295 57.9623 -120 3.5295
3 16 36.874 -120 -14.5856 34.5856 -120 -16.874 36.874 -124.45 -14.5856
3 16 36.874 -124.45 -14.5856 34.5856 -120 -16.874 34.5856 -124.45 -16.874
3 16 34.5856 -120 -16.874 33.748 -120 -20 34.5856 -124.45 -16.874
3 16 34.5856 -124.45 -16.874 33.748 -120 -20 33.748 -124.45 -20
3 16 33.748 -120 -20 34.5856 -120 -23.126 33.748 -124.45 -20
3 16 33.748 -124.45 -20 34.5856 -120 -23.126 34.5856 -124.45 -23.126
3 16 34.5856 -120 -23.126 36.874 -120 -25.4144 34.5856 -124.45 -23.126
3 16 34.5856 -124.45 -23.126 36.874 -120 -25.4144 36.874 -124.45 -25.4144
3 16 36.874 -120 -25.4144 40 -120 -26.252 36.874 -124.45 -25.4144
3 16 36.874 -124.45 -25.4144 40 -120 -26.252 40 -124.45 -26.252
3 16 40 -120 -26.252 43.126 -120 -25.4144 40 -124.45 -26.252
3 16 40 -124.45 -26.252 43.126 -120 -25.4144 43.126 -124.45 -25.4144
3 16 43.126 -120 -25.4144 45.4144 -120 -23.126 43.126 -124.45 -25.4144
3 16 43.126 -124.45 -25.4144 45.4144 -120 -23.126 45.4144 -124.45 -23.126
3 16 45.4144 -120 -23.126 46.252 -120 -20 45.4144 -124.45 -23.126
3 16 45.4144 -124.45 -23.126 46.252 -120 -20 46.252 -124.45 -20
3 16 46.252 -120 -20 45.4144 -120 -16.874 46.252 -124.45 -20
3 16 46.252 -124.45 -20 45.4144 -120 -16.874 45.4144 -124.45 -16.874
3 16 45.4144 -120 -16.874 43.126 -120 -14.5856 45.4144 -124.45 -16.874
3 16 45.4144 -124.45 -16.874 43.126 -120 -14.5856 43.126 -124.45 -14.5856
3 16 43.126 -120 -14.5856 40 -120 -13.748 43.126 -124.45 -14.5856
3 16 43.126 -124.45 -14.5856 40 -120 -13.748 40 -124.45 -13.748
3 16 40 -120 -13.748 36.874 -120 -14.5856 40 -124.45 -13.748
3 16 40 -124.45 -13.748 36.874 -120 -14.5856 36.874 -124.45 -14.5856
3 16 36.874 -124.45 -14.5856 34.5856 -124.45 -16.874 37.9623 -124.45 -16.4705
3 16 37.9623 -124.45 -16.4705 34.5856 -124.45 -16.874 36.4705 -124.45 -17.9623
3 16 34.5856 -124.45 -16.874 33.748 -124.45 -20 36.4705 -124.45 -17.9623
3 16 36.4705 -124.45 -17.9623 33.748 -124.45 -20 35.9245 -124.45 -20
3 16 33.748 -124.45 -20 34.5856 -124.45 -23.126 35.9245 -124.45 -20
3 16 35.9245 -124.45 -20 34.5856 -124.45 -23.126 36.4705 -124.45 -22.0378
3 16 34.5856 -124.45 -23.126 36.874 -124.45 -25.4144 36.4705 -124.45 -22.0378
3 16 36.4705 -124.45 -22.0378 36.874 -124.45 -25.4144 37.9623 -124.45 -23.5295
3 16 36.874 -124.45 -25.4144 40 -124.45 -26.252 37.9623 -124.45 -23.5295
3 16 37.9623 -124.45 -23.5295 40 -124.45 -26.252 40 -124.45 -24.0755
3 16 40 -124.45 -26.252 43.126 -124.45 -25.4144 40 -124.45 -24.0755
3 16 40 -124.45 -24.0755 43.126 -124.45 -25.4144 42.0378 -124.45 -23.5295
3 16 43.126 -124.45 -25.4144 45.4144 -124.45 -23.126 42.0378 -124.45 -23.5295
3 16 42.0378 -124.45 -23.5295 45.4144 -124.45 -23.126 43.5295 -124.45 -22.0378
3 16 45.4144 -124.45 -23.126 46.252 -124.45 -20 43.5295 -124.45 -22.0378
3 16 43.5295 -124.45 -22.0378 46.252 -124.45 -20 44.0755 -124.45 -20
3 16 46.252 -124.45 -20 45.4144 -124.45 -16.874 44.0755 -124.45 -20
3 16 44.0755 -124.45 -20 45.4144 -124.45 -16.874 43.5295 -124.45 -17.9623
3 16 45.4144 -124.45 -16.874 43.126 -124.45 -14.5856 43.5295 -124.45 -17.9623
3 16 43.5295 -124.45 -17.9623 43.126 -124.45 -14.5856 42.0378 -124.45 -16.4705
3 16 43.126 -124.45 -14.5856 40 -124.45 -13.748 42.0378 -124.45 -16.4705
3 16 42.0378 -124.45 -16.4705 40 -124.45 -13.748 40 -124.45 -15.9245
3 16 40 -124.45 -13.748 36.874 -124.45 -14.5856 40 -124.45 -15.9245
3 16 40 -124.45 -15.9245 36.874 -124.45 -14.5856 37.9623 -124.45 -16.4705
3 16 37.9623 -124.45 -16.4705 36.4705 -124.45 -17.9623 37.9623 -120 -16.4705
3 16 37.9623 -120 -16.4705 36.4705 -124.45 -17.9623 36.4705 -120 -17.9623
3 16 36.4705 -124.45 -17.9623 35.9245 -124.45 -20 36.4705 -120 -17.9623
3 16 36.4705 -120 -17.9623 35.9245 -124.45 -20 35.9245 -120 -20
3 16 35.9245 -124.45 -20 36.4705 -124.45 -22.0378 35.9245 -120 -20
3 16 35.9245 -120 -20 36.4705 -124.45 -22.0378 36.4705 -120 -22.0378
3 16 36.4705 -124.45 -22.0378 37.9623 -124.45 -23.5295 36.4705 -120 -22.0378
3 16 36.4705 -120 -22.0378 37.9623 -124.45 -23.5295 37.9623 -120 -23.5295
3 16 37.9623 -124.45 -23.5295 40 -124.45 -24.0755 37.9623 -120 -23.5295
3 16 37.9623 -120 -23.5295 40 -124.45 -24.0755 40 -120 -24.0755
3 16 40 -124.45 -24.0755 42.0378 -124.45 -23.5295 40 -120 -24.0755
3 16 40 -120 -24.0755 42.0378 -124.45 -23.5295 42.0378 -120 -23.5295
3 16 42.0378 -124.45 -23.5295 43.5295 -124.45 -22.0378 42.0378 -120 -23.5295
3 16 42.0378 -120 -23.5295 43.5295 -124.45 -22.0378 43.5295 -120 -22.0378
3 16 43.5295 -124.45 -22.0378 44.0755 -124.45 -20 43.5295 -120 -22.0378
3 16 43.5295 -120 -22.0378 44.0755 -124.45 -20 44.0755 -120 -20
3 16 44.0755 -124.45 -20 43.5295 -124.45 -17.9623 44.0755 -120 -20
3 16 44.0755 -120 -20 43.5295 -124.45 -17.9623 43.5295 -120 -17.9623
3 16 43.5295 -124.45 -17.9623 42.0378 -124.45 -16.4705 43.5295 -120 -17.9623
3 16 43.5295 -120 -17.9623 42.0378 -124.45 -16.4705 42.0378 -120 -16.4705
3 16 42.0378 -124.45 -16.4705 40 -124.45 -15.9245 42.0378 -120 -16.4705
3 16 42.0378 -120 -16.4705 40 -124.45 -15.9245 40 -120 -15.9245
3 16 40 -124.45 -15.9245 37.9623 -124.45 -16.4705 40 -120 -15.9245
3 16 40 -120 -15.9245 37.9623 -124.45 -16.4705 37.9623 -120 -16.4705
3 16 -3.126 -120 5.4144 -5.4144 -120 3.126 -3.126 -124.45 5.4144
3 16 -3.126 -124.45 5.4144 -5.4144 -120 3.126 -5.4144 -124.45 3.126
3 16 -5.4144 -120 3.126 -6.252 -120 0 -5.4144 -124.45 3.126
3 16 -5.4144 -124.45 3.126 -6.252 -120 0 -6.252 -124.45 0
3 16 -6.252 -120 0 -5.4144 -120 -3.126 -6.252 -124.45 0
3 16 -6.252 -124.45 0 -5.4144 -120 -3.126 -5.4144 -124.45 -3.126
3 16 -5.4144 -120 -3.126 -3.126 -120 -5.4144 -5.4144 -124.45 -3.126
3 16 -5.4144 -124.45 -3.126 -3.126 -120 -5.4144 -3.126 -124.45 -5.4144
3 16 -3.126 -120 -5.4144 0 -120 -6.252 -3.126 -124.45 -5.4144
3 16 -3.126 -124.45 -5.4144 0 -120 -6.252 0 -124.45 -6.252
3 16 0 -120 -6.252 3.126 -120 -5.4144 0 -124.45 -6.252
3 16 0 -124.45 -6.252 3.126 -120 -5.4144 3.126 -124.45 -5.4144
3 16 3.126 -120 -5.4144 5.4144 -120 -3.126 3.126 -124.45 -5.4144
3 16 3.126 -124.45 -5.4144 5.4144 -120 -3.126 5.4144 -124.45 -3.126
3 16 5.4144 -120 -3.126 6.252 -120 0 5.4144 -124.45 -3.126
3 16 5.4144 -124.45 -3.126 6.252 -120 0 6.252 -124.45 0
3 16 6.252 -120 0 5.4144 -120 3.126 6.252 -124.45 0
3 16 6.252 -124.45 0 5.4144 -120 3.126 5.4144 -124.45 3.126
3 16 5.4144 -120 3.126 3.126 -120 5.4144 5.4144 -124.45 3.126
3 16 5.4144 -124.45 3.126 3.126 -120 5.4144 3.126 -124.45 5.4144
3 16 3.126 -120 5.4144 0 -120 6.252 3.126 -124.45 5.4144
3 16 3.126 -124.45 5.4144 0 -120 6.252 0 -124.45 6.252
3 16 0 -120 6.252 -3.126 -120 5.4144 0 -124.45 6.252
3 16 0 -124.45 6.252 -3.126 -120 5.4144 -3.126 -124.45 5.4144
3 16 -3.126 -124.45 5.4144 -5.4144 -124.45 3.126 -2.0378 -124.45 3.5295
3 16 -2.0378 -124.45 3.5295 -5.4144 -124.45 3.126 -3.5295 -124.45 2.0377
3 16 -5.4144 -124.45 3.126 -6.252 -124.45 0 -3.5295 -124.45 2.0377
3 16 -3.5295 -124.45 2.0377 -6.252 -124.45 0 -4.0755 -124.45 0
3 16 -6.252 -124.45 0 -5.4144 -124.45 -3.126 -4.0755 -124.45 0
3 16 -4.0755 -124.45 0 -5.4144 -124.45 -3.126 -3.5295 -124.45 -2.0378
3 16 -5.4144 -124.45 -3.126 -3.126 -124.45 -5.4144 -3.5295 -124.45 -2.0378
3 16 -3.5295 -124.45 -2.0378 -3.126 -124.45 -5.4144 -2.0378 -124.45 -3.5295
3 16 -3.126 -124.45 -5.4144 0 -124.45 -6.252 -2.0378 -124.45 -3.5295
3 16 -2.0378 -124.45 -3.5295 0 -124.45 -6.252 0 -124.45 -4.0755
3 16 0 -124.45 -6.252 3.126 -124.45 -5.4144 0 -124.45 -4.0755
3 16 0 -124.45 -4.0755 3.126 -124.45 -5.4144 2.0378 -124.45 -3.5295
3 16 3.126 -124.45 -5.4144 5.4144 -124.45 -3.126 2.0378 -124.45 -3.5295
3 16 2.0378 -124.45 -3.5295 5.4144 -124.45 -3.126 3.5295 -124.45 -2.0378
3 16 5.4144 -124.45 -3.126 6.252 -124.45 0 3.5295 -124.45 -2.0378
3 16 3.5295 -124.45 -2.0378 6.252 -124.45 0 4.0755 -124.45 0
3 16 6.252 -124.45 0 5.4144 -124.45 3.126 4.0755 -124.45 0
3 16 4.0755 -124.45 0 5.4144 -124.45 3.126 3.5295 -124.45 2.0377
3 16 5.4144 -124.45 3.126 3.126 -124.45 5.4144 3.5295 -124.45 2.0377
3 16 3.5295 -124.45 2.0377 3.126 -124.45 5.4144 2.0378 -124.45 3.5295
3 16 3.126 -124.45 5.4144 0 -124.45 6.252 2.0378 -124.45 3.5295
3 16 2.0378 -124.45 3.5295 0 -124.45 6.252 0 -124.45 4.0755
3 16 0 -124.45 6.252 -3.126 -124.45 5.4144 0 -124.45 4.0755
3 16 0 -124.45 4.0755 -3.126 -124.45 5.4144 -2.0378 -124.45 3.5295
3 16 -2.0378 -124.45 3.5295 -3.5295 -124.45 2.0377 -2.0378 -120 3.5295
3 16 -2.0378 -120 3.5295 -3.5295 -124.45 2.0377 -3.5295 -120 2.0377
3 16 -3.5295 -124.45 2.0377 -4.0755 -124.45 0 -3.5295 -120 2.0377
3 16 -3.5295 -120 2.0377 -4.0755 -124.45 0 -4.0755 -120 0
3 16 -4.0755 -124.45 0 -3.5295 -124.45 -2.0378 -4.0755 -120 0
3 16 -4.0755 -120 0 -3.5295 -124.45 -2.0378 -3.5295 -120 -2.0378
3 16 -3.5295 -124.45 -2.0378 -2.0378 -124.45 -3.5295 -3.5295 -120 -2.0378
3 16 -3.5295 -120 -2.0378 -2.0378 -124.45 -3.5295 -2.0378 -120 -3.5295
3 16 -2.0378 -124.45 -3.5295 0 -124.45 -4.0755 -2.0378 -120 -3.5295
3 16 -2.0378 -120 -3.5295 0 -124.45 -4.0755 0 -120 -4.0755
3 16 0 -124.45 -4.0755 2.0378 -124.45 -3.5295 0 -120 -4.0755
3 16 0 -120 -4.0755 2.0378 -124.45 -3.5295 2.0378 -120 -3.5295
3 16 2.0378 -124.45 -3.5295 3.5295 -124.45 -2.0378 2.0378 -120 -3.5295
3 16 2.0378 -120 -3.5295 3.5295 -124.45 -2.0378 3.5295 -120 -2.0378
3 16 3.5295 -124.45 -2.0378 4.0755 -124.45 0 3.5295 -120 -2.0378
3 16 3.5295 -120 -2.0378 4.0755 -124.45 0 4.0755 -120 0
3 16 4.0755 -124.45 0 3.5295 -124.45 2.0377 4.0755 -120 0
3 16 4.0755 -120 0 3.5295 -124.45 2.0377 3.5295 -120 2.0377
3 16 3.5295 -124.45 2.0377 2.0378 -124.45 3.5295 3.5295 -120 2.0377
3 16 3.5295 -120 2.0377 2.0378 -124.45 3.5295 2.0378 -120 3.5295
3 16 2.0378 -124.45 3.5295 0 -124.45 4.0755 2.0378 -120 3.5295
3 16 2.0378 -120 3.5295 0 -124.45 4.0755 0 -120 4.0755
3 16 0 -124.45 4.0755 -2.0378 -124.45 3.5295 0 -120 4.0755
3 16 0 -120 4.0755 -2.0378 -124.45 3.5295 -2.0378 -120 3.5295
3 16 16.874 -120 -14.5856 14.5856 -120 -16.874 16.874 -124.45 -14.5856
3 16 16.874 -124.45 -14.5856 14.5856 -120 -16.874 14.5856 -124.45 -16.874
3 16 14.5856 -120 -16.874 13.748 -120 -20 14.5856 -124.45 -16.874
3 16 14.5856 -124.45 -16.874 13.748 -120 -20 13.748 -124.45 -20
3 16 13.748 -120 -20 14.5856 -120 -23.126 13.748 -124.45 -20
3 16 13.748 -124.45 -20 14.5856 -120 -23.126 14.5856 -124.45 -23.126
3 16 14.5856 -120 -23.126 16.874 -120 -25.4144 14.5856 -124.45 -23.126
3 16 14.5856 -124.45 -23.126 16.874 -120 -25.4144 16.874 -124.45 -25.4144
3 16 16.874 -120 -25.4144 20 -120 -26.252 16.874 -124.45 -25.4144
3 16 16.874 -124.45 -25.4144 20 -120 -26.252 20 -124.45 -26.252
3 16 20 -120 -26.252 23.126 -120 -25.4144 20 -124.45 -26.252
3 16 20 -124.45 -26.252 23.126 -120 -25.4144 23.126 -124.45 -25.4144
3 16 23.126 -120 -25.4144 25.4144 -120 -23.126 23.126 -124.45 -25.4144
3 16 23.126 -124.45 -25.4144 25.4144 -120 -23.126 25.4144 -124.45 -23.126
3 16 25.4144 -120 -23.126 26.252 -120 -20 25.4144 -124.45 -23.126
3 16 25.4144 -124.45 -23.126 26.252 -120 -20 26.252 -124.45 -20
3 16 26.252 -120 -20 25.4144 -120 -16.874 26.252 -124.45 -20
3 16 26.252 -124.45 -20 25.4144 -120 -16.874 25.4144 -124.45 -16.874
3 16 25.4144 -120 -16.874 23.126 -120 -14.5856 25.4144 -124.45 -16.874
3 16 25.4144 -124.45 -16.874 23.126 -120 -14.5856 23.126 -124.45 -14.5856
3 16 23.126 -120 -14.5856 20 -120 -13.748 23.126 -124.45 -14.5856
3 16 23.126 -124.45 -14.5856 20 -120 -13.748 20 -124.45 -13.748
3 16 20 -120 -13.748 16.874 -120 -14.5856 20 -124.45 -13.748
3 16 20 -124.45 -13.748 16.874 -120 -14.5856 16.874 -124.45 -14.5856
3 16 16.874 -124.45 -14.5856 14.5856 -124.45 -16.874 17.9623 -124.45 -16.4705
3 16 17.9623 -124.45 -16.4705 14.5856 -124.45 -16.874 16.4705 -124.45 -17.9623
3 16 14.5856 -124.45 -16.874 13.748 -124.45 -20 16.4705 -124.45 -17.9623
3 16 16.4705 -124.45 -17.9623 13.748 -124.45 -20 15.9245 -124.45 -20
3 16 13.748 -124.45 -20 14.5856 -124.45 -23.126 15.9245 -124.45 -20
3 16 15.9245 -124.45 -20 14.5856 -124.45 -23.126 16.4705 -124.45 -22.0378
3 16 14.5856 -124.45 -23.126 16.874 -124.45 -25.4144 16.4705 -124.45 -22.0378
3 16 16.4705 -124.45 -22.0378 16.874 -124.45 -25.4144 17.9623 -124.45 -23.5295
3 16 16.874 -124.45 -25.4144 20 -124.45 -26.252 17.9623 -124.45 -23.5295
3 16 17.9623 -124.45 -23.5295 20 -124.45 -26.252 20 -124.45 -24.0755
3 16 20 -124.45 -26.252 23.126 -124.45 -25.4144 20 -124.45 -24.0755
3 16 20 -124.45 -24.0755 23.126 -124.45 -25.4144 22.0378 -124.45 -23.5295
3 16 23.126 -124.45 -25.4144 25.4144 -124.45 -23.126 22.0378 -124.45 -23.5295
3 16 22.0378 -124.45 -23.5295 25.4144 -124.45 -23.126 23.5295 -124.45 -22.0378
3 16 25.4144 -124.45 -23.126 26.252 -124.45 -20 23.5295 -124.45 -22.0378
3 16 23.5295 -124.45 -22.0378 26.252 -124.45 -20 24.0755 -124.45 -20
3 16 26.252 -124.45 -20 25.4144 -124.45 -16.874 24.0755 -124.45 -20
3 16 24.0755 -124.45 -20 25.4144 -124.45 -16.874 23.5295 -124.45 -17.9623
3 16 25.4144 -124.45 -16.874 23.126 -124.45 -14.5856 23.5295 -124.45 -17.9623
3 16 23.5295 -124.45 -17.9623 23.126 -124.45 -14.5856 22.0378 -124.45 -16.4705
3 16 23.126 -124.45 -14.5856 20 -124.45 -13.748 22.0378 -124.45 -16.4705
3 16 22.0378 -124.45 -16.4705 20 -124.45 -13.748 20 -124.45 -15.9245
3 16 20 -124.45 -13.748 16.874 -124.45 -14.5856 20 -124.45 -15.9245
3 16 20 -124.45 -15.9245 16.874 -124.45 -14.5856 17.9623 -124.45 -16.4705
3 16 17.9623 -124.45 -16.4705 16.4705 -124.45 -17.9623 17.9623 -120 -16.4705
3 16 17.9623 -120 -16.4705 16.4705 -124.45 -17.9623 16.4705 -120 -17.9623
3 16 16.4705 -124.45 -17.9623 15.9245 -124.45 -20 16.4705 -120 -17.9623
3 16 16.4705 -120 -17.9623 15.9245 -124.45 -20 15.9245 -120 -20
3 16 15.9245 -124.45 -20 16.4705 -124.45 -22.0378 15.9245 -120 -20
3 16 15.9245 -120 -20 16.4705 -124.45 -22.0378 16.4705 -120 -22.0378
3 16 16.4705 -124.45 -22.0378 17.9623 -124.45 -23.5295 16.4705 -120 -22.0378
3 16 16.4705 -120 -22.0378 17.9623 -124.45 -23.5295 17.9623 -120 -23.5295
3 16 17.9623 -124.45 -23.5295 20 -124.45 -24.0755 17.9623 -120 -23.5295
3 16 17.9623 -120 -23.5295 20 -124.45 -24.0755 20 -120 -24.0755
3 16 20 -124.45 -24.0755 22.0378 -124.45 -23.5295 20 -120 -24.0755
3 16 20 -120 -24.0755 22.0378 -124.45 -23.5295 22.0378 -120 -23.5295
3 16 22.0378 -124.45 -23.5295 23.5295 -124.45 -22.0378 22.0378 -120 -23.5295
3 16 22.0378 -120 -23.5295 23.5295 -124.45 -22.0378 23.5295 -120 -22.0378
3 16 23.5295 -124.45 -22.0378 24.0755 -124.45 -20 23.5295 -120 -22.0378
3 16 23.5295 -120 -22.0378 24.0755 -124.45 -20 24.0755 -120 -20
3 16 24.0755 -124.45 -20 23.5295 -124.45 -17.9623 24.0755 -120 -20
3 16 24.0755 -120 -20 23.5295 -124.45 -17.9623 23.5295 -120 -17.9623
3 16 23.5295 -124.45 -17.9623 22.0378 -124.45 -16.4705 23.5295 -120 -17.9623
3 16 23.5295 -120 -17.9623 22.0378 -124.45 -16.4705 22.0378 -120 -16.4705
3 16 22.0378 -124.45 -16.4705 20 -124.45 -15.9245 22.0378 -120 -16.4705
3 16 22.0378 -120 -16.4705 20 -124.45 -15.9245 20 -120 -15.9245
3 16 20 -124.45 -15.9245 17.9623 -124.45 -16.4705 20 -120 -15.9245
3 16 20 -120 -15.9245 17.9623 -124.45 -16.4705 17.9623 -120 -16.4705
2 24 -4.641 -120 -10 -8.4869 -120 -0.3166
2 24 -8.4869 -120 -0.3166 -10.0008 -120 9.9999
2 24 -10.0008 -120 9.9999 -9.9988 -11.4802 10.0001
2 24 1.8233 -120 -18.1767 10 -120 -24.641
2 24 10 -120 -24.641 19.6866 -120 -28.49
2 24 30 -15.2923 -28.5131 26.3412 -13.5942 -28.5131
2 24 26.3412 -13.5942 -28.5131 24.6431 -9.9354 -28.5131
2 24 24.6431 -9.9354 -28.5131 26.3412 -6.2766 -28.5131
2 24 26.3412 -6.2766 -28.5131 30 -4.5785 -28.5131
2 24 30 -15.2923 -28.5131 30 -15.4003 -30
2 24 26.2674 -13.668 -29.4536 30 -15.4003 -30
2 24 24.6431 -9.9354 -28.5131 24.5352 -9.9354 -29.2007
2 24 26.2674 -13.668 -29.4536 24.5352 -9.9354 -29.2007
2 24 24.5352 -9.9354 -29.2007 26.2674 -6.2029 -29.4536
2 24 26.2674 -6.2029 -29.4536 30 -4.4706 -30
2 24 30 -4.5785 -28.5131 30 -4.4706 -30
2 24 10 0 -24.641 19.6866 0 -28.49
2 24 -9.9988 -11.4802 10.0001 -9.9992 0 10.0001
2 24 -8.487 0 -0.311 -9.9992 0 10.0001
2 24 -8.487 0 -0.311 -4.641 0 -10
2 24 -4.641 -120 -10 1.8233 -120 -18.1767
2 24 -4.641 0 -10 -2.2716 0 -13.5461
2 24 -2.2716 -5.25 -13.5461 -2.2716 0 -13.5461
2 24 6.3797 -5.25 -22.2221 1.8233 -5.25 -18.1767
2 24 26.2674 -13.668 -29.4536 24.5352 -9.9354 -29.2007
2 24 19.6866 0 -28.49 30 0 -30
2 24 26.2674 -6.2029 -29.4536 30 -4.4706 -30
2 24 24.5352 -9.9354 -29.2007 26.2674 -6.2029 -29.4536
2 24 6.3797 -5.25 -22.2221 6.3797 0 -22.2221
2 24 10 0 -24.641 6.3797 0 -22.2221
2 24 -2.2716 -5.25 -13.5461 1.8233 -5.25 -18.1767
2 24 26.2674 -13.668 -29.4536 30 -15.4003 -30
2 24 19.6866 -120 -28.49 30 -120 -30
2 24 10.8274 0 -20.7376 10.8274 -5.25 -20.7376
2 24 10.8274 0 -20.7376 10.8274 0 -13.75
2 24 10.8274 -5.25 -20.7376 10.8274 -5.25 -13.75
2 24 10.8274 0 -13.75 10.8274 -5.25 -13.75
2 24 -9.9992 0 10.0001 10 0 10
2 24 -6.4226 -8 10 10 -8 10
2 24 10 0 10 10 -8 10
2 24 10 0 10 10 -8 10
2 24 10 0 10 10 0 -10
2 24 10 -8 10 10 -8 -10
2 24 10 0 -10 10 -8 -10
2 24 30 -8 -10 10 -8 -10
2 24 30 0 -10 10 0 -10
2 24 10 -8 -10 10 0 -10
2 24 10 -120 -10 30 -120 -10
2 24 19.6866 -120 -28.49 30 -120 -30
2 24 19.6866 -120 -28.49 10 -120 -24.641
2 24 -8.4869 -120 -0.3166 -4.641 -120 -10
2 24 10 -120 -24.641 1.8233 -120 -18.1767
2 24 -9.9992 0 10.0001 -10.0008 -120 9.9999
2 24 -6.4226 -8 10 -6.4226 -116.25 10
2 24 -10.0008 -120 9.9999 10 -120 10
2 24 10 -120 10 10 -116.25 10
2 24 -6.4226 -116.25 10 10 -116.25 10
2 24 10 -8 10 -6.4226 -8 10
2 24 -3.6634 -8 -3.8719 -6.4226 -8 10
2 24 10 -116.25 10 10 -120 10
2 24 10 -116.25 10 10 -116.25 -10
2 24 10 -120 10 10 -120 -10
2 24 10 -116.25 -10 10 -120 -10
2 24 -6.4226 -8 10 -6.4226 -116.25 10
2 24 -6.4226 -8 10 -3.6634 -8 -3.8719
2 24 -6.4226 -116.25 10 -3.6634 -116.25 -3.8719
2 24 10 -116.25 10 10 -116.25 -10
2 24 -3.6634 -116.25 -3.8719 4.1952 -116.25 -15.633
2 24 10 -116.25 -10 10 -120 -10
2 24 10 -116.25 -10 30 -116.25 -10
2 24 10 -120 -10 30 -120 -10
2 24 30 -116.25 -26.25 15.9551 -116.25 -23.4906
2 24 30 -8 -26.25 15.9551 -8 -23.4906
2 24 15.9551 -116.25 -23.4906 4.1952 -116.25 -15.633
2 24 15.9551 -8 -23.4906 4.1952 -8 -15.633
2 24 -3.6634 -116.25 -3.8719 4.1952 -116.25 -15.633
2 24 -3.6634 -8 -3.8719 4.1952 -8 -15.633
2 24 15.9551 -116.25 -23.4906 30 -116.25 -26.25
2 24 8.998 0 -19.6682 6.3797 0 -22.2221
2 24 8.998 0 -19.6682 8.998 -5.25 -19.6682
2 24 6.3797 0 -22.2221 6.3797 -5.25 -22.2221
2 24 8.998 -5.25 -19.6682 6.3797 -5.25 -22.2221
2 24 6.25 0 -13.75 6.25 0 6.25
2 24 10 0 -10 10 0 10
2 24 6.25 0 -13.75 6.25 -5.25 -13.75
2 24 6.25 0 -13.75 6.25 0 6.25
2 24 6.25 -5.25 -13.75 6.25 -5.25 6.25
2 24 6.25 0 6.25 6.25 -5.25 6.25
2 24 6.25 0 6.25 -6.2516 0 6.25
2 24 10 0 10 -9.9992 0 10.0001
2 24 6.25 0 6.25 6.25 -5.25 6.25
2 24 6.25 0 6.25 -6.2516 0 6.25
2 24 6.25 -5.25 6.25 -6.2516 -5.25 6.25
2 24 -6.2516 0 6.25 -6.2516 -5.25 6.25
2 24 -6.2516 0 6.25 -6.2516 0 0
2 24 -9.9992 0 10.0001 -8.487 0 -0.311
2 24 -6.2516 0 6.25 -6.2516 -5.25 6.25
2 24 -6.2516 0 6.25 -6.2516 0 0
2 24 -6.2516 -5.25 6.25 -6.2516 -5.25 0
2 24 -6.2516 0 0 -5.9897 0 -2.2856
2 24 -6.2516 -5.25 0 -5.9897 -5.25 -2.2856
2 24 -5.9897 0 -2.2856 -4.7509 0 -4.2546
2 24 -5.9897 -5.25 -2.2856 -4.7509 -5.25 -4.2546
2 24 -6.2516 0 0 -5.9897 0 -2.2856
2 24 -2.2716 0 -13.5461 -4.641 0 -10
2 24 -2.2716 0 -13.5461 0.1592 0 -10.8294
2 24 0.1592 0 -10.8294 -2.8779 0 -5.6342
2 24 -4.7509 0 -4.2546 -2.8779 0 -5.6342
2 24 -4.7509 -5.25 -4.2546 -2.8779 -5.25 -5.6342
2 24 -2.8779 0 -5.6342 0.1592 0 -10.8294
2 24 -2.8779 -5.25 -5.6342 0.1592 -5.25 -10.8294
2 24 0.1592 0 -10.8294 0.1592 -5.25 -10.8294
2 24 -2.2716 -5.25 -13.5461 -2.2716 0 -13.5461
2 24 -2.2716 -5.25 -13.5461 0.1592 -5.25 -10.8294
2 24 -2.2716 0 -13.5461 0.1592 0 -10.8294
2 24 0.1592 -5.25 -10.8294 0.1592 0 -10.8294
2 24 1.8233 -5.25 -18.1767 -2.2716 -5.25 -13.5461
2 24 0.1592 -5.25 -10.8294 -2.2716 -5.25 -13.5461
2 24 8.998 -5.25 -19.6682 6.3797 -5.25 -22.2221
2 24 1.8233 -5.25 -18.1767 6.3797 -5.25 -22.2221
2 24 6.25 -5.25 -13.75 6.25 -5.25 6.25
2 24 0.1592 -5.25 -10.8294 -2.8779 -5.25 -5.6342
2 24 -2.8779 -5.25 -5.6342 -4.7509 -5.25 -4.2546
2 24 -4.7509 -5.25 -4.2546 -5.9897 -5.25 -2.2856
2 24 -6.2516 -5.25 0 -5.9897 -5.25 -2.2856
2 24 6.25 -5.25 6.25 -6.2516 -5.25 6.25
2 24 -6.2516 -5.25 0 -6.2516 -5.25 6.25
2 24 13.5774 0 -22.3453 13.5774 0 -13.75
2 24 10.8274 0 -20.7376 10.8274 0 -13.75
2 24 13.5774 -5.25 -22.3453 13.5774 0 -22.3453
2 24 13.5774 -5.25 -22.3453 13.5774 -5.25 -13.75
2 24 13.5774 0 -22.3453 13.5774 0 -13.75
2 24 13.5774 -5.25 -13.75 13.5774 0 -13.75
2 24 19.8274 -5.25 -26.25 30 -5.25 -26.25
2 24 19.8274 0 -26.25 30 0 -26.25
2 24 19.8274 -5.25 -26.25 17.5418 -5.25 -25.8171
2 24 19.8274 0 -26.25 17.5418 0 -25.8171
2 24 17.5418 -5.25 -25.8171 15.5728 -5.25 -24.5783
2 24 17.5418 0 -25.8171 15.5728 0 -24.5783
2 24 15.5728 -5.25 -24.5783 14.1932 -5.25 -22.7053
2 24 15.5728 0 -24.5783 14.1932 0 -22.7053
2 24 14.1932 0 -22.7053 13.5774 0 -22.3453
2 24 13.5774 0 -22.3453 13.5774 -5.25 -22.3453
2 24 14.1932 -5.25 -22.7053 13.5774 -5.25 -22.3453
2 24 10 0 -24.641 6.3797 0 -22.2221
2 24 6.3797 0 -22.2221 8.998 0 -19.6682
2 24 10.8274 0 -20.7376 8.998 0 -19.6682
2 24 10.8274 0 -13.75 10.8274 -5.25 -13.75
2 24 10.8274 0 -13.75 6.25 0 -13.75
2 24 10.8274 -5.25 -13.75 6.25 -5.25 -13.75
2 24 6.25 0 -13.75 6.25 -5.25 -13.75
2 24 10.8274 -5.25 -20.7376 10.8274 0 -20.7376
2 24 10.8274 -5.25 -20.7376 8.998 -5.25 -19.6682
2 24 10.8274 0 -20.7376 8.998 0 -19.6682
2 24 8.998 -5.25 -19.6682 8.998 0 -19.6682
2 24 6.25 -5.25 -13.75 10.8274 -5.25 -13.75
2 24 10.8274 -5.25 -13.75 10.8274 -5.25 -20.7376
2 24 8.998 -5.25 -19.6682 10.8274 -5.25 -20.7376
2 24 13.5774 -5.25 -13.75 13.5774 0 -13.75
2 24 13.5774 -5.25 -13.75 30 -5.25 -13.75
2 24 13.5774 0 -13.75 30 0 -13.75
2 24 30 -5.25 -26.25 19.8274 -5.25 -26.25
2 24 14.1932 -5.25 -22.7053 15.5728 -5.25 -24.5783
2 24 10 0 -10 30 0 -10
2 24 13.5774 0 -13.75 30 0 -13.75
2 24 13.5774 -5.25 -22.3453 13.5774 -5.25 -13.75
2 24 14.1932 -5.25 -22.7053 13.5774 -5.25 -22.3453
2 24 6.25 0 -13.75 10.8274 0 -13.75
2 24 30 0 -30 19.6866 0 -28.49
2 24 30 0 -26.25 19.8274 0 -26.25
2 24 10 0 -24.641 19.6866 0 -28.49
2 24 17.5418 0 -25.8171 15.5728 0 -24.5783
2 24 13.5774 0 -22.3453 14.1932 0 -22.7053
2 24 15.5728 0 -24.5783 14.1932 0 -22.7053
2 24 19.8274 0 -26.25 17.5418 0 -25.8171
2 24 -2.8779 0 -5.6342 -4.7509 0 -4.2546
2 24 -8.487 0 -0.311 -4.641 0 -10
2 24 -5.9897 0 -2.2856 -4.7509 0 -4.2546
2 24 -4.641 -120 -10 1.8233 -120 -18.1767
2 24 -8.4869 -120 -0.3166 -10.0008 -120 9.9999
2 24 -10.0008 -120 9.9999 10 -120 10
2 24 10 -120 -10 10 -120 10
2 24 30 -5.25 -13.75 13.5774 -5.25 -13.75
2 24 15.5728 -5.25 -24.5783 17.5418 -5.25 -25.8171
2 24 19.8274 -5.25 -26.25 17.5418 -5.25 -25.8171
2 24 64.641 -120 -10 68.4869 -120 -0.3166
2 24 69.9988 -11.4802 10.0001 70.0008 -120 9.9999
2 24 68.4869 -120 -0.3166 70.0008 -120 9.9999
2 24 58.1767 -120 -18.1767 50 -120 -24.641
2 24 50 -120 -24.641 40.3134 -120 -28.49
2 24 30 -15.2923 -28.5131 33.6588 -13.5942 -28.5131
2 24 33.6588 -13.5942 -28.5131 35.3569 -9.9354 -28.5131
2 24 35.3569 -9.9354 -28.5131 33.6588 -6.2766 -28.5131
2 24 30 -4.5785 -28.5131 33.6588 -6.2766 -28.5131
2 24 30 -15.4003 -30 33.7326 -13.668 -29.4536
2 24 35.3569 -9.9354 -28.5131 35.4649 -9.9354 -29.2007
2 24 33.7326 -13.668 -29.4536 35.4649 -9.9354 -29.2007
2 24 35.4649 -9.9354 -29.2007 33.7326 -6.2029 -29.4536
2 24 30 -4.4706 -30 33.7326 -6.2029 -29.4536
2 24 50 0 -24.641 40.3134 0 -28.49
2 24 69.9988 -11.4802 10.0001 69.9992 0 10.0001
2 24 69.9992 0 10.0001 68.487 0 -0.311
2 24 68.487 0 -0.311 64.641 0 -10
2 24 64.641 -120 -10 58.1767 -120 -18.1767
2 24 64.641 0 -10 62.2716 0 -13.5461
2 24 62.2716 0 -13.5461 62.2716 -5.25 -13.5461
2 24 58.1767 -5.25 -18.1767 53.6203 -5.25 -22.2221
2 24 33.7326 -13.668 -29.4536 35.4649 -9.9354 -29.2007
2 24 30 0 -30 40.3134 0 -28.49
2 24 30 -4.4706 -30 33.7326 -6.2029 -29.4536
2 24 35.4649 -9.9354 -29.2007 33.7326 -6.2029 -29.4536
2 24 53.6203 -5.25 -22.2221 53.6203 0 -22.2221
2 24 50 0 -24.641 53.6203 0 -22.2221
2 24 62.2716 -5.25 -13.5461 58.1767 -5.25 -18.1767
2 24 30 -15.4003 -30 33.7326 -13.668 -29.4536
2 24 30 -120 -30 40.3134 -120 -28.49
2 24 49.1726 0 -20.7376 49.1726 0 -13.75
2 24 49.1726 0 -20.7376 49.1726 -5.25 -20.7376
2 24 49.1726 0 -13.75 49.1726 -5.25 -13.75
2 24 49.1726 -5.25 -20.7376 49.1726 -5.25 -13.75
2 24 50 -8 10 66.4226 -8 10
2 24 50 -8 10 50 0 10
2 24 50 0 10 69.9992 0 10.0001
2 24 50 0 10 50 0 -10
2 24 50 0 10 50 -8 10
2 24 50 0 -10 50 -8 -10
2 24 50 -8 10 50 -8 -10
2 24 30 -8 -10 50 -8 -10
2 24 50 -8 -10 50 0 -10
2 24 30 0 -10 50 0 -10
2 24 30 -120 -10 50 -120 -10
2 24 30 -120 -30 40.3134 -120 -28.49
2 24 40.3134 -120 -28.49 50 -120 -24.641
2 24 64.641 -120 -10 68.4869 -120 -0.3166
2 24 50 -120 -24.641 58.1767 -120 -18.1767
2 24 69.9992 0 10.0001 70.0008 -120 9.9999
2 24 66.4226 -8 10 66.4226 -116.25 10
2 24 50 -116.25 10 50 -120 10
2 24 66.4226 -116.25 10 50 -116.25 10
2 24 70.0008 -120 9.9999 50 -120 10
2 24 30 -8 -10 50 -8 -10
2 24 44.0449 -8 -23.4906 55.8048 -8 -15.633
2 24 50 -116.25 10 50 -116.25 -10
2 24 50 -116.25 10 50 -120 10
2 24 50 -116.25 -10 50 -120 -10
2 24 50 -120 10 50 -120 -10
2 24 55.8048 -116.25 -15.633 63.6634 -116.25 -3.8719
2 24 50 -116.25 -10 50 -116.25 10
2 24 66.4226 -8 10 63.6634 -8 -3.8719
2 24 66.4226 -8 10 66.4226 -116.25 10
2 24 66.4226 -116.25 10 63.6634 -116.25 -3.8719
2 24 63.6634 -116.25 -3.8719 66.4226 -116.25 10
2 24 50 -116.25 10 66.4226 -116.25 10
2 24 30 -116.25 -10 50 -116.25 -10
2 24 50 -116.25 -10 50 -120 -10
2 24 30 -120 -10 50 -120 -10
2 24 30 -116.25 -26.25 44.0449 -116.25 -23.4906
2 24 30 -8 -26.25 44.0449 -8 -23.4906
2 24 44.0449 -116.25 -23.4906 55.8048 -116.25 -15.633
2 24 44.0449 -8 -23.4906 55.8048 -8 -15.633
2 24 63.6634 -116.25 -3.8719 55.8048 -116.25 -15.633
2 24 63.6634 -8 -3.8719 55.8048 -8 -15.633
2 24 30 -116.25 -26.25 44.0449 -116.25 -23.4906
2 24 51.002 0 -19.6682 51.002 -5.25 -19.6682
2 24 51.002 0 -19.6682 53.6203 0 -22.2221
2 24 51.002 -5.25 -19.6682 53.6203 -5.25 -22.2221
2 24 53.6203 0 -22.2221 53.6203 -5.25 -22.2221
2 24 50 0 10 50 0 -10
2 24 53.75 0 6.25 53.75 0 -13.75
2 24 53.75 0 -13.75 53.75 0 6.25
2 24 53.75 0 -13.75 53.75 -5.25 -13.75
2 24 53.75 0 6.25 53.75 -5.25 6.25
2 24 53.75 -5.25 -13.75 53.75 -5.25 6.25
2 24 53.75 0 6.25 66.2516 0 6.25
2 24 50 0 10 69.9992 0 10.0001
2 24 53.75 0 6.25 66.2516 0 6.25
2 24 53.75 0 6.25 53.75 -5.25 6.25
2 24 66.2516 0 6.25 66.2516 -5.25 6.25
2 24 53.75 -5.25 6.25 66.2516 -5.25 6.25
2 24 66.2516 0 6.25 66.2516 0 0
2 24 69.9992 0 10.0001 68.487 0 -0.311
2 24 66.2516 0 6.25 66.2516 0 0
2 24 66.2516 0 6.25 66.2516 -5.25 6.25
2 24 66.2516 -5.25 6.25 66.2516 -5.25 0
2 24 66.2516 0 0 65.9897 0 -2.2856
2 24 66.2516 -5.25 0 65.9897 -5.25 -2.2856
2 24 65.9897 0 -2.2856 64.7509 0 -4.2546
2 24 65.9897 -5.25 -2.2856 64.7509 -5.25 -4.2546
2 24 66.2516 0 0 65.9897 0 -2.2856
2 24 62.2716 0 -13.5461 59.8408 0 -10.8294
2 24 62.2716 0 -13.5461 64.641 0 -10
2 24 59.8408 0 -10.8294 62.8779 0 -5.6342
2 24 64.7509 0 -4.2546 62.8779 0 -5.6342
2 24 64.7509 -5.25 -4.2546 62.8779 -5.25 -5.6342
2 24 62.8779 0 -5.6342 59.8408 0 -10.8294
2 24 59.8408 0 -10.8294 59.8408 -5.25 -10.8294
2 24 62.8779 -5.25 -5.6342 59.8408 -5.25 -10.8294
2 24 62.2716 -5.25 -13.5461 59.8408 -5.25 -10.8294
2 24 62.2716 -5.25 -13.5461 62.2716 0 -13.5461
2 24 59.8408 -5.25 -10.8294 59.8408 0 -10.8294
2 24 62.2716 0 -13.5461 59.8408 0 -10.8294
2 24 59.8408 -5.25 -10.8294 62.2716 -5.25 -13.5461
2 24 58.1767 -5.25 -18.1767 62.2716 -5.25 -13.5461
2 24 58.1767 -5.25 -18.1767 53.6203 -5.25 -22.2221
2 24 51.002 -5.25 -19.6682 53.6203 -5.25 -22.2221
2 24 53.75 -5.25 -13.75 53.75 -5.25 6.25
2 24 59.8408 -5.25 -10.8294 62.8779 -5.25 -5.6342
2 24 65.9897 -5.25 -2.2856 64.7509 -5.25 -4.2546
2 24 65.9897 -5.25 -2.2856 66.2516 -5.25 0
2 24 62.8779 -5.25 -5.6342 64.7509 -5.25 -4.2546
2 24 53.75 -5.25 6.25 66.2516 -5.25 6.25
2 24 66.2516 -5.25 0 66.2516 -5.25 6.25
2 24 46.4226 0 -22.3453 46.4226 0 -13.75
2 24 49.1726 0 -20.7376 49.1726 0 -13.75
2 24 46.4226 -5.25 -22.3453 46.4226 -5.25 -13.75
2 24 46.4226 -5.25 -22.3453 46.4226 0 -22.3453
2 24 46.4226 -5.25 -13.75 46.4226 0 -13.75
2 24 46.4226 0 -22.3453 46.4226 0 -13.75
2 24 30 -5.25 -26.25 40.1726 -5.25 -26.25
2 24 30 0 -26.25 40.1726 0 -26.25
2 24 40.1726 -5.25 -26.25 42.4582 -5.25 -25.8171
2 24 40.1726 0 -26.25 42.4582 0 -25.8171
2 24 42.4582 -5.25 -25.8171 44.4272 -5.25 -24.5783
2 24 42.4582 0 -25.8171 44.4272 0 -24.5783
2 24 44.4272 -5.25 -24.5783 45.8068 -5.25 -22.7053
2 24 44.4272 0 -24.5783 45.8068 0 -22.7053
2 24 45.8068 0 -22.7053 46.4226 0 -22.3453
2 24 45.8068 -5.25 -22.7053 46.4226 -5.25 -22.3453
2 24 46.4226 0 -22.3453 46.4226 -5.25 -22.3453
2 24 51.002 0 -19.6682 53.6203 0 -22.2221
2 24 49.1726 0 -20.7376 51.002 0 -19.6682
2 24 50 0 -24.641 53.6203 0 -22.2221
2 24 49.1726 0 -13.75 53.75 0 -13.75
2 24 49.1726 0 -13.75 49.1726 -5.25 -13.75
2 24 53.75 0 -13.75 53.75 -5.25 -13.75
2 24 49.1726 -5.25 -13.75 53.75 -5.25 -13.75
2 24 49.1726 -5.25 -20.7376 51.002 -5.25 -19.6682
2 24 49.1726 -5.25 -20.7376 49.1726 0 -20.7376
2 24 51.002 -5.25 -19.6682 51.002 0 -19.6682
2 24 49.1726 0 -20.7376 51.002 0 -19.6682
2 24 53.75 -5.25 -13.75 49.1726 -5.25 -13.75
2 24 51.002 -5.25 -19.6682 49.1726 -5.25 -20.7376
2 24 49.1726 -5.25 -13.75 49.1726 -5.25 -20.7376
2 24 30 -5.25 -13.75 46.4226 -5.25 -13.75
2 24 46.4226 -5.25 -13.75 46.4226 0 -13.75
2 24 30 0 -13.75 46.4226 0 -13.75
2 24 30 -5.25 -26.25 40.1726 -5.25 -26.25
2 24 45.8068 -5.25 -22.7053 44.4272 -5.25 -24.5783
2 24 30 0 -10 50 0 -10
2 24 30 0 -13.75 46.4226 0 -13.75
2 24 45.8068 -5.25 -22.7053 46.4226 -5.25 -22.3453
2 24 46.4226 -5.25 -22.3453 46.4226 -5.25 -13.75
2 24 53.75 0 -13.75 49.1726 0 -13.75
2 24 30 0 -30 40.3134 0 -28.49
2 24 30 0 -26.25 40.1726 0 -26.25
2 24 50 0 -24.641 40.3134 0 -28.49
2 24 42.4582 0 -25.8171 44.4272 0 -24.5783
2 24 46.4226 0 -22.3453 45.8068 0 -22.7053
2 24 44.4272 0 -24.5783 45.8068 0 -22.7053
2 24 40.1726 0 -26.25 42.4582 0 -25.8171
2 24 62.8779 0 -5.6342 64.7509 0 -4.2546
2 24 68.487 0 -0.311 64.641 0 -10
2 24 65.9897 0 -2.2856 64.7509 0 -4.2546
2 24 64.641 -120 -10 58.1767 -120 -18.1767
2 24 50 -120 -10 50 -120 10
2 24 68.4869 -120 -0.3166 70.0008 -120 9.9999
2 24 50 -120 10 70.0008 -120 9.9999
2 24 30 -5.25 -13.75 46.4226 -5.25 -13.75
2 24 44.4272 -5.25 -24.5783 42.4582 -5.25 -25.8171
2 24 40.1726 -5.25 -26.25 42.4582 -5.25 -25.8171
2 24 55.8048 -116.25 -15.633 44.0449 -116.25 -23.4906
2 24 30 -116.25 -10 50 -116.25 -10
2 24 10 -116.25 -10 30 -116.25 -10
2 24 4.1952 -116.25 -15.633 15.9551 -116.25 -23.4906
2 24 -3.6634 -116.25 -3.8719 -6.4226 -116.25 10
2 24 10 -116.25 10 -6.4226 -116.25 10
2 24 15.9551 -8 -23.4906 30 -8 -26.25
2 24 44.0449 -8 -23.4906 30 -8 -26.25
2 24 15.9551 -8 -23.4906 4.1952 -8 -15.633
2 24 30 -8 -10 10 -8 -10
2 24 10 -8 10 10 -8 -10
2 24 -3.6634 -8 -3.8719 4.1952 -8 -15.633
2 24 66.4226 -8 10 50 -8 10
2 24 63.6634 -8 -3.8719 66.4226 -8 10
2 24 55.8048 -8 -15.633 63.6634 -8 -3.8719
2 24 50 -8 -10 50 -8 10
2 24 30 -5.25 -16.0618 31.9691 -5.25 -16.5894
2 24 30 0 -16.0618 31.9691 0 -16.5894
2 24 30 -5.25 -16.0618 28.0309 -5.25 -16.5894
2 24 30 0 -16.0618 28.0309 0 -16.5894
2 24 28.0309 -5.25 -16.5894 26.5894 -5.25 -18.0309
2 24 28.0309 0 -16.5894 26.5894 0 -18.0309
2 24 26.5894 -5.25 -18.0309 26.0618 -5.25 -20
2 24 26.5894 0 -18.0309 26.0618 0 -20
2 24 26.0618 -5.25 -20 26.5894 -5.25 -21.9691
2 24 26.0618 0 -20 26.5894 0 -21.9691
2 24 26.5894 -5.25 -21.9691 28.0309 -5.25 -23.4106
2 24 26.5894 0 -21.9691 28.0309 0 -23.4106
2 24 28.0309 -5.25 -23.4106 30 -5.25 -23.9382
2 24 28.0309 0 -23.4106 30 0 -23.9382
2 24 30 -5.25 -23.9382 31.9691 -5.25 -23.4106
2 24 30 0 -23.9382 31.9691 0 -23.4106
2 24 31.9691 -5.25 -23.4106 33.4106 -5.25 -21.9691
2 24 31.9691 0 -23.4106 33.4106 0 -21.9691
2 24 33.4106 -5.25 -21.9691 33.9382 -5.25 -20
2 24 33.4106 0 -21.9691 33.9382 0 -20
2 24 33.9382 -5.25 -20 33.4106 -5.25 -18.0309
2 24 33.9382 0 -20 33.4106 0 -18.0309
2 24 31.9691 0 -16.5894 33.4106 0 -18.0309
2 24 31.9691 -5.25 -16.5894 33.4106 -5.25 -18.0309
2 24 31.9691 0 -16.5894 30 0 -16.0618
2 24 31.9691 0 -16.5894 33.4106 0 -18.0309
2 24 33.4106 0 -18.0309 33.9382 0 -20
2 24 33.9382 0 -20 33.4106 0 -21.9691
2 24 33.4106 0 -21.9691 31.9691 0 -23.4106
2 24 31.9691 0 -23.4106 30 0 -23.9382
2 24 30 0 -23.9382 28.0309 0 -23.4106
2 24 28.0309 0 -23.4106 26.5894 0 -21.9691
2 24 26.5894 0 -21.9691 26.0618 0 -20
2 24 26.0618 0 -20 26.5894 0 -18.0309
2 24 26.5894 0 -18.0309 28.0309 0 -16.5894
2 24 30 0 -16.0618 28.0309 0 -16.5894
2 24 56.874 -120 5.4144 54.5856 -120 3.126
2 24 56.874 -124.45 5.4144 54.5856 -124.45 3.126
2 24 54.5856 -120 3.126 53.748 -120 0
2 24 54.5856 -124.45 3.126 53.748 -124.45 0
2 24 53.748 -120 0 54.5856 -120 -3.126
2 24 53.748 -124.45 0 54.5856 -124.45 -3.126
2 24 54.5856 -120 -3.126 56.874 -120 -5.4144
2 24 54.5856 -124.45 -3.126 56.874 -124.45 -5.4144
2 24 56.874 -120 -5.4144 60 -120 -6.252
2 24 56.874 -124.45 -5.4144 60 -124.45 -6.252
2 24 60 -120 -6.252 63.126 -120 -5.4144
2 24 60 -124.45 -6.252 63.126 -124.45 -5.4144
2 24 63.126 -120 -5.4144 65.4144 -120 -3.126
2 24 63.126 -124.45 -5.4144 65.4144 -124.45 -3.126
2 24 65.4144 -120 -3.126 66.252 -120 0
2 24 65.4144 -124.45 -3.126 66.252 -124.45 0
2 24 66.252 -120 0 65.4144 -120 3.126
2 24 66.252 -124.45 0 65.4144 -124.45 3.126
2 24 65.4144 -120 3.126 63.126 -120 5.4144
2 24 65.4144 -124.45 3.126 63.126 -124.45 5.4144
2 24 63.126 -120 5.4144 60 -120 6.252
2 24 63.126 -124.45 5.4144 60 -124.45 6.252
2 24 56.874 -120 5.4144 60 -120 6.252
2 24 56.874 -124.45 5.4144 60 -124.45 6.252
2 24 56.874 -124.45 5.4144 54.5856 -124.45 3.126
2 24 57.9623 -124.45 3.5295 56.4705 -124.45 2.0377
2 24 54.5856 -124.45 3.126 53.748 -124.45 0
2 24 56.4705 -124.45 2.0377 55.9245 -124.45 0
2 24 53.748 -124.45 0 54.5856 -124.45 -3.126
2 24 55.9245 -124.45 0 56.4705 -124.45 -2.0378
2 24 54.5856 -124.45 -3.126 56.874 -124.45 -5.4144
2 24 56.4705 -124.45 -2.0378 57.9623 -124.45 -3.5295
2 24 56.874 -124.45 -5.4144 60 -124.45 -6.252
2 24 57.9623 -124.45 -3.5295 60 -124.45 -4.0755
2 24 60 -124.45 -6.252 63.126 -124.45 -5.4144
2 24 60 -124.45 -4.0755 62.0378 -124.45 -3.5295
2 24 63.126 -124.45 -5.4144 65.4144 -124.45 -3.126
2 24 62.0378 -124.45 -3.5295 63.5295 -124.45 -2.0378
2 24 65.4144 -124.45 -3.126 66.252 -124.45 0
2 24 63.5295 -124.45 -2.0378 64.0755 -124.45 0
2 24 66.252 -124.45 0 65.4144 -124.45 3.126
2 24 64.0755 -124.45 0 63.5295 -124.45 2.0377
2 24 65.4144 -124.45 3.126 63.126 -124.45 5.4144
2 24 63.5295 -124.45 2.0377 62.0378 -124.45 3.5295
2 24 63.126 -124.45 5.4144 60 -124.45 6.252
2 24 62.0378 -124.45 3.5295 60 -124.45 4.0755
2 24 56.874 -124.45 5.4144 60 -124.45 6.252
2 24 57.9623 -124.45 3.5295 60 -124.45 4.0755
2 24 57.9623 -124.45 3.5295 56.4705 -124.45 2.0377
2 24 57.9623 -120 3.5295 56.4705 -120 2.0377
2 24 56.4705 -124.45 2.0377 55.9245 -124.45 0
2 24 56.4705 -120 2.0377 55.9245 -120 0
2 24 55.9245 -124.45 0 56.4705 -124.45 -2.0378
2 24 55.9245 -120 0 56.4705 -120 -2.0378
2 24 56.4705 -124.45 -2.0378 57.9623 -124.45 -3.5295
2 24 56.4705 -120 -2.0378 57.9623 -120 -3.5295
2 24 57.9623 -124.45 -3.5295 60 -124.45 -4.0755
2 24 57.9623 -120 -3.5295 60 -120 -4.0755
2 24 60 -124.45 -4.0755 62.0378 -124.45 -3.5295
2 24 60 -120 -4.0755 62.0378 -120 -3.5295
2 24 62.0378 -124.45 -3.5295 63.5295 -124.45 -2.0378
2 24 62.0378 -120 -3.5295 63.5295 -120 -2.0378
2 24 63.5295 -124.45 -2.0378 64.0755 -124.45 0
2 24 63.5295 -120 -2.0378 64.0755 -120 0
2 24 64.0755 -124.45 0 63.5295 -124.45 2.0377
2 24 64.0755 -120 0 63.5295 -120 2.0377
2 24 63.5295 -124.45 2.0377 62.0378 -124.45 3.5295
2 24 63.5295 -120 2.0377 62.0378 -120 3.5295
2 24 62.0378 -124.45 3.5295 60 -124.45 4.0755
2 24 62.0378 -120 3.5295 60 -120 4.0755
2 24 57.9623 -124.45 3.5295 60 -124.45 4.0755
2 24 57.9623 -120 3.5295 60 -120 4.0755
2 24 36.874 -120 -14.5856 34.5856 -120 -16.874
2 24 36.874 -124.45 -14.5856 34.5856 -124.45 -16.874
2 24 34.5856 -120 -16.874 33.748 -120 -20
2 24 34.5856 -124.45 -16.874 33.748 -124.45 -20
2 24 33.748 -120 -20 34.5856 -120 -23.126
2 24 33.748 -124.45 -20 34.5856 -124.45 -23.126
2 24 34.5856 -120 -23.126 36.874 -120 -25.4144
2 24 34.5856 -124.45 -23.126 36.874 -124.45 -25.4144
2 24 36.874 -120 -25.4144 40 -120 -26.252
2 24 36.874 -124.45 -25.4144 40 -124.45 -26.252
2 24 40 -120 -26.252 43.126 -120 -25.4144
2 24 40 -124.45 -26.252 43.126 -124.45 -25.4144
2 24 43.126 -120 -25.4144 45.4144 -120 -23.126
2 24 43.126 -124.45 -25.4144 45.4144 -124.45 -23.126
2 24 45.4144 -120 -23.126 46.252 -120 -20
2 24 45.4144 -124.45 -23.126 46.252 -124.45 -20
2 24 46.252 -120 -20 45.4144 -120 -16.874
2 24 46.252 -124.45 -20 45.4144 -124.45 -16.874
2 24 45.4144 -120 -16.874 43.126 -120 -14.5856
2 24 45.4144 -124.45 -16.874 43.126 -124.45 -14.5856
2 24 43.126 -120 -14.5856 40 -120 -13.748
2 24 43.126 -124.45 -14.5856 40 -124.45 -13.748
2 24 36.874 -120 -14.5856 40 -120 -13.748
2 24 36.874 -124.45 -14.5856 40 -124.45 -13.748
2 24 36.874 -124.45 -14.5856 34.5856 -124.45 -16.874
2 24 37.9623 -124.45 -16.4705 36.4705 -124.45 -17.9623
2 24 34.5856 -124.45 -16.874 33.748 -124.45 -20
2 24 36.4705 -124.45 -17.9623 35.9245 -124.45 -20
2 24 33.748 -124.45 -20 34.5856 -124.45 -23.126
2 24 35.9245 -124.45 -20 36.4705 -124.45 -22.0378
2 24 34.5856 -124.45 -23.126 36.874 -124.45 -25.4144
2 24 36.4705 -124.45 -22.0378 37.9623 -124.45 -23.5295
2 24 36.874 -124.45 -25.4144 40 -124.45 -26.252
2 24 37.9623 -124.45 -23.5295 40 -124.45 -24.0755
2 24 40 -124.45 -26.252 43.126 -124.45 -25.4144
2 24 40 -124.45 -24.0755 42.0378 -124.45 -23.5295
2 24 43.126 -124.45 -25.4144 45.4144 -124.45 -23.126
2 24 42.0378 -124.45 -23.5295 43.5295 -124.45 -22.0378
2 24 45.4144 -124.45 -23.126 46.252 -124.45 -20
2 24 43.5295 -124.45 -22.0378 44.0755 -124.45 -20
2 24 46.252 -124.45 -20 45.4144 -124.45 -16.874
2 24 44.0755 -124.45 -20 43.5295 -124.45 -17.9623
2 24 45.4144 -124.45 -16.874 43.126 -124.45 -14.5856
2 24 43.5295 -124.45 -17.9623 42.0378 -124.45 -16.4705
2 24 43.126 -124.45 -14.5856 40 -124.45 -13.748
2 24 42.0378 -124.45 -16.4705 40 -124.45 -15.9245
2 24 36.874 -124.45 -14.5856 40 -124.45 -13.748
2 24 37.9623 -124.45 -16.4705 40 -124.45 -15.9245
2 24 37.9623 -124.45 -16.4705 36.4705 -124.45 -17.9623
2 24 37.9623 -120 -16.4705 36.4705 -120 -17.9623
2 24 36.4705 -124.45 -17.9623 35.9245 -124.45 -20
2 24 36.4705 -120 -17.9623 35.9245 -120 -20
2 24 35.9245 -124.45 -20 36.4705 -124.45 -22.0378
2 24 35.9245 -120 -20 36.4705 -120 -22.0378
2 24 36.4705 -124.45 -22.0378 37.9623 -124.45 -23.5295
2 24 36.4705 -120 -22.0378 37.9623 -120 -23.5295
2 24 37.9623 -124.45 -23.5295 40 -124.45 -24.0755
2 24 37.9623 -120 -23.5295 40 -120 -24.0755
2 24 40 -124.45 -24.0755 42.0378 -124.45 -23.5295
2 24 40 -120 -24.0755 42.0378 -120 -23.5295
2 24 42.0378 -124.45 -23.5295 43.5295 -124.45 -22.0378
2 24 42.0378 -120 -23.5295 43.5295 -120 -22.0378
2 24 43.5295 -124.45 -22.0378 44.0755 -124.45 -20
2 24 43.5295 -120 -22.0378 44.0755 -120 -20
2 24 44.0755 -124.45 -20 43.5295 -124.45 -17.9623
2 24 44.0755 -120 -20 43.5295 -120 -17.9623
2 24 43.5295 -124.45 -17.9623 42.0378 -124.45 -16.4705
2 24 43.5295 -120 -17.9623 42.0378 -120 -16.4705
2 24 42.0378 -124.45 -16.4705 40 -124.45 -15.9245
2 24 42.0378 -120 -16.4705 40 -120 -15.9245
2 24 37.9623 -124.45 -16.4705 40 -124.45 -15.9245
2 24 37.9623 -120 -16.4705 40 -120 -15.9245
2 24 -3.126 -120 5.4144 -5.4144 -120 3.126
2 24 -3.126 -124.45 5.4144 -5.4144 -124.45 3.126
2 24 -5.4144 -120 3.126 -6.252 -120 0
2 24 -5.4144 -124.45 3.126 -6.252 -124.45 0
2 24 -6.252 -120 0 -5.4144 -120 -3.126
2 24 -6.252 -124.45 0 -5.4144 -124.45 -3.126
2 24 -5.4144 -120 -3.126 -3.126 -120 -5.4144
2 24 -5.4144 -124.45 -3.126 -3.126 -124.45 -5.4144
2 24 -3.126 -120 -5.4144 0 -120 -6.252
2 24 -3.126 -124.45 -5.4144 0 -124.45 -6.252
2 24 0 -120 -6.252 3.126 -120 -5.4144
2 24 0 -124.45 -6.252 3.126 -124.45 -5.4144
2 24 3.126 -120 -5.4144 5.4144 -120 -3.126
2 24 3.126 -124.45 -5.4144 5.4144 -124.45 -3.126
2 24 5.4144 -120 -3.126 6.252 -120 0
2 24 5.4144 -124.45 -3.126 6.252 -124.45 0
2 24 6.252 -120 0 5.4144 -120 3.126
2 24 6.252 -124.45 0 5.4144 -124.45 3.126
2 24 5.4144 -120 3.126 3.126 -120 5.4144
2 24 5.4144 -124.45 3.126 3.126 -124.45 5.4144
2 24 3.126 -120 5.4144 0 -120 6.252
2 24 3.126 -124.45 5.4144 0 -124.45 6.252
2 24 -3.126 -120 5.4144 0 -120 6.252
2 24 -3.126 -124.45 5.4144 0 -124.45 6.252
2 24 -3.126 -124.45 5.4144 -5.4144 -124.45 3.126
2 24 -2.0378 -124.45 3.5295 -3.5295 -124.45 2.0377
2 24 -5.4144 -124.45 3.126 -6.252 -124.45 0
2 24 -3.5295 -124.45 2.0377 -4.0755 -124.45 0
2 24 -6.252 -124.45 0 -5.4144 -124.45 -3.126
2 24 -4.0755 -124.45 0 -3.5295 -124.45 -2.0378
2 24 -5.4144 -124.45 -3.126 -3.126 -124.45 -5.4144
2 24 -3.5295 -124.45 -2.0378 -2.0378 -124.45 -3.5295
2 24 -3.126 -124.45 -5.4144 0 -124.45 -6.252
2 24 -2.0378 -124.45 -3.5295 0 -124.45 -4.0755
2 24 0 -124.45 -6.252 3.126 -124.45 -5.4144
2 24 0 -124.45 -4.0755 2.0378 -124.45 -3.5295
2 24 3.126 -124.45 -5.4144 5.4144 -124.45 -3.126
2 24 2.0378 -124.45 -3.5295 3.5295 -124.45 -2.0378
2 24 5.4144 -124.45 -3.126 6.252 -124.45 0
2 24 3.5295 -124.45 -2.0378 4.0755 -124.45 0
2 24 6.252 -124.45 0 5.4144 -124.45 3.126
2 24 4.0755 -124.45 0 3.5295 -124.45 2.0377
2 24 5.4144 -124.45 3.126 3.126 -124.45 5.4144
2 24 3.5295 -124.45 2.0377 2.0378 -124.45 3.5295
2 24 3.126 -124.45 5.4144 0 -124.45 6.252
2 24 2.0378 -124.45 3.5295 0 -124.45 4.0755
2 24 -3.126 -124.45 5.4144 0 -124.45 6.252
2 24 -2.0378 -124.45 3.5295 0 -124.45 4.0755
2 24 -2.0378 -124.45 3.5295 -3.5295 -124.45 2.0377
2 24 -2.0378 -120 3.5295 -3.5295 -120 2.0377
2 24 -3.5295 -124.45 2.0377 -4.0755 -124.45 0
2 24 -3.5295 -120 2.0377 -4.0755 -120 0
2 24 -4.0755 -124.45 0 -3.5295 -124.45 -2.0378
2 24 -4.0755 -120 0 -3.5295 -120 -2.0378
2 24 -3.5295 -124.45 -2.0378 -2.0378 -124.45 -3.5295
2 24 -3.5295 -120 -2.0378 -2.0378 -120 -3.5295
2 24 -2.0378 -124.45 -3.5295 0 -124.45 -4.0755
2 24 -2.0378 -120 -3.5295 0 -120 -4.0755
2 24 0 -124.45 -4.0755 2.0378 -124.45 -3.5295
2 24 0 -120 -4.0755 2.0378 -120 -3.5295
2 24 2.0378 -124.45 -3.5295 3.5295 -124.45 -2.0378
2 24 2.0378 -120 -3.5295 3.5295 -120 -2.0378
2 24 3.5295 -124.45 -2.0378 4.0755 -124.45 0
2 24 3.5295 -120 -2.0378 4.0755 -120 0
2 24 4.0755 -124.45 0 3.5295 -124.45 2.0377
2 24 4.0755 -120 0 3.5295 -120 2.0377
2 24 3.5295 -124.45 2.0377 2.0378 -124.45 3.5295
2 24 3.5295 -120 2.0377 2.0378 -120 3.5295
2 24 2.0378 -124.45 3.5295 0 -124.45 4.0755
2 24 2.0378 -120 3.5295 0 -120 4.0755
2 24 -2.0378 -124.45 3.5295 0 -124.45 4.0755
2 24 -2.0378 -120 3.5295 0 -120 4.0755
2 24 16.874 -120 -14.5856 14.5856 -120 -16.874
2 24 16.874 -124.45 -14.5856 14.5856 -124.45 -16.874
2 24 14.5856 -120 -16.874 13.748 -120 -20
2 24 14.5856 -124.45 -16.874 13.748 -124.45 -20
2 24 13.748 -120 -20 14.5856 -120 -23.126
2 24 13.748 -124.45 -20 14.5856 -124.45 -23.126
2 24 14.5856 -120 -23.126 16.874 -120 -25.4144
2 24 14.5856 -124.45 -23.126 16.874 -124.45 -25.4144
2 24 16.874 -120 -25.4144 20 -120 -26.252
2 24 16.874 -124.45 -25.4144 20 -124.45 -26.252
2 24 20 -120 -26.252 23.126 -120 -25.4144
2 24 20 -124.45 -26.252 23.126 -124.45 -25.4144
2 24 23.126 -120 -25.4144 25.4144 -120 -23.126
2 24 23.126 -124.45 -25.4144 25.4144 -124.45 -23.126
2 24 25.4144 -120 -23.126 26.252 -120 -20
2 24 25.4144 -124.45 -23.126 26.252 -124.45 -20
2 24 26.252 -120 -20 25.4144 -120 -16.874
2 24 26.252 -124.45 -20 25.4144 -124.45 -16.874
2 24 25.4144 -120 -16.874 23.126 -120 -14.5856
2 24 25.4144 -124.45 -16.874 23.126 -124.45 -14.5856
2 24 23.126 -120 -14.5856 20 -120 -13.748
2 24 23.126 -124.45 -14.5856 20 -124.45 -13.748
2 24 16.874 -120 -14.5856 20 -120 -13.748
2 24 16.874 -124.45 -14.5856 20 -124.45 -13.748
2 24 16.874 -124.45 -14.5856 14.5856 -124.45 -16.874
2 24 17.9623 -124.45 -16.4705 16.4705 -124.45 -17.9623
2 24 14.5856 -124.45 -16.874 13.748 -124.45 -20
2 24 16.4705 -124.45 -17.9623 15.9245 -124.45 -20
2 24 13.748 -124.45 -20 14.5856 -124.45 -23.126
2 24 15.9245 -124.45 -20 16.4705 -124.45 -22.0378
2 24 14.5856 -124.45 -23.126 16.874 -124.45 -25.4144
2 24 16.4705 -124.45 -22.0378 17.9623 -124.45 -23.5295
2 24 16.874 -124.45 -25.4144 20 -124.45 -26.252
2 24 17.9623 -124.45 -23.5295 20 -124.45 -24.0755
2 24 20 -124.45 -26.252 23.126 -124.45 -25.4144
2 24 20 -124.45 -24.0755 22.0378 -124.45 -23.5295
2 24 23.126 -124.45 -25.4144 25.4144 -124.45 -23.126
2 24 22.0378 -124.45 -23.5295 23.5295 -124.45 -22.0378
2 24 25.4144 -124.45 -23.126 26.252 -124.45 -20
2 24 23.5295 -124.45 -22.0378 24.0755 -124.45 -20
2 24 26.252 -124.45 -20 25.4144 -124.45 -16.874
2 24 24.0755 -124.45 -20 23.5295 -124.45 -17.9623
2 24 25.4144 -124.45 -16.874 23.126 -124.45 -14.5856
2 24 23.5295 -124.45 -17.9623 22.0378 -124.45 -16.4705
2 24 23.126 -124.45 -14.5856 20 -124.45 -13.748
2 24 22.0378 -124.45 -16.4705 20 -124.45 -15.9245
2 24 16.874 -124.45 -14.5856 20 -124.45 -13.748
2 24 17.9623 -124.45 -16.4705 20 -124.45 -15.9245
2 24 17.9623 -124.45 -16.4705 16.4705 -124.45 -17.9623
2 24 17.9623 -120 -16.4705 16.4705 -120 -17.9623
2 24 16.4705 -124.45 -17.9623 15.9245 -124.45 -20
2 24 16.4705 -120 -17.9623 15.9245 -120 -20
2 24 15.9245 -124.45 -20 16.4705 -124.45 -22.0378
2 24 15.9245 -120 -20 16.4705 -120 -22.0378
2 24 16.4705 -124.45 -22.0378 17.9623 -124.45 -23.5295
2 24 16.4705 -120 -22.0378 17.9623 -120 -23.5295
2 24 17.9623 -124.45 -23.5295 20 -124.45 -24.0755
2 24 17.9623 -120 -23.5295 20 -120 -24.0755
2 24 20 -124.45 -24.0755 22.0378 -124.45 -23.5295
2 24 20 -120 -24.0755 22.0378 -120 -23.5295
2 24 22.0378 -124.45 -23.5295 23.5295 -124.45 -22.0378
2 24 22.0378 -120 -23.5295 23.5295 -120 -22.0378
2 24 23.5295 -124.45 -22.0378 24.0755 -124.45 -20
2 24 23.5295 -120 -22.0378 24.0755 -120 -20
2 24 24.0755 -124.45 -20 23.5295 -124.45 -17.9623
2 24 24.0755 -120 -20 23.5295 -120 -17.9623
2 24 23.5295 -124.45 -17.9623 22.0378 -124.45 -16.4705
2 24 23.5295 -120 -17.9623 22.0378 -120 -16.4705
2 24 22.0378 -124.45 -16.4705 20 -124.45 -15.9245
2 24 22.0378 -120 -16.4705 20 -120 -15.9245
2 24 17.9623 -124.45 -16.4705 20 -124.45 -15.9245
2 24 17.9623 -120 -16.4705 20 -120 -15.9245
2 24 -4.6716 -120.0354 -10.0177 -8.5211 -120.0354 -0.3257
2 24 -8.5211 -120.0354 -0.3257 -10.0309 -120.0304 10.0259
2 24 -10.0309 -120.0304 10.0259 -10.0483 -11.4802 9.9929
2 24 1.7983 -120.0354 -18.2017 9.9823 -120.0354 -24.6716
2 24 9.9823 -120.0354 -24.6716 19.6774 -120.0354 -28.5241
2 24 30 -15.2521 -28.5429 26.3671 -13.5681 -28.547
2 24 26.3671 -13.5681 -28.547 24.673 -9.9354 -28.5532
2 24 24.673 -9.9354 -28.5532 26.3671 -6.3027 -28.547
2 24 26.3671 -6.3027 -28.547 30 -4.6187 -28.5429
2 24 30 -15.2521 -28.5429 30 -15.3662 -30.0366
2 24 26.286 -13.6421 -29.4921 30 -15.3662 -30.0366
2 24 24.673 -9.9354 -28.5532 24.565 -9.9354 -29.2408
2 24 26.286 -13.6421 -29.4921 24.565 -9.9354 -29.2408
2 24 24.565 -9.9354 -29.2408 26.286 -6.2288 -29.4921
2 24 26.286 -6.2288 -29.4921 30 -4.5139 -30.0249
2 24 30 -4.6187 -28.5429 30 -4.5139 -30.0249
2 24 9.9854 0.0354 -24.6732 19.6765 0.0354 -28.5239
2 24 -10.0483 -11.4802 9.9929 -10.0293 0.0304 10.026
2 24 -8.5211 0.0354 -0.3201 -10.0293 0.0304 10.026
2 24 -8.5211 0.0354 -0.3201 -4.6732 0.0354 -10.0146
2 24 -4.6716 -120.0354 -10.0177 1.7983 -120.0354 -18.2017
2 24 -4.6732 0.0354 -10.0146 -2.2744 0.0316 -13.5847
2 24 -2.2734 -5.2194 -13.5856 -2.2744 0.0316 -13.5847
2 24 6.3399 -5.2199 -22.2247 1.7983 -5.2146 -18.2016
2 24 26.286 -13.6421 -29.4921 24.565 -9.9354 -29.2408
2 24 19.6765 0.0354 -28.5239 30 0.0354 -30.0354
2 24 26.286 -6.2288 -29.4921 30 -4.5139 -30.0249
2 24 24.565 -9.9354 -29.2408 26.286 -6.2288 -29.4921
2 24 6.3399 -5.2199 -22.2247 6.3408 0.0311 -22.2257
2 24 9.9854 0.0354 -24.6732 6.3408 0.0311 -22.2257
2 24 -2.2734 -5.2194 -13.5856 1.7983 -5.2146 -18.2016
2 24 26.286 -13.6421 -29.4921 30 -15.3662 -30.0366
2 24 19.6774 -120.0354 -28.5241 30 -120.0354 -30.0354
2 24 10.8098 0.0354 -20.707 10.8098 -5.2146 -20.707
2 24 10.8098 0.0354 -20.707 10.7985 0.0289 -13.7789
2 24 10.8098 -5.2146 -20.707 10.7985 -5.2211 -13.7789
2 24 10.7985 0.0289 -13.7789 10.7985 -5.2211 -13.7789
2 24 -10.0293 0.0304 10.026 10.0289 0.0289 10.0289
2 24 -6.396 -8.0272 10.0325 10.0289 -8.0289 10.0289
2 24 10.0289 0.0289 10.0289 10.0289 -8.0289 10.0289
2 24 10.0289 0.0289 10.0289 10.0289 -8.0289 10.0289
2 24 10.0289 0.0289 10.0289 10.0289 0.0289 -9.9711
2 24 10.0289 -8.0289 10.0289 10.0289 -8.0289 -9.9711
2 24 10.0289 0.0289 -9.9711 10.0289 -8.0289 -9.9711
2 24 30 -8.0354 -9.9646 10.0289 -8.0289 -9.9711
2 24 30 0.0354 -9.9646 10.0289 0.0289 -9.9711
2 24 10.0289 -8.0289 -9.9711 10.0289 0.0289 -9.9711
2 24 10.0289 -120.0289 -9.9711 30 -120.0354 -9.9646
2 24 19.6774 -120.0354 -28.5241 30 -120.0354 -30.0354
2 24 19.6774 -120.0354 -28.5241 9.9823 -120.0354 -24.6716
2 24 -8.5211 -120.0354 -0.3257 -4.6716 -120.0354 -10.0177
2 24 9.9823 -120.0354 -24.6716 1.7983 -120.0354 -18.2017
2 24 -10.0293 0.0304 10.026 -10.0309 -120.0304 10.0259
2 24 -6.396 -8.0272 10.0325 -6.396 -116.2228 10.0325
2 24 -10.0309 -120.0304 10.0259 10.0289 -120.0289 10.0289
2 24 10.0289 -120.0289 10.0289 10.0289 -116.2211 10.0289
2 24 -6.396 -116.2228 10.0325 10.0289 -116.2211 10.0289
2 24 10.0289 -8.0289 10.0289 -6.396 -8.0272 10.0325
2 24 -3.6307 -8.0354 -3.8584 -6.396 -8.0272 10.0325
2 24 10.0289 -116.2211 10.0289 10.0289 -120.0289 10.0289
2 24 10.0289 -116.2211 10.0289 10.0289 -116.2211 -9.9711
2 24 10.0289 -120.0289 10.0289 10.0289 -120.0289 -9.9711
2 24 10.0289 -116.2211 -9.9711 10.0289 -120.0289 -9.9711
2 24 -6.396 -8.0272 10.0325 -6.396 -116.2228 10.0325
2 24 -6.396 -8.0272 10.0325 -3.6307 -8.0354 -3.8584
2 24 -6.396 -116.2228 10.0325 -3.6307 -116.2146 -3.8584
2 24 10.0289 -116.2211 10.0289 10.0289 -116.2211 -9.9711
2 24 -3.6307 -116.2146 -3.8584 4.2202 -116.2146 -15.608
2 24 10.0289 -116.2211 -9.9711 10.0289 -120.0289 -9.9711
2 24 10.0289 -116.2211 -9.9711 30 -116.2146 -9.9646
2 24 10.0289 -120.0289 -9.9711 30 -120.0354 -9.9646
2 24 30 -116.2146 -26.2146 15.9686 -116.2146 -23.4579
2 24 30 -8.0354 -26.2147 15.9686 -8.0354 -23.4579
2 24 15.9686 -116.2146 -23.4579 4.2202 -116.2146 -15.608
2 24 15.9686 -8.0354 -23.4579 4.2202 -8.0354 -15.608
2 24 -3.6307 -116.2146 -3.8584 4.2202 -116.2146 -15.608
2 24 -3.6307 -8.0354 -3.8584 4.2202 -8.0354 -15.608
2 24 15.9686 -116.2146 -23.4579 30 -116.2146 -26.2146
2 24 8.9929 0.0266 -19.6262 6.3408 0.0311 -22.2257
2 24 8.9929 0.0266 -19.6262 8.9929 -5.2234 -19.6262
2 24 6.3408 0.0311 -22.2257 6.3399 -5.2199 -22.2247
2 24 8.9929 -5.2234 -19.6262 6.3399 -5.2199 -22.2247
2 24 6.2211 0.0289 -13.7789 6.2211 0.0289 6.2211
2 24 10.0289 0.0289 -9.9711 10.0289 0.0289 10.0289
2 24 6.2211 0.0289 -13.7789 6.2211 -5.2211 -13.7789
2 24 6.2211 0.0289 -13.7789 6.2211 0.0289 6.2211
2 24 6.2211 -5.2211 -13.7789 6.2211 -5.2211 6.2211
2 24 6.2211 0.0289 6.2211 6.2211 -5.2211 6.2211
2 24 6.2211 0.0289 6.2211 -6.2227 0.0289 6.2211
2 24 10.0289 0.0289 10.0289 -10.0293 0.0304 10.026
2 24 6.2211 0.0289 6.2211 6.2211 -5.2211 6.2211
2 24 6.2211 0.0289 6.2211 -6.2227 0.0289 6.2211
2 24 6.2211 -5.2211 6.2211 -6.2227 -5.2211 6.2211
2 24 -6.2227 0.0289 6.2211 -6.2227 -5.2211 6.2211
2 24 -6.2227 0.0289 6.2211 -6.2163 0.0354 0.0011
2 24 -10.0293 0.0304 10.026 -8.5211 0.0354 -0.3201
2 24 -6.2227 0.0289 6.2211 -6.2227 -5.2211 6.2211
2 24 -6.2227 0.0289 6.2211 -6.2163 0.0354 0.0011
2 24 -6.2227 -5.2211 6.2211 -6.2163 -5.2146 0.0011
2 24 -6.2163 0.0354 0.0011 -5.9564 0.0354 -2.2739
2 24 -6.2163 -5.2146 0.0011 -5.9564 -5.2146 -2.2739
2 24 -5.9564 0.0354 -2.2739 -4.725 0.0354 -4.2305
2 24 -5.9564 -5.2146 -2.2739 -4.725 -5.2146 -4.2305
2 24 -6.2163 0.0354 0.0011 -5.9564 0.0354 -2.2739
2 24 -2.2744 0.0316 -13.5847 -4.6732 0.0354 -10.0146
2 24 -2.2744 0.0316 -13.5847 0.2015 0.0263 -10.8336
2 24 0.2015 0.0263 -10.8336 -2.8496 0.0354 -5.613
2 24 -4.725 0.0354 -4.2305 -2.8496 0.0354 -5.613
2 24 -4.725 -5.2146 -4.2305 -2.8496 -5.2146 -5.613
2 24 -2.8496 0.0354 -5.613 0.2015 0.0263 -10.8336
2 24 -2.8496 -5.2146 -5.613 0.2015 -5.2237 -10.8336
2 24 0.2015 0.0263 -10.8336 0.2015 -5.2237 -10.8336
2 24 -2.2734 -5.2194 -13.5856 -2.2744 0.0316 -13.5847
2 24 -2.2734 -5.2194 -13.5856 0.2015 -5.2237 -10.8336
2 24 -2.2744 0.0316 -13.5847 0.2015 0.0263 -10.8336
2 24 0.2015 -5.2237 -10.8336 0.2015 0.0263 -10.8336
2 24 1.7983 -5.2146 -18.2016 -2.2734 -5.2194 -13.5856
2 24 0.2015 -5.2237 -10.8336 -2.2734 -5.2194 -13.5856
2 24 8.9929 -5.2234 -19.6262 6.3399 -5.2199 -22.2247
2 24 1.7983 -5.2146 -18.2016 6.3399 -5.2199 -22.2247
2 24 6.2211 -5.2211 -13.7789 6.2211 -5.2211 6.2211
2 24 0.2015 -5.2237 -10.8336 -2.8496 -5.2146 -5.613
2 24 -2.8496 -5.2146 -5.613 -4.725 -5.2146 -4.2305
2 24 -4.725 -5.2146 -4.2305 -5.9564 -5.2146 -2.2739
2 24 -6.2163 -5.2146 0.0011 -5.9564 -5.2146 -2.2739
2 24 6.2211 -5.2211 6.2211 -6.2227 -5.2211 6.2211
2 24 -6.2163 -5.2146 0.0011 -6.2227 -5.2211 6.2211
2 24 13.6149 0.025 -22.3237 13.6062 0.0289 -13.7789
2 24 10.8098 0.0354 -20.707 10.7985 0.0289 -13.7789
2 24 13.6149 -5.225 -22.3237 13.6149 0.025 -22.3237
2 24 13.6149 -5.225 -22.3237 13.6062 -5.2211 -13.7789
2 24 13.6149 0.025 -22.3237 13.6062 0.0289 -13.7789
2 24 13.6062 -5.2211 -13.7789 13.6062 0.0289 -13.7789
2 24 19.8286 -5.2146 -26.2147 30 -5.2276 -26.2053
2 24 19.8286 0.0354 -26.2147 30 0.0224 -26.2053
2 24 19.8286 -5.2146 -26.2147 17.5547 -5.2146 -25.7842
2 24 19.8286 0.0354 -26.2147 17.5547 0.0354 -25.7842
2 24 17.5547 -5.2146 -25.7842 15.5968 -5.2146 -24.5524
2 24 17.5547 0.0354 -25.7842 15.5968 0.0354 -24.5524
2 24 15.5968 -5.2146 -24.5524 14.2196 -5.2146 -22.6817
2 24 15.5968 0.0354 -24.5524 14.2196 0.0354 -22.6817
2 24 14.2196 0.0354 -22.6817 13.6149 0.025 -22.3237
2 24 13.6149 0.025 -22.3237 13.6149 -5.225 -22.3237
2 24 14.2196 -5.2146 -22.6817 13.6149 -5.225 -22.3237
2 24 9.9854 0.0354 -24.6732 6.3408 0.0311 -22.2257
2 24 6.3408 0.0311 -22.2257 8.9929 0.0266 -19.6262
2 24 10.8098 0.0354 -20.707 8.9929 0.0266 -19.6262
2 24 10.7985 0.0289 -13.7789 10.7985 -5.2211 -13.7789
2 24 10.7985 0.0289 -13.7789 6.2211 0.0289 -13.7789
2 24 10.7985 -5.2211 -13.7789 6.2211 -5.2211 -13.7789
2 24 6.2211 0.0289 -13.7789 6.2211 -5.2211 -13.7789
2 24 10.8098 -5.2146 -20.707 10.8098 0.0354 -20.707
2 24 10.8098 -5.2146 -20.707 8.9929 -5.2234 -19.6262
2 24 10.8098 0.0354 -20.707 8.9929 0.0266 -19.6262
2 24 8.9929 -5.2234 -19.6262 8.9929 0.0266 -19.6262
2 24 6.2211 -5.2211 -13.7789 10.7985 -5.2211 -13.7789
2 24 10.7985 -5.2211 -13.7789 10.8098 -5.2146 -20.707
2 24 8.9929 -5.2234 -19.6262 10.8098 -5.2146 -20.707
2 24 13.6062 -5.2211 -13.7789 13.6062 0.0289 -13.7789
2 24 13.6062 -5.2211 -13.7789 30 -5.2146 -13.7854
2 24 13.6062 0.0289 -13.7789 30 0.0354 -13.7854
2 24 30 -5.2276 -26.2053 19.8286 -5.2146 -26.2147
2 24 14.2196 -5.2146 -22.6817 15.5968 -5.2146 -24.5524
2 24 10.0289 0.0289 -9.9711 30 0.0354 -9.9646
2 24 13.6062 0.0289 -13.7789 30 0.0354 -13.7854
2 24 13.6149 -5.225 -22.3237 13.6062 -5.2211 -13.7789
2 24 14.2196 -5.2146 -22.6817 13.6149 -5.225 -22.3237
2 24 6.2211 0.0289 -13.7789 10.7985 0.0289 -13.7789
2 24 30 0.0354 -30.0354 19.6765 0.0354 -28.5239
2 24 30 0.0224 -26.2053 19.8286 0.0354 -26.2147
2 24 9.9854 0.0354 -24.6732 19.6765 0.0354 -28.5239
2 24 17.5547 0.0354 -25.7842 15.5968 0.0354 -24.5524
2 24 13.6149 0.025 -22.3237 14.2196 0.0354 -22.6817
2 24 15.5968 0.0354 -24.5524 14.2196 0.0354 -22.6817
2 24 19.8286 0.0354 -26.2147 17.5547 0.0354 -25.7842
2 24 -2.8496 0.0354 -5.613 -4.725 0.0354 -4.2305
2 24 -8.5211 0.0354 -0.3201 -4.6732 0.0354 -10.0146
2 24 -5.9564 0.0354 -2.2739 -4.725 0.0354 -4.2305
2 24 -4.6716 -120.0354 -10.0177 1.7983 -120.0354 -18.2017
2 24 -8.5211 -120.0354 -0.3257 -10.0309 -120.0304 10.0259
2 24 -10.0309 -120.0304 10.0259 10.0289 -120.0289 10.0289
2 24 10.0289 -120.0289 -9.9711 10.0289 -120.0289 10.0289
2 24 30 -5.2146 -13.7854 13.6062 -5.2211 -13.7789
2 24 15.5968 -5.2146 -24.5524 17.5547 -5.2146 -25.7842
2 24 19.8286 -5.2146 -26.2147 17.5547 -5.2146 -25.7842
2 24 64.6716 -120.0354 -10.0177 68.5211 -120.0354 -0.3257
2 24 70.0483 -11.4802 9.9929 70.0309 -120.0304 10.0259
2 24 68.5211 -120.0354 -0.3257 70.0309 -120.0304 10.0259
2 24 58.2017 -120.0354 -18.2017 50.0177 -120.0354 -24.6716
2 24 50.0177 -120.0354 -24.6716 40.3227 -120.0354 -28.5241
2 24 30 -15.2521 -28.5429 33.6329 -13.5681 -28.547
2 24 33.6329 -13.5681 -28.547 35.327 -9.9354 -28.5532
2 24 35.327 -9.9354 -28.5532 33.6329 -6.3027 -28.547
2 24 30 -4.6187 -28.5429 33.6329 -6.3027 -28.547
2 24 30 -15.3662 -30.0366 33.714 -13.6421 -29.4921
2 24 35.327 -9.9354 -28.5532 35.435 -9.9354 -29.2408
2 24 33.714 -13.6421 -29.4921 35.435 -9.9354 -29.2408
2 24 35.435 -9.9354 -29.2408 33.714 -6.2288 -29.4921
2 24 30 -4.5139 -30.0249 33.714 -6.2288 -29.4921
2 24 50.0146 0.0354 -24.6732 40.3235 0.0354 -28.5239
2 24 70.0483 -11.4802 9.9929 70.0292 0.0304 10.026
2 24 70.0292 0.0304 10.026 68.5211 0.0354 -0.3201
2 24 68.5211 0.0354 -0.3201 64.6732 0.0354 -10.0146
2 24 64.6716 -120.0354 -10.0177 58.2017 -120.0354 -18.2017
2 24 64.6732 0.0354 -10.0146 62.2744 0.0316 -13.5847
2 24 62.2744 0.0316 -13.5847 62.2734 -5.2194 -13.5856
2 24 58.2017 -5.2146 -18.2016 53.6601 -5.2199 -22.2247
2 24 33.714 -13.6421 -29.4921 35.435 -9.9354 -29.2408
2 24 30 0.0354 -30.0354 40.3235 0.0354 -28.5239
2 24 30 -4.5139 -30.0249 33.714 -6.2288 -29.4921
2 24 35.435 -9.9354 -29.2408 33.714 -6.2288 -29.4921
2 24 53.6601 -5.2199 -22.2247 53.6592 0.0311 -22.2257
2 24 50.0146 0.0354 -24.6732 53.6592 0.0311 -22.2257
2 24 62.2734 -5.2194 -13.5856 58.2017 -5.2146 -18.2016
2 24 30 -15.3662 -30.0366 33.714 -13.6421 -29.4921
2 24 30 -120.0354 -30.0354 40.3227 -120.0354 -28.5241
2 24 49.1902 0.0354 -20.707 49.193 0.0408 -13.7704
2 24 49.1902 0.0354 -20.707 49.1902 -5.2146 -20.707
2 24 49.193 0.0408 -13.7704 49.2015 -5.2211 -13.7789
2 24 49.1902 -5.2146 -20.707 49.2015 -5.2211 -13.7789
2 24 49.9711 -8.0289 10.0289 66.396 -8.0272 10.0325
2 24 49.9711 -8.0289 10.0289 49.9711 0.0289 10.0289
2 24 49.9711 0.0289 10.0289 70.0292 0.0304 10.026
2 24 49.9711 0.0289 10.0289 49.9711 0.0289 -9.9711
2 24 49.9711 0.0289 10.0289 49.9711 -8.0289 10.0289
2 24 49.9711 0.0289 -9.9711 49.9711 -8.0289 -9.9711
2 24 49.9711 -8.0289 10.0289 49.9711 -8.0289 -9.9711
2 24 30 -8.0354 -9.9646 49.9711 -8.0289 -9.9711
2 24 49.9711 -8.0289 -9.9711 49.9711 0.0289 -9.9711
2 24 30 0.0354 -9.9646 49.9711 0.0289 -9.9711
2 24 30 -120.0354 -9.9646 49.9711 -120.0289 -9.9711
2 24 30 -120.0354 -30.0354 40.3227 -120.0354 -28.5241
2 24 40.3227 -120.0354 -28.5241 50.0177 -120.0354 -24.6716
2 24 64.6716 -120.0354 -10.0177 68.5211 -120.0354 -0.3257
2 24 50.0177 -120.0354 -24.6716 58.2017 -120.0354 -18.2017
2 24 70.0292 0.0304 10.026 70.0309 -120.0304 10.0259
2 24 66.396 -8.0272 10.0325 66.396 -116.2228 10.0325
2 24 49.9711 -116.2211 10.0289 49.9711 -120.0289 10.0289
2 24 66.396 -116.2228 10.0325 49.9711 -116.2211 10.0289
2 24 70.0309 -120.0304 10.0259 49.9711 -120.0289 10.0289
2 24 30 -8.0354 -9.9646 49.9711 -8.0289 -9.9711
2 24 44.0314 -8.0354 -23.4579 55.7798 -8.0354 -15.608
2 24 49.9711 -116.2211 10.0289 49.9711 -116.2211 -9.9711
2 24 49.9711 -116.2211 10.0289 49.9711 -120.0289 10.0289
2 24 49.9711 -116.2211 -9.9711 49.9711 -120.0289 -9.9711
2 24 49.9711 -120.0289 10.0289 49.9711 -120.0289 -9.9711
2 24 55.7798 -116.2146 -15.608 63.6307 -116.2146 -3.8584
2 24 49.9711 -116.2211 -9.9711 49.9711 -116.2211 10.0289
2 24 66.396 -8.0272 10.0325 63.6307 -8.0354 -3.8584
2 24 66.396 -8.0272 10.0325 66.396 -116.2228 10.0325
2 24 66.396 -116.2228 10.0325 63.6307 -116.2146 -3.8584
2 24 63.6307 -116.2146 -3.8584 66.396 -116.2228 10.0325
2 24 49.9711 -116.2211 10.0289 66.396 -116.2228 10.0325
2 24 30 -116.2146 -9.9646 49.9711 -116.2211 -9.9711
2 24 49.9711 -116.2211 -9.9711 49.9711 -120.0289 -9.9711
2 24 30 -120.0354 -9.9646 49.9711 -120.0289 -9.9711
2 24 30 -116.2146 -26.2146 44.0314 -116.2146 -23.4579
2 24 30 -8.0354 -26.2147 44.0314 -8.0354 -23.4579
2 24 44.0314 -116.2146 -23.4579 55.7798 -116.2146 -15.608
2 24 44.0314 -8.0354 -23.4579 55.7798 -8.0354 -15.608
2 24 63.6307 -116.2146 -3.8584 55.7798 -116.2146 -15.608
2 24 63.6307 -8.0354 -3.8584 55.7798 -8.0354 -15.608
2 24 30 -116.2146 -26.2146 44.0314 -116.2146 -23.4579
2 24 51.0071 0.0266 -19.6262 51.0071 -5.2234 -19.6262
2 24 51.0071 0.0266 -19.6262 53.6592 0.0311 -22.2257
2 24 51.0071 -5.2234 -19.6262 53.6601 -5.2199 -22.2247
2 24 53.6592 0.0311 -22.2257 53.6601 -5.2199 -22.2247
2 24 49.9711 0.0289 10.0289 49.9711 0.0289 -9.9711
2 24 53.7789 0.0289 6.2211 53.7789 0.0289 -13.7789
2 24 53.7789 0.0289 -13.7789 53.7789 0.0289 6.2211
2 24 53.7789 0.0289 -13.7789 53.7789 -5.2211 -13.7789
2 24 53.7789 0.0289 6.2211 53.7789 -5.2211 6.2211
2 24 53.7789 -5.2211 -13.7789 53.7789 -5.2211 6.2211
2 24 53.7789 0.0289 6.2211 66.2227 0.0289 6.2211
2 24 49.9711 0.0289 10.0289 70.0292 0.0304 10.026
2 24 53.7789 0.0289 6.2211 66.2227 0.0289 6.2211
2 24 53.7789 0.0289 6.2211 53.7789 -5.2211 6.2211
2 24 66.2227 0.0289 6.2211 66.2227 -5.2211 6.2211
2 24 53.7789 -5.2211 6.2211 66.2227 -5.2211 6.2211
2 24 66.2227 0.0289 6.2211 66.2163 0.0354 0.0011
2 24 70.0292 0.0304 10.026 68.5211 0.0354 -0.3201
2 24 66.2227 0.0289 6.2211 66.2163 0.0354 0.0011
2 24 66.2227 0.0289 6.2211 66.2227 -5.2211 6.2211
2 24 66.2227 -5.2211 6.2211 66.2163 -5.2146 0.0011
2 24 66.2163 0.0354 0.0011 65.9564 0.0354 -2.2739
2 24 66.2163 -5.2146 0.0011 65.9564 -5.2146 -2.2739
2 24 65.9564 0.0354 -2.2739 64.725 0.0354 -4.2305
2 24 65.9564 -5.2146 -2.2739 64.725 -5.2146 -4.2305
2 24 66.2163 0.0354 0.0011 65.9564 0.0354 -2.2739
2 24 62.2744 0.0316 -13.5847 59.7985 0.0263 -10.8336
2 24 62.2744 0.0316 -13.5847 64.6732 0.0354 -10.0146
2 24 59.7985 0.0263 -10.8336 62.8496 0.0354 -5.613
2 24 64.725 0.0354 -4.2305 62.8496 0.0354 -5.613
2 24 64.725 -5.2146 -4.2305 62.8496 -5.2146 -5.613
2 24 62.8496 0.0354 -5.613 59.7985 0.0263 -10.8336
2 24 59.7985 0.0263 -10.8336 59.7985 -5.2237 -10.8336
2 24 62.8496 -5.2146 -5.613 59.7985 -5.2237 -10.8336
2 24 62.2734 -5.2194 -13.5856 59.7985 -5.2237 -10.8336
2 24 62.2734 -5.2194 -13.5856 62.2744 0.0316 -13.5847
2 24 59.7985 -5.2237 -10.8336 59.7985 0.0263 -10.8336
2 24 62.2744 0.0316 -13.5847 59.7985 0.0263 -10.8336
2 24 59.7985 -5.2237 -10.8336 62.2734 -5.2194 -13.5856
2 24 58.2017 -5.2146 -18.2016 62.2734 -5.2194 -13.5856
2 24 58.2017 -5.2146 -18.2016 53.6601 -5.2199 -22.2247
2 24 51.0071 -5.2234 -19.6262 53.6601 -5.2199 -22.2247
2 24 53.7789 -5.2211 -13.7789 53.7789 -5.2211 6.2211
2 24 59.7985 -5.2237 -10.8336 62.8496 -5.2146 -5.613
2 24 65.9564 -5.2146 -2.2739 64.725 -5.2146 -4.2305
2 24 65.9564 -5.2146 -2.2739 66.2163 -5.2146 0.0011
2 24 62.8496 -5.2146 -5.613 64.725 -5.2146 -4.2305
2 24 53.7789 -5.2211 6.2211 66.2227 -5.2211 6.2211
2 24 66.2163 -5.2146 0.0011 66.2227 -5.2211 6.2211
2 24 46.3851 0.025 -22.3237 46.4022 0.0408 -13.7704
2 24 49.1902 0.0354 -20.707 49.193 0.0408 -13.7704
2 24 46.3851 -5.225 -22.3237 46.3938 -5.2211 -13.7789
2 24 46.3851 -5.225 -22.3237 46.3851 0.025 -22.3237
2 24 46.3938 -5.2211 -13.7789 46.4022 0.0408 -13.7704
2 24 46.3851 0.025 -22.3237 46.4022 0.0408 -13.7704
2 24 30 -5.2276 -26.2053 40.1714 -5.2146 -26.2147
2 24 30 0.0224 -26.2053 40.1714 0.0354 -26.2147
2 24 40.1714 -5.2146 -26.2147 42.4453 -5.2146 -25.7842
2 24 40.1714 0.0354 -26.2147 42.4453 0.0354 -25.7842
2 24 42.4453 -5.2146 -25.7842 44.4032 -5.2146 -24.5524
2 24 42.4453 0.0354 -25.7842 44.4032 0.0354 -24.5524
2 24 44.4032 -5.2146 -24.5524 45.7804 -5.2146 -22.6817
2 24 44.4032 0.0354 -24.5524 45.7804 0.0354 -22.6817
2 24 45.7804 0.0354 -22.6817 46.3851 0.025 -22.3237
2 24 45.7804 -5.2146 -22.6817 46.3851 -5.225 -22.3237
2 24 46.3851 0.025 -22.3237 46.3851 -5.225 -22.3237
2 24 51.0071 0.0266 -19.6262 53.6592 0.0311 -22.2257
2 24 49.1902 0.0354 -20.707 51.0071 0.0266 -19.6262
2 24 50.0146 0.0354 -24.6732 53.6592 0.0311 -22.2257
2 24 49.193 0.0408 -13.7704 53.7789 0.0289 -13.7789
2 24 49.193 0.0408 -13.7704 49.2015 -5.2211 -13.7789
2 24 53.7789 0.0289 -13.7789 53.7789 -5.2211 -13.7789
2 24 49.2015 -5.2211 -13.7789 53.7789 -5.2211 -13.7789
2 24 49.1902 -5.2146 -20.707 51.0071 -5.2234 -19.6262
2 24 49.1902 -5.2146 -20.707 49.1902 0.0354 -20.707
2 24 51.0071 -5.2234 -19.6262 51.0071 0.0266 -19.6262
2 24 49.1902 0.0354 -20.707 51.0071 0.0266 -19.6262
2 24 53.7789 -5.2211 -13.7789 49.2015 -5.2211 -13.7789
2 24 51.0071 -5.2234 -19.6262 49.1902 -5.2146 -20.707
2 24 49.2015 -5.2211 -13.7789 49.1902 -5.2146 -20.707
2 24 30 -5.2146 -13.7854 46.3938 -5.2211 -13.7789
2 24 46.3938 -5.2211 -13.7789 46.4022 0.0408 -13.7704
2 24 30 0.0354 -13.7854 46.4022 0.0408 -13.7704
2 24 30 -5.2276 -26.2053 40.1714 -5.2146 -26.2147
2 24 45.7804 -5.2146 -22.6817 44.4032 -5.2146 -24.5524
2 24 30 0.0354 -9.9646 49.9711 0.0289 -9.9711
2 24 30 0.0354 -13.7854 46.4022 0.0408 -13.7704
2 24 45.7804 -5.2146 -22.6817 46.3851 -5.225 -22.3237
2 24 46.3851 -5.225 -22.3237 46.3938 -5.2211 -13.7789
2 24 53.7789 0.0289 -13.7789 49.193 0.0408 -13.7704
2 24 30 0.0354 -30.0354 40.3235 0.0354 -28.5239
2 24 30 0.0224 -26.2053 40.1714 0.0354 -26.2147
2 24 50.0146 0.0354 -24.6732 40.3235 0.0354 -28.5239
2 24 42.4453 0.0354 -25.7842 44.4032 0.0354 -24.5524
2 24 46.3851 0.025 -22.3237 45.7804 0.0354 -22.6817
2 24 44.4032 0.0354 -24.5524 45.7804 0.0354 -22.6817
2 24 40.1714 0.0354 -26.2147 42.4453 0.0354 -25.7842
2 24 62.8496 0.0354 -5.613 64.725 0.0354 -4.2305
2 24 68.5211 0.0354 -0.3201 64.6732 0.0354 -10.0146
2 24 65.9564 0.0354 -2.2739 64.725 0.0354 -4.2305
2 24 64.6716 -120.0354 -10.0177 58.2017 -120.0354 -18.2017
2 24 49.9711 -120.0289 -9.9711 49.9711 -120.0289 10.0289
2 24 68.5211 -120.0354 -0.3257 70.0309 -120.0304 10.0259
2 24 49.9711 -120.0289 10.0289 70.0309 -120.0304 10.0259
2 24 30 -5.2146 -13.7854 46.3938 -5.2211 -13.7789
2 24 44.4032 -5.2146 -24.5524 42.4453 -5.2146 -25.7842
2 24 40.1714 -5.2146 -26.2147 42.4453 -5.2146 -25.7842
2 24 55.7798 -116.2146 -15.608 44.0314 -116.2146 -23.4579
2 24 30 -116.2146 -9.9646 49.9711 -116.2211 -9.9711
2 24 10.0289 -116.2211 -9.9711 30 -116.2146 -9.9646
2 24 4.2202 -116.2146 -15.608 15.9686 -116.2146 -23.4579
2 24 -3.6307 -116.2146 -3.8584 -6.396 -116.2228 10.0325
2 24 10.0289 -116.2211 10.0289 -6.396 -116.2228 10.0325
2 24 15.9686 -8.0354 -23.4579 30 -8.0354 -26.2147
2 24 44.0314 -8.0354 -23.4579 30 -8.0354 -26.2147
2 24 15.9686 -8.0354 -23.4579 4.2202 -8.0354 -15.608
2 24 30 -8.0354 -9.9646 10.0289 -8.0289 -9.9711
2 24 10.0289 -8.0289 10.0289 10.0289 -8.0289 -9.9711
2 24 -3.6307 -8.0354 -3.8584 4.2202 -8.0354 -15.608
2 24 66.396 -8.0272 10.0325 49.9711 -8.0289 10.0289
2 24 63.6307 -8.0354 -3.8584 66.396 -8.0272 10.0325
2 24 55.7798 -8.0354 -15.608 63.6307 -8.0354 -3.8584
2 24 49.9711 -8.0289 -9.9711 49.9711 -8.0289 10.0289
0 STEP
