0 Untitled Model
0 Name: Untitled Model
0 Author: 
0 BFC CERTIFY CCW
3 16 -0.0001 12.6126 -8.8932 19.6956 6.5121 -8.8932 18.8184 12.7314 -8.8932
3 16 17.332 18.7531 -8.8932 -0.0001 12.6126 -8.8932 18.8184 12.7314 -8.8932
3 16 -0.0001 12.6126 -8.8932 12.5105 29.5972 -8.8932 9.0429 33.9041 -8.8932
3 16 -0.0001 12.6126 -8.8932 15.2553 24.3559 -8.8932 12.5105 29.5972 -8.8932
3 16 -0.0001 12.6126 -8.8932 9.0429 33.9041 -8.8932 4.7735 36.9724 -8.8932
3 16 -0.0002 -12.2503 -8.8938 15.2973 -24.2608 -8.8932 17.4521 -18.3352 -8.8932
3 16 -0.0002 -12.2503 -8.8938 12.3607 -29.8321 -8.8932 15.2973 -24.2608 -8.8932
3 16 -0.0002 -12.2503 -8.8938 17.4521 -18.3352 -8.8932 18.9086 -12.2502 -8.8932
3 16 -0.0002 -12.2503 -8.8938 8.8715 -34.0675 -8.8932 12.3607 -29.8321 -8.8932
3 16 0 3.935 0.3242 0 3.9993 0 -7.5 4 0
3 16 -7.5 4 0 0 3.9993 0 -1.5605 3.9677 -0.3883
3 16 0 2.8284 2.8284 0 3.6955 1.5307 -7.5 2.8284 2.8284
3 16 -7.5 2.8284 2.8284 0 3.6955 1.5307 -7.5 3.6955 1.5307
3 16 0 1.5307 3.6955 0 2.8284 2.8284 -7.5 1.5306 3.6953
3 16 -7.5 1.5306 3.6953 0 2.8284 2.8284 -7.5 2.8284 2.8284
3 16 0 0 4 0 1.5307 3.6955 -7.5 0 4
3 16 -7.5 0 4 0 1.5307 3.6955 -7.5 1.5306 3.6953
3 16 -3.8246 2.8284 -2.8284 -3.9687 1.5307 -3.6955 -6.25 2.5 -3.1225
3 16 -6.25 2.5 -3.1225 -3.9687 1.5307 -3.6955 -6.25 1.5307 -3.6955
3 16 -7.5 2.8282 -2.8282 -7.5 3.6955 -1.5307 -3.8246 2.8284 -2.8284
3 16 -3.8246 2.8284 -2.8284 -7.5 3.6955 -1.5307 -3.1342 3.6955 -1.5164
3 16 -7.5 3.6955 -1.5307 -7.5 4 0 -3.1342 3.6955 -1.5164
3 16 -3.1342 3.6955 -1.5164 -7.5 4 0 -1.5605 3.9677 -0.3883
3 16 -7.5 2.5 0 -7.5 0 4 -7.5 1.5306 3.6953
3 16 -3.9687 1.5307 -3.6955 -4 0 -4 -6.25 1.5307 -3.6955
3 16 -6.25 1.5307 -3.6955 -4 0 -4 -6.25 0 -4
3 16 -6.25 2.5 -8 -6.25 1.5307 -3.6955 -6.25 0 -4
3 16 -7.5 2.5 0 -7.5 4 0 -7.5 3.6955 -1.5307
3 16 -7.5 3.6955 1.5307 -7.5 4 0 -7.5 2.5 0
3 16 -7.5 3.6955 -1.5307 -7.5 2.8282 -2.8282 -7.5 2.5 0
3 16 -7.5 3.6955 1.5307 -7.5 2.5 0 -7.5 2.8284 2.8284
3 16 -7.5 2.8284 2.8284 -7.5 2.5 0 -7.5 1.5306 3.6953
3 16 -6.25 2.5 -8 -6.25 2.5 -3.1225 -6.25 1.5307 -3.6955
3 16 -3.8246 2.8284 -2.8284 -6.25 2.5 -3.1225 -7.5 2.8282 -2.8282
3 16 -7.5 2.8282 -2.8282 -6.25 2.5 -3.1225 -7.5 2.5 -3.1225
3 16 -7.5 2.8282 -2.8282 -7.5 2.5 -3.1225 -7.5 2.5 0
3 16 -8.9135 2.5 -1.4135 -7.5 2.5 0 -7.5 2.5 -3.1225
3 16 -9.3633 2.5 -2.0269 -8.9135 2.5 -1.4135 -7.5 2.5 -3.1225
3 16 -9.6078 2.5 -2.7472 -9.3633 2.5 -2.0269 -7.5 2.5 -3.1225
3 16 -10.6916 2.5 -8.8932 -7.5 2.5 -3.1225 -6.25 2.5 -8
3 16 -6.25 2.5 -8 -7.5 2.5 -3.1225 -6.25 2.5 -3.1225
3 16 -9.6078 2.5 -2.7472 -7.5 2.5 -3.1225 -10.6916 2.5 -8.8932
3 16 -4 0 -4 -3.9687 1.5307 -3.6955 -3.9213 0 -3.3259
3 16 1.5605 3.9677 -0.3883 3.1342 3.6955 -1.5164 1.5605 -3.9677 -0.3883
3 16 1.5605 -3.9677 -0.3883 3.1342 3.6955 -1.5164 3.1342 -3.6955 -1.5164
3 16 3.1342 -3.6955 -1.5164 3.1342 3.6955 -1.5164 3.8246 -2.8284 -2.8284
3 16 3.8246 -2.8284 -2.8284 3.1342 3.6955 -1.5164 3.8246 2.8284 -2.8284
3 16 3.1342 3.6955 -1.5164 7.5 3.6955 -1.5307 3.8246 2.8284 -2.8284
3 16 3.8246 2.8284 -2.8284 7.5 3.6955 -1.5307 7.5 2.8282 -2.8282
3 16 0 3.9993 0 1.5605 3.9677 -0.3883 0 -3.9993 0
3 16 0 -3.9993 0 1.5605 3.9677 -0.3883 1.5605 -3.9677 -0.3883
3 16 0 3.935 0.3242 7.5 4 0 0 3.9993 0
3 16 7.5 4 0 1.5605 3.9677 -0.3883 0 3.9993 0
3 16 1.5605 3.9677 -0.3883 7.5 4 0 3.1342 3.6955 -1.5164
3 16 3.1342 3.6955 -1.5164 7.5 4 0 7.5 3.6955 -1.5307
3 16 3.8246 2.8284 -2.8284 6.25 2.5 -3.1225 3.9687 1.5307 -3.6955
3 16 3.9687 1.5307 -3.6955 6.25 2.5 -3.1225 6.25 1.5307 -3.6955
3 16 10.6916 2.5 -8.8932 7.5 2.5 -3.1225 9.6078 2.5 -2.7472
3 16 10.6916 2.5 -8.8932 9.6078 2.5 -2.7472 10.6916 -2.5 -8.8932
3 16 10.6916 -2.5 -8.8932 9.6078 2.5 -2.7472 9.6078 -2.5 -2.7472
3 16 6.25 0 -4 4 0 -4 6.25 1.5307 -3.6955
3 16 6.25 1.5307 -3.6955 4 0 -4 3.9687 1.5307 -3.6955
3 16 6.25 2.5 -8 6.25 0 -4 6.25 1.5307 -3.6955
3 16 6.25 2.5 -8 6.25 1.5307 -3.6955 6.25 2.5 -3.1225
3 16 7.5 2.5 0 7.5 3.6955 -1.5307 7.5 4 0
3 16 7.5 2.5 -3.1225 6.25 2.5 -3.1225 7.5 2.8282 -2.8282
3 16 7.5 2.8282 -2.8282 6.25 2.5 -3.1225 3.8246 2.8284 -2.8284
3 16 7.5 3.6955 1.5307 7.5 2.5 0 7.5 4 0
3 16 0 2.8284 2.8284 7.5 2.8284 2.8284 0 3.6955 1.5307
3 16 0 3.6955 1.5307 7.5 2.8284 2.8284 7.5 3.6955 1.5307
3 16 7.5 3.6955 1.5307 7.5 2.8284 2.8284 7.5 2.5 0
3 16 0 1.5307 3.6955 7.5 1.5306 3.6953 0 2.8284 2.8284
3 16 0 2.8284 2.8284 7.5 1.5306 3.6953 7.5 2.8284 2.8284
3 16 7.5 2.8284 2.8284 7.5 1.5306 3.6953 7.5 2.5 0
3 16 7.5 2.5 0 7.5 1.5306 3.6953 7.5 0 4
3 16 7.5 0 4 7.5 1.5306 3.6953 0 0 4
3 16 0 0 4 7.5 1.5306 3.6953 0 1.5307 3.6955
3 16 8.9135 2.5 -1.4135 7.5 2.5 0 8.9135 -2.5 -1.4135
3 16 8.9135 -2.5 -1.4135 7.5 2.5 0 7.5 -2.5 0
3 16 9.3633 2.5 -2.0269 8.9135 2.5 -1.4135 9.3633 -2.5 -2.0269
3 16 9.3633 -2.5 -2.0269 8.9135 2.5 -1.4135 8.9135 -2.5 -1.4135
3 16 9.3633 2.5 -2.0269 9.6078 2.5 -2.7472 7.5 2.5 -3.1225
3 16 8.9135 2.5 -1.4135 9.3633 2.5 -2.0269 7.5 2.5 -3.1225
3 16 9.6078 2.5 -2.7472 9.3633 2.5 -2.0269 9.6078 -2.5 -2.7472
3 16 9.6078 -2.5 -2.7472 9.3633 2.5 -2.0269 9.3633 -2.5 -2.0269
3 16 10.6916 2.5 -8.8932 0 2.5 -8.8932 6.25 2.5 -8
3 16 6.25 2.5 -8 0 2.5 -8.8932 0 2.5 -8
3 16 7.5 2.5 0 8.9135 2.5 -1.4135 7.5 2.5 -3.1225
3 16 7.5 2.8282 -2.8282 7.5 2.5 0 7.5 2.5 -3.1225
3 16 7.5 2.8282 -2.8282 7.5 3.6955 -1.5307 7.5 2.5 0
3 16 6.25 2.5 -3.1225 7.5 2.5 -3.1225 6.25 2.5 -8
3 16 6.25 2.5 -8 7.5 2.5 -3.1225 10.6916 2.5 -8.8932
3 16 -1.5605 3.9677 -0.3883 -1.5605 -3.9677 -0.3883 -3.1342 3.6955 -1.5164
3 16 -3.1342 3.6955 -1.5164 -1.5605 -3.9677 -0.3883 -3.1342 -3.6955 -1.5164
3 16 -3.8246 2.8284 -2.8284 -3.1342 3.6955 -1.5164 -3.8246 -2.8284 -2.8284
3 16 -3.8246 -2.8284 -2.8284 -3.1342 3.6955 -1.5164 -3.1342 -3.6955 -1.5164
3 16 -3.1342 -3.6955 -1.5164 -7.5 -3.6955 -1.5307 -3.8246 -2.8284 -2.8284
3 16 -3.8246 -2.8284 -2.8284 -7.5 -3.6955 -1.5307 -7.5 -2.8282 -2.8282
3 16 -7.5 -4 0 0 -3.8474 0.7654 -7.5 -3.6955 1.5307
3 16 -7.5 -3.6955 1.5307 0 -3.8474 0.7654 0 -3.6955 1.5307
3 16 0 3.9993 0 0 -3.9993 0 -1.5605 3.9677 -0.3883
3 16 -1.5605 3.9677 -0.3883 0 -3.9993 0 -1.5605 -3.9677 -0.3883
3 16 -1.5605 -3.9677 -0.3883 -7.5 -4 0 -3.1342 -3.6955 -1.5164
3 16 -3.1342 -3.6955 -1.5164 -7.5 -4 0 -7.5 -3.6955 -1.5307
3 16 -3.8246 -2.8284 -2.8284 -6.25 -2.5 -3.1225 -3.9687 -1.5307 -3.6955
3 16 -3.9687 -1.5307 -3.6955 -6.25 -2.5 -3.1225 -6.25 -1.5307 -3.6955
3 16 -7.5 -2.5 -3.1225 -9.6078 -2.5 -2.7472 -6.25 -2.5 -8
3 16 -6.25 -2.5 -8 -9.6078 -2.5 -2.7472 -10.6916 -2.5 -8.8932
3 16 0 2.5 -8 -6.25 2.5 -8 0 -2.5 -8
3 16 0 -2.5 -8 -6.25 2.5 -8 -6.25 -2.5 -8
3 16 -6.25 0 -4 -4 0 -4 -6.25 -1.5307 -3.6955
3 16 -6.25 -1.5307 -3.6955 -4 0 -4 -3.9687 -1.5307 -3.6955
3 16 -6.25 2.5 -8 -6.25 0 -4 -6.25 -2.5 -8
3 16 -6.25 -2.5 -8 -6.25 0 -4 -6.25 -1.5307 -3.6955
3 16 -6.25 -2.5 -8 -6.25 -1.5307 -3.6955 -6.25 -2.5 -3.1225
3 16 -7.5 -2.5 0 -7.5 -3.6955 -1.5307 -7.5 -4 0
3 16 -7.5 -2.5 -3.1225 -6.25 -2.5 -3.1225 -7.5 -2.8282 -2.8282
3 16 -7.5 -2.8282 -2.8282 -6.25 -2.5 -3.1225 -3.8246 -2.8284 -2.8284
3 16 -7.5 -3.6955 1.5307 -7.5 -2.5 0 -7.5 -4 0
3 16 -6.25 -2.5 -8 -6.25 -2.5 -3.1225 -7.5 -2.5 -3.1225
3 16 0 -2.8284 2.8284 -7.5 -2.8284 2.8284 0 -3.6955 1.5307
3 16 0 -3.6955 1.5307 -7.5 -2.8284 2.8284 -7.5 -3.6955 1.5307
3 16 -7.5 -3.6955 1.5307 -7.5 -2.8284 2.8284 -7.5 -2.5 0
3 16 -7.5 -2.5 0 -7.5 -2.8284 2.8284 -7.5 2.5 0
3 16 0 -1.5307 3.6955 -7.5 -1.5306 3.6953 0 -2.8284 2.8284
3 16 0 -2.8284 2.8284 -7.5 -1.5306 3.6953 -7.5 -2.8284 2.8284
3 16 -7.5 -2.8284 2.8284 -7.5 -1.5306 3.6953 -7.5 2.5 0
3 16 -7.5 2.5 0 -7.5 -1.5306 3.6953 -7.5 0 4
3 16 0 0 4 -7.5 0 4 0 -1.5307 3.6955
3 16 0 -1.5307 3.6955 -7.5 0 4 -7.5 -1.5306 3.6953
3 16 -8.9135 2.5 -1.4135 -8.9135 -2.5 -1.4135 -7.5 2.5 0
3 16 -7.5 2.5 0 -8.9135 -2.5 -1.4135 -7.5 -2.5 0
3 16 -9.3633 2.5 -2.0269 -9.3633 -2.5 -2.0269 -8.9135 2.5 -1.4135
3 16 -8.9135 2.5 -1.4135 -9.3633 -2.5 -2.0269 -8.9135 -2.5 -1.4135
3 16 -9.3633 -2.5 -2.0269 -9.6078 -2.5 -2.7472 -7.5 -2.5 -3.1225
3 16 -8.9135 -2.5 -1.4135 -9.3633 -2.5 -2.0269 -7.5 -2.5 -3.1225
3 16 -9.6078 -2.5 -2.7472 -9.3633 -2.5 -2.0269 -9.6078 2.5 -2.7472
3 16 -9.6078 2.5 -2.7472 -9.3633 -2.5 -2.0269 -9.3633 2.5 -2.0269
3 16 -10.6916 -2.5 -8.8932 0 -2.5 -8.8932 -6.25 -2.5 -8
3 16 -6.25 -2.5 -8 0 -2.5 -8.8932 0 -2.5 -8
3 16 -7.5 -2.5 0 -8.9135 -2.5 -1.4135 -7.5 -2.5 -3.1225
3 16 -7.5 -2.5 -3.1225 -7.5 -2.8282 -2.8282 -7.5 -2.5 0
3 16 -7.5 -2.8282 -2.8282 -7.5 -3.6955 -1.5307 -7.5 -2.5 0
3 16 -4 0 -4 -3.9213 0 -3.3259 -3.9687 -1.5307 -3.6955
3 16 0 -2.8284 2.8284 0 -3.6955 1.5307 7.5 -2.8284 2.8284
3 16 7.5 -2.8284 2.8284 0 -3.6955 1.5307 7.5 -3.6955 1.5307
3 16 0 -1.5307 3.6955 0 -2.8284 2.8284 7.5 -1.5306 3.6953
3 16 7.5 -1.5306 3.6953 0 -2.8284 2.8284 7.5 -2.8284 2.8284
3 16 7.5 0 4 0 0 4 7.5 -1.5306 3.6953
3 16 7.5 -1.5306 3.6953 0 0 4 0 -1.5307 3.6955
3 16 6.25 -2.5 -8 6.25 -2.5 -3.1225 6.25 -1.5307 -3.6955
3 16 3.8246 -2.8284 -2.8284 3.9687 -1.5307 -3.6955 6.25 -2.5 -3.1225
3 16 6.25 -2.5 -3.1225 3.9687 -1.5307 -3.6955 6.25 -1.5307 -3.6955
3 16 7.5 -2.8282 -2.8282 7.5 -3.6955 -1.5307 3.8246 -2.8284 -2.8284
3 16 3.8246 -2.8284 -2.8284 7.5 -3.6955 -1.5307 3.1342 -3.6955 -1.5164
3 16 7.5 -4 0 7.5 -3.6955 1.5307 0 -3.8474 0.7654
3 16 0 -3.8474 0.7654 7.5 -3.6955 1.5307 0 -3.6955 1.5307
3 16 7.5 -3.6955 -1.5307 7.5 -4 0 3.1342 -3.6955 -1.5164
3 16 3.1342 -3.6955 -1.5164 7.5 -4 0 1.5605 -3.9677 -0.3883
3 16 10.6916 -2.5 -8.8932 6.25 -2.5 -8 0 -2.5 -8.8932
3 16 0 -2.5 -8.8932 6.25 -2.5 -8 0 -2.5 -8
3 16 6.25 2.5 -8 0 2.5 -8 6.25 -2.5 -8
3 16 6.25 -2.5 -8 0 2.5 -8 0 -2.5 -8
3 16 7.5 -2.5 -3.1225 7.5 -2.5 0 7.5 -2.8282 -2.8282
3 16 7.5 2.5 0 7.5 0 4 7.5 -1.5306 3.6953
3 16 3.9687 -1.5307 -3.6955 4 0 -4 6.25 -1.5307 -3.6955
3 16 6.25 -1.5307 -3.6955 4 0 -4 6.25 0 -4
3 16 6.25 -1.5307 -3.6955 6.25 0 -4 6.25 -2.5 -8
3 16 6.25 -2.5 -8 6.25 0 -4 6.25 2.5 -8
3 16 7.5 -2.5 0 7.5 -4 0 7.5 -3.6955 -1.5307
3 16 7.5 -3.6955 1.5307 7.5 -4 0 7.5 -2.5 0
3 16 7.5 -2.5 -3.1225 6.25 -2.5 -3.1225 6.25 -2.5 -8
3 16 3.8246 -2.8284 -2.8284 6.25 -2.5 -3.1225 7.5 -2.8282 -2.8282
3 16 7.5 -2.8282 -2.8282 6.25 -2.5 -3.1225 7.5 -2.5 -3.1225
3 16 7.5 -3.6955 -1.5307 7.5 -2.8282 -2.8282 7.5 -2.5 0
3 16 7.5 -2.5 0 7.5 -2.5 -3.1225 8.9135 -2.5 -1.4135
3 16 9.3633 -2.5 -2.0269 8.9135 -2.5 -1.4135 7.5 -2.5 -3.1225
3 16 9.6078 -2.5 -2.7472 9.3633 -2.5 -2.0269 7.5 -2.5 -3.1225
3 16 7.5 -3.6955 1.5307 7.5 -2.5 0 7.5 -2.8284 2.8284
3 16 7.5 -2.8284 2.8284 7.5 -2.5 0 7.5 2.5 0
3 16 7.5 -1.5306 3.6953 7.5 -2.8284 2.8284 7.5 2.5 0
3 16 7.5 -2.5 -3.1225 6.25 -2.5 -8 9.6078 -2.5 -2.7472
3 16 9.6078 -2.5 -2.7472 6.25 -2.5 -8 10.6916 -2.5 -8.8932
3 16 19.6956 6.5121 -8.8932 -0.0001 12.6126 -8.8932 10.6916 2.5 -8.8932
3 16 10.6916 2.5 -8.8932 -0.0001 12.6126 -8.8932 0 2.5 -8.8932
3 16 -19.6961 6.5122 -8.8932 -10.6916 2.5 -8.8932 -0.0001 12.6126 -8.8932
3 16 -0.0001 12.6126 -8.8932 -10.6916 2.5 -8.8932 0 2.5 -8.8932
3 16 0 -2.5 -8.8932 -0.0001 -6.1304 -8.8934 10.6916 -2.5 -8.8932
3 16 10.6916 -2.5 -8.8932 -0.0001 -6.1304 -8.8934 19.7285 -6.1304 -8.8932
3 16 -9.6078 -2.5 -2.7472 -9.6078 2.5 -2.7472 -10.6916 -2.5 -8.8932
3 16 -10.6916 -2.5 -8.8932 -9.6078 2.5 -2.7472 -10.6916 2.5 -8.8932
3 16 19.6956 6.5121 -8.8932 10.6916 2.5 -8.8932 20 -0.0007 -8.8932
3 16 20 -0.0007 -8.8932 10.6916 2.5 -8.8932 10.6916 -2.5 -8.8932
3 16 -10.6916 2.5 -8.8932 -6.25 2.5 -8 0 2.5 -8.8932
3 16 0 2.5 -8.8932 -6.25 2.5 -8 0 2.5 -8
3 16 12.3607 -29.8321 -12.2242 8.8715 -34.0675 -12.2242 0 0.017 -12.2243
3 16 8.8715 -34.0675 -12.2242 4.5176 -37.0936 -12.2257 0 0.017 -12.2243
3 16 -0.0011 -38.125 -12.2258 -4.5169 -37.0933 -12.2242 0 0.017 -12.2243
3 16 -4.5169 -37.0933 -12.2242 -8.8807 -34.0575 -12.2242 0 0.017 -12.2243
3 16 15.2973 -24.2608 -12.2242 12.3607 -29.8321 -12.2242 0 0.017 -12.2243
3 16 -8.8807 -34.0575 -12.2242 -12.3618 -29.8326 -12.2242 0 0.017 -12.2243
3 16 17.4521 -18.3352 -12.2242 15.2973 -24.2608 -12.2242 0 0.017 -12.2243
3 16 -12.3618 -29.8326 -12.2242 -15.2969 -24.2608 -12.2242 0 0.017 -12.2243
3 16 18.9086 -12.2502 -12.2242 17.4521 -18.3352 -12.2242 0 0.017 -12.2243
3 16 -15.2969 -24.2608 -12.2242 -17.4538 -18.3359 -12.2242 0 0.017 -12.2243
3 16 19.7285 -6.1304 -12.2242 18.9086 -12.2502 -12.2242 0 0.017 -12.2243
3 16 -17.4538 -18.3359 -12.2242 -18.9096 -12.2504 -12.2242 0 0.017 -12.2243
3 16 20 -0.0007 -12.2242 19.7285 -6.1304 -12.2242 0 0.017 -12.2243
3 16 -18.9096 -12.2504 -12.2242 -19.7305 -6.1306 -12.2242 0 0.017 -12.2243
3 16 19.6956 6.5121 -12.2242 20 -0.0007 -12.2242 0 0.017 -12.2243
3 16 -19.7305 -6.1306 -12.2242 -20 0.0001 -12.2242 0 0.017 -12.2243
3 16 18.8184 12.7314 -12.2242 19.6956 6.5121 -12.2242 0 0.017 -12.2243
3 16 -20 0.0001 -12.2242 -19.6961 6.5122 -12.2242 0 0.017 -12.2243
3 16 17.332 18.7531 -12.2242 18.8184 12.7314 -12.2242 0 0.017 -12.2243
3 16 -19.6961 6.5122 -12.2242 -18.8172 12.7312 -12.2242 0 0.017 -12.2243
3 16 15.2553 24.3559 -12.2242 17.332 18.7531 -12.2242 0 0.017 -12.2243
3 16 -18.8172 12.7312 -12.2242 -17.3278 18.7508 -12.2242 0 0.017 -12.2243
3 16 12.5105 29.5972 -12.2242 15.2553 24.3559 -12.2242 0 0.017 -12.2243
3 16 -17.3278 18.7508 -12.2242 -15.2559 24.3579 -12.2242 0 0.017 -12.2243
3 16 9.0429 33.9041 -12.2242 12.5105 29.5972 -12.2242 0 0.017 -12.2243
3 16 -15.2559 24.3579 -12.2242 -12.5109 29.5977 -12.2242 0 0.017 -12.2243
3 16 4.7735 36.9724 -12.2242 9.0429 33.9041 -12.2242 0 0.017 -12.2243
3 16 -12.5109 29.5977 -12.2242 -9.0375 33.9083 -12.2242 0 0.017 -12.2243
3 16 0 38.125 -12.2242 4.7735 36.9724 -12.2242 0 0.017 -12.2243
3 16 -9.0375 33.9083 -12.2242 -4.767 36.9744 -12.2242 0 0.017 -12.2243
3 16 -4.767 36.9744 -12.2242 0 38.125 -12.2242 0 0.017 -12.2243
3 16 4.5176 -37.0936 -12.2257 -0.0011 -38.125 -12.2258 0 0.017 -12.2243
3 16 8.8715 -34.0675 -8.8932 4.5176 -37.0936 -8.8947 8.8715 -34.0675 -12.2242
3 16 8.8715 -34.0675 -12.2242 4.5176 -37.0936 -8.8947 4.5176 -37.0936 -12.2257
3 16 -0.0002 -12.2503 -8.8938 4.5176 -37.0936 -8.8947 8.8715 -34.0675 -8.8932
3 16 4.5176 -37.0936 -8.8947 -0.0011 -38.125 -8.8948 4.5176 -37.0936 -12.2257
3 16 4.5176 -37.0936 -12.2257 -0.0011 -38.125 -8.8948 -0.0011 -38.125 -12.2258
3 16 -0.0011 -38.125 -8.8948 4.5176 -37.0936 -8.8947 -0.0002 -12.2503 -8.8938
3 16 -4.5169 -37.0933 -8.8932 -8.8807 -34.0575 -8.8932 -4.5169 -37.0933 -12.2242
3 16 -4.5169 -37.0933 -12.2242 -8.8807 -34.0575 -8.8932 -8.8807 -34.0575 -12.2242
3 16 -0.0002 -12.2503 -8.8938 -8.8807 -34.0575 -8.8932 -4.5169 -37.0933 -8.8932
3 16 -8.8807 -34.0575 -8.8932 -12.3618 -29.8326 -8.8932 -8.8807 -34.0575 -12.2242
3 16 -8.8807 -34.0575 -12.2242 -12.3618 -29.8326 -8.8932 -12.3618 -29.8326 -12.2242
3 16 -0.0002 -12.2503 -8.8938 -12.3618 -29.8326 -8.8932 -8.8807 -34.0575 -8.8932
3 16 12.3607 -29.8321 -8.8932 8.8715 -34.0675 -8.8932 12.3607 -29.8321 -12.2242
3 16 12.3607 -29.8321 -12.2242 8.8715 -34.0675 -8.8932 8.8715 -34.0675 -12.2242
3 16 -12.3618 -29.8326 -8.8932 -15.2969 -24.2608 -8.8932 -12.3618 -29.8326 -12.2242
3 16 -12.3618 -29.8326 -12.2242 -15.2969 -24.2608 -8.8932 -15.2969 -24.2608 -12.2242
3 16 -0.0002 -12.2503 -8.8938 -15.2969 -24.2608 -8.8932 -12.3618 -29.8326 -8.8932
3 16 15.2973 -24.2608 -8.8932 12.3607 -29.8321 -8.8932 15.2973 -24.2608 -12.2242
3 16 15.2973 -24.2608 -12.2242 12.3607 -29.8321 -8.8932 12.3607 -29.8321 -12.2242
3 16 -15.2969 -24.2608 -8.8932 -17.4538 -18.3359 -8.8932 -15.2969 -24.2608 -12.2242
3 16 -15.2969 -24.2608 -12.2242 -17.4538 -18.3359 -8.8932 -17.4538 -18.3359 -12.2242
3 16 -0.0002 -12.2503 -8.8938 -17.4538 -18.3359 -8.8932 -15.2969 -24.2608 -8.8932
3 16 17.4521 -18.3352 -8.8932 15.2973 -24.2608 -8.8932 17.4521 -18.3352 -12.2242
3 16 17.4521 -18.3352 -12.2242 15.2973 -24.2608 -8.8932 15.2973 -24.2608 -12.2242
3 16 -17.4538 -18.3359 -8.8932 -18.9096 -12.2504 -8.8932 -17.4538 -18.3359 -12.2242
3 16 -17.4538 -18.3359 -12.2242 -18.9096 -12.2504 -8.8932 -18.9096 -12.2504 -12.2242
3 16 -0.0002 -12.2503 -8.8938 -18.9096 -12.2504 -8.8932 -17.4538 -18.3359 -8.8932
3 16 18.9086 -12.2502 -8.8932 17.4521 -18.3352 -8.8932 18.9086 -12.2502 -12.2242
3 16 18.9086 -12.2502 -12.2242 17.4521 -18.3352 -8.8932 17.4521 -18.3352 -12.2242
3 16 -18.9096 -12.2504 -8.8932 -19.7305 -6.1306 -8.8932 -18.9096 -12.2504 -12.2242
3 16 -18.9096 -12.2504 -12.2242 -19.7305 -6.1306 -8.8932 -19.7305 -6.1306 -12.2242
3 16 -19.7305 -6.1306 -8.8932 -0.0001 -6.1304 -8.8934 -10.6916 -2.5 -8.8932
3 16 -10.6916 -2.5 -8.8932 -0.0001 -6.1304 -8.8934 0 -2.5 -8.8932
3 16 19.7285 -6.1304 -8.8932 18.9086 -12.2502 -8.8932 19.7285 -6.1304 -12.2242
3 16 19.7285 -6.1304 -12.2242 18.9086 -12.2502 -8.8932 18.9086 -12.2502 -12.2242
3 16 -19.7305 -6.1306 -8.8932 -20 0.0001 -8.8932 -19.7305 -6.1306 -12.2242
3 16 -19.7305 -6.1306 -12.2242 -20 0.0001 -8.8932 -20 0.0001 -12.2242
3 16 -20 0.0001 -8.8932 -19.7305 -6.1306 -8.8932 -10.6916 -2.5 -8.8932
3 16 19.7285 -6.1304 -8.8932 20 -0.0007 -8.8932 10.6916 -2.5 -8.8932
3 16 20 -0.0007 -8.8932 19.7285 -6.1304 -8.8932 20 -0.0007 -12.2242
3 16 20 -0.0007 -12.2242 19.7285 -6.1304 -8.8932 19.7285 -6.1304 -12.2242
3 16 -20 0.0001 -8.8932 -19.6961 6.5122 -8.8932 -20 0.0001 -12.2242
3 16 -20 0.0001 -12.2242 -19.6961 6.5122 -8.8932 -19.6961 6.5122 -12.2242
3 16 -19.6961 6.5122 -8.8932 -20 0.0001 -8.8932 -10.6916 2.5 -8.8932
3 16 -10.6916 2.5 -8.8932 -20 0.0001 -8.8932 -10.6916 -2.5 -8.8932
3 16 19.6956 6.5121 -8.8932 20 -0.0007 -8.8932 19.6956 6.5121 -12.2242
3 16 19.6956 6.5121 -12.2242 20 -0.0007 -8.8932 20 -0.0007 -12.2242
3 16 -19.6961 6.5122 -8.8932 -18.8172 12.7312 -8.8932 -19.6961 6.5122 -12.2242
3 16 -19.6961 6.5122 -12.2242 -18.8172 12.7312 -8.8932 -18.8172 12.7312 -12.2242
3 16 -0.0001 12.6126 -8.8932 -18.8172 12.7312 -8.8932 -19.6961 6.5122 -8.8932
3 16 18.8184 12.7314 -8.8932 19.6956 6.5121 -8.8932 18.8184 12.7314 -12.2242
3 16 18.8184 12.7314 -12.2242 19.6956 6.5121 -8.8932 19.6956 6.5121 -12.2242
3 16 -18.8172 12.7312 -8.8932 -17.3278 18.7508 -8.8932 -18.8172 12.7312 -12.2242
3 16 -18.8172 12.7312 -12.2242 -17.3278 18.7508 -8.8932 -17.3278 18.7508 -12.2242
3 16 -17.3278 18.7508 -8.8932 -18.8172 12.7312 -8.8932 -0.0001 12.6126 -8.8932
3 16 17.332 18.7531 -8.8932 18.8184 12.7314 -8.8932 17.332 18.7531 -12.2242
3 16 17.332 18.7531 -12.2242 18.8184 12.7314 -8.8932 18.8184 12.7314 -12.2242
3 16 -17.3278 18.7508 -8.8932 -15.2559 24.3579 -8.8932 -17.3278 18.7508 -12.2242
3 16 -17.3278 18.7508 -12.2242 -15.2559 24.3579 -8.8932 -15.2559 24.3579 -12.2242
3 16 -0.0001 12.6126 -8.8932 -15.2559 24.3579 -8.8932 -17.3278 18.7508 -8.8932
3 16 15.2553 24.3559 -8.8932 17.332 18.7531 -8.8932 15.2553 24.3559 -12.2242
3 16 15.2553 24.3559 -12.2242 17.332 18.7531 -8.8932 17.332 18.7531 -12.2242
3 16 -15.2559 24.3579 -8.8932 -12.5109 29.5977 -8.8932 -15.2559 24.3579 -12.2242
3 16 -15.2559 24.3579 -12.2242 -12.5109 29.5977 -8.8932 -12.5109 29.5977 -12.2242
3 16 -0.0001 12.6126 -8.8932 -12.5109 29.5977 -8.8932 -15.2559 24.3579 -8.8932
3 16 12.5105 29.5972 -8.8932 15.2553 24.3559 -8.8932 12.5105 29.5972 -12.2242
3 16 12.5105 29.5972 -12.2242 15.2553 24.3559 -8.8932 15.2553 24.3559 -12.2242
3 16 -12.5109 29.5977 -8.8932 -9.0375 33.9083 -8.8932 -12.5109 29.5977 -12.2242
3 16 -12.5109 29.5977 -12.2242 -9.0375 33.9083 -8.8932 -9.0375 33.9083 -12.2242
3 16 -0.0001 12.6126 -8.8932 -9.0375 33.9083 -8.8932 -12.5109 29.5977 -8.8932
3 16 9.0429 33.9041 -8.8932 12.5105 29.5972 -8.8932 9.0429 33.9041 -12.2242
3 16 9.0429 33.9041 -12.2242 12.5105 29.5972 -8.8932 12.5105 29.5972 -12.2242
3 16 -9.0375 33.9083 -8.8932 -4.767 36.9744 -8.8932 -9.0375 33.9083 -12.2242
3 16 -9.0375 33.9083 -12.2242 -4.767 36.9744 -8.8932 -4.767 36.9744 -12.2242
3 16 -0.0001 12.6126 -8.8932 -4.767 36.9744 -8.8932 -9.0375 33.9083 -8.8932
3 16 4.7735 36.9724 -8.8932 9.0429 33.9041 -8.8932 4.7735 36.9724 -12.2242
3 16 4.7735 36.9724 -12.2242 9.0429 33.9041 -8.8932 9.0429 33.9041 -12.2242
3 16 -4.767 36.9744 -8.8932 0 38.125 -8.8932 -4.767 36.9744 -12.2242
3 16 -4.767 36.9744 -12.2242 0 38.125 -8.8932 0 38.125 -12.2242
3 16 0 38.125 -8.8932 -4.767 36.9744 -8.8932 -0.0001 12.6126 -8.8932
3 16 4.7735 36.9724 -8.8932 0 38.125 -8.8932 -0.0001 12.6126 -8.8932
3 16 0 38.125 -8.8932 4.7735 36.9724 -8.8932 0 38.125 -12.2242
3 16 0 38.125 -12.2242 4.7735 36.9724 -8.8932 4.7735 36.9724 -12.2242
3 16 -4.5169 -37.0933 -8.8932 -0.0011 -38.125 -8.8948 -0.0002 -12.2503 -8.8938
3 16 -0.0011 -38.125 -8.8948 -4.5169 -37.0933 -8.8932 -0.0011 -38.125 -12.2258
3 16 -0.0011 -38.125 -12.2258 -4.5169 -37.0933 -8.8932 -4.5169 -37.0933 -12.2242
3 16 -0.0001 12.6126 -8.8932 17.332 18.7531 -8.8932 15.2553 24.3559 -8.8932
3 16 3.9213 0 -3.3259 3.8246 2.8284 -2.8284 3.9687 1.5307 -3.6955
3 16 3.9213 0 -3.3259 3.9687 -1.5307 -3.6955 3.8246 -2.8284 -2.8284
3 16 -3.8246 2.8284 -2.8284 -3.8246 -2.8284 -2.8284 -3.9213 0 -3.3259
3 16 3.9213 0 -3.3259 3.9687 1.5307 -3.6955 4 0 -4
3 16 3.9213 0 -3.3259 4 0 -4 3.9687 -1.5307 -3.6955
3 16 -3.9213 0 -3.3259 -3.9687 1.5307 -3.6955 -3.8246 2.8284 -2.8284
3 16 -3.9213 0 -3.3259 -3.8246 -2.8284 -2.8284 -3.9687 -1.5307 -3.6955
3 16 3.8246 -2.8284 -2.8284 3.8246 2.8284 -2.8284 3.9213 0 -3.3259
3 16 -7.5 -4 0 -1.5605 -3.9677 -0.3883 0 -3.8474 0.7654
3 16 0 -3.8474 0.7654 -1.5605 -3.9677 -0.3883 0 -3.9993 0
3 16 7.5 -4 0 0 -3.8474 0.7654 1.5605 -3.9677 -0.3883
3 16 1.5605 -3.9677 -0.3883 0 -3.8474 0.7654 0 -3.9993 0
3 16 0 3.6955 1.5307 0 3.935 0.3242 -7.5 3.6955 1.5307
3 16 -7.5 3.6955 1.5307 0 3.935 0.3242 -7.5 4 0
3 16 7.5 4 0 0 3.935 0.3242 7.5 3.6955 1.5307
3 16 7.5 3.6955 1.5307 0 3.935 0.3242 0 3.6955 1.5307
3 16 -19.7305 -6.1306 -8.8932 -18.9096 -12.2504 -8.8932 -0.0001 -6.1304 -8.8934
3 16 -0.0001 -6.1304 -8.8934 -18.9096 -12.2504 -8.8932 -0.0002 -12.2503 -8.8938
3 16 19.7285 -6.1304 -8.8932 -0.0001 -6.1304 -8.8934 18.9086 -12.2502 -8.8932
3 16 18.9086 -12.2502 -8.8932 -0.0001 -6.1304 -8.8934 -0.0002 -12.2503 -8.8938
2 24 19.6956 6.5121 -8.8932 18.8184 12.7314 -8.8932
2 24 18.8184 12.7314 -8.8932 17.332 18.7531 -8.8932
2 24 12.5105 29.5972 -8.8932 9.0429 33.9041 -8.8932
2 24 12.5105 29.5972 -8.8932 15.2553 24.3559 -8.8932
2 24 9.0429 33.9041 -8.8932 4.7735 36.9724 -8.8932
2 24 15.2973 -24.2608 -8.8932 17.4521 -18.3352 -8.8932
2 24 15.2973 -24.2608 -8.8932 12.3607 -29.8321 -8.8932
2 24 17.4521 -18.3352 -8.8932 18.9086 -12.2502 -8.8932
2 24 12.3607 -29.8321 -8.8932 8.8715 -34.0675 -8.8932
2 24 0 3.9993 0 -1.5605 3.9677 -0.3883
2 24 -7.5 2.8284 2.8284 -7.5 3.6955 1.5307
2 24 -7.5 2.8284 2.8284 -7.5 1.5306 3.6953
2 24 -7.5 1.5306 3.6953 -7.5 0 4
2 24 -3.8246 2.8284 -2.8284 -3.9687 1.5307 -3.6955
2 24 -6.25 2.5 -3.1225 -6.25 1.5307 -3.6955
2 24 -7.5 2.8282 -2.8282 -7.5 3.6955 -1.5307
2 24 -3.8246 2.8284 -2.8284 -3.1342 3.6955 -1.5164
2 24 -7.5 4 0 -7.5 3.6955 -1.5307
2 24 -1.5605 3.9677 -0.3883 -3.1342 3.6955 -1.5164
2 24 -7.5 0 4 -7.5 1.5306 3.6953
2 24 -3.9687 1.5307 -3.6955 -4 0 -4
2 24 -6.25 1.5307 -3.6955 -6.25 0 -4
2 24 -6.25 1.5307 -3.6955 -6.25 0 -4
2 24 -7.5 4 0 -7.5 3.6955 -1.5307
2 24 -7.5 4 0 -7.5 3.6955 1.5307
2 24 -7.5 3.6955 -1.5307 -7.5 2.8282 -2.8282
2 24 -7.5 3.6955 1.5307 -7.5 2.8284 2.8284
2 24 -7.5 1.5306 3.6953 -7.5 2.8284 2.8284
2 24 -6.25 1.5307 -3.6955 -6.25 2.5 -3.1225
2 24 -6.25 2.5 -8 -6.25 2.5 -3.1225
2 24 -6.25 2.5 -3.1225 -7.5 2.5 -3.1225
2 24 -7.5 2.8282 -2.8282 -7.5 2.5 -3.1225
2 24 -7.5 2.5 0 -7.5 2.5 -3.1225
2 24 -7.5 2.8282 -2.8282 -7.5 2.5 -3.1225
2 24 -7.5 2.5 0 -7.5 2.5 -3.1225
2 24 -8.9135 2.5 -1.4135 -7.5 2.5 0
2 24 -8.9135 2.5 -1.4135 -9.3633 2.5 -2.0269
2 24 -9.3633 2.5 -2.0269 -9.6078 2.5 -2.7472
2 24 -7.5 2.5 -3.1225 -6.25 2.5 -3.1225
2 24 -6.25 2.5 -8 -6.25 2.5 -3.1225
2 24 -9.6078 2.5 -2.7472 -10.6916 2.5 -8.8932
2 24 -4 0 -4 -3.9687 1.5307 -3.6955
2 24 1.5605 3.9677 -0.3883 3.1342 3.6955 -1.5164
2 24 1.5605 -3.9677 -0.3883 3.1342 -3.6955 -1.5164
2 24 3.1342 -3.6955 -1.5164 3.8246 -2.8284 -2.8284
2 24 3.1342 3.6955 -1.5164 3.8246 2.8284 -2.8284
2 24 3.1342 3.6955 -1.5164 3.8246 2.8284 -2.8284
2 24 7.5 3.6955 -1.5307 7.5 2.8282 -2.8282
2 24 1.5605 3.9677 -0.3883 0 3.9993 0
2 24 1.5605 -3.9677 -0.3883 0 -3.9993 0
2 24 0 3.9993 0 1.5605 3.9677 -0.3883
2 24 3.1342 3.6955 -1.5164 1.5605 3.9677 -0.3883
2 24 7.5 3.6955 -1.5307 7.5 4 0
2 24 3.8246 2.8284 -2.8284 3.9687 1.5307 -3.6955
2 24 6.25 2.5 -3.1225 6.25 1.5307 -3.6955
2 24 10.6916 2.5 -8.8932 9.6078 2.5 -2.7472
2 24 10.6916 2.5 -8.8932 9.6078 2.5 -2.7472
2 24 10.6916 2.5 -8.8932 10.6916 -2.5 -8.8932
2 24 10.6916 -2.5 -8.8932 9.6078 -2.5 -2.7472
2 24 6.25 1.5307 -3.6955 6.25 0 -4
2 24 3.9687 1.5307 -3.6955 4 0 -4
2 24 6.25 0 -4 6.25 1.5307 -3.6955
2 24 6.25 1.5307 -3.6955 6.25 2.5 -3.1225
2 24 6.25 2.5 -8 6.25 2.5 -3.1225
2 24 7.5 3.6955 -1.5307 7.5 4 0
2 24 6.25 2.5 -3.1225 7.5 2.5 -3.1225
2 24 7.5 2.8282 -2.8282 7.5 2.5 -3.1225
2 24 7.5 4 0 7.5 3.6955 1.5307
2 24 7.5 2.8284 2.8284 7.5 3.6955 1.5307
2 24 7.5 3.6955 1.5307 7.5 2.8284 2.8284
2 24 7.5 2.8284 2.8284 7.5 1.5306 3.6953
2 24 7.5 2.8284 2.8284 7.5 1.5306 3.6953
2 24 7.5 1.5306 3.6953 7.5 0 4
2 24 7.5 1.5306 3.6953 7.5 0 4
2 24 8.9135 2.5 -1.4135 7.5 2.5 0
2 24 7.5 2.5 0 7.5 -2.5 0
2 24 8.9135 -2.5 -1.4135 7.5 -2.5 0
2 24 8.9135 2.5 -1.4135 9.3633 2.5 -2.0269
2 24 8.9135 -2.5 -1.4135 9.3633 -2.5 -2.0269
2 24 9.6078 2.5 -2.7472 9.3633 2.5 -2.0269
2 24 9.3633 2.5 -2.0269 8.9135 2.5 -1.4135
2 24 9.6078 2.5 -2.7472 9.3633 2.5 -2.0269
2 24 9.6078 -2.5 -2.7472 9.3633 -2.5 -2.0269
2 24 10.6916 2.5 -8.8932 0 2.5 -8.8932
2 24 6.25 2.5 -8 0 2.5 -8
2 24 8.9135 2.5 -1.4135 7.5 2.5 0
2 24 7.5 2.5 -3.1225 7.5 2.5 0
2 24 7.5 2.5 0 7.5 2.5 -3.1225
2 24 7.5 2.8282 -2.8282 7.5 2.5 -3.1225
2 24 7.5 3.6955 -1.5307 7.5 2.8282 -2.8282
2 24 7.5 2.5 -3.1225 6.25 2.5 -3.1225
2 24 6.25 2.5 -8 6.25 2.5 -3.1225
2 24 -1.5605 3.9677 -0.3883 -3.1342 3.6955 -1.5164
2 24 -1.5605 -3.9677 -0.3883 -3.1342 -3.6955 -1.5164
2 24 -3.1342 3.6955 -1.5164 -3.8246 2.8284 -2.8284
2 24 -3.1342 -3.6955 -1.5164 -3.8246 -2.8284 -2.8284
2 24 -3.1342 -3.6955 -1.5164 -3.8246 -2.8284 -2.8284
2 24 -7.5 -3.6955 -1.5307 -7.5 -2.8282 -2.8282
2 24 -7.5 -4 0 -7.5 -3.6955 1.5307
2 24 0 3.9993 0 -1.5605 3.9677 -0.3883
2 24 0 -3.9993 0 -1.5605 -3.9677 -0.3883
2 24 -3.1342 -3.6955 -1.5164 -1.5605 -3.9677 -0.3883
2 24 -7.5 -3.6955 -1.5307 -7.5 -4 0
2 24 -3.8246 -2.8284 -2.8284 -3.9687 -1.5307 -3.6955
2 24 -6.25 -2.5 -3.1225 -6.25 -1.5307 -3.6955
2 24 -9.6078 -2.5 -2.7472 -10.6916 -2.5 -8.8932
2 24 0 2.5 -8 -6.25 2.5 -8
2 24 -6.25 2.5 -8 -6.25 -2.5 -8
2 24 0 -2.5 -8 -6.25 -2.5 -8
2 24 -6.25 0 -4 -6.25 -1.5307 -3.6955
2 24 -4 0 -4 -3.9687 -1.5307 -3.6955
2 24 -6.25 2.5 -8 -6.25 -2.5 -8
2 24 -6.25 0 -4 -6.25 -1.5307 -3.6955
2 24 -6.25 -1.5307 -3.6955 -6.25 -2.5 -3.1225
2 24 -6.25 -2.5 -8 -6.25 -2.5 -3.1225
2 24 -7.5 -3.6955 -1.5307 -7.5 -4 0
2 24 -6.25 -2.5 -3.1225 -7.5 -2.5 -3.1225
2 24 -7.5 -2.8282 -2.8282 -7.5 -2.5 -3.1225
2 24 -7.5 -4 0 -7.5 -3.6955 1.5307
2 24 -7.5 -2.5 -3.1225 -6.25 -2.5 -3.1225
2 24 -6.25 -2.5 -8 -6.25 -2.5 -3.1225
2 24 -7.5 -3.6955 1.5307 -7.5 -2.8284 2.8284
2 24 -7.5 -3.6955 1.5307 -7.5 -2.8284 2.8284
2 24 -7.5 2.5 0 -7.5 -2.5 0
2 24 -7.5 -2.8284 2.8284 -7.5 -1.5306 3.6953
2 24 -7.5 -2.8284 2.8284 -7.5 -1.5306 3.6953
2 24 -7.5 0 4 -7.5 -1.5306 3.6953
2 24 -7.5 0 4 -7.5 -1.5306 3.6953
2 24 -8.9135 2.5 -1.4135 -7.5 2.5 0
2 24 -8.9135 -2.5 -1.4135 -7.5 -2.5 0
2 24 -7.5 2.5 0 -7.5 -2.5 0
2 24 -8.9135 2.5 -1.4135 -9.3633 2.5 -2.0269
2 24 -8.9135 -2.5 -1.4135 -9.3633 -2.5 -2.0269
2 24 -9.6078 -2.5 -2.7472 -9.3633 -2.5 -2.0269
2 24 -9.3633 -2.5 -2.0269 -8.9135 -2.5 -1.4135
2 24 -9.3633 -2.5 -2.0269 -9.6078 -2.5 -2.7472
2 24 -9.3633 2.5 -2.0269 -9.6078 2.5 -2.7472
2 24 -10.6916 -2.5 -8.8932 0 -2.5 -8.8932
2 24 -6.25 -2.5 -8 0 -2.5 -8
2 24 -8.9135 -2.5 -1.4135 -7.5 -2.5 0
2 24 -7.5 -2.5 -3.1225 -7.5 -2.5 0
2 24 -7.5 -2.5 -3.1225 -7.5 -2.8282 -2.8282
2 24 -7.5 -2.5 0 -7.5 -2.5 -3.1225
2 24 -7.5 -3.6955 -1.5307 -7.5 -2.8282 -2.8282
2 24 -4 0 -4 -3.9687 -1.5307 -3.6955
2 24 7.5 -2.8284 2.8284 7.5 -3.6955 1.5307
2 24 7.5 -2.8284 2.8284 7.5 -1.5306 3.6953
2 24 7.5 0 4 7.5 -1.5306 3.6953
2 24 6.25 -2.5 -3.1225 6.25 -1.5307 -3.6955
2 24 6.25 -2.5 -8 6.25 -2.5 -3.1225
2 24 3.8246 -2.8284 -2.8284 3.9687 -1.5307 -3.6955
2 24 6.25 -2.5 -3.1225 6.25 -1.5307 -3.6955
2 24 7.5 -2.8282 -2.8282 7.5 -3.6955 -1.5307
2 24 3.8246 -2.8284 -2.8284 3.1342 -3.6955 -1.5164
2 24 7.5 -3.6955 1.5307 7.5 -4 0
2 24 7.5 -3.6955 -1.5307 7.5 -4 0
2 24 3.1342 -3.6955 -1.5164 1.5605 -3.9677 -0.3883
2 24 0 -2.5 -8.8932 10.6916 -2.5 -8.8932
2 24 0 -2.5 -8 6.25 -2.5 -8
2 24 0 2.5 -8 6.25 2.5 -8
2 24 6.25 2.5 -8 6.25 -2.5 -8
2 24 0 -2.5 -8 6.25 -2.5 -8
2 24 7.5 -2.5 -3.1225 7.5 -2.5 0
2 24 7.5 -2.5 -3.1225 7.5 -2.8282 -2.8282
2 24 7.5 0 4 7.5 -1.5306 3.6953
2 24 4 0 -4 3.9687 -1.5307 -3.6955
2 24 6.25 0 -4 6.25 -1.5307 -3.6955
2 24 6.25 0 -4 6.25 -1.5307 -3.6955
2 24 6.25 2.5 -8 6.25 -2.5 -8
2 24 7.5 -4 0 7.5 -3.6955 -1.5307
2 24 7.5 -4 0 7.5 -3.6955 1.5307
2 24 6.25 -2.5 -8 6.25 -2.5 -3.1225
2 24 7.5 -2.5 -3.1225 6.25 -2.5 -3.1225
2 24 6.25 -2.5 -3.1225 7.5 -2.5 -3.1225
2 24 7.5 -2.8282 -2.8282 7.5 -2.5 -3.1225
2 24 7.5 -2.8282 -2.8282 7.5 -3.6955 -1.5307
2 24 7.5 -2.5 -3.1225 7.5 -2.5 0
2 24 7.5 -2.5 0 8.9135 -2.5 -1.4135
2 24 8.9135 -2.5 -1.4135 9.3633 -2.5 -2.0269
2 24 9.3633 -2.5 -2.0269 9.6078 -2.5 -2.7472
2 24 7.5 -3.6955 1.5307 7.5 -2.8284 2.8284
2 24 7.5 2.5 0 7.5 -2.5 0
2 24 7.5 -1.5306 3.6953 7.5 -2.8284 2.8284
2 24 10.6916 -2.5 -8.8932 9.6078 -2.5 -2.7472
2 24 10.6916 2.5 -8.8932 0 2.5 -8.8932
2 24 0 2.5 -8.8932 -10.6916 2.5 -8.8932
2 24 0 -2.5 -8.8932 10.6916 -2.5 -8.8932
2 24 -9.6078 -2.5 -2.7472 -10.6916 -2.5 -8.8932
2 24 -9.6078 2.5 -2.7472 -10.6916 2.5 -8.8932
2 24 -10.6916 -2.5 -8.8932 -10.6916 2.5 -8.8932
2 24 19.6956 6.5121 -8.8932 20 -0.0007 -8.8932
2 24 10.6916 2.5 -8.8932 10.6916 -2.5 -8.8932
2 24 -10.6916 2.5 -8.8932 0 2.5 -8.8932
2 24 -6.25 2.5 -8 0 2.5 -8
2 24 12.3607 -29.8321 -12.2242 8.8715 -34.0675 -12.2242
2 24 8.8715 -34.0675 -12.2242 4.5176 -37.0936 -12.2257
2 24 -0.0011 -38.125 -12.2258 -4.5169 -37.0933 -12.2242
2 24 -4.5169 -37.0933 -12.2242 -8.8807 -34.0575 -12.2242
2 24 12.3607 -29.8321 -12.2242 15.2973 -24.2608 -12.2242
2 24 -8.8807 -34.0575 -12.2242 -12.3618 -29.8326 -12.2242
2 24 15.2973 -24.2608 -12.2242 17.4521 -18.3352 -12.2242
2 24 -12.3618 -29.8326 -12.2242 -15.2969 -24.2608 -12.2242
2 24 17.4521 -18.3352 -12.2242 18.9086 -12.2502 -12.2242
2 24 -15.2969 -24.2608 -12.2242 -17.4538 -18.3359 -12.2242
2 24 18.9086 -12.2502 -12.2242 19.7285 -6.1304 -12.2242
2 24 -17.4538 -18.3359 -12.2242 -18.9096 -12.2504 -12.2242
2 24 19.7285 -6.1304 -12.2242 20 -0.0007 -12.2242
2 24 -18.9096 -12.2504 -12.2242 -19.7305 -6.1306 -12.2242
2 24 20 -0.0007 -12.2242 19.6956 6.5121 -12.2242
2 24 -19.7305 -6.1306 -12.2242 -20 0.0001 -12.2242
2 24 19.6956 6.5121 -12.2242 18.8184 12.7314 -12.2242
2 24 -20 0.0001 -12.2242 -19.6961 6.5122 -12.2242
2 24 18.8184 12.7314 -12.2242 17.332 18.7531 -12.2242
2 24 -19.6961 6.5122 -12.2242 -18.8172 12.7312 -12.2242
2 24 17.332 18.7531 -12.2242 15.2553 24.3559 -12.2242
2 24 -18.8172 12.7312 -12.2242 -17.3278 18.7508 -12.2242
2 24 15.2553 24.3559 -12.2242 12.5105 29.5972 -12.2242
2 24 -17.3278 18.7508 -12.2242 -15.2559 24.3579 -12.2242
2 24 12.5105 29.5972 -12.2242 9.0429 33.9041 -12.2242
2 24 -15.2559 24.3579 -12.2242 -12.5109 29.5977 -12.2242
2 24 9.0429 33.9041 -12.2242 4.7735 36.9724 -12.2242
2 24 -12.5109 29.5977 -12.2242 -9.0375 33.9083 -12.2242
2 24 4.7735 36.9724 -12.2242 0 38.125 -12.2242
2 24 -9.0375 33.9083 -12.2242 -4.767 36.9744 -12.2242
2 24 0 38.125 -12.2242 -4.767 36.9744 -12.2242
2 24 4.5176 -37.0936 -12.2257 -0.0011 -38.125 -12.2258
2 24 8.8715 -34.0675 -8.8932 4.5176 -37.0936 -8.8947
2 24 8.8715 -34.0675 -12.2242 4.5176 -37.0936 -12.2257
2 24 8.8715 -34.0675 -8.8932 4.5176 -37.0936 -8.8947
2 24 4.5176 -37.0936 -8.8947 -0.0011 -38.125 -8.8948
2 24 4.5176 -37.0936 -12.2257 -0.0011 -38.125 -12.2258
2 24 4.5176 -37.0936 -8.8947 -0.0011 -38.125 -8.8948
2 24 -4.5169 -37.0933 -8.8932 -8.8807 -34.0575 -8.8932
2 24 -4.5169 -37.0933 -12.2242 -8.8807 -34.0575 -12.2242
2 24 -8.8807 -34.0575 -8.8932 -4.5169 -37.0933 -8.8932
2 24 -8.8807 -34.0575 -8.8932 -12.3618 -29.8326 -8.8932
2 24 -8.8807 -34.0575 -12.2242 -12.3618 -29.8326 -12.2242
2 24 -8.8807 -34.0575 -8.8932 -12.3618 -29.8326 -8.8932
2 24 8.8715 -34.0675 -8.8932 12.3607 -29.8321 -8.8932
2 24 8.8715 -34.0675 -12.2242 12.3607 -29.8321 -12.2242
2 24 -12.3618 -29.8326 -8.8932 -15.2969 -24.2608 -8.8932
2 24 -12.3618 -29.8326 -12.2242 -15.2969 -24.2608 -12.2242
2 24 -12.3618 -29.8326 -8.8932 -15.2969 -24.2608 -8.8932
2 24 12.3607 -29.8321 -8.8932 15.2973 -24.2608 -8.8932
2 24 12.3607 -29.8321 -12.2242 15.2973 -24.2608 -12.2242
2 24 -15.2969 -24.2608 -8.8932 -17.4538 -18.3359 -8.8932
2 24 -15.2969 -24.2608 -12.2242 -17.4538 -18.3359 -12.2242
2 24 -15.2969 -24.2608 -8.8932 -17.4538 -18.3359 -8.8932
2 24 15.2973 -24.2608 -8.8932 17.4521 -18.3352 -8.8932
2 24 15.2973 -24.2608 -12.2242 17.4521 -18.3352 -12.2242
2 24 -17.4538 -18.3359 -8.8932 -18.9096 -12.2504 -8.8932
2 24 -17.4538 -18.3359 -12.2242 -18.9096 -12.2504 -12.2242
2 24 -17.4538 -18.3359 -8.8932 -18.9096 -12.2504 -8.8932
2 24 17.4521 -18.3352 -8.8932 18.9086 -12.2502 -8.8932
2 24 17.4521 -18.3352 -12.2242 18.9086 -12.2502 -12.2242
2 24 -18.9096 -12.2504 -8.8932 -19.7305 -6.1306 -8.8932
2 24 -18.9096 -12.2504 -12.2242 -19.7305 -6.1306 -12.2242
2 24 0 -2.5 -8.8932 -10.6916 -2.5 -8.8932
2 24 18.9086 -12.2502 -8.8932 19.7285 -6.1304 -8.8932
2 24 18.9086 -12.2502 -12.2242 19.7285 -6.1304 -12.2242
2 24 -19.7305 -6.1306 -8.8932 -20 0.0001 -8.8932
2 24 -19.7305 -6.1306 -12.2242 -20 0.0001 -12.2242
2 24 -19.7305 -6.1306 -8.8932 -20 0.0001 -8.8932
2 24 19.7285 -6.1304 -8.8932 20 -0.0007 -8.8932
2 24 19.7285 -6.1304 -8.8932 20 -0.0007 -8.8932
2 24 19.7285 -6.1304 -12.2242 20 -0.0007 -12.2242
2 24 -20 0.0001 -8.8932 -19.6961 6.5122 -8.8932
2 24 -20 0.0001 -12.2242 -19.6961 6.5122 -12.2242
2 24 -19.6961 6.5122 -8.8932 -20 0.0001 -8.8932
2 24 -10.6916 2.5 -8.8932 -10.6916 -2.5 -8.8932
2 24 20 -0.0007 -8.8932 19.6956 6.5121 -8.8932
2 24 20 -0.0007 -12.2242 19.6956 6.5121 -12.2242
2 24 -19.6961 6.5122 -8.8932 -18.8172 12.7312 -8.8932
2 24 -19.6961 6.5122 -12.2242 -18.8172 12.7312 -12.2242
2 24 -19.6961 6.5122 -8.8932 -18.8172 12.7312 -8.8932
2 24 19.6956 6.5121 -8.8932 18.8184 12.7314 -8.8932
2 24 19.6956 6.5121 -12.2242 18.8184 12.7314 -12.2242
2 24 -18.8172 12.7312 -8.8932 -17.3278 18.7508 -8.8932
2 24 -18.8172 12.7312 -12.2242 -17.3278 18.7508 -12.2242
2 24 -18.8172 12.7312 -8.8932 -17.3278 18.7508 -8.8932
2 24 18.8184 12.7314 -8.8932 17.332 18.7531 -8.8932
2 24 18.8184 12.7314 -12.2242 17.332 18.7531 -12.2242
2 24 -17.3278 18.7508 -8.8932 -15.2559 24.3579 -8.8932
2 24 -17.3278 18.7508 -12.2242 -15.2559 24.3579 -12.2242
2 24 -17.3278 18.7508 -8.8932 -15.2559 24.3579 -8.8932
2 24 17.332 18.7531 -8.8932 15.2553 24.3559 -8.8932
2 24 17.332 18.7531 -12.2242 15.2553 24.3559 -12.2242
2 24 -15.2559 24.3579 -8.8932 -12.5109 29.5977 -8.8932
2 24 -15.2559 24.3579 -12.2242 -12.5109 29.5977 -12.2242
2 24 -15.2559 24.3579 -8.8932 -12.5109 29.5977 -8.8932
2 24 15.2553 24.3559 -8.8932 12.5105 29.5972 -8.8932
2 24 15.2553 24.3559 -12.2242 12.5105 29.5972 -12.2242
2 24 -12.5109 29.5977 -8.8932 -9.0375 33.9083 -8.8932
2 24 -12.5109 29.5977 -12.2242 -9.0375 33.9083 -12.2242
2 24 -12.5109 29.5977 -8.8932 -9.0375 33.9083 -8.8932
2 24 12.5105 29.5972 -8.8932 9.0429 33.9041 -8.8932
2 24 12.5105 29.5972 -12.2242 9.0429 33.9041 -12.2242
2 24 -9.0375 33.9083 -8.8932 -4.767 36.9744 -8.8932
2 24 -9.0375 33.9083 -12.2242 -4.767 36.9744 -12.2242
2 24 -9.0375 33.9083 -8.8932 -4.767 36.9744 -8.8932
2 24 9.0429 33.9041 -8.8932 4.7735 36.9724 -8.8932
2 24 9.0429 33.9041 -12.2242 4.7735 36.9724 -12.2242
2 24 -4.767 36.9744 -8.8932 0 38.125 -8.8932
2 24 -4.767 36.9744 -12.2242 0 38.125 -12.2242
2 24 -4.767 36.9744 -8.8932 0 38.125 -8.8932
2 24 4.7735 36.9724 -8.8932 0 38.125 -8.8932
2 24 4.7735 36.9724 -8.8932 0 38.125 -8.8932
2 24 4.7735 36.9724 -12.2242 0 38.125 -12.2242
2 24 -0.0011 -38.125 -8.8948 -4.5169 -37.0933 -8.8932
2 24 -0.0011 -38.125 -8.8948 -4.5169 -37.0933 -8.8932
2 24 -0.0011 -38.125 -12.2258 -4.5169 -37.0933 -12.2242
2 24 17.332 18.7531 -8.8932 15.2553 24.3559 -8.8932
2 24 3.8246 2.8284 -2.8284 3.9687 1.5307 -3.6955
2 24 3.8246 -2.8284 -2.8284 3.9687 -1.5307 -3.6955
2 24 3.9687 1.5307 -3.6955 4 0 -4
2 24 3.9687 -1.5307 -3.6955 4 0 -4
2 24 -3.9687 1.5307 -3.6955 -3.8246 2.8284 -2.8284
2 24 -3.8246 -2.8284 -2.8284 -3.9687 -1.5307 -3.6955
2 24 -1.5605 -3.9677 -0.3883 0 -3.9993 0
2 24 1.5605 -3.9677 -0.3883 0 -3.9993 0
2 24 -7.5 4 0 -7.5 3.6955 1.5307
2 24 7.5 4 0 7.5 3.6955 1.5307
2 24 -18.9096 -12.2504 -8.8932 -19.7305 -6.1306 -8.8932
2 24 18.9086 -12.2502 -8.8932 19.7285 -6.1304 -8.8932
2 24 12.3607 -29.8321 -12.2742 8.8715 -34.0675 -12.2742
2 24 8.8715 -34.0675 -12.2742 4.5176 -37.0936 -12.2757
2 24 -0.0011 -38.125 -12.2758 -4.5169 -37.0933 -12.2742
2 24 -4.5169 -37.0933 -12.2742 -8.8807 -34.0575 -12.2742
2 24 12.3607 -29.8321 -12.2742 15.2973 -24.2608 -12.2742
2 24 -8.8807 -34.0575 -12.2742 -12.3618 -29.8326 -12.2742
2 24 15.2973 -24.2608 -12.2742 17.4521 -18.3352 -12.2742
2 24 -12.3618 -29.8326 -12.2742 -15.2969 -24.2608 -12.2742
2 24 17.4521 -18.3352 -12.2742 18.9086 -12.2502 -12.2742
2 24 -15.2969 -24.2608 -12.2742 -17.4538 -18.3359 -12.2742
2 24 18.9086 -12.2502 -12.2742 19.7285 -6.1304 -12.2742
2 24 -17.4538 -18.3359 -12.2742 -18.9096 -12.2504 -12.2742
2 24 19.7285 -6.1304 -12.2742 20 -0.0007 -12.2742
2 24 -18.9096 -12.2504 -12.2742 -19.7305 -6.1306 -12.2742
2 24 20 -0.0007 -12.2742 19.6956 6.5121 -12.2742
2 24 -19.7305 -6.1306 -12.2742 -20 0.0001 -12.2742
2 24 19.6956 6.5121 -12.2742 18.8184 12.7314 -12.2742
2 24 -20 0.0001 -12.2742 -19.6961 6.5122 -12.2742
2 24 18.8184 12.7314 -12.2742 17.332 18.7531 -12.2742
2 24 -19.6961 6.5122 -12.2742 -18.8172 12.7312 -12.2742
2 24 17.332 18.7531 -12.2742 15.2553 24.3559 -12.2742
2 24 -18.8172 12.7312 -12.2742 -17.3278 18.7508 -12.2742
2 24 15.2553 24.3559 -12.2742 12.5105 29.5972 -12.2742
2 24 -17.3278 18.7508 -12.2742 -15.2559 24.3579 -12.2742
2 24 12.5105 29.5972 -12.2742 9.0429 33.9041 -12.2742
2 24 -15.2559 24.3579 -12.2742 -12.5109 29.5977 -12.2742
2 24 9.0429 33.9041 -12.2742 4.7735 36.9724 -12.2742
2 24 -12.5109 29.5977 -12.2742 -9.0375 33.9083 -12.2742
2 24 4.7735 36.9724 -12.2742 0 38.125 -12.2742
2 24 -9.0375 33.9083 -12.2742 -4.767 36.9744 -12.2742
2 24 0 38.125 -12.2742 -4.767 36.9744 -12.2742
2 24 4.5176 -37.0936 -12.2757 -0.0011 -38.125 -12.2758
0 STEP
