0 FILE mfb79c73f_202693_111407.dat
0 69633c01 (extended)
0 Name: 69633c01 (extended)
0 Author: 
0 CustomBrick
0 FlexibleBrickControlPointUnitLength -1
0 FlexibleBrickLockedControlPoint 
3 16 -13.636 -355.364 10.000 -9.000 -355.364 0.000 -5.731 -355.364 -10.000
3 16 -5.731 -355.364 -10.000 -13.636 -355.364 -10.000 -13.636 -355.364 10.000
3 16 -5.731 -355.364 10.000 -9.000 -355.364 0.000 -13.636 -355.364 10.000
3 16 2.729 -298.000 17.554 5.500 -311.500 18.105 10.000 -311.500 19.000
3 16 10.000 -311.500 19.000 10.000 -298.000 19.000 2.729 -298.000 17.554
3 16 3.767 -358.000 15.046 5.500 -326.500 15.391 10.000 -326.500 16.286
3 16 10.000 -326.500 16.286 10.000 -358.000 16.286 3.767 -358.000 15.046
3 16 5.500 -326.500 15.391 3.767 -358.000 15.046 3.767 -301.000 15.046
3 16 3.767 -301.000 15.046 5.500 -311.500 15.391 5.500 -326.500 15.391
3 16 5.500 -311.500 15.391 3.767 -301.000 15.046 10.000 -301.000 16.286
3 16 10.000 -301.000 16.286 10.000 -311.500 16.286 5.500 -311.500 15.391
3 16 3.456 -298.000 15.799 2.729 -298.000 17.554 10.000 -298.000 19.000
3 16 10.000 -298.000 19.000 10.000 -298.000 17.000 3.456 -298.000 15.799
3 16 5.500 -326.500 17.105 5.500 -331.000 17.105 10.000 -335.500 18.000
3 16 10.000 -335.500 18.000 10.000 -326.500 18.000 5.500 -326.500 17.105
3 16 5.500 -331.000 17.105 5.500 -322.000 17.105 5.500 -316.000 18.105
3 16 5.500 -316.000 18.105 5.500 -331.000 18.105 5.500 -331.000 17.105
3 16 5.500 -322.000 15.391 5.500 -316.000 15.391 5.500 -316.000 18.105
3 16 5.500 -316.000 18.105 5.500 -322.000 17.105 5.500 -322.000 15.391
3 16 17.271 -298.000 17.554 10.000 -298.000 19.000 10.000 -311.500 19.000
3 16 10.000 -311.500 19.000 14.500 -311.500 18.105 17.271 -298.000 17.554
3 16 14.500 -335.500 18.105 10.000 -335.500 19.000 10.000 -358.000 19.000
3 16 10.000 -358.000 19.000 17.271 -358.000 17.554 14.500 -335.500 18.105
3 16 14.500 -311.500 18.105 14.500 -335.500 18.105 17.271 -358.000 17.554
3 16 17.271 -358.000 17.554 17.271 -298.000 17.554 14.500 -311.500 18.105
3 16 16.232 -358.000 15.046 10.000 -358.000 16.286 10.000 -326.500 16.286
3 16 10.000 -326.500 16.286 14.500 -326.500 15.391 16.232 -358.000 15.046
3 16 14.500 -326.500 15.391 14.500 -311.500 15.391 16.232 -301.000 15.046
3 16 16.232 -301.000 15.046 16.232 -358.000 15.046 14.500 -326.500 15.391
3 16 14.500 -311.500 15.391 10.000 -311.500 16.286 10.000 -301.000 16.286
3 16 10.000 -301.000 16.286 16.232 -301.000 15.046 14.500 -311.500 15.391
3 16 16.544 -298.000 15.799 10.000 -298.000 17.000 10.000 -298.000 19.000
3 16 10.000 -298.000 19.000 17.271 -298.000 17.554 16.544 -298.000 15.799
3 16 14.500 -326.500 17.105 10.000 -326.500 18.000 10.000 -335.500 18.000
3 16 10.000 -335.500 18.000 14.500 -331.000 17.105 14.500 -326.500 17.105
3 16 14.500 -331.000 17.105 14.500 -331.000 18.105 14.500 -316.000 18.105
3 16 14.500 -316.000 18.105 14.500 -322.000 17.105 14.500 -331.000 17.105
3 16 14.500 -322.000 15.391 14.500 -322.000 17.105 14.500 -316.000 18.105
3 16 14.500 -316.000 18.105 14.500 -316.000 15.391 14.500 -322.000 15.391
3 16 2.729 -298.000 -17.554 10.000 -298.000 -19.000 10.000 -311.500 -19.000
3 16 10.000 -311.500 -19.000 5.500 -311.500 -18.105 2.729 -298.000 -17.554
3 16 3.767 -358.000 -15.046 10.000 -358.000 -16.286 10.000 -326.500 -16.286
3 16 10.000 -326.500 -16.286 5.500 -326.500 -15.391 3.767 -358.000 -15.046
3 16 5.500 -326.500 -15.391 5.500 -311.500 -15.391 3.767 -301.000 -15.046
3 16 3.767 -301.000 -15.046 3.767 -358.000 -15.046 5.500 -326.500 -15.391
3 16 5.500 -311.500 -15.391 10.000 -311.500 -16.286 10.000 -301.000 -16.286
3 16 10.000 -301.000 -16.286 3.767 -301.000 -15.046 5.500 -311.500 -15.391
3 16 3.456 -298.000 -15.799 10.000 -298.000 -17.000 10.000 -298.000 -19.000
3 16 10.000 -298.000 -19.000 2.729 -298.000 -17.554 3.456 -298.000 -15.799
3 16 5.500 -326.500 -17.105 10.000 -326.500 -18.000 10.000 -335.500 -18.000
3 16 10.000 -335.500 -18.000 5.500 -331.000 -17.105 5.500 -326.500 -17.105
3 16 5.500 -331.000 -17.105 5.500 -331.000 -18.105 5.500 -316.000 -18.105
3 16 5.500 -316.000 -18.105 5.500 -322.000 -17.105 5.500 -331.000 -17.105
3 16 5.500 -322.000 -15.391 5.500 -322.000 -17.105 5.500 -316.000 -18.105
3 16 5.500 -316.000 -18.105 5.500 -316.000 -15.391 5.500 -322.000 -15.391
3 16 17.271 -298.000 -17.554 14.500 -311.500 -18.105 10.000 -311.500 -19.000
3 16 10.000 -311.500 -19.000 10.000 -298.000 -19.000 17.271 -298.000 -17.554
3 16 14.500 -335.500 -18.105 17.271 -358.000 -17.554 10.000 -358.000 -19.000
3 16 10.000 -358.000 -19.000 10.000 -335.500 -19.000 14.500 -335.500 -18.105
3 16 14.500 -311.500 -18.105 17.271 -298.000 -17.554 17.271 -358.000 -17.554
3 16 17.271 -358.000 -17.554 14.500 -335.500 -18.105 14.500 -311.500 -18.105
3 16 16.232 -358.000 -15.046 14.500 -326.500 -15.391 10.000 -326.500 -16.286
3 16 10.000 -326.500 -16.286 10.000 -358.000 -16.286 16.232 -358.000 -15.046
3 16 14.500 -326.500 -15.391 16.232 -358.000 -15.046 16.232 -301.000 -15.046
3 16 16.232 -301.000 -15.046 14.500 -311.500 -15.391 14.500 -326.500 -15.391
3 16 14.500 -311.500 -15.391 16.232 -301.000 -15.046 10.000 -301.000 -16.286
3 16 10.000 -301.000 -16.286 10.000 -311.500 -16.286 14.500 -311.500 -15.391
3 16 16.544 -298.000 -15.799 17.271 -298.000 -17.554 10.000 -298.000 -19.000
3 16 10.000 -298.000 -19.000 10.000 -298.000 -17.000 16.544 -298.000 -15.799
3 16 14.500 -326.500 -17.105 14.500 -331.000 -17.105 10.000 -335.500 -18.000
3 16 10.000 -335.500 -18.000 10.000 -326.500 -18.000 14.500 -326.500 -17.105
3 16 14.500 -331.000 -17.105 14.500 -322.000 -17.105 14.500 -316.000 -18.105
3 16 14.500 -316.000 -18.105 14.500 -331.000 -18.105 14.500 -331.000 -17.105
3 16 14.500 -322.000 -15.391 14.500 -316.000 -15.391 14.500 -316.000 -18.105
3 16 14.500 -316.000 -18.105 14.500 -322.000 -17.105 14.500 -322.000 -15.391
3 16 -13.636 -302.636 10.000 -13.636 -302.636 -10.000 -5.731 -302.636 -10.000
3 16 -5.731 -302.636 -10.000 -9.000 -302.636 0.000 -13.636 -302.636 10.000
3 16 -9.000 -302.636 0.000 -5.731 -302.636 10.000 -13.636 -302.636 10.000
3 16 -13.032 -358.000 0.000 -5.731 -358.000 10.000 -20.000 -358.000 10.000
3 16 -20.000 -300.000 10.000 -9.000 -300.000 0.000 -5.731 -300.000 -10.000
3 16 -5.731 -300.000 -10.000 -20.000 -300.000 -10.000 -20.000 -300.000 10.000
3 16 -5.731 -300.000 10.000 -9.000 -300.000 0.000 -20.000 -300.000 10.000
3 16 -13.636 -302.636 10.000 -5.731 -302.636 10.000 -5.731 -300.000 10.000
3 16 -5.731 -300.000 10.000 -11.000 -300.000 10.000 -13.636 -302.636 10.000
3 16 -13.636 -355.364 10.000 -11.000 -358.000 10.000 -5.731 -358.000 10.000
3 16 -5.731 -358.000 10.000 -5.731 -355.364 10.000 -13.636 -355.364 10.000
3 16 -13.636 -302.636 -10.000 -11.000 -300.000 -10.000 -5.731 -300.000 -10.000
3 16 -5.731 -300.000 -10.000 -5.731 -302.636 -10.000 -13.636 -302.636 -10.000
3 16 -13.636 -355.364 -10.000 -5.731 -355.364 -10.000 -5.731 -358.000 -10.000
3 16 -5.731 -358.000 -10.000 -11.000 -358.000 -10.000 -13.636 -355.364 -10.000
3 16 -13.636 -222.636 10.000 -3.371 -222.636 10.000 -3.371 -220.000 10.000
3 16 -3.371 -220.000 10.000 -11.000 -220.000 10.000 -13.636 -222.636 10.000
3 16 -13.636 -222.636 -10.000 -11.000 -220.000 -10.000 -3.371 -220.000 -10.000
3 16 -3.371 -220.000 -10.000 -3.371 -222.636 -10.000 -13.636 -222.636 -10.000
3 16 -3.371 -222.636 -10.000 -7.000 -222.636 0.000 -13.636 -222.636 10.000
3 16 -13.636 -222.636 10.000 -13.636 -222.636 -10.000 -3.371 -222.636 -10.000
3 16 -13.636 -222.636 10.000 -7.000 -222.636 0.000 -3.371 -222.636 10.000
3 16 -3.371 -220.000 -10.000 -20.000 -220.000 -10.000 -20.000 -220.000 10.000
3 16 -20.000 -220.000 10.000 -7.000 -220.000 0.000 -3.371 -220.000 -10.000
3 16 -7.000 -220.000 0.000 -20.000 -220.000 10.000 -3.371 -220.000 10.000
3 16 -13.636 -275.364 10.000 -11.000 -278.000 10.000 -3.371 -278.000 10.000
3 16 -3.371 -278.000 10.000 -3.371 -275.364 10.000 -13.636 -275.364 10.000
3 16 -13.636 -275.364 -10.000 -3.371 -275.364 -10.000 -3.371 -278.000 -10.000
3 16 -3.371 -278.000 -10.000 -11.000 -278.000 -10.000 -13.636 -275.364 -10.000
3 16 -3.371 -275.364 -10.000 -13.636 -275.364 -10.000 -13.636 -275.364 10.000
3 16 -13.636 -275.364 10.000 -7.000 -275.364 0.000 -3.371 -275.364 -10.000
3 16 -7.000 -275.364 0.000 -13.636 -275.364 10.000 -3.371 -275.364 10.000
3 16 -3.371 -278.000 -10.000 -7.000 -278.000 0.000 -20.000 -278.000 10.000
3 16 -20.000 -278.000 10.000 -20.000 -278.000 -10.000 -3.371 -278.000 -10.000
3 16 -20.000 -278.000 10.000 -7.000 -278.000 0.000 -3.371 -278.000 10.000
3 16 5.500 -311.500 18.105 2.729 -298.000 17.554 2.729 -355.364 17.554
3 16 2.729 -355.364 17.554 5.500 -335.500 18.105 5.500 -311.500 18.105
3 16 2.729 -358.000 17.554 10.000 -358.000 19.000 2.729 -355.364 17.554
3 16 10.000 -358.000 19.000 10.000 -335.500 19.000 5.500 -335.500 18.105
3 16 5.500 -335.500 18.105 2.729 -355.364 17.554 10.000 -358.000 19.000
3 16 -3.435 -355.364 13.435 -5.731 -355.364 10.000 -5.731 -358.000 10.000
3 16 -5.731 -358.000 10.000 -3.435 -358.000 13.435 -3.435 -355.364 13.435
3 16 3.767 -358.000 15.046 10.000 -358.000 16.286 10.000 -358.000 19.000
3 16 10.000 -358.000 19.000 2.729 -358.000 17.554 3.767 -358.000 15.046
3 16 10.000 -358.000 16.286 16.232 -358.000 15.046 17.271 -358.000 17.554
3 16 17.271 -358.000 17.554 10.000 -358.000 19.000 10.000 -358.000 16.286
3 16 -5.731 -358.000 10.000 -13.032 -358.000 0.000 -1.516 -358.000 11.516
3 16 -5.731 -358.000 10.000 -1.516 -358.000 11.516 -3.436 -358.000 13.435
3 16 5.500 -311.500 -18.105 5.500 -335.500 -18.105 2.729 -355.364 -17.554
3 16 2.729 -355.364 -17.554 2.729 -298.000 -17.554 5.500 -311.500 -18.105
3 16 10.000 -358.000 -19.000 2.729 -358.000 -17.554 2.729 -355.364 -17.554
3 16 10.000 -358.000 -19.000 2.729 -355.364 -17.554 5.500 -335.500 -18.105
3 16 5.500 -335.500 -18.105 10.000 -335.500 -19.000 10.000 -358.000 -19.000
3 16 -3.435 -355.364 -13.435 -3.435 -358.000 -13.435 -5.731 -358.000 -10.000
3 16 -5.731 -358.000 -10.000 -5.731 -355.364 -10.000 -3.435 -355.364 -13.435
3 16 3.767 -358.000 -15.046 2.729 -358.000 -17.554 10.000 -358.000 -19.000
3 16 10.000 -358.000 -19.000 10.000 -358.000 -16.286 3.767 -358.000 -15.046
3 16 10.000 -358.000 -16.286 10.000 -358.000 -19.000 17.271 -358.000 -17.554
3 16 17.271 -358.000 -17.554 16.232 -358.000 -15.046 10.000 -358.000 -16.286
3 16 -13.032 -358.000 0.000 -5.731 -358.000 -10.000 -1.516 -358.000 -11.516
3 16 -1.516 -358.000 -11.516 -5.731 -358.000 -10.000 -3.436 -358.000 -13.435
3 16 -5.731 -358.000 -10.000 -13.032 -358.000 0.000 -20.000 -358.000 -10.000
3 16 -20.000 -358.000 -10.000 -13.032 -358.000 0.000 -20.000 -358.000 10.000
3 16 -5.689 -99.500 3.000 -3.571 -99.500 3.000 -3.571 -99.500 -3.000
3 16 -3.571 -99.500 -3.000 -5.689 -99.500 -3.000 -5.689 -99.500 3.000
3 16 -6.286 -99.500 0.000 -5.689 -99.500 3.000 -5.689 -99.500 -3.000
3 16 13.000 -99.500 15.689 13.000 -99.500 13.571 7.000 -99.500 13.571
3 16 7.000 -99.500 13.571 7.000 -99.500 15.689 13.000 -99.500 15.689
3 16 10.000 -99.500 16.286 13.000 -99.500 15.689 7.000 -99.500 15.689
3 16 25.689 -99.500 -3.000 23.571 -99.500 -3.000 23.571 -99.500 3.000
3 16 23.571 -99.500 3.000 25.689 -99.500 3.000 25.689 -99.500 -3.000
3 16 26.286 -99.500 0.000 25.689 -99.500 -3.000 25.689 -99.500 3.000
3 16 7.000 -99.500 -15.689 7.000 -99.500 -13.571 13.000 -99.500 -13.571
3 16 13.000 -99.500 -13.571 13.000 -99.500 -15.689 7.000 -99.500 -15.689
3 16 10.000 -99.500 -16.286 7.000 -99.500 -15.689 13.000 -99.500 -15.689
2 24 -5.731 -355.364 -10.000 -7.554 -355.364 -7.271
2 24 -5.731 -355.364 10.000 -7.554 -355.364 7.271
2 24 -13.636 -355.364 -10.000 -13.636 -355.364 10.000
2 24 -13.636 -355.364 -10.000 -5.731 -355.364 -10.000
2 24 -13.636 -355.364 10.000 -5.731 -355.364 10.000
2 24 5.500 -331.000 18.105 5.500 -316.000 18.105
2 24 5.500 -322.000 15.391 5.500 -316.000 15.391
2 24 2.729 -358.000 17.554 10.000 -358.000 19.000
2 24 3.767 -358.000 15.046 10.000 -358.000 16.286
2 24 2.729 -298.000 17.554 10.000 -298.000 19.000
2 24 3.767 -301.000 15.046 10.000 -301.000 16.286
2 24 5.500 -331.000 17.105 5.500 -322.000 17.105
2 24 14.500 -331.000 18.105 14.500 -316.000 18.105
2 24 14.500 -322.000 15.391 14.500 -316.000 15.391
2 24 17.271 -358.000 17.554 10.000 -358.000 19.000
2 24 16.232 -358.000 15.046 10.000 -358.000 16.286
2 24 17.271 -298.000 17.554 10.000 -298.000 19.000
2 24 16.232 -301.000 15.046 10.000 -301.000 16.286
2 24 14.500 -331.000 17.105 14.500 -322.000 17.105
2 24 5.500 -331.000 -18.105 5.500 -316.000 -18.105
2 24 5.500 -322.000 -15.391 5.500 -316.000 -15.391
2 24 2.729 -358.000 -17.554 10.000 -358.000 -19.000
2 24 3.767 -358.000 -15.046 10.000 -358.000 -16.286
2 24 2.729 -298.000 -17.554 10.000 -298.000 -19.000
2 24 3.767 -301.000 -15.046 10.000 -301.000 -16.286
2 24 5.500 -331.000 -17.105 5.500 -322.000 -17.105
2 24 14.500 -331.000 -18.105 14.500 -316.000 -18.105
2 24 14.500 -322.000 -15.391 14.500 -316.000 -15.391
2 24 17.271 -358.000 -17.554 10.000 -358.000 -19.000
2 24 16.232 -358.000 -15.046 10.000 -358.000 -16.286
2 24 17.271 -298.000 -17.554 10.000 -298.000 -19.000
2 24 16.232 -301.000 -15.046 10.000 -301.000 -16.286
2 24 14.500 -331.000 -17.105 14.500 -322.000 -17.105
2 24 -5.731 -302.636 -10.000 -7.554 -302.636 -7.271
2 24 -5.731 -302.636 10.000 -7.554 -302.636 7.271
2 24 -13.636 -302.636 -10.000 -13.636 -302.636 10.000
2 24 -13.636 -302.636 -10.000 -5.731 -302.636 -10.000
2 24 -13.636 -302.636 10.000 -5.731 -302.636 10.000
2 24 -20.000 -358.000 -10.000 -5.731 -358.000 -10.000
2 24 -20.000 -358.000 10.000 -5.731 -358.000 10.000
2 24 -5.731 -300.000 -10.000 -7.554 -300.000 -7.271
2 24 -5.731 -300.000 10.000 -7.554 -300.000 7.271
2 24 -20.000 -300.000 -10.000 -5.731 -300.000 -10.000
2 24 -20.000 -300.000 10.000 -5.731 -300.000 10.000
2 24 -5.731 -302.636 10.000 -5.731 -300.000 10.000
2 24 -5.731 -355.364 10.000 -5.731 -358.000 10.000
2 24 -5.731 -302.636 -10.000 -5.731 -300.000 -10.000
2 24 -5.731 -355.364 -10.000 -5.731 -358.000 -10.000
2 24 -11.000 -309.000 2.000 -11.000 -349.000 2.000
2 24 -11.000 -309.000 -2.000 -11.000 -349.000 -2.000
2 24 -3.371 -222.636 10.000 -3.371 -220.000 10.000
2 24 -20.000 -220.000 10.000 -3.371 -220.000 10.000
2 24 -13.636 -222.636 10.000 -3.371 -222.636 10.000
2 24 -3.371 -222.636 -10.000 -3.371 -220.000 -10.000
2 24 -20.000 -220.000 -10.000 -3.371 -220.000 -10.000
2 24 -13.636 -222.636 -10.000 -3.371 -222.636 -10.000
2 24 -5.706 -222.636 -6.506 -3.371 -222.636 -10.000
2 24 -5.706 -222.636 6.506 -3.371 -222.636 10.000
2 24 -5.706 -220.000 -6.506 -3.371 -220.000 -10.000
2 24 -5.706 -220.000 6.506 -3.371 -220.000 10.000
2 24 -13.636 -222.636 -10.000 -13.636 -222.636 10.000
2 24 -3.371 -275.364 10.000 -3.371 -278.000 10.000
2 24 -20.000 -278.000 10.000 -3.371 -278.000 10.000
2 24 -13.636 -275.364 10.000 -3.371 -275.364 10.000
2 24 -3.371 -275.364 -10.000 -3.371 -278.000 -10.000
2 24 -20.000 -278.000 -10.000 -3.371 -278.000 -10.000
2 24 -13.636 -275.364 -10.000 -3.371 -275.364 -10.000
2 24 -5.706 -275.364 -6.506 -3.371 -275.364 -10.000
2 24 -5.706 -275.364 6.506 -3.371 -275.364 10.000
2 24 -5.706 -278.000 -6.506 -3.371 -278.000 -10.000
2 24 -5.706 -278.000 6.506 -3.371 -278.000 10.000
2 24 -13.636 -275.364 -10.000 -13.636 -275.364 10.000
2 24 -11.000 -229.000 2.000 -11.000 -269.000 2.000
2 24 -11.000 -229.000 -2.000 -11.000 -269.000 -2.000
2 24 -3.435 -358.000 13.435 -5.731 -358.000 10.000
2 24 -3.435 -358.000 -13.435 -5.731 -358.000 -10.000
2 24 -5.689 -99.500 3.000 -6.286 -99.500 0.000
2 24 -6.286 -99.500 0.000 -5.689 -99.500 -3.000
2 24 13.000 -99.500 15.689 10.000 -99.500 16.286
2 24 10.000 -99.500 16.286 7.000 -99.500 15.689
2 24 25.689 -99.500 -3.000 26.286 -99.500 0.000
2 24 26.286 -99.500 0.000 25.689 -99.500 3.000
2 24 7.000 -99.500 -15.689 10.000 -99.500 -16.286
2 24 10.000 -99.500 -16.286 13.000 -99.500 -15.689
1 16 -20.000000 -329.000000 0.000000 -1.000000 0.000000 0.000000 0.000000 0.000000 -1.000000 0.000000 -1.000000 0.000000 beamhole.dat
1 16 -20.000000 -309.000000 0.000000 -1.000000 0.000000 0.000000 0.000000 0.000000 -1.000000 0.000000 -1.000000 0.000000 beamhole.dat
1 16 -20.000000 -349.000000 0.000000 -1.000000 0.000000 0.000000 0.000000 0.000000 -1.000000 0.000000 -1.000000 0.000000 connhole.dat
1 16 -11.000000 -329.000000 0.000000 0.000000 -1.000000 0.000000 -20.000000 0.000000 0.000000 0.000000 0.000000 -10.000000 rect2p.dat
1 16 -29.000000 -329.000000 0.000000 0.000000 1.000000 0.000000 20.000000 0.000000 0.000000 0.000000 0.000000 -10.000000 rect2p.dat
1 16 -20.000000 -349.000000 10.000000 -9.000000 0.000000 0.000000 0.000000 0.000000 -9.000000 0.000000 -20.000000 0.000000 1-4cylo.dat
1 16 -20.000000 -349.000000 10.000000 9.000000 0.000000 0.000000 0.000000 0.000000 -9.000000 0.000000 -20.000000 0.000000 1-8cylo.dat
1 16 -20.000000 -309.000000 10.000000 -9.000000 0.000000 0.000000 0.000000 0.000000 9.000000 0.000000 -20.000000 0.000000 1-4cylo.dat
1 16 -20.000000 -309.000000 10.000000 9.000000 0.000000 0.000000 0.000000 0.000000 9.000000 0.000000 -20.000000 0.000000 1-8cylo.dat
1 16 -20.000000 -249.000000 0.000000 -1.000000 0.000000 0.000000 0.000000 0.000000 -1.000000 0.000000 -1.000000 0.000000 beamhole.dat
1 16 -20.000000 -229.000000 0.000000 -1.000000 0.000000 0.000000 0.000000 0.000000 -1.000000 0.000000 -1.000000 0.000000 beamhole.dat
1 16 -20.000000 -269.000000 0.000000 -1.000000 0.000000 0.000000 0.000000 0.000000 -1.000000 0.000000 -1.000000 0.000000 connhole.dat
1 16 -11.000000 -249.000000 0.000000 0.000000 -1.000000 0.000000 -20.000000 0.000000 0.000000 0.000000 0.000000 -10.000000 rect2p.dat
1 16 -29.000000 -249.000000 0.000000 0.000000 1.000000 0.000000 20.000000 0.000000 0.000000 0.000000 0.000000 -10.000000 rect2p.dat
1 16 -20.000000 -269.000000 10.000000 -9.000000 0.000000 0.000000 0.000000 0.000000 -9.000000 0.000000 -20.000000 0.000000 1-4cylo.dat
1 16 -20.000000 -269.000000 10.000000 9.000000 0.000000 0.000000 0.000000 0.000000 -9.000000 0.000000 -20.000000 0.000000 1-8cylo.dat
1 16 -20.000000 -229.000000 10.000000 -9.000000 0.000000 0.000000 0.000000 0.000000 9.000000 0.000000 -20.000000 0.000000 1-4cylo.dat
1 16 -20.000000 -229.000000 10.000000 9.000000 0.000000 0.000000 0.000000 0.000000 9.000000 0.000000 -20.000000 0.000000 1-8cylo.dat
1 16 10.000000 -122.000000 0.000000 17.000000 0.000000 0.000000 0.000000 -176.000000 0.000000 0.000000 0.000000 17.000000 4-4cylo.dat
1 16 10.000000 -99.000000 0.000000 19.000000 0.000000 0.000000 0.000000 -23.000000 0.000000 0.000000 0.000000 19.000000 4-4cylo.dat
1 16 10.000000 -122.000000 0.000000 1.900000 0.000000 0.000000 0.000000 1.000000 0.000000 0.000000 0.000000 1.900000 4-4ring9.dat
1 16 10.000000 -99.000000 0.000000 2.714300 0.000000 0.000000 0.000000 -1.000000 0.000000 0.000000 0.000000 2.714300 4-4ring6.dat
0 BFC INVERTNEXT
1 16 10.000000 -99.000000 0.000000 16.285700 0.000000 0.000000 0.000000 -20.000000 0.000000 0.000000 0.000000 16.285700 4-4cylo.dat
1 16 10.000000 -119.000000 0.000000 2.714300 0.000000 0.000000 0.000000 -1.000000 0.000000 0.000000 0.000000 2.714300 4-4ring5.dat
1 16 10.000000 -301.000000 0.000000 2.714300 0.000000 0.000000 0.000000 1.000000 0.000000 0.000000 0.000000 2.714300 4-4ring5.dat
0 BFC INVERTNEXT
1 16 10.000000 -301.000000 0.000000 13.571400 0.000000 0.000000 0.000000 182.000000 0.000000 0.000000 0.000000 13.571400 4-4cylo.dat
0 BFC INVERTNEXT
1 16 10.000000 -331.000000 19.000000 -4.501900 -0.005000 0.000000 0.000000 0.000000 -4.500000 -0.895200 -1.000200 0.000000 1-4cylo.dat
1 16 10.000000 -331.000000 18.000000 -4.501900 -0.005000 0.000000 0.000000 0.000000 -4.500000 -0.895200 -1.000200 0.000000 1-4chrd.dat
0 BFC INVERTNEXT
1 16 10.000000 -322.000000 18.000000 -4.501900 0.004000 0.000000 0.000000 0.000000 -4.500000 -0.895200 -1.712100 0.000000 1-4cylo.dat
1 16 10.000000 -322.000000 18.000000 -4.501900 1.000200 0.000000 0.000000 0.000000 -4.500000 -0.895200 -0.005000 0.000000 1-4ndis.dat
1 16 10.000000 -331.000000 19.000000 -4.501900 1.000200 0.000000 0.000000 0.000000 -4.500000 -0.895200 -0.005000 0.000000 1-4ndis.dat
1 16 10.000000 -322.000000 16.285700 -4.501900 -1.000200 0.000000 0.000000 0.000000 -4.500000 -0.895200 0.005000 0.000000 1-4ndis.dat
0 BFC INVERTNEXT
1 16 10.000000 -358.000000 0.000000 -16.285700 0.000000 0.000000 0.000000 57.000000 0.000000 0.000000 0.000000 16.285700 3-16cylo.dat
0 BFC INVERTNEXT
1 16 10.000000 -316.000000 19.000000 -4.501900 -0.001100 0.000000 0.000000 0.000000 4.500000 -0.895200 -2.712300 0.000000 1-4cylo.dat
1 16 10.000000 -316.000000 19.000000 -4.501900 1.000200 0.000000 0.000000 0.000000 4.500000 -0.895200 -0.005000 0.000000 1-4ndis.dat
1 16 10.000000 -316.000000 16.285700 -4.501900 -1.000200 0.000000 0.000000 0.000000 4.500000 -0.895200 0.005000 0.000000 1-4ndis.dat
1 16 10.000000 -298.000000 0.000000 -1.900000 0.000000 0.000000 0.000000 -1.000000 0.000000 0.000000 0.000000 1.900000 3-16ring9.dat
1 16 10.000000 -358.000000 0.000000 19.000000 0.000000 0.000000 0.000000 60.000000 0.000000 0.000000 0.000000 19.000000 3-16cylo.dat
0 BFC INVERTNEXT
1 16 10.000000 -331.000000 19.000000 4.501900 0.005000 0.000000 0.000000 0.000000 -4.500000 -0.895200 -1.000200 0.000000 1-4cylo.dat
1 16 10.000000 -331.000000 18.000000 4.501900 0.005000 0.000000 0.000000 0.000000 -4.500000 -0.895200 -1.000200 0.000000 1-4chrd.dat
0 BFC INVERTNEXT
1 16 10.000000 -322.000000 18.000000 4.501900 -0.004000 0.000000 0.000000 0.000000 -4.500000 -0.895200 -1.712100 0.000000 1-4cylo.dat
1 16 10.000000 -322.000000 18.000000 4.501900 -1.000200 0.000000 0.000000 0.000000 -4.500000 -0.895200 -0.005000 0.000000 1-4ndis.dat
1 16 10.000000 -331.000000 19.000000 4.501900 -1.000200 0.000000 0.000000 0.000000 -4.500000 -0.895200 -0.005000 0.000000 1-4ndis.dat
1 16 10.000000 -322.000000 16.285700 4.501900 1.000200 0.000000 0.000000 0.000000 -4.500000 -0.895200 0.005000 0.000000 1-4ndis.dat
0 BFC INVERTNEXT
1 16 10.000000 -358.000000 0.000000 16.285700 0.000000 0.000000 0.000000 57.000000 0.000000 0.000000 0.000000 16.285700 3-16cylo.dat
0 BFC INVERTNEXT
1 16 10.000000 -316.000000 19.000000 4.501900 0.001100 0.000000 0.000000 0.000000 4.500000 -0.895200 -2.712300 0.000000 1-4cylo.dat
1 16 10.000000 -316.000000 19.000000 4.501900 -1.000200 0.000000 0.000000 0.000000 4.500000 -0.895200 -0.005000 0.000000 1-4ndis.dat
1 16 10.000000 -316.000000 16.285700 4.501900 1.000200 0.000000 0.000000 0.000000 4.500000 -0.895200 0.005000 0.000000 1-4ndis.dat
1 16 10.000000 -298.000000 0.000000 1.900000 0.000000 0.000000 0.000000 -1.000000 0.000000 0.000000 0.000000 1.900000 3-16ring9.dat
0 BFC INVERTNEXT
1 16 10.000000 -331.000000 -19.000000 -4.501900 -0.005000 0.000000 0.000000 0.000000 -4.500000 0.895200 1.000200 0.000000 1-4cylo.dat
1 16 10.000000 -331.000000 -18.000000 -4.501900 -0.005000 0.000000 0.000000 0.000000 -4.500000 0.895200 1.000200 0.000000 1-4chrd.dat
0 BFC INVERTNEXT
1 16 10.000000 -322.000000 -18.000000 -4.501900 0.004000 0.000000 0.000000 0.000000 -4.500000 0.895200 1.712100 0.000000 1-4cylo.dat
1 16 10.000000 -322.000000 -18.000000 -4.501900 1.000200 0.000000 0.000000 0.000000 -4.500000 0.895200 0.005000 0.000000 1-4ndis.dat
1 16 10.000000 -331.000000 -19.000000 -4.501900 1.000200 0.000000 0.000000 0.000000 -4.500000 0.895200 0.005000 0.000000 1-4ndis.dat
1 16 10.000000 -322.000000 -16.285700 -4.501900 -1.000200 0.000000 0.000000 0.000000 -4.500000 0.895200 -0.005000 0.000000 1-4ndis.dat
0 BFC INVERTNEXT
1 16 10.000000 -358.000000 0.000000 -16.285700 0.000000 0.000000 0.000000 57.000000 0.000000 0.000000 0.000000 -16.285700 3-16cylo.dat
0 BFC INVERTNEXT
1 16 10.000000 -316.000000 -19.000000 -4.501900 -0.001100 0.000000 0.000000 0.000000 4.500000 0.895200 2.712300 0.000000 1-4cylo.dat
1 16 10.000000 -316.000000 -19.000000 -4.501900 1.000200 0.000000 0.000000 0.000000 4.500000 0.895200 0.005000 0.000000 1-4ndis.dat
1 16 10.000000 -316.000000 -16.285700 -4.501900 -1.000200 0.000000 0.000000 0.000000 4.500000 0.895200 -0.005000 0.000000 1-4ndis.dat
1 16 10.000000 -298.000000 0.000000 -1.900000 0.000000 0.000000 0.000000 -1.000000 0.000000 0.000000 0.000000 -1.900000 3-16ring9.dat
1 16 10.000000 -358.000000 0.000000 19.000000 0.000000 0.000000 0.000000 60.000000 0.000000 0.000000 0.000000 -19.000000 3-16cylo.dat
0 BFC INVERTNEXT
1 16 10.000000 -331.000000 -19.000000 4.501900 0.005000 0.000000 0.000000 0.000000 -4.500000 0.895200 1.000200 0.000000 1-4cylo.dat
1 16 10.000000 -331.000000 -18.000000 4.501900 0.005000 0.000000 0.000000 0.000000 -4.500000 0.895200 1.000200 0.000000 1-4chrd.dat
0 BFC INVERTNEXT
1 16 10.000000 -322.000000 -18.000000 4.501900 -0.004000 0.000000 0.000000 0.000000 -4.500000 0.895200 1.712100 0.000000 1-4cylo.dat
1 16 10.000000 -322.000000 -18.000000 4.501900 -1.000200 0.000000 0.000000 0.000000 -4.500000 0.895200 0.005000 0.000000 1-4ndis.dat
1 16 10.000000 -331.000000 -19.000000 4.501900 -1.000200 0.000000 0.000000 0.000000 -4.500000 0.895200 0.005000 0.000000 1-4ndis.dat
1 16 10.000000 -322.000000 -16.285700 4.501900 1.000200 0.000000 0.000000 0.000000 -4.500000 0.895200 -0.005000 0.000000 1-4ndis.dat
0 BFC INVERTNEXT
1 16 10.000000 -358.000000 0.000000 16.285700 0.000000 0.000000 0.000000 57.000000 0.000000 0.000000 0.000000 -16.285700 3-16cylo.dat
0 BFC INVERTNEXT
1 16 10.000000 -316.000000 -19.000000 4.501900 0.001100 0.000000 0.000000 0.000000 4.500000 0.895200 2.712300 0.000000 1-4cylo.dat
1 16 10.000000 -316.000000 -19.000000 4.501900 -1.000200 0.000000 0.000000 0.000000 4.500000 0.895200 0.005000 0.000000 1-4ndis.dat
1 16 10.000000 -316.000000 -16.285700 4.501900 1.000200 0.000000 0.000000 0.000000 4.500000 0.895200 -0.005000 0.000000 1-4ndis.dat
1 16 10.000000 -298.000000 0.000000 1.900000 0.000000 0.000000 0.000000 -1.000000 0.000000 0.000000 0.000000 -1.900000 3-16ring9.dat
1 16 -20.000000 -309.000000 10.000000 0.000000 0.000000 9.000000 9.000000 0.000000 0.000000 0.000000 -1.000000 0.000000 1-8ndis.dat
1 16 -20.000000 -349.000000 10.000000 0.000000 0.000000 9.000000 -9.000000 0.000000 0.000000 0.000000 -1.000000 0.000000 1-8ndis.dat
1 16 -20.000000 -309.000000 -10.000000 0.000000 0.000000 9.000000 9.000000 0.000000 0.000000 0.000000 1.000000 0.000000 1-8ndis.dat
1 16 -20.000000 -349.000000 -10.000000 0.000000 0.000000 9.000000 -9.000000 0.000000 0.000000 0.000000 1.000000 0.000000 1-8ndis.dat
1 16 -20.000000 -309.000000 2.000000 9.000000 0.000000 0.000000 0.000000 0.000000 9.000000 0.000000 -1.000000 0.000000 1-8edge.dat
1 16 -20.000000 -349.000000 2.000000 9.000000 0.000000 0.000000 0.000000 0.000000 -9.000000 0.000000 -1.000000 0.000000 1-8edge.dat
1 16 -11.119200 -329.000000 2.000000 0.000000 0.000000 2.516900 -26.363900 0.000000 0.000000 0.000000 -1.000000 0.000000 rect3.dat
1 16 -20.000000 -309.000000 -2.000000 9.000000 0.000000 0.000000 0.000000 0.000000 9.000000 0.000000 1.000000 0.000000 1-8edge.dat
1 16 -20.000000 -349.000000 -2.000000 9.000000 0.000000 0.000000 0.000000 0.000000 -9.000000 0.000000 1.000000 0.000000 1-8edge.dat
1 16 -11.119200 -329.000000 -2.000000 0.000000 0.000000 2.516900 26.363900 0.000000 0.000000 0.000000 1.000000 0.000000 rect3.dat
1 16 -20.000000 -229.000000 10.000000 0.000000 0.000000 9.000000 9.000000 0.000000 0.000000 0.000000 -1.000000 0.000000 1-8ndis.dat
1 16 -20.000000 -229.000000 -10.000000 0.000000 0.000000 9.000000 9.000000 0.000000 0.000000 0.000000 1.000000 0.000000 1-8ndis.dat
1 16 10.000000 -222.636100 0.000000 -17.000000 0.000000 0.000000 0.000000 -1.000000 0.000000 0.000000 0.000000 -17.000000 1-16edge.dat
1 16 10.000000 -222.636100 0.000000 -17.000000 0.000000 0.000000 0.000000 -1.000000 0.000000 0.000000 0.000000 17.000000 1-16edge.dat
1 16 10.000000 -220.000000 0.000000 -17.000000 0.000000 0.000000 0.000000 1.000000 0.000000 0.000000 0.000000 -17.000000 1-16edge.dat
1 16 10.000000 -220.000000 0.000000 -17.000000 0.000000 0.000000 0.000000 1.000000 0.000000 0.000000 0.000000 17.000000 1-16edge.dat
1 16 -20.000000 -269.000000 10.000000 0.000000 0.000000 9.000000 -9.000000 0.000000 0.000000 0.000000 -1.000000 0.000000 1-8ndis.dat
1 16 -20.000000 -269.000000 -10.000000 0.000000 0.000000 9.000000 -9.000000 0.000000 0.000000 0.000000 1.000000 0.000000 1-8ndis.dat
1 16 10.000000 -275.363900 0.000000 -17.000000 0.000000 0.000000 0.000000 1.000000 0.000000 0.000000 0.000000 -17.000000 1-16edge.dat
1 16 10.000000 -275.363900 0.000000 -17.000000 0.000000 0.000000 0.000000 1.000000 0.000000 0.000000 0.000000 17.000000 1-16edge.dat
1 16 10.000000 -278.000000 0.000000 -17.000000 0.000000 0.000000 0.000000 -1.000000 0.000000 0.000000 0.000000 -17.000000 1-16edge.dat
1 16 10.000000 -278.000000 0.000000 -17.000000 0.000000 0.000000 0.000000 -1.000000 0.000000 0.000000 0.000000 17.000000 1-16edge.dat
1 16 -20.000000 -229.000000 2.000000 9.000000 0.000000 0.000000 0.000000 0.000000 9.000000 0.000000 -1.000000 0.000000 1-8edge.dat
1 16 -20.000000 -269.000000 2.000000 9.000000 0.000000 0.000000 0.000000 0.000000 -9.000000 0.000000 -1.000000 0.000000 1-8edge.dat
1 16 -10.119200 -249.000000 2.000000 0.000000 0.000000 3.516900 -26.363900 0.000000 0.000000 0.000000 -1.000000 0.000000 rect3.dat
1 16 -20.000000 -229.000000 -2.000000 9.000000 0.000000 0.000000 0.000000 0.000000 9.000000 0.000000 1.000000 0.000000 1-8edge.dat
1 16 -20.000000 -269.000000 -2.000000 9.000000 0.000000 0.000000 0.000000 0.000000 -9.000000 0.000000 1.000000 0.000000 1-8edge.dat
1 16 -10.119200 -249.000000 -2.000000 0.000000 0.000000 3.516900 26.363900 0.000000 0.000000 0.000000 1.000000 0.000000 rect3.dat
1 16 10.000000 -298.000000 0.000000 -19.000000 0.000000 0.000000 0.000000 1.000000 0.000000 0.000000 0.000000 19.000000 3-16edge.dat
1 16 10.000000 -355.363900 0.000000 -19.000000 0.000000 0.000000 0.000000 57.363900 0.000000 0.000000 0.000000 19.000000 3-16cyli.dat
1 16 10.000000 -300.000000 0.000000 -19.000000 0.000000 0.000000 0.000000 1.000000 0.000000 0.000000 0.000000 19.000000 1-16edge.dat
1 16 10.000000 -300.000000 0.000000 -19.000000 0.000000 0.000000 0.000000 1.000000 0.000000 0.000000 0.000000 -19.000000 1-16edge.dat
1 16 10.000000 -302.636100 0.000000 -19.000000 0.000000 0.000000 0.000000 1.000000 0.000000 0.000000 0.000000 19.000000 1-16edge.dat
1 16 10.000000 -302.636100 0.000000 -19.000000 0.000000 0.000000 0.000000 1.000000 0.000000 0.000000 0.000000 -19.000000 1-16edge.dat
1 16 10.000000 -355.363900 0.000000 -19.000000 0.000000 0.000000 0.000000 -1.000000 0.000000 0.000000 0.000000 19.000000 1-16edge.dat
1 16 10.000000 -355.363900 0.000000 -19.000000 0.000000 0.000000 0.000000 -1.000000 0.000000 0.000000 0.000000 -19.000000 1-16edge.dat
1 16 10.000000 -358.000000 0.000000 -13.435000 0.000000 13.435000 0.000000 1.000000 0.000000 13.435000 0.000000 13.435000 1-16edge.dat
1 16 10.000000 -358.000000 0.000000 -13.435000 0.000000 13.435000 0.000000 2.636100 0.000000 13.435000 0.000000 13.435000 1-16cyli.dat
1 16 10.000000 -358.000000 0.000000 2.714300 0.000000 0.000000 0.000000 1.000000 0.000000 0.000000 0.000000 2.714300 3-16ring6.dat
1 16 10.000000 -358.000000 0.000000 -1.038700 0.000000 -2.507700 0.000000 1.000000 0.000000 2.507700 0.000000 -1.038700 1-16ring6.dat
1 16 10.000000 -358.000000 0.000000 -11.515700 0.000000 -11.515700 0.000000 1.000000 0.000000 -11.515700 0.000000 11.515700 1-4ndis.dat
1 16 10.000000 -358.000000 0.000000 -13.435000 0.000000 13.435000 0.000000 1.000000 0.000000 -13.435000 0.000000 -13.435000 1-16edge.dat
1 16 10.000000 -358.000000 0.000000 -13.435000 0.000000 13.435000 0.000000 2.636100 0.000000 -13.435000 0.000000 -13.435000 1-16cyli.dat
1 16 10.000000 -358.000000 0.000000 2.714300 0.000000 0.000000 0.000000 1.000000 0.000000 0.000000 0.000000 -2.714300 3-16ring6.dat
1 16 10.000000 -358.000000 0.000000 -1.038700 0.000000 -2.507700 0.000000 1.000000 0.000000 -2.507700 0.000000 1.038700 1-16ring6.dat
1 16 10.000000 -358.000000 0.000000 -11.515700 0.000000 -11.515700 0.000000 1.000000 0.000000 11.515700 0.000000 -11.515700 1-4ndis.dat
1 16 10.000000 -298.000000 0.000000 -19.000000 0.000000 0.000000 0.000000 1.000000 0.000000 0.000000 0.000000 -19.000000 3-16edge.dat
1 16 10.000000 -355.363900 0.000000 -19.000000 0.000000 0.000000 0.000000 57.363900 0.000000 0.000000 0.000000 -19.000000 3-16cyli.dat
1 16 -4.630300 -109.250000 3.000000 0.000000 0.000000 1.058900 -9.750000 0.000000 0.000000 0.000000 -1.000000 0.000000 rect.dat
1 16 -4.630300 -109.250000 -3.000000 -1.058900 0.000000 0.000000 0.000000 0.000000 9.750000 0.000000 1.000000 0.000000 rect.dat
1 16 -3.571400 -109.250000 0.000000 0.000000 -1.000000 0.000000 0.000000 0.000000 -9.750000 3.000000 0.000000 0.000000 rect2p.dat
1 16 13.000000 -109.250000 14.630300 0.000000 -1.000000 0.000000 -9.750000 0.000000 0.000000 0.000000 0.000000 -1.058900 rect.dat
1 16 7.000000 -109.250000 14.630300 0.000000 1.000000 0.000000 0.000000 0.000000 9.750000 1.058900 0.000000 0.000000 rect.dat
1 16 10.000000 -109.250000 13.571400 3.000000 0.000000 0.000000 0.000000 0.000000 -9.750000 0.000000 1.000000 0.000000 rect2p.dat
1 16 24.630300 -109.250000 -3.000000 0.000000 0.000000 -1.058900 -9.750000 0.000000 0.000000 0.000000 1.000000 0.000000 rect.dat
1 16 24.630300 -109.250000 3.000000 1.058900 0.000000 0.000000 0.000000 0.000000 9.750000 0.000000 -1.000000 0.000000 rect.dat
1 16 23.571400 -109.250000 0.000000 0.000000 1.000000 0.000000 0.000000 0.000000 -9.750000 -3.000000 0.000000 0.000000 rect2p.dat
1 16 7.000000 -109.250000 -14.630300 0.000000 1.000000 0.000000 -9.750000 0.000000 0.000000 0.000000 0.000000 1.058900 rect.dat
1 16 13.000000 -109.250000 -14.630300 0.000000 -1.000000 0.000000 0.000000 0.000000 9.750000 -1.058900 0.000000 0.000000 rect.dat
1 16 10.000000 -109.250000 -13.571400 -3.000000 0.000000 0.000000 0.000000 0.000000 -9.750000 0.000000 -1.000000 0.000000 rect2p.dat
3 16 10.000 -357.500 8.000 10.000 -357.500 16.286 -6.286 -357.500 0.000
3 16 -6.286 -357.500 0.000 2.000 -357.500 0.000 10.000 -357.500 8.000
3 16 18.000 -357.500 0.000 26.286 -357.500 0.000 10.000 -357.500 16.286
3 16 10.000 -357.500 16.286 10.000 -357.500 8.000 18.000 -357.500 0.000
3 16 10.000 -357.500 -8.000 10.000 -357.500 -16.286 26.286 -357.500 0.000
3 16 26.286 -357.500 0.000 18.000 -357.500 0.000 10.000 -357.500 -8.000
3 16 2.000 -357.500 0.000 -6.286 -357.500 0.000 10.000 -357.500 -16.286
3 16 10.000 -357.500 -16.286 10.000 -357.500 -8.000 2.000 -357.500 0.000
3 16 10.000 -326.500 -18.000 5.500 -322.000 -17.105 5.500 -316.000 -16.691
3 16 5.500 -316.000 -16.691 10.000 -311.500 -16.286 10.000 -326.500 -18.000
3 16 5.500 -316.000 -16.691 5.500 -322.000 -17.105 5.500 -322.000 -15.391
3 16 5.500 -322.000 -15.391 5.500 -316.000 -15.391 5.500 -316.000 -16.691
3 16 10.000 -326.500 -18.000 10.000 -311.500 -16.286 14.500 -316.000 -16.691
3 16 14.500 -316.000 -16.691 14.500 -322.000 -17.105 10.000 -326.500 -18.000
3 16 14.500 -316.000 -16.691 14.500 -316.000 -15.391 14.500 -322.000 -15.391
3 16 14.500 -322.000 -15.391 14.500 -322.000 -17.105 14.500 -316.000 -16.691
3 16 5.500 -322.000 17.105 10.000 -326.500 18.000 5.500 -316.000 16.691
3 16 10.000 -311.500 16.286 5.500 -316.000 16.691 10.000 -326.500 18.000
3 16 5.500 -316.000 16.691 5.500 -316.000 15.391 5.500 -322.000 15.391
3 16 5.500 -322.000 15.391 5.500 -322.000 17.105 5.500 -316.000 16.691
3 16 10.000 -311.500 16.286 10.000 -326.500 18.000 14.500 -316.000 16.691
3 16 14.500 -322.000 17.105 14.500 -316.000 16.691 10.000 -326.500 18.000
3 16 14.500 -316.000 16.691 14.500 -322.000 17.105 14.500 -322.000 15.391
3 16 14.500 -322.000 15.391 14.500 -316.000 15.391 14.500 -316.000 16.691
2 24 5.500 -316.000 -15.391 5.500 -322.000 -15.391
2 24 5.500 -316.000 -16.691 5.500 -322.000 -17.105
2 24 14.500 -316.000 -15.391 14.500 -322.000 -15.391
2 24 14.500 -316.000 -16.691 14.500 -322.000 -17.105
2 24 5.500 -316.000 15.391 5.500 -322.000 15.391
2 24 5.500 -316.000 16.691 5.500 -322.000 17.105
2 24 14.500 -316.000 15.391 14.500 -322.000 15.391
2 24 14.500 -316.000 16.691 14.500 -322.000 17.105
1 16 10.000000 -301.000000 0.000000 -16.285700 0.000000 0.000000 0.000000 -56.500000 0.000000 0.000000 0.000000 16.285700 4-4cylc.dat
1 16 10.000000 -359.000000 0.000000 1.000000 0.000000 0.000000 0.000000 20.000000 0.000000 0.000000 0.000000 1.000000 axlehole.dat
1 16 10.000000 -339.000000 0.000000 1.000000 0.000000 0.000000 0.000000 1.000000 0.000000 0.000000 0.000000 1.000000 axl5end.dat
1 16 10.000000 -339.000000 0.000000 1.000000 0.000000 0.000000 0.000000 1.000000 0.000000 0.000000 0.000000 1.000000 axlehol2.dat
1 16 10.000000 -359.000000 0.000000 1.000000 0.000000 0.000000 0.000000 1.000000 0.000000 0.000000 0.000000 1.000000 axlehol2.dat
1 16 10.000000 -359.000000 0.000000 2.000000 0.000000 0.000000 0.000000 1.000000 0.000000 0.000000 0.000000 2.000000 4-4ring3.dat
1 16 10.000000 -359.000000 0.000000 8.000000 0.000000 0.000000 0.000000 1.500000 0.000000 0.000000 0.000000 8.000000 4-4cylo.dat
1 16 10.000000 -357.500000 0.000000 -16.285700 0.000000 0.000000 0.000000 1.000000 0.000000 0.000000 0.000000 16.285700 1-4chrd.dat
1 16 10.000000 -357.500000 0.000000 0.000000 0.000000 16.285700 0.000000 1.000000 0.000000 16.285700 0.000000 0.000000 1-4chrd.dat
1 16 10.000000 -357.500000 0.000000 16.285700 0.000000 0.000000 0.000000 1.000000 0.000000 0.000000 0.000000 -16.285700 1-4chrd.dat
1 16 10.000000 -357.500000 0.000000 0.000000 0.000000 -16.285700 0.000000 1.000000 0.000000 -16.285700 0.000000 0.000000 1-4chrd.dat
1 16 10.000000 -322.000000 -18.000000 -4.501900 0.004000 0.000000 0.000000 0.000000 -4.500000 0.895200 1.712100 0.000000 1-4cylo.dat
1 16 10.000000 -322.000000 -18.000000 4.501900 -0.004000 0.000000 0.000000 0.000000 -4.500000 0.895200 1.712100 0.000000 1-4cylo.dat
1 16 10.000000 -322.000000 -18.000000 -4.501900 1.000200 0.000000 0.000000 0.000000 -4.500000 0.895200 0.005000 0.000000 1-4chrd.dat
1 16 10.000000 -322.000000 -18.000000 4.501900 -1.000200 0.000000 0.000000 0.000000 -4.500000 0.895200 0.005000 0.000000 1-4chrd.dat
1 16 10.000000 -316.000000 -16.285700 0.000000 0.000000 -4.500000 4.500000 0.000000 0.000000 0.000000 -1.300000 0.890000 1-4cyls.dat
1 16 10.000000 -316.000000 -16.285700 0.000000 1.000000 -4.500000 4.500000 0.000000 0.000000 0.000000 0.000000 0.890000 1-4edge.dat
1 16 10.000000 -316.000000 -17.585700 0.000000 1.000000 -4.500000 4.496100 0.000000 0.001500 1.298900 0.000000 0.895600 1-4edge.dat
1 16 10.000000 -316.000000 -17.585700 0.000000 1.000000 -4.500000 4.496100 0.000000 0.001500 1.298900 0.000000 0.895600 1-4chrd.dat
1 16 10.000000 -316.000000 -16.285700 0.000000 0.000000 4.500000 4.500000 0.000000 0.000000 0.000000 -1.300000 0.890000 1-4cyls.dat
1 16 10.000000 -316.000000 -16.285700 0.000000 -1.000000 4.500000 4.500000 0.000000 0.000000 0.000000 0.000000 0.890000 1-4edge.dat
1 16 10.000000 -316.000000 -17.585700 0.000000 -1.000000 4.500000 4.496100 0.000000 0.001500 1.298900 0.000000 0.895600 1-4edge.dat
1 16 10.000000 -316.000000 -17.585700 0.000000 -1.000000 4.500000 4.496100 0.000000 0.001500 1.298900 0.000000 0.895600 1-4chrd.dat
1 16 10.000000 -322.000000 18.000000 -4.501900 0.004000 0.000000 0.000000 0.000000 -4.500000 -0.895200 -1.712100 0.000000 1-4cylo.dat
1 16 10.000000 -322.000000 18.000000 4.501900 -0.004000 0.000000 0.000000 0.000000 -4.500000 -0.895200 -1.712100 0.000000 1-4cylo.dat
1 16 10.000000 -322.000000 18.000000 -4.501900 1.000200 0.000000 0.000000 0.000000 -4.500000 -0.895200 -0.005000 0.000000 1-4chrd.dat
1 16 10.000000 -322.000000 18.000000 4.501900 -1.000200 0.000000 0.000000 0.000000 -4.500000 -0.895200 -0.005000 0.000000 1-4chrd.dat
1 16 10.000000 -316.000000 16.285700 0.000000 0.000000 -4.500000 4.500000 0.000000 0.000000 0.000000 1.300000 -0.890000 1-4cyls.dat
1 16 10.000000 -316.000000 16.285700 0.000000 1.000000 -4.500000 4.500000 0.000000 0.000000 0.000000 0.000000 -0.890000 1-4edge.dat
1 16 10.000000 -316.000000 17.585700 0.000000 1.000000 -4.500000 4.496100 0.000000 0.001500 -1.298900 0.000000 -0.895600 1-4edge.dat
1 16 10.000000 -316.000000 17.585700 0.000000 1.000000 -4.500000 4.496100 0.000000 0.001500 -1.298900 0.000000 -0.895600 1-4chrd.dat
1 16 10.000000 -316.000000 16.285700 0.000000 0.000000 4.500000 4.500000 0.000000 0.000000 0.000000 1.300000 -0.890000 1-4cyls.dat
1 16 10.000000 -316.000000 16.285700 0.000000 -1.000000 4.500000 4.500000 0.000000 0.000000 0.000000 0.000000 -0.890000 1-4edge.dat
1 16 10.000000 -316.000000 17.585700 0.000000 -1.000000 4.500000 4.496100 0.000000 0.001500 -1.298900 0.000000 -0.895600 1-4edge.dat
1 16 10.000000 -316.000000 17.585700 0.000000 -1.000000 4.500000 4.496100 0.000000 0.001500 -1.298900 0.000000 -0.895600 1-4chrd.dat
3 135 19.000 -29.000 -10.000 19.000 -39.000 -10.000 16.000 -35.000 -10.000
3 135 16.000 -35.000 -10.000 16.000 -29.000 -10.000 19.000 -29.000 -10.000
3 135 4.000 -29.000 -10.000 4.000 -35.000 -10.000 1.000 -39.000 -10.000
3 135 1.000 -39.000 -10.000 1.000 -29.000 -10.000 4.000 -29.000 -10.000
3 135 1.000 -39.000 -10.000 4.000 -35.000 -10.000 16.000 -35.000 -10.000
3 135 16.000 -35.000 -10.000 19.000 -39.000 -10.000 1.000 -39.000 -10.000
3 135 19.000 -29.000 10.000 16.000 -29.000 10.000 16.000 -35.000 10.000
3 135 16.000 -35.000 10.000 19.000 -39.000 10.000 19.000 -29.000 10.000
3 135 4.000 -29.000 10.000 1.000 -29.000 10.000 1.000 -39.000 10.000
3 135 1.000 -39.000 10.000 4.000 -35.000 10.000 4.000 -29.000 10.000
3 135 1.000 -39.000 10.000 19.000 -39.000 10.000 16.000 -35.000 10.000
3 135 16.000 -35.000 10.000 4.000 -35.000 10.000 1.000 -39.000 10.000
3 135 10.000 -23.000 -4.000 10.000 -23.000 -8.000 12.000 -23.398 -8.000
3 135 12.000 -23.398 -8.000 12.000 -23.398 -4.000 10.000 -23.000 -4.000
3 135 10.000 -23.000 -4.000 8.000 -23.398 -4.000 8.000 -23.398 -8.000
3 135 8.000 -23.398 -8.000 10.000 -23.000 -8.000 10.000 -23.000 -4.000
3 135 8.000 -23.398 -8.000 8.000 -20.397 -8.000 10.000 -18.000 -8.000
3 135 10.000 -18.000 -8.000 10.000 -23.000 -8.000 8.000 -23.398 -8.000
3 135 10.000 -18.000 -8.000 12.000 -20.397 -8.000 12.000 -23.398 -8.000
3 135 12.000 -23.398 -8.000 10.000 -23.000 -8.000 10.000 -18.000 -8.000
3 135 8.000 -23.398 -4.000 10.000 -23.000 -4.000 10.000 -18.000 -4.000
3 135 10.000 -18.000 -4.000 8.000 -20.397 -4.000 8.000 -23.398 -4.000
3 135 10.000 -18.000 -4.000 10.000 -23.000 -4.000 12.000 -23.398 -4.000
3 135 12.000 -23.398 -4.000 12.000 -20.397 -4.000 10.000 -18.000 -4.000
3 135 3.636 -21.836 -8.000 3.636 -16.264 -8.000 10.000 -18.000 -8.000
3 135 10.000 -18.000 -8.000 8.000 -20.397 -8.000 3.636 -21.836 -8.000
3 135 16.364 -21.836 -8.000 12.000 -20.397 -8.000 10.000 -18.000 -8.000
3 135 10.000 -18.000 -8.000 16.364 -16.264 -8.000 16.364 -21.836 -8.000
3 135 3.636 -21.836 -4.000 8.000 -20.397 -4.000 10.000 -18.000 -4.000
3 135 10.000 -18.000 -4.000 3.636 -16.264 -4.000 3.636 -21.836 -4.000
3 135 16.364 -21.836 -4.000 16.364 -16.264 -4.000 10.000 -18.000 -4.000
3 135 10.000 -18.000 -4.000 12.000 -20.397 -4.000 16.364 -21.836 -4.000
2 24 19.000 -39.000 -10.000 1.000 -39.000 -10.000
2 24 19.000 -39.000 10.000 1.000 -39.000 10.000
2 24 12.000 -23.398 -4.000 12.000 -23.398 -8.000
2 24 8.000 -23.398 -4.000 8.000 -23.398 -8.000
2 24 8.000 -23.398 -4.000 10.000 -23.000 -4.000
2 24 10.000 -23.000 -8.000 8.000 -23.398 -8.000
2 24 12.000 -23.398 -8.000 10.000 -23.000 -8.000
2 24 12.000 -23.398 -4.000 10.000 -23.000 -4.000
2 24 13.444 -20.685 -8.000 12.000 -20.397 -8.000
2 24 6.556 -20.685 -8.000 8.000 -20.397 -8.000
2 24 12.000 -20.397 -8.000 12.000 -23.398 -8.000
2 24 8.000 -23.398 -8.000 8.000 -20.397 -8.000
2 24 13.444 -20.685 -4.000 12.000 -20.397 -4.000
2 24 6.556 -20.685 -4.000 8.000 -20.397 -4.000
2 24 12.000 -20.397 -4.000 12.000 -23.398 -4.000
2 24 8.000 -23.398 -4.000 8.000 -20.397 -4.000
2 24 6.556 -20.685 -8.000 4.902 -21.370 -8.000
2 24 6.556 -17.315 -8.000 4.902 -16.630 -8.000
2 24 3.636 -20.532 -8.000 3.636 -17.468 -8.000
2 24 13.444 -20.685 -8.000 15.098 -21.370 -8.000
2 24 13.444 -17.315 -8.000 15.098 -16.630 -8.000
2 24 16.364 -20.532 -8.000 16.364 -17.468 -8.000
2 24 6.556 -20.685 -4.000 4.902 -21.370 -4.000
2 24 6.556 -17.315 -4.000 4.902 -16.630 -4.000
2 24 3.636 -20.532 -4.000 3.636 -17.468 -4.000
2 24 13.444 -20.685 -4.000 15.098 -21.370 -4.000
2 24 13.444 -17.315 -4.000 15.098 -16.630 -4.000
2 24 16.364 -20.532 -4.000 16.364 -17.468 -4.000
1 135 10.000000 -29.000000 -10.000000 -1.000000 0.000000 0.000000 0.000000 0.000000 1.000000 0.000000 20.000000 0.000000 axlehol4.dat
1 135 10.000000 -19.000000 -10.000000 -1.000000 0.000000 0.000000 0.000000 0.000000 1.000000 0.000000 20.000000 0.000000 npeghol4.dat
1 135 10.000000 -9.000000 0.000000 -1.000000 0.000000 0.000000 0.000000 0.000000 1.000000 0.000000 1.000000 0.000000 connhole.dat
1 135 19.000000 -24.000000 0.000000 0.000000 -1.000000 0.000000 0.000000 0.000000 -15.000000 10.000000 0.000000 0.000000 rect3.dat
1 135 10.000000 -9.000000 -10.000000 9.000000 0.000000 0.000000 0.000000 0.000000 9.000000 0.000000 20.000000 0.000000 2-4cylo.dat
1 135 1.000000 -24.000000 0.000000 0.000000 1.000000 0.000000 0.000000 0.000000 -15.000000 -10.000000 0.000000 0.000000 rect3.dat
1 135 10.000000 -29.000000 -10.000000 -6.000000 0.000000 0.000000 0.000000 0.000000 -6.000000 0.000000 1.000000 0.000000 2-4ndis.dat
1 135 10.000000 -29.000000 10.000000 -6.000000 0.000000 0.000000 0.000000 0.000000 -6.000000 0.000000 -1.000000 0.000000 2-4ndis.dat
1 135 10.000000 -39.000000 0.000000 -13.571400 0.000000 0.000000 0.000000 -150.000000 0.000000 0.000000 0.000000 13.571400 4-4cylc.dat
1 135 10.000000 -189.000000 0.000000 -13.571400 0.000000 0.000000 0.000000 1.000000 0.000000 0.000000 0.000000 13.571400 4-4disc.dat
1 135 10.000000 -9.000000 -8.000000 0.000000 0.000000 9.000000 -9.000000 0.000000 0.000000 0.000000 20.000000 0.000000 1-16edge.dat
1 135 10.000000 -9.000000 -8.000000 0.000000 0.000000 -9.000000 -9.000000 0.000000 0.000000 0.000000 20.000000 0.000000 1-16edge.dat
1 135 10.000000 -9.000000 -4.000000 0.000000 0.000000 9.000000 -9.000000 0.000000 0.000000 0.000000 20.000000 0.000000 1-16edge.dat
1 135 10.000000 -9.000000 -4.000000 0.000000 0.000000 -9.000000 -9.000000 0.000000 0.000000 0.000000 20.000000 0.000000 1-16edge.dat
1 135 4.418300 -20.700000 -8.000000 -0.782200 0.000000 -0.095200 0.167900 0.000000 -0.777300 0.000000 20.000000 0.000000 3-8edge.dat
1 135 4.418300 -17.300000 -8.000000 -0.782200 0.000000 -0.095200 -0.167900 0.000000 0.777300 0.000000 20.000000 0.000000 3-8edge.dat
1 135 15.581700 -20.700000 -8.000000 0.782200 0.000000 0.095200 0.167900 0.000000 -0.777300 0.000000 20.000000 0.000000 3-8edge.dat
1 135 15.581700 -17.300000 -8.000000 0.782200 0.000000 0.095200 -0.167900 0.000000 0.777300 0.000000 20.000000 0.000000 3-8edge.dat
1 135 4.418300 -20.700000 -4.000000 -0.782200 0.000000 -0.095200 0.167900 0.000000 -0.777300 0.000000 -20.000000 0.000000 3-8edge.dat
1 135 4.418300 -17.300000 -4.000000 -0.782200 0.000000 -0.095200 -0.167900 0.000000 0.777300 0.000000 -20.000000 0.000000 3-8edge.dat
1 135 15.581700 -20.700000 -4.000000 0.782200 0.000000 0.095200 0.167900 0.000000 -0.777300 0.000000 -20.000000 0.000000 3-8edge.dat
1 135 15.581700 -17.300000 -4.000000 0.782200 0.000000 0.095200 -0.167900 0.000000 0.777300 0.000000 -20.000000 0.000000 3-8edge.dat
0 NOFILE
